70.73,103.18,41.86
70.17,107.80,38.95
62.81,97.03,44.69
67.07,105.69,35.27
67.48,106.91,35.76
67.91,107.49,36.32
66.84,102.07,35.31
67.64,95.58,33.89
67.61,94.32,23.60
68.16,107.73,36.63
69.67,108.03,38.38
67.48,96.02,34.25
63.06,97.04,44.65
63.31,97.06,44.59
63.56,97.08,44.51
63.82,97.11,44.43
64.09,97.14,44.33
64.36,97.19,44.20
64.63,97.24,44.04
64.91,97.32,43.87
65.20,97.41,43.71
65.49,97.51,43.57
65.78,97.62,43.46
66.08,97.74,43.36
66.38,97.87,43.29
66.68,98.01,43.23
66.86,104.41,35.17
66.85,102.43,35.30
66.97,105.20,35.20
66.89,104.68,35.17
66.98,98.17,43.18
66.85,102.78,35.29
67.02,99.73,35.39
66.96,100.03,35.36
66.93,100.33,35.34
66.89,100.63,35.32
66.88,100.94,35.31
66.86,101.34,35.31
66.83,103.54,35.24
66.83,103.84,35.21
66.84,104.13,35.19
66.93,104.95,35.18
66.84,103.22,35.27
66.84,101.74,35.31
67.28,98.34,43.14
67.07,99.43,35.41
67.12,105.92,35.32
67.01,105.45,35.23
67.37,96.52,34.59
67.33,96.79,34.75
67.29,97.06,34.88
67.26,97.34,35.01
67.24,97.63,35.13
67.21,97.92,35.23
67.19,98.22,35.31
67.16,98.52,35.37
67.10,99.12,35.42
67.18,106.14,35.39
67.25,106.35,35.47
67.58,107.07,35.89
67.68,107.23,36.02
67.14,98.82,35.41
67.57,98.53,43.11
67.32,106.55,35.55
67.22,94.34,23.09
67.56,95.80,34.08
67.42,96.26,34.42
67.79,107.36,36.16
68.04,107.62,36.47
67.40,106.73,35.65
67.86,98.71,43.07
68.61,107.98,37.17
67.72,95.36,33.69
67.95,94.51,32.66
67.90,94.71,32.94
67.78,94.28,23.86
67.85,94.92,33.21
67.79,95.14,33.45
67.93,94.22,24.11
68.00,94.35,32.38
68.14,98.92,43.04
68.07,94.15,24.36
67.42,94.34,23.35
68.18,94.07,24.61
68.21,93.79,30.56
68.37,93.37,27.40
68.25,93.70,30.24
68.17,93.86,30.88
68.13,94.01,31.51
68.09,94.10,31.81
68.15,93.93,31.20
68.04,94.21,32.09
68.30,107.83,36.80
68.45,107.91,36.99
68.77,108.03,37.37
68.31,93.63,29.94
68.42,99.14,43.01
68.36,93.38,27.64
68.45,93.43,26.66
68.42,93.39,26.91
68.39,93.37,27.16
68.39,93.42,28.15
68.40,93.44,28.44
68.40,93.47,28.74
68.40,93.50,29.04
68.38,93.54,29.34
68.35,93.58,29.64
68.37,93.40,27.89
68.47,93.48,26.41
68.68,99.38,42.98
68.95,108.07,37.57
68.27,93.99,24.87
68.48,93.55,26.15
69.12,108.09,37.77
68.34,93.90,25.12
68.94,99.63,42.94
68.48,93.63,25.89
68.41,93.81,25.38
68.45,93.72,25.64
69.30,108.09,37.98
69.18,99.90,42.89
69.49,108.07,38.18
69.41,100.19,42.84
69.62,100.49,42.78
69.81,100.80,42.70
69.98,101.12,42.61
70.12,101.43,42.51
69.84,107.97,38.58
70.01,107.89,38.76
70.24,101.74,42.40
70.34,102.04,42.29
70.42,102.35,42.17
70.52,102.63,42.05
70.33,107.68,39.12
70.47,107.55,39.29
70.62,102.90,41.96
70.60,107.40,39.45
70.81,103.48,41.74
70.72,107.23,39.61
70.89,103.78,41.61
71.03,104.38,41.31
71.09,104.70,41.13
70.97,104.08,41.47
70.83,107.04,39.77
71.12,105.08,40.90
71.13,105.43,40.72
71.13,105.76,40.55
71.11,106.06,40.39
71.07,106.34,40.23
71.00,106.60,40.08
70.92,106.83,39.92
