95.38,97.69,47.03
91.78,97.94,45.36
91.67,94.73,27.07
91.47,94.43,29.10
89.66,102.88,36.04
90.59,98.58,44.92
90.34,93.39,34.98
89.99,99.12,44.57
89.94,93.62,35.84
89.39,101.35,36.08
89.45,99.76,44.18
89.21,104.98,38.11
89.00,100.00,36.71
88.84,97.46,37.57
88.86,98.35,37.46
89.07,95.37,37.33
88.29,102.28,42.73
88.31,104.28,40.90
92.93,97.61,45.86
88.26,104.12,41.11
88.22,103.95,41.32
88.23,102.55,42.52
88.42,104.56,40.46
88.18,102.83,42.31
88.16,103.09,42.12
88.17,103.55,41.73
88.36,104.43,40.68
88.16,103.33,41.92
88.19,103.76,41.53
88.49,104.68,40.24
88.71,104.93,39.57
88.46,101.77,43.11
88.37,102.02,42.93
88.63,104.86,39.80
88.56,104.78,40.02
88.78,104.99,39.35
88.86,105.02,39.14
88.55,101.52,43.27
88.93,105.05,38.92
88.96,95.88,37.45
88.84,96.72,37.54
88.90,99.30,37.12
88.76,101.02,43.56
88.83,97.00,37.55
88.83,97.23,37.57
88.86,98.12,37.50
88.87,98.58,37.40
88.93,99.54,37.00
88.89,99.05,37.23
88.88,98.81,37.33
88.89,100.77,43.69
88.65,101.28,43.43
89.01,95.62,37.40
89.13,95.14,37.25
89.01,105.05,38.71
88.86,96.44,37.52
88.84,97.68,37.56
88.91,96.16,37.49
88.85,97.90,37.54
88.96,99.78,36.86
89.07,100.22,36.57
89.13,100.44,36.44
89.20,100.67,36.32
89.27,100.89,36.23
89.19,94.92,37.16
89.08,105.04,38.50
89.01,100.51,43.82
89.65,93.92,36.39
89.57,94.05,36.54
89.48,94.20,36.69
89.41,94.36,36.82
89.33,94.53,36.95
89.26,94.72,37.06
89.14,100.26,43.93
89.33,101.12,36.14
89.44,101.58,36.03
89.29,100.00,44.05
89.15,105.02,38.30
89.27,104.93,37.92
89.84,93.71,36.03
89.74,93.81,36.22
89.80,99.32,44.45
89.62,99.53,44.32
89.49,101.80,35.99
89.54,102.02,35.97
89.33,104.86,37.74
90.04,93.55,35.63
89.58,102.24,35.97
90.14,93.48,35.43
89.39,104.78,37.56
90.19,98.93,44.69
89.68,103.27,36.16
89.61,102.46,35.98
89.69,103.45,36.24
89.68,103.63,36.32
89.67,103.80,36.42
89.65,103.96,36.53
89.63,104.11,36.65
89.60,104.25,36.78
89.53,104.49,37.07
89.48,104.60,37.23
89.43,104.69,37.40
89.64,102.67,36.00
89.68,103.08,36.09
90.44,93.37,34.74
90.24,93.43,35.21
90.81,98.43,45.02
90.39,98.75,44.81
89.57,104.38,36.93
90.64,93.37,34.21
90.54,93.36,34.48
90.90,93.50,33.35
91.05,98.28,45.11
90.74,93.39,33.93
90.82,93.44,33.65
90.96,93.58,33.05
91.01,93.67,32.76
91.10,93.85,32.25
91.05,93.77,32.49
91.29,98.15,45.19
91.53,94.49,28.81
91.39,94.39,29.41
91.21,94.06,31.46
91.19,93.98,31.74
91.14,93.92,31.99
91.23,94.14,31.12
91.25,94.28,30.43
91.32,94.35,29.74
91.28,94.31,30.08
91.24,94.22,30.79
91.58,94.55,28.53
91.80,94.79,26.47
91.72,94.76,26.77
91.64,94.71,27.38
91.54,98.04,45.27
91.87,94.83,26.17
91.96,94.87,25.87
92.02,97.85,45.46
91.63,94.69,27.68
92.07,94.92,25.59
91.63,94.66,27.96
92.55,95.11,24.76
91.61,94.61,28.25
92.25,97.78,45.56
92.21,94.98,25.31
92.49,97.72,45.66
92.78,95.19,24.46
92.36,95.04,25.04
92.72,97.66,45.76
93.08,95.27,24.12
93.15,97.56,45.97
93.35,97.51,46.08
93.41,95.34,23.72
93.55,97.49,46.20
93.75,97.48,46.32
93.97,97.48,46.43
94.19,97.48,46.55
94.41,97.50,46.66
94.88,97.58,46.87
95.63,97.74,47.09
95.13,97.64,46.96
94.64,97.54,46.77
95.88,97.77,47.14
96.14,97.80,47.17
96.41,97.81,47.19
