65.17,109.05,26.79
60.86,110.53,23.28
64.46,110.02,25.68
64.24,106.49,29.19
64.24,110.17,25.48
63.92,106.03,29.49
63.45,105.38,29.76
63.47,110.60,24.82
63.17,104.94,29.95
62.75,110.81,24.35
62.92,104.44,30.13
62.36,103.62,30.42
61.46,102.49,30.72
60.51,110.49,22.86
46.18,97.52,33.02
60.11,100.18,31.13
59.60,99.62,31.17
59.50,109.70,22.11
59.24,99.24,31.37
58.52,98.58,31.73
58.42,100.79,18.03
58.39,98.50,31.79
58.09,98.86,15.63
57.92,98.54,15.13
57.55,98.02,13.69
56.75,97.77,11.26
56.07,97.74,9.57
49.19,97.12,31.90
64.83,108.59,27.78
46.29,97.52,32.96
46.43,97.51,32.90
46.24,97.52,32.99
46.36,97.52,32.93
46.60,97.50,32.85
46.99,97.48,32.80
46.51,97.51,32.87
47.10,97.48,32.79
47.29,97.48,32.78
46.72,97.50,32.83
46.84,97.49,32.81
47.20,97.48,32.79
47.37,97.48,32.78
47.43,97.48,32.77
47.65,97.49,32.69
47.84,97.49,32.57
47.49,97.48,32.75
47.88,97.49,32.53
47.59,97.49,32.71
47.94,97.48,32.49
48.14,97.45,32.34
47.54,97.48,32.73
47.79,97.49,32.60
47.99,97.48,32.46
48.03,97.47,32.43
48.09,97.47,32.39
47.70,97.49,32.66
48.41,97.37,32.13
48.35,97.39,32.17
47.74,97.49,32.63
48.19,97.44,32.30
48.24,97.43,32.25
48.48,97.34,32.09
48.72,97.27,31.99
48.81,97.24,31.97
48.55,97.32,32.05
48.29,97.41,32.21
48.64,97.29,32.02
49.00,97.18,31.92
48.90,97.21,31.94
49.61,96.96,31.93
49.09,97.15,31.91
49.28,97.09,31.89
49.44,97.03,31.90
49.51,97.00,31.92
49.88,96.87,31.96
50.02,96.83,31.98
49.73,96.91,31.95
49.36,97.06,31.90
50.19,96.80,31.99
50.37,96.77,31.99
50.57,96.76,31.98
50.79,96.76,31.97
51.04,96.77,31.95
51.31,96.81,31.93
51.62,96.87,31.91
51.93,96.94,31.87
52.23,97.01,31.82
52.54,97.06,31.77
52.84,97.11,31.71
53.15,97.14,31.66
53.45,97.17,31.62
53.76,97.19,31.58
54.08,97.20,31.56
54.84,97.22,31.55
54.31,97.21,31.56
54.56,97.22,31.56
54.98,97.22,31.55
54.92,97.22,31.55
54.71,97.22,31.56
55.04,97.23,31.55
55.11,97.24,31.55
55.08,97.23,31.56
55.49,97.39,31.56
55.15,97.25,31.55
55.18,97.26,31.55
55.30,97.30,31.55
55.99,97.59,31.57
55.85,97.54,31.57
55.26,97.28,31.55
55.22,97.27,31.55
55.61,97.44,31.57
56.14,97.64,31.58
55.37,97.33,31.56
56.13,97.73,9.83
56.03,97.76,9.29
56.02,97.78,8.99
56.02,97.79,8.68
56.03,97.78,8.41
55.99,97.81,7.28
55.93,97.94,7.14
55.97,97.89,7.19
55.98,97.86,7.22
56.00,97.78,7.31
56.00,97.76,7.36
56.00,97.79,7.30
55.97,97.87,7.21
55.98,97.84,7.23
56.00,97.77,7.33
56.02,97.73,7.70
56.19,97.72,10.08
55.99,97.82,7.26
56.00,97.75,7.42
55.95,97.91,7.17
55.99,97.83,7.25
56.00,97.76,7.39
56.03,97.74,7.80
56.00,97.74,7.46
56.00,97.74,7.50
56.03,97.77,8.19
56.01,97.73,7.55
56.01,97.73,7.62
56.03,97.75,7.97
55.71,97.48,31.57
56.27,97.71,10.31
56.36,97.71,10.52
56.46,97.72,31.63
56.30,97.68,31.60
56.53,97.73,10.87
56.45,97.72,10.71
56.82,97.77,11.43
56.72,97.77,11.21
56.68,97.76,11.16
56.84,97.76,11.48
56.88,97.72,11.67
56.87,97.74,11.59
56.61,97.74,11.03
56.77,97.78,11.30
56.95,97.71,11.96
56.90,97.71,11.76
56.92,97.71,11.86
56.81,97.77,11.39
56.85,97.75,11.53
56.79,97.78,11.34
56.61,97.75,31.67
57.06,97.80,12.42
57.08,97.83,12.52
57.00,97.73,12.17
57.05,97.78,12.35
57.03,97.75,12.27
57.07,97.82,12.48
57.08,97.84,12.56
56.98,97.72,12.07
57.09,97.85,12.60
57.13,97.88,12.74
57.12,97.87,12.69
57.10,97.86,12.65
56.76,97.77,31.72
57.12,97.86,31.86
56.88,97.79,31.78
57.18,97.91,12.85
57.27,97.95,13.04
57.00,97.82,31.82
57.36,97.95,31.92
57.86,98.19,31.93
57.45,98.01,13.46
57.36,97.98,13.25
57.24,97.90,31.89
57.49,98.00,31.93
57.84,98.31,14.84
57.74,98.12,31.93
57.61,98.06,31.93
57.86,98.40,14.96
57.83,98.23,14.74
57.69,98.02,14.02
57.83,98.17,14.65
57.81,98.10,14.48
57.75,98.03,14.20
57.79,98.06,14.35
57.83,98.27,14.79
57.80,98.08,14.42
57.82,98.15,14.60
57.83,98.20,14.70
57.88,98.47,15.03
57.85,98.35,14.89
57.72,98.03,14.11
57.77,98.05,14.28
57.65,98.02,13.92
57.82,98.12,14.54
57.99,98.26,31.91
58.12,99.07,15.96
58.22,105.51,20.42
58.13,99.31,16.32
58.13,99.35,16.39
58.14,99.39,16.45
58.16,99.75,16.88
58.14,99.49,16.58
58.19,99.90,17.06
58.14,99.59,16.69
58.23,100.05,17.23
58.24,104.93,20.23
58.22,105.21,20.32
58.24,105.83,20.51
58.28,106.16,20.61
58.08,98.82,15.56
58.06,98.78,15.47
58.10,98.91,15.71
58.11,98.95,15.79
58.13,99.23,16.20
58.12,99.01,15.87
58.12,99.15,16.08
58.14,99.44,16.51
58.14,99.53,16.63
57.96,98.63,15.24
58.02,98.72,15.38
58.15,99.66,16.77
58.13,98.34,31.88
58.38,104.05,19.86
58.31,104.48,20.07
58.27,104.69,20.15
58.34,106.48,20.72
58.36,104.17,19.93
58.40,103.93,19.79
58.34,104.31,20.00
58.41,103.80,19.71
58.43,103.25,19.45
58.41,103.67,19.63
58.43,103.39,19.50
58.43,102.24,18.91
58.43,101.79,18.72
58.43,102.08,18.83
58.43,102.00,18.79
58.44,102.48,19.08
58.43,102.99,19.35
58.42,103.53,19.57
58.44,101.58,18.63
58.44,101.65,18.66
58.44,101.51,18.59
58.44,101.29,18.43
58.43,101.72,18.69
58.44,101.06,18.26
58.43,101.93,18.76
58.43,102.16,18.87
58.43,102.34,18.97
58.44,102.65,19.19
58.44,102.76,19.25
58.28,100.22,17.43
58.34,100.36,17.59
58.38,100.51,17.75
58.44,101.19,18.36
58.44,101.44,18.55
58.43,101.86,18.74
58.43,103.11,19.40
58.44,102.87,19.31
58.41,106.79,20.81
58.48,107.11,20.90
58.53,107.42,21.01
58.61,107.71,21.11
58.70,107.99,21.20
58.43,100.93,18.15
58.40,100.65,17.90
58.26,98.42,31.84
58.79,108.25,21.30
58.76,98.77,31.62
58.89,108.49,21.39
58.93,98.93,31.56
58.61,98.65,31.69
58.68,98.71,31.66
58.82,98.83,31.60
59.05,99.05,31.50
59.12,99.11,31.46
58.99,98.99,31.53
58.87,98.88,31.58
59.19,99.18,31.41
58.99,108.70,21.49
59.09,108.92,21.59
59.45,99.46,31.23
59.38,99.38,31.27
59.52,99.54,31.19
59.31,99.31,31.31
59.44,109.60,22.03
59.18,109.11,21.69
59.68,109.94,22.27
59.41,109.53,21.97
59.27,109.28,21.79
59.53,109.75,22.15
59.35,109.43,21.88
59.57,109.81,22.19
59.47,109.64,22.07
59.62,109.87,22.23
59.75,110.02,22.31
59.82,99.86,31.11
59.75,99.78,31.12
59.89,99.94,31.10
59.67,99.70,31.14
60.17,100.27,31.14
60.14,100.22,31.13
60.20,100.31,31.13
59.96,110.20,22.42
60.26,100.40,31.12
59.87,110.13,22.37
60.50,100.76,31.04
60.02,100.09,31.12
60.29,100.45,31.10
60.23,100.35,31.13
60.07,100.14,31.13
59.96,100.02,31.11
60.11,110.31,22.52
60.04,110.26,22.47
60.29,110.41,22.66
60.17,110.35,22.57
60.23,110.39,22.62
60.43,100.65,31.06
60.57,100.86,31.03
60.56,110.49,22.92
60.35,110.44,22.71
60.46,110.48,22.81
60.41,110.46,22.76
60.78,110.51,23.18
60.69,110.50,23.08
60.36,100.55,31.08
60.76,101.17,31.03
60.70,101.07,31.02
60.64,100.96,31.03
60.62,110.49,22.98
60.91,101.49,31.01
60.86,101.38,31.02
60.81,101.27,31.03
61.09,101.85,30.95
61.17,110.61,23.59
61.02,101.72,30.98
61.16,101.99,30.91
61.24,102.13,30.86
60.97,101.60,31.00
61.34,102.28,30.80
61.23,110.61,23.64
61.10,110.59,23.54
61.03,110.57,23.48
61.51,110.64,23.80
60.94,110.55,23.38
61.39,110.63,23.74
61.57,102.68,30.67
61.33,110.62,23.71
61.66,110.65,23.86
61.85,110.68,23.96
61.58,110.64,23.83
61.45,110.63,23.77
61.91,110.69,23.99
61.28,110.62,23.68
61.52,102.59,30.69
61.40,102.39,30.75
61.70,102.85,30.64
61.91,103.11,30.63
61.98,110.71,24.02
61.79,110.67,23.93
62.05,110.73,24.05
61.73,110.66,23.89
61.64,102.77,30.66
62.07,103.30,30.59
62.12,103.36,30.57
61.82,103.00,30.63
61.76,102.93,30.63
61.96,103.17,30.62
62.20,110.76,24.10
62.01,103.23,30.61
62.24,103.48,30.51
62.38,110.79,24.17
62.18,103.42,30.55
62.31,103.55,30.47
62.12,110.75,24.07
62.29,110.78,24.13
62.47,110.80,24.21
62.54,103.81,30.28
62.49,103.75,30.32
62.59,103.87,30.25
62.43,103.69,30.37
62.88,104.37,30.14
62.65,110.81,24.30
62.75,104.11,30.17
62.85,104.30,30.15
62.83,110.81,24.40
62.56,110.80,24.25
62.92,110.80,24.46
62.71,104.05,30.19
62.63,103.93,30.23
62.67,103.99,30.21
62.96,104.52,30.11
62.78,104.17,30.16
62.81,104.23,30.16
63.00,110.79,24.52
63.32,105.19,29.83
63.04,104.67,30.06
63.11,104.83,30.00
63.07,104.74,30.04
63.00,104.59,30.09
63.24,105.06,29.90
63.07,110.76,24.57
63.14,110.74,24.63
63.22,110.70,24.68
63.36,110.64,24.75
63.42,110.62,24.79
63.68,110.54,24.96
63.58,110.58,24.88
63.63,110.56,24.92
63.29,110.67,24.72
63.53,110.59,24.85
63.49,105.43,29.74
63.75,110.51,25.02
63.82,110.48,25.09
63.39,105.30,29.79
63.53,105.48,29.73
63.65,105.62,29.69
63.71,105.70,29.66
63.86,105.93,29.54
63.60,105.55,29.71
63.56,105.52,29.72
63.68,105.66,29.67
63.63,105.58,29.70
63.78,105.80,29.61
63.74,105.74,29.64
64.13,106.33,29.29
64.06,106.23,29.36
63.99,106.13,29.43
64.19,106.41,29.24
63.98,110.37,25.24
64.08,110.31,25.33
63.89,110.43,25.16
64.18,110.23,25.42
64.53,107.02,29.00
64.28,106.57,29.14
64.31,106.65,29.11
64.40,106.81,29.05
64.35,106.74,29.07
64.56,107.08,28.99
64.39,110.07,25.61
64.64,109.92,25.84
64.31,110.12,25.55
64.44,106.89,29.03
64.58,107.12,28.97
64.48,106.95,29.02
64.67,107.30,28.88
64.60,107.16,28.96
64.71,107.42,28.80
64.65,107.25,28.91
64.62,107.21,28.93
64.74,107.49,28.74
64.78,107.68,28.59
64.69,107.36,28.84
64.77,109.82,25.93
64.52,109.99,25.74
64.69,109.89,25.87
64.76,107.58,28.67
64.57,109.97,25.78
64.94,109.64,26.09
64.61,109.94,25.81
64.83,109.77,25.97
64.89,109.71,26.03
64.99,109.58,26.15
64.73,109.86,25.90
64.82,108.55,27.83
64.80,108.29,28.12
64.86,108.65,27.66
64.81,108.21,28.18
64.80,108.41,28.00
64.80,108.35,28.06
64.81,108.06,28.29
64.81,108.51,27.89
64.81,108.46,27.95
64.90,108.70,27.54
65.06,108.85,27.13
64.93,108.73,27.44
64.84,108.62,27.72
64.88,108.67,27.60
65.01,108.80,27.24
64.97,108.76,27.34
65.10,108.90,27.03
64.80,107.79,28.50
64.81,107.92,28.40
65.13,108.96,26.94
65.18,109.15,26.65
65.16,109.24,26.53
65.15,109.00,26.86
65.07,109.46,26.27
65.03,109.52,26.21
65.10,109.40,26.34
65.14,109.30,26.46
65.12,109.35,26.40
65.17,109.19,26.59
65.18,109.10,26.72
