96.51,96.82,50.57
96.50,97.41,50.32
84.94,104.71,46.12
95.74,97.87,49.89
95.02,98.27,49.54
94.84,106.82,40.44
94.99,104.44,40.44
94.97,106.31,40.47
94.70,103.19,40.47
93.98,101.96,40.44
93.64,101.62,40.35
93.30,99.47,48.78
91.19,100.21,38.93
90.40,99.74,38.04
90.56,100.61,48.05
94.49,98.68,49.24
89.21,109.43,40.74
88.80,98.64,36.05
88.34,98.32,35.46
88.65,109.17,40.80
88.09,98.10,35.00
87.78,97.79,34.23
87.58,108.60,41.07
90.55,109.61,40.59
87.39,97.52,31.53
86.82,102.51,47.53
86.66,108.05,41.65
85.82,103.55,47.10
85.41,107.08,43.09
85.41,103.98,46.82
85.01,104.55,46.29
84.83,105.24,45.51
84.89,104.87,45.93
84.82,105.43,45.28
84.85,105.05,45.73
84.83,105.63,45.04
84.86,105.83,44.79
84.91,106.02,44.55
84.95,106.21,44.30
85.01,106.40,44.05
85.09,106.59,43.80
85.09,104.40,46.44
85.19,104.25,46.58
85.18,106.76,43.56
85.29,106.93,43.32
85.55,107.22,42.87
85.54,103.84,46.92
85.29,104.11,46.70
85.70,107.36,42.64
85.67,103.70,47.01
85.86,107.49,42.43
86.04,107.62,42.22
85.96,103.41,47.18
86.11,103.25,47.26
86.23,107.75,42.02
86.27,103.07,47.34
87.05,102.29,47.57
86.62,102.71,47.47
86.44,102.90,47.41
86.43,107.89,41.83
86.87,108.19,41.48
87.38,97.49,31.79
87.53,97.70,30.74
87.38,97.47,32.06
87.61,97.78,30.49
87.47,97.63,31.00
87.42,97.57,31.26
87.58,101.86,47.65
87.87,101.67,47.69
87.39,97.46,32.34
87.42,97.47,32.61
87.46,97.50,32.88
87.30,102.07,47.61
87.10,108.33,41.33
87.70,97.87,30.24
87.69,97.70,33.97
87.51,97.54,33.15
87.62,97.63,33.70
87.56,97.58,33.43
87.34,108.47,41.19
87.81,108.73,40.98
87.81,97.97,30.00
88.19,101.49,47.73
87.87,97.88,34.49
87.98,97.99,34.75
88.21,98.21,35.24
88.53,101.33,47.78
88.48,98.42,35.67
88.04,108.84,40.92
88.62,98.52,35.85
88.89,101.18,47.82
88.46,109.06,40.83
88.25,108.95,40.87
88.97,98.75,36.27
89.15,98.86,36.48
89.24,101.06,47.85
88.83,109.27,40.78
89.67,99.20,37.22
89.01,109.35,40.76
89.55,100.98,47.86
89.43,109.49,40.71
89.33,98.97,36.72
89.51,99.07,36.97
89.84,99.33,37.43
89.84,100.89,47.89
89.67,109.55,40.68
90.03,99.46,37.63
90.10,100.79,47.93
89.94,109.58,40.65
90.58,99.87,38.26
90.22,99.59,37.83
90.77,99.99,38.48
90.34,100.71,47.98
90.82,100.50,48.11
90.24,109.61,40.62
91.54,109.52,40.50
90.97,100.11,38.70
91.08,100.38,48.18
91.37,100.27,48.23
91.45,100.32,39.15
90.88,109.60,40.55
91.87,109.45,40.47
91.21,109.57,40.52
91.70,100.44,39.34
91.69,100.16,48.29
92.54,99.84,48.56
92.20,100.68,39.71
91.95,100.56,39.54
92.45,100.81,39.86
92.19,109.36,40.46
91.99,100.05,48.37
92.29,99.95,48.47
92.79,99.72,48.63
92.49,109.25,40.44
92.71,100.95,39.99
92.79,109.12,40.43
93.05,99.60,48.71
93.06,108.97,40.42
93.32,108.81,40.42
92.97,101.12,40.11
93.56,99.32,48.86
93.81,99.16,48.96
93.45,101.46,40.29
93.25,101.31,40.22
93.56,108.63,40.41
94.04,99.01,49.07
93.78,108.43,40.41
93.82,101.78,40.40
94.13,102.15,40.46
94.26,98.85,49.14
94.26,102.34,40.47
93.97,108.22,40.41
94.61,102.96,40.48
94.50,102.75,40.48
94.35,107.79,40.41
94.67,98.53,49.34
94.86,98.39,49.44
94.17,108.01,40.41
94.38,102.55,40.48
95.00,106.06,40.49
95.02,105.81,40.50
95.18,98.18,49.64
94.78,103.42,40.46
94.85,103.66,40.45
94.91,103.90,40.44
95.02,104.73,40.45
94.95,104.17,40.44
94.75,107.07,40.43
95.03,105.55,40.50
94.63,107.31,40.42
94.50,107.56,40.42
94.91,106.56,40.46
95.35,98.09,49.72
95.03,105.28,40.49
95.04,105.02,40.47
95.55,97.98,49.80
95.93,97.76,49.99
96.11,97.65,50.10
96.72,97.30,50.43
96.31,97.53,50.21
96.94,97.19,50.53
97.19,97.10,50.63
97.76,96.94,50.79
98.06,96.89,50.86
98.38,96.85,50.91
97.46,97.01,50.72
98.70,96.82,50.93
99.03,96.80,50.94
99.36,96.79,50.92
99.71,96.80,50.89
