68.68,106.14,44.36
67.78,102.86,46.43
67.37,102.39,46.80
66.58,101.81,47.45
66.50,109.14,42.73
65.91,101.48,47.80
65.56,96.71,35.53
65.46,95.75,31.09
65.56,101.31,47.99
65.46,96.83,35.75
65.39,109.66,42.56
65.11,101.03,48.33
64.73,97.79,37.14
64.76,100.70,48.65
63.91,100.01,49.29
68.14,107.63,43.49
67.92,103.03,46.30
64.48,98.08,37.59
67.62,108.27,43.14
59.21,98.58,55.03
62.53,99.52,39.71
62.34,99.19,50.52
62.02,100.00,40.15
61.70,100.25,40.44
64.17,98.35,37.99
61.40,109.76,41.94
61.17,100.76,40.88
60.95,109.47,41.81
61.58,98.82,51.25
60.81,101.21,41.11
60.40,108.85,41.70
60.28,102.19,41.35
60.11,108.34,41.65
60.49,98.52,52.35
60.83,109.36,41.78
59.79,107.50,41.53
62.54,99.30,50.35
59.16,98.61,55.35
59.13,98.66,55.66
59.09,98.72,55.97
59.26,98.56,54.72
59.33,98.54,54.42
59.53,105.94,41.46
59.67,98.50,53.56
59.57,105.31,41.42
59.54,105.63,41.44
59.54,106.24,41.48
59.54,98.51,53.83
59.43,98.53,54.12
59.64,104.67,41.37
59.70,104.33,41.35
59.59,104.99,41.39
59.86,107.73,41.57
59.62,106.79,41.50
59.67,107.04,41.50
59.73,107.27,41.51
59.57,106.52,41.49
59.82,98.49,53.30
59.93,107.95,41.61
60.09,102.69,41.37
60.00,102.98,41.37
59.92,103.29,41.36
59.78,103.98,41.34
59.86,103.62,41.36
60.01,108.15,41.63
60.38,101.97,41.31
60.19,102.43,41.37
60.30,98.49,52.58
60.70,98.56,52.12
59.96,98.49,53.05
60.12,98.49,52.81
60.20,108.52,41.67
60.30,108.69,41.69
60.70,101.38,41.16
60.58,101.57,41.22
60.48,101.76,41.27
60.50,109.00,41.72
60.60,109.13,41.73
60.71,109.25,41.75
60.92,98.62,51.89
61.09,109.58,41.85
61.23,109.67,41.89
60.93,101.05,41.04
61.57,109.83,42.00
61.30,100.63,40.78
61.05,100.90,40.97
61.77,109.90,42.05
61.36,98.75,51.46
61.77,98.90,51.05
61.14,98.68,51.67
61.56,100.37,40.57
61.43,100.49,40.68
61.98,109.96,42.11
62.21,110.00,42.17
62.18,99.85,40.01
61.86,100.14,40.30
62.15,99.09,50.69
61.95,98.99,50.87
62.46,110.03,42.22
62.76,99.39,50.19
62.72,99.36,39.54
62.34,99.70,39.87
63.45,99.73,49.63
62.72,110.05,42.27
62.91,99.20,39.36
63.10,99.06,39.18
63.50,98.80,38.75
63.29,98.93,38.97
62.99,99.49,49.99
63.22,99.60,49.80
63.68,99.86,49.45
62.99,110.06,42.31
63.58,110.03,42.39
63.28,110.05,42.35
63.70,98.68,38.53
64.02,98.46,38.16
63.86,98.57,38.33
64.14,100.16,49.14
64.31,100.30,49.01
63.88,109.99,42.42
64.62,97.93,37.37
64.33,98.22,37.80
64.18,109.94,42.45
64.62,100.57,48.77
64.48,100.45,48.89
64.85,97.64,36.92
65.05,97.31,36.47
64.95,97.47,36.69
64.99,100.93,48.44
64.88,100.82,48.55
64.48,109.89,42.48
65.14,97.18,36.29
64.78,109.83,42.51
65.35,96.95,35.95
65.24,97.06,36.13
65.39,101.23,48.10
65.24,101.13,48.22
65.23,95.62,30.55
65.09,109.75,42.53
65.68,109.55,42.59
65.56,95.81,31.37
65.35,95.69,30.81
65.66,95.86,31.66
65.65,96.59,35.30
65.73,101.40,47.89
65.74,95.89,31.96
65.73,96.48,35.06
66.09,101.56,47.70
65.96,109.43,42.63
65.82,95.91,32.27
65.87,95.92,32.57
65.79,96.37,34.81
65.90,95.95,32.86
65.85,96.28,34.54
66.27,101.64,47.62
66.24,109.29,42.67
65.92,96.07,33.72
65.91,95.98,33.15
65.88,96.20,34.28
65.91,96.13,34.00
65.92,96.03,33.44
66.43,101.72,47.54
67.00,108.80,42.87
66.72,101.89,47.35
66.76,108.97,42.79
66.86,101.98,47.25
67.21,108.64,42.94
67.25,102.27,46.91
67.13,102.16,47.03
67.00,102.07,47.14
67.50,102.52,46.68
67.64,102.68,46.56
67.42,108.46,43.03
67.81,108.07,43.25
67.98,107.86,43.36
68.05,103.22,46.16
68.31,103.69,45.90
68.43,103.97,45.74
68.18,103.43,46.04
68.27,107.40,43.62
68.39,107.16,43.75
68.53,104.25,45.58
68.49,106.91,43.89
68.62,104.52,45.40
68.57,106.66,44.04
68.68,104.80,45.23
68.64,106.40,44.20
68.71,105.08,45.05
68.73,105.35,44.87
68.73,105.62,44.70
68.70,105.88,44.53
