71.49,98.29,36.17
71.33,99.00,35.66
66.93,93.30,31.48
71.27,97.25,37.02
70.93,89.42,38.70
71.11,92.98,38.48
69.89,100.80,33.31
69.38,90.00,19.84
69.25,100.93,32.61
69.31,88.51,27.39
68.62,88.63,28.55
68.43,100.31,31.81
68.38,88.67,28.81
68.05,99.80,31.49
68.25,88.72,28.94
67.74,89.38,29.69
67.42,90.83,30.79
68.96,88.58,28.16
66.94,93.39,31.50
66.94,93.19,31.45
66.97,92.93,31.36
66.95,93.07,31.41
67.01,92.71,31.30
66.95,93.49,31.52
67.00,93.75,31.54
67.06,92.47,31.24
67.08,94.03,31.52
67.05,93.93,31.53
66.96,93.57,31.53
67.10,92.23,31.19
66.98,93.66,31.53
67.17,94.43,31.43
67.13,94.24,31.48
67.11,94.14,31.50
67.02,93.84,31.54
67.15,94.34,31.46
67.32,91.25,30.96
67.21,91.72,31.10
67.15,91.98,31.15
67.19,94.62,31.37
67.19,95.62,31.25
67.19,95.94,31.25
67.19,96.25,31.25
67.19,96.56,31.25
67.19,96.88,31.25
67.20,97.21,31.25
67.18,94.53,31.40
67.19,94.71,31.35
67.19,94.95,31.31
67.19,95.08,31.29
67.19,95.23,31.28
67.19,94.82,31.32
67.22,97.63,31.25
67.26,91.48,31.03
67.23,97.78,31.25
67.35,98.22,31.26
67.25,97.90,31.26
67.21,97.42,31.25
67.44,98.43,31.26
67.31,98.12,31.26
67.52,98.57,31.26
67.27,98.01,31.26
67.49,90.50,30.63
67.51,90.22,30.45
67.55,89.77,30.06
67.50,90.39,30.57
67.50,90.44,30.60
67.52,89.94,30.21
67.51,90.02,30.28
67.48,90.57,30.66
67.51,90.16,30.40
67.37,91.03,30.88
67.51,90.33,30.54
67.51,90.10,30.35
67.58,89.68,29.97
67.64,89.57,29.87
67.53,89.86,30.14
67.46,90.66,30.70
67.51,90.28,30.50
67.60,98.72,31.27
67.40,98.33,31.26
67.66,98.88,31.28
67.73,99.03,31.29
67.77,89.31,29.62
67.70,89.45,29.76
67.78,89.26,29.57
67.86,89.12,29.42
67.95,99.59,31.41
67.84,99.33,31.34
67.90,99.47,31.37
67.79,99.19,31.31
67.90,89.06,29.36
67.98,88.96,29.25
67.80,89.22,29.53
67.94,89.01,29.30
67.83,89.17,29.47
68.26,100.13,31.67
68.08,88.85,29.13
68.14,88.80,29.06
68.03,88.90,29.19
68.20,88.76,29.00
68.15,99.98,31.58
68.20,100.06,31.63
68.00,99.70,31.45
68.10,99.89,31.54
68.44,88.65,28.75
68.56,88.63,28.62
68.50,88.63,28.69
68.32,88.69,28.88
68.60,100.46,31.90
68.31,100.19,31.72
68.75,100.60,32.00
68.65,100.51,31.93
68.70,100.56,31.97
68.55,100.42,31.88
68.37,100.25,31.77
68.85,100.70,32.10
68.49,100.37,31.85
68.80,100.65,32.05
68.81,88.62,28.34
68.75,88.62,28.41
68.69,88.63,28.48
68.87,88.61,28.28
69.15,88.55,27.79
69.08,88.56,27.95
68.92,88.59,28.21
69.11,88.56,27.88
69.21,88.54,27.67
69.02,88.57,28.06
69.05,88.56,28.01
68.99,88.58,28.12
68.91,100.74,32.16
68.97,100.79,32.23
69.14,100.89,32.46
69.03,100.83,32.31
69.51,100.93,32.93
69.35,100.94,32.75
69.19,100.91,32.54
69.46,100.94,32.88
69.08,100.87,32.39
69.36,88.56,27.16
69.30,100.93,32.68
69.40,100.94,32.82
69.29,88.51,27.45
69.34,88.53,27.28
69.39,88.61,26.96
69.38,88.60,27.03
69.33,88.52,27.33
69.56,88.60,26.41
69.44,90.00,20.10
69.44,88.63,26.72
69.27,88.51,27.52
69.37,88.58,27.10
69.41,88.62,26.88
69.47,88.62,26.63
69.42,88.63,26.80
69.25,88.52,27.59
69.51,88.61,26.53
69.35,88.55,27.22
69.51,90.00,20.36
69.74,100.87,33.17
69.57,100.92,32.99
69.68,100.89,33.11
69.62,100.90,33.05
69.81,100.84,33.23
69.59,90.00,20.66
69.63,90.00,20.93
69.66,90.01,21.19
69.71,90.05,21.86
69.78,89.90,22.80
69.72,90.04,22.21
69.70,90.04,21.67
69.69,90.02,21.44
69.73,90.02,22.37
69.71,90.05,22.04
69.81,89.84,22.92
69.71,88.61,25.99
69.83,88.65,25.67
69.76,88.63,25.85
69.86,89.73,23.13
69.83,89.79,23.03
69.75,89.99,22.53
69.82,88.65,25.71
69.74,88.62,25.91
69.60,88.59,26.29
69.80,88.65,25.75
69.64,88.59,26.18
69.68,88.60,26.08
69.87,88.64,25.57
69.93,88.63,25.32
69.97,88.68,25.02
69.78,88.64,25.80
69.92,88.62,25.38
69.85,88.65,25.62
69.87,88.63,25.55
69.96,89.45,23.50
69.76,89.95,22.67
69.96,89.40,23.57
69.88,89.67,23.22
69.84,88.65,25.64
69.85,88.64,25.60
69.88,88.63,25.53
69.89,88.62,25.50
69.94,88.63,25.26
69.95,88.64,25.19
69.90,89.61,23.30
69.94,89.50,23.44
69.91,88.62,25.43
69.93,89.56,23.38
69.99,88.90,24.41
69.86,88.64,25.58
69.99,88.79,24.67
69.90,88.62,25.47
69.98,88.71,24.91
69.98,89.07,24.12
69.98,88.98,24.27
69.97,89.15,23.96
69.97,89.23,23.85
69.97,89.29,23.75
69.97,89.35,23.65
69.96,88.66,25.11
69.99,88.84,24.54
69.98,88.74,24.79
70.29,100.63,33.64
70.00,88.41,39.12
70.35,88.70,39.03
70.56,100.59,33.83
70.00,100.74,33.41
70.12,88.50,39.10
70.19,100.66,33.57
70.61,100.58,33.87
70.10,100.70,33.49
70.24,88.60,39.07
70.55,88.89,38.94
70.45,100.60,33.75
70.70,100.55,33.95
70.65,100.56,33.91
70.51,100.59,33.79
70.77,100.51,34.04
70.37,100.61,33.70
70.81,100.49,34.09
70.45,88.79,38.99
70.85,100.47,34.13
70.94,100.36,34.29
70.73,100.53,34.00
70.88,100.44,34.18
70.91,100.40,34.24
71.03,100.22,34.48
70.97,100.32,34.36
70.64,89.00,38.89
71.10,92.17,38.60
71.07,92.44,38.58
71.08,92.31,38.59
70.80,89.20,38.79
70.73,89.10,38.84
70.98,89.53,38.66
71.08,92.68,38.54
71.18,93.33,38.43
71.07,92.57,38.56
71.14,93.11,38.46
71.19,93.39,38.42
71.15,93.16,38.45
71.17,93.26,38.44
71.08,92.79,38.52
71.09,92.89,38.50
71.12,93.05,38.47
70.87,89.31,38.75
71.11,89.90,38.57
71.03,89.65,38.63
71.07,89.77,38.60
71.16,93.21,38.45
71.20,93.46,38.41
71.23,93.69,38.33
71.24,93.85,38.28
71.24,94.04,38.24
71.21,93.55,38.38
71.26,97.42,36.90
71.26,91.28,38.56
71.20,91.26,38.55
71.17,90.17,38.53
71.20,90.31,38.52
71.14,90.03,38.55
71.24,90.77,38.51
71.26,97.48,36.85
71.22,99.84,35.00
71.24,99.69,35.18
71.25,94.22,38.20
71.28,94.60,38.13
71.26,94.41,38.17
71.37,95.16,38.02
71.42,95.34,37.97
71.22,90.46,38.51
71.25,90.93,38.52
71.23,90.61,38.51
71.26,91.18,38.55
71.22,91.05,38.48
71.24,91.46,38.56
71.22,91.26,38.57
71.21,91.65,38.57
71.26,91.08,38.54
71.23,91.55,38.57
71.26,91.36,38.56
71.15,91.88,38.59
71.22,91.45,38.57
71.19,91.75,38.58
71.12,92.02,38.60
71.25,99.47,35.33
71.36,98.89,35.75
71.27,99.32,35.42
71.24,99.65,35.22
71.24,99.57,35.27
71.26,99.40,35.37
71.25,99.52,35.30
71.24,99.61,35.25
71.30,99.11,35.58
71.24,99.72,35.15
71.17,99.95,34.84
71.20,99.89,34.93
71.23,99.80,35.06
71.13,100.03,34.73
71.08,100.12,34.60
71.23,99.76,35.11
71.42,98.03,36.39
71.30,94.78,38.10
71.33,94.97,38.06
71.28,99.23,35.49
71.30,97.11,37.08
71.27,97.56,36.78
71.33,97.81,36.58
71.29,97.64,36.72
71.26,97.37,36.94
71.30,97.73,36.65
71.26,97.31,36.98
71.28,97.18,37.05
71.36,97.91,36.50
71.36,96.89,37.17
71.34,96.97,37.14
71.46,96.62,37.27
71.43,96.71,37.23
71.39,96.80,37.20
71.32,97.04,37.11
71.51,96.45,37.37
71.48,96.54,37.32
71.40,98.78,35.83
71.44,98.67,35.91
71.46,98.60,35.95
71.50,98.44,36.06
71.53,95.79,37.79
71.55,96.05,37.64
71.54,96.21,37.53
71.53,96.29,37.47
71.55,96.13,37.58
71.52,96.37,37.42
71.50,98.34,36.14
71.46,98.12,36.31
71.54,95.88,37.74
71.49,95.59,37.88
71.46,95.47,37.92
71.51,95.69,37.83
71.54,95.96,37.69
71.49,98.24,36.22
71.47,98.18,36.26
71.49,98.49,36.03
71.48,98.55,35.99
71.50,98.39,36.10
