95.53,88.83,40.56
95.10,88.98,39.87
90.86,89.26,26.16
94.69,88.97,39.46
93.44,93.91,29.45
93.19,98.59,30.36
92.95,90.96,28.55
92.38,100.07,31.17
92.37,89.91,27.85
91.84,100.41,31.93
91.90,90.39,38.40
91.43,89.26,27.04
91.25,100.31,33.44
90.81,99.88,34.18
90.85,91.71,38.17
90.48,99.47,34.57
90.41,99.36,34.66
90.26,92.94,37.85
90.01,93.53,37.64
90.09,89.53,24.54
89.85,94.51,37.56
89.84,89.90,23.15
89.90,93.90,37.61
89.72,98.21,35.47
89.71,96.53,36.59
89.57,97.25,36.12
88.94,93.50,20.27
88.96,93.17,20.34
88.96,93.63,20.25
88.98,93.70,20.25
88.95,93.57,20.26
89.00,93.04,20.38
88.93,93.44,20.28
88.94,93.27,20.32
88.93,93.33,20.30
89.01,93.77,20.24
89.08,92.92,20.42
88.93,93.38,20.29
89.06,92.94,20.41
89.11,93.97,20.27
88.99,93.08,20.37
89.02,93.00,20.39
89.11,92.87,20.44
89.14,92.84,20.45
88.97,93.12,20.36
89.32,92.56,20.55
88.95,93.22,20.33
89.04,92.97,20.40
89.24,92.69,20.51
89.17,92.80,20.47
89.04,93.84,20.25
89.29,94.29,20.43
89.07,93.91,20.25
89.28,92.63,20.53
89.09,92.89,20.43
89.36,92.47,20.57
89.21,92.75,20.49
89.26,94.22,20.38
89.35,94.44,20.55
89.19,94.10,20.31
89.37,94.53,20.62
89.15,94.03,20.29
89.52,92.07,20.71
89.22,94.16,20.34
89.32,94.36,20.48
89.39,94.63,20.70
89.40,94.72,20.77
89.55,97.58,35.90
89.54,97.48,35.97
89.55,97.37,36.04
89.56,97.69,35.83
89.60,91.83,20.82
89.48,92.19,20.66
89.56,91.95,20.76
89.42,92.32,20.62
89.86,90.16,22.65
89.68,98.12,35.53
89.64,98.04,35.59
89.77,91.00,21.43
89.72,91.31,21.17
89.66,91.58,20.97
89.74,91.16,21.29
89.69,91.45,21.06
89.69,96.59,36.56
89.78,96.32,36.70
89.73,96.46,36.63
89.85,89.79,23.40
89.80,90.84,21.59
89.63,91.71,20.90
89.85,94.16,37.61
89.87,94.07,37.61
89.85,94.25,37.61
89.88,93.99,37.61
89.75,98.26,35.43
89.78,98.32,35.38
89.59,97.13,36.20
89.65,96.82,36.40
89.58,97.79,35.76
89.82,98.38,35.33
89.87,98.49,35.25
89.67,98.09,35.55
89.67,96.70,36.49
89.75,96.39,36.66
89.80,96.21,36.74
89.68,96.65,36.52
89.80,95.38,37.16
89.80,95.29,37.22
89.79,95.21,37.26
89.64,96.90,36.34
89.62,97.00,36.28
89.66,96.76,36.44
89.71,98.19,35.49
89.84,89.84,23.28
89.85,89.75,23.50
89.84,89.70,23.60
89.84,89.67,23.69
89.70,98.16,35.50
89.60,97.87,35.70
89.62,97.96,35.64
89.73,98.23,35.45
89.69,98.14,35.52
89.84,95.98,36.84
89.82,96.10,36.79
89.89,89.56,24.07
89.87,89.58,23.98
89.85,94.89,37.41
89.84,89.63,23.79
89.80,95.14,37.30
89.86,94.82,37.44
89.81,95.07,37.34
89.82,95.01,37.37
89.87,90.29,22.43
89.85,89.60,23.88
89.84,95.73,36.96
89.84,95.86,36.90
89.86,94.75,37.47
89.84,94.95,37.39
89.85,94.42,37.58
89.85,94.34,37.60
89.97,89.53,24.32
89.85,90.04,22.87
89.83,90.69,21.77
89.86,94.67,37.50
90.27,89.55,24.78
90.24,89.55,24.74
89.94,89.54,24.24
90.01,89.52,24.40
89.92,89.55,24.15
90.08,93.34,37.68
89.86,94.59,37.53
89.84,89.96,23.02
89.87,90.42,22.19
89.85,90.55,21.97
89.97,93.62,37.62
90.04,93.43,37.65
90.12,93.24,37.71
89.95,93.72,37.62
89.92,93.81,37.61
89.82,95.48,37.10
89.83,95.61,37.03
90.19,98.98,34.94
90.17,98.95,34.95
89.95,98.62,35.17
90.17,89.54,24.65
90.21,89.55,24.69
90.05,89.53,24.48
90.13,89.54,24.60
90.22,99.05,34.88
90.20,99.00,34.92
90.25,99.11,34.84
90.16,98.92,34.97
90.33,99.24,34.75
90.31,89.54,24.83
90.16,93.15,37.75
90.05,98.77,35.07
90.30,92.86,37.89
90.33,92.78,37.94
90.20,93.06,37.79
90.24,92.98,37.83
90.28,99.16,34.81
90.44,92.52,38.07
90.49,92.42,38.11
90.40,92.62,38.03
90.28,92.90,37.87
90.38,89.52,24.95
90.56,89.39,25.39
90.34,89.53,24.89
90.45,89.47,25.10
90.50,89.44,25.20
90.36,92.71,37.98
90.31,92.82,37.91
90.41,89.50,25.02
90.63,89.35,25.57
90.76,89.29,25.93
90.69,89.31,25.75
90.70,99.76,34.30
90.75,99.81,34.25
90.63,99.67,34.38
90.56,99.58,34.47
90.53,92.32,38.14
90.56,92.23,38.16
90.60,92.14,38.17
90.71,91.92,38.18
90.97,91.57,38.17
90.64,92.06,38.18
90.76,91.85,38.18
90.67,91.99,38.18
90.80,91.78,38.18
91.04,91.49,38.18
91.21,91.31,38.21
90.93,89.22,26.33
90.99,100.06,33.96
90.94,100.00,34.03
90.88,99.94,34.11
91.04,100.11,33.88
91.10,89.18,26.63
90.82,89.28,26.06
91.19,89.19,26.76
90.99,89.19,26.45
90.96,89.21,26.39
91.03,89.19,26.51
90.90,89.24,26.26
91.30,91.21,38.24
91.12,91.40,38.19
90.91,91.64,38.17
91.39,91.11,38.27
91.15,89.18,26.69
91.30,89.21,26.89
91.24,89.20,26.82
91.36,89.23,26.97
91.06,89.18,26.57
91.36,100.35,33.14
91.14,100.20,33.71
91.09,100.16,33.80
91.22,100.28,33.53
91.18,100.24,33.63
91.42,100.37,33.00
91.30,100.33,33.29
91.39,100.36,33.07
91.28,100.32,33.36
91.33,100.34,33.21
91.45,100.38,32.94
91.53,100.43,32.71
91.51,100.41,32.79
91.48,100.40,32.87
91.69,100.46,32.22
91.55,100.44,32.62
91.61,100.46,32.42
91.65,100.46,32.32
91.58,100.45,32.52
91.65,89.36,27.27
91.73,100.45,32.12
91.79,89.44,27.40
91.55,89.32,27.17
91.50,90.98,38.31
91.49,89.30,27.11
91.72,89.39,27.34
91.86,89.48,27.47
92.02,89.60,27.61
91.60,89.34,27.22
91.93,89.53,27.54
91.59,90.86,38.35
92.00,90.21,38.39
91.95,90.30,38.40
91.84,90.48,38.40
91.68,90.73,38.37
91.76,90.61,38.39
91.95,100.35,31.76
92.05,90.12,38.37
91.78,100.43,32.02
91.89,100.38,31.84
92.08,100.31,31.58
92.00,100.33,31.70
92.03,100.32,31.65
92.17,100.26,31.45
92.14,100.28,31.50
92.11,100.30,31.54
92.33,100.12,31.23
92.06,100.31,31.61
92.20,89.90,38.33
92.21,100.23,31.40
92.24,100.20,31.35
92.28,100.17,31.29
92.10,90.04,38.35
92.25,89.83,38.32
92.37,89.71,38.32
92.31,89.77,38.31
92.15,89.97,38.34
92.78,89.46,38.43
92.34,89.88,27.83
92.11,89.67,27.68
92.25,89.78,27.77
92.46,90.08,27.97
92.20,89.74,27.74
92.31,89.85,27.81
92.42,89.98,27.90
92.28,89.82,27.79
92.52,90.19,28.05
92.57,90.30,28.13
92.44,90.03,27.93
92.65,90.43,28.24
92.39,89.95,27.87
92.43,100.02,31.11
92.71,99.67,30.82
92.49,99.95,31.04
92.43,89.66,38.32
92.60,99.81,30.92
92.61,89.54,38.36
92.55,99.89,30.98
92.80,99.51,30.72
92.84,99.42,30.67
92.66,99.74,30.87
92.89,99.31,30.60
92.94,99.19,30.54
92.76,99.59,30.77
92.88,89.41,38.49
92.83,89.43,38.46
92.67,89.51,38.39
92.49,89.62,38.33
92.86,90.81,28.49
92.71,90.53,28.32
92.82,90.74,28.46
93.13,91.28,28.61
92.79,90.67,28.42
92.99,91.03,28.57
92.75,90.60,28.38
93.03,91.11,28.59
92.93,89.40,38.51
92.72,89.48,38.41
92.55,89.58,38.35
93.08,89.38,38.59
93.19,89.37,38.63
92.90,90.88,28.52
93.18,91.39,28.61
93.08,91.19,28.60
92.97,89.39,38.54
93.13,89.37,38.61
93.00,89.39,38.56
93.27,89.36,38.65
93.04,98.95,30.45
93.09,98.83,30.41
93.14,98.71,30.38
92.99,99.07,30.49
93.91,89.20,38.91
93.73,89.26,38.81
93.55,89.30,38.74
93.40,89.33,38.69
93.04,89.38,38.57
93.43,93.43,29.34
93.42,97.64,30.44
93.37,98.01,30.40
93.39,97.89,30.42
93.41,97.76,30.43
93.44,97.37,30.43
93.28,98.35,30.35
93.24,98.47,30.35
93.31,98.24,30.36
93.43,95.51,29.94
93.35,91.90,28.71
93.27,91.64,28.65
93.23,91.51,28.63
93.31,91.76,28.68
93.38,92.03,28.76
93.41,92.18,28.81
93.43,92.33,28.88
93.44,92.48,28.95
93.44,94.54,29.64
93.45,94.73,29.67
93.44,95.17,29.77
93.44,94.96,29.71
93.43,95.43,29.89
93.43,95.62,30.00
93.44,95.27,29.81
93.43,95.74,30.05
93.44,95.35,29.85
93.43,96.02,30.17
93.44,96.19,30.22
93.43,95.87,30.11
93.44,96.39,30.26
93.44,96.63,30.29
93.44,96.84,30.32
93.44,97.03,30.36
93.44,97.22,30.41
93.43,97.51,30.44
93.43,93.09,29.24
93.43,92.80,29.12
93.44,92.64,29.04
93.43,92.95,29.18
93.43,93.21,29.28
93.44,94.04,29.49
93.43,93.66,29.38
93.43,93.54,29.36
93.43,93.32,29.32
93.44,94.20,29.55
93.44,94.36,29.60
93.43,93.78,29.41
93.44,95.07,29.74
93.35,98.12,30.38
94.10,89.14,39.02
94.27,89.08,39.14
94.43,89.03,39.25
94.57,88.99,39.36
94.98,88.96,39.73
95.05,88.97,39.80
94.90,88.96,39.65
94.80,88.96,39.56
95.39,88.94,40.33
95.19,89.00,40.00
95.35,88.96,40.26
95.23,88.99,40.06
95.31,88.98,40.19
95.43,88.91,40.40
95.47,88.87,40.48
95.27,88.98,40.13
95.15,88.99,39.93
95.65,88.76,40.72
95.82,88.70,40.95
95.59,88.79,40.65
95.84,88.73,43.38
95.89,88.71,43.06
95.85,88.69,43.89
95.85,88.73,43.27
95.83,88.73,43.49
95.86,88.69,41.02
95.71,88.74,40.80
95.89,88.63,44.18
95.84,88.71,43.70
95.85,88.70,43.80
95.90,88.62,44.26
95.87,88.66,44.06
95.83,88.72,43.60
95.91,88.60,44.36
95.91,88.68,41.10
95.91,88.60,44.38
95.92,88.58,44.45
95.91,88.59,44.41
95.91,88.61,44.34
95.93,88.56,44.50
95.92,88.56,44.48
95.92,88.58,44.43
95.93,88.55,44.52
95.89,88.62,44.22
95.86,88.68,43.98
95.88,88.65,44.13
95.90,88.61,44.31
95.92,88.57,44.47
95.91,88.70,42.94
95.86,88.72,43.17
95.96,88.65,42.67
95.93,88.68,42.83
96.04,88.66,41.41
95.95,88.67,41.17
96.06,88.66,41.50
95.76,88.71,40.87
95.99,88.67,41.25
96.07,88.63,42.13
95.97,88.63,42.55
95.96,88.64,42.61
95.94,88.67,42.75
96.09,88.63,42.04
96.02,88.61,42.36
95.99,88.62,42.48
96.00,88.62,42.42
96.02,88.67,41.33
96.03,88.61,42.29
96.08,88.66,41.58
96.10,88.65,41.76
96.10,88.66,41.67
96.05,88.62,42.22
96.10,88.64,41.95
96.10,88.65,41.85
