33.00,32.00,34.00
37.00,35.00,36.00
44.00,39.00,38.00
48.00,47.00,45.00
49.00,47.00,48.00
58.00,57.00,55.00
62.00,55.00,57.00
68.00,62.00,63.00
99.00,92.00,93.00
149.00,58.00,116.00
101.00,136.00,100.00
106.00,138.00,104.00
116.00,150.00,149.00
153.00,151.00,152.00
124.00,158.00,120.00
165.00,168.00,170.00
227.00,135.00,177.00
189.00,178.00,179.00
168.00,218.00,170.00
258.00,218.00,168.00
275.00,195.00,227.00
201.00,236.00,200.00
150.00,304.00,152.00
236.00,250.00,245.00
211.00,252.00,210.00
256.00,255.00,253.00
256.00,253.00,247.00
218.00,258.00,260.00
218.00,260.00,214.00
275.00,227.00,229.00
223.00,273.00,229.00
292.00,235.00,275.00
292.00,275.00,276.00
301.00,300.00,239.00
301.00,239.00,237.00
307.00,247.00,305.00
307.00,256.00,247.00
259.00,309.00,249.00
259.00,316.00,309.00
339.00,305.00,304.00
339.00,348.00,350.00
404.00,335.00,385.00
404.00,385.00,386.00
411.00,404.00,405.00
414.00,350.00,348.00
345.00,420.00,413.00
437.00,388.00,390.00
451.00,414.00,449.00
472.00,471.00,469.00
473.00,471.00,472.00
480.00,469.00,471.00
495.00,489.00,496.00
508.00,447.00,495.00
525.00,451.00,449.00
462.00,525.00,449.00
462.00,534.00,525.00
582.00,528.00,524.00
622.00,518.00,564.00
665.00,667.00,597.00
680.00,678.00,620.00
681.00,680.00,620.00
719.00,717.00,718.00
722.00,665.00,715.00
722.00,667.00,665.00
719.00,669.00,722.00
671.00,733.00,677.00
739.00,678.00,680.00
684.00,680.00,681.00
739.00,680.00,744.00
708.00,777.00,693.00
833.00,783.00,780.00
831.00,848.00,833.00
787.00,840.00,786.00
928.00,923.00,826.00
1034.00,1038.00,1122.00
1058.00,910.00,972.00
973.00,1060.00,972.00
1085.00,1072.00,1073.00
1078.00,931.00,1086.00
1095.00,1090.00,1091.00
1107.00,1015.00,1105.00
1122.00,1038.00,1124.00
966.00,1128.00,1043.00
1095.00,1091.00,1083.00
1203.00,1202.00,1200.00
1203.00,1204.00,1202.00
1204.00,1203.00,1211.00
1132.00,1210.00,1130.00
1223.00,1221.00,1222.00
1141.00,1234.00,1140.00
1272.00,1267.00,1266.00
1202.00,1204.00,1302.00
1328.00,1327.00,1263.00
1327.00,1271.00,1263.00
1431.00,1271.00,1327.00
1347.00,1287.00,1286.00
1377.00,1299.00,1369.00
1388.00,1387.00,1383.00
1436.00,1427.00,1426.00
1485.00,1377.00,1369.00
1482.00,1548.00,1549.00
1362.00,1548.00,1482.00
1551.00,1482.00,1549.00
1551.00,1483.00,1482.00
1556.00,1561.00,1555.00
1555.00,1561.00,1562.00
1591.00,1399.00,1589.00
1594.00,1591.00,1589.00
1612.00,1436.00,1518.00
1665.00,1664.00,1543.00
1556.00,1673.00,1561.00
1589.00,1700.00,1594.00
1665.00,1736.00,1664.00
1741.00,1671.00,1670.00
1683.00,1764.00,1684.00
1698.00,1777.00,1692.00
1780.00,1779.00,1785.00
1798.00,1799.00,1785.00
1818.00,1815.00,1811.00
1819.00,1817.00,1818.00
1842.00,1835.00,1834.00
1857.00,1840.00,1817.00
1871.00,1864.00,1865.00
1873.00,1872.00,1750.00
1762.00,1886.00,1873.00
1706.00,1908.00,1799.00
1910.00,1908.00,1706.00
1918.00,1914.00,1814.00
1943.00,1942.00,1871.00
1951.00,6191.00,1970.00
1980.00,1975.00,1894.00
2012.00,2009.00,2005.00
2013.00,2011.00,2012.00
1910.00,2014.00,1908.00
2028.00,2027.00,2025.00
2028.00,2025.00,2019.00
2034.00,2025.00,2027.00
1920.00,2030.00,1918.00
2267.00,2045.00,2046.00
1926.00,2049.00,1924.00
2071.00,1933.00,1935.00
2045.00,2267.00,5974.00
1999.00,2130.00,2000.00
2210.00,2217.00,2211.00
2240.00,2237.00,2233.00
2260.00,2255.00,2262.00
2260.00,2262.00,2267.00
2553.00,2309.00,2310.00
2301.00,2315.00,2169.00
2214.00,2374.00,2361.00
2371.00,2215.00,2369.00
2373.00,2372.00,2218.00
2404.00,2402.00,2280.00
2408.00,2406.00,2282.00
2552.00,2411.00,2298.00
2439.00,2438.00,2359.00
2447.00,2464.00,2466.00
2373.00,2456.00,2372.00
2233.00,2475.00,2240.00
2495.00,2498.00,2392.00
2394.00,2502.00,2388.00
2404.00,2518.00,2402.00
2410.00,2540.00,2408.00
2415.00,2543.00,2544.00
2889.00,2587.00,2588.00
2604.00,2591.00,2590.00
2653.00,2651.00,2652.00
2658.00,2655.00,2654.00
2659.00,2656.00,2657.00
2539.00,2706.00,2847.00
2793.00,2769.00,2782.00
2495.00,2807.00,2498.00
2824.00,2819.00,2694.00
2696.00,2830.00,2829.00
2833.00,2831.00,2832.00
2843.00,2844.00,3306.00
2844.00,2843.00,2853.00
2710.00,2852.00,2708.00
2723.00,2863.00,2880.00
3611.00,2909.00,2910.00
2742.00,3016.00,2740.00
3158.00,3114.00,3115.00
3115.00,2753.00,3158.00
3163.00,2755.00,2754.00
3188.00,3165.00,3164.00
3168.00,3193.00,3192.00
3208.00,2756.00,2758.00
3187.00,2759.00,2757.00
3228.00,3211.00,3210.00
3245.00,3226.00,3227.00
2835.00,3302.00,2821.00
2851.00,2850.00,3310.00
3611.00,2910.00,3612.00
3340.00,3328.00,2888.00
3337.00,2974.00,3364.00
3611.00,3638.00,2927.00
3391.00,3695.00,3115.00
3423.00,3420.00,3188.00
3747.00,3209.00,3185.00
3435.00,3801.00,3257.00
3276.00,3448.00,3268.00
3456.00,3480.00,3482.00
3292.00,3494.00,3493.00
3523.00,3303.00,3513.00
3304.00,3518.00,3302.00
3523.00,2845.00,3303.00
2845.00,3523.00,3524.00
3526.00,3540.00,3541.00
3314.00,3540.00,3312.00
3345.00,3642.00,3621.00
3667.00,3369.00,3647.00
3725.00,3723.00,3724.00
3427.00,3803.00,3435.00
3809.00,3801.00,3810.00
3826.00,3447.00,3809.00
3827.00,3810.00,3811.00
3829.00,3828.00,3480.00
3829.00,3480.00,3479.00
3863.00,3867.00,3553.00
3579.00,3582.00,3880.00
4191.00,3937.00,3695.00
3939.00,3749.00,3725.00
3829.00,3992.00,3828.00
3994.00,3992.00,4023.00
3994.00,4023.00,4024.00
4074.00,4066.00,3866.00
4071.00,3867.00,3863.00
3867.00,4071.00,4072.00
4196.00,3697.00,3934.00
4583.00,3939.00,4192.00
4230.00,4227.00,4226.00
4250.00,6098.00,3975.00
4269.00,4268.00,4024.00
4269.00,4024.00,4023.00
4319.00,4339.00,4145.00
4269.00,4420.00,4268.00
4435.00,4466.00,4468.00
4473.00,4493.00,4295.00
4531.00,4530.00,4558.00
4531.00,4712.00,4530.00
4511.00,4339.00,4319.00
4566.00,4545.00,4565.00
4565.00,4576.00,4566.00
4591.00,4750.00,4589.00
4595.00,4584.00,4585.00
4601.00,4597.00,4364.00
4368.00,4607.00,4366.00
4314.00,4702.00,4512.00
4512.00,4704.00,4514.00
4707.00,4521.00,4695.00
4551.00,4731.00,4554.00
4566.00,4725.00,4545.00
4572.00,4581.00,4740.00
4665.00,4812.00,4664.00
4825.00,4679.00,4678.00
4867.00,4086.00,4692.00
4867.00,4695.00,4086.00
4875.00,4705.00,4704.00
4871.00,4929.00,4702.00
4719.00,4914.00,4915.00
4915.00,4720.00,4719.00
4919.00,4723.00,4722.00
4731.00,4934.00,4935.00
5019.00,4755.00,5018.00
5019.00,5826.00,4755.00
5039.00,5038.00,5037.00
5039.00,5194.00,5038.00
4782.00,5048.00,5045.00
5084.00,4802.00,4804.00
6316.00,6290.00,4793.00
5127.00,5130.00,4914.00
5132.00,5134.00,4923.00
4987.00,5168.00,4985.00
5171.00,5184.00,4994.00
5599.00,4790.00,5199.00
5281.00,5130.00,5127.00
5160.00,5282.00,5132.00
5282.00,5134.00,5132.00
5289.00,5138.00,5287.00
5328.00,5287.00,5327.00
5338.00,5303.00,5337.00
5410.00,5376.00,5166.00
5517.00,5185.00,5184.00
5514.00,5513.00,5541.00
5613.00,5612.00,5289.00
5613.00,5289.00,5287.00
5328.00,5613.00,5287.00
5345.00,5628.00,5346.00
5626.00,5628.00,5345.00
5635.00,5384.00,5629.00
5434.00,5737.00,5655.00
5696.00,5622.00,5620.00
5703.00,5629.00,5628.00
5709.00,5724.00,5711.00
5739.00,5704.00,5658.00
5768.00,5761.00,5678.00
5789.00,5709.00,5708.00
5786.00,5790.00,5784.00
19.00,17.00,31.00
30.00,31.00,86.00
5844.00,92.00,99.00
99.00,132.00,5844.00
93.00,177.00,135.00
99.00,93.00,135.00
106.00,108.00,139.00
138.00,106.00,139.00
113.00,111.00,141.00
146.00,113.00,141.00
113.00,146.00,202.00
158.00,211.00,210.00
195.00,275.00,235.00
199.00,195.00,235.00
252.00,260.00,258.00
276.00,293.00,292.00
304.00,239.00,300.00
420.00,345.00,344.00
491.00,605.00,496.00
643.00,637.00,691.00
680.00,684.00,744.00
752.00,763.00,898.00
785.00,783.00,833.00
718.00,713.00,855.00
935.00,844.00,932.00
1130.00,966.00,5860.00
872.00,865.00,1015.00
1060.00,978.00,1066.00
1078.00,980.00,931.00
1107.00,1178.00,1286.00
1210.00,1132.00,1211.00
1202.00,1302.00,1300.00
1265.00,1251.00,1329.00
1336.00,1277.00,1193.00
1362.00,1347.00,1361.00
1449.00,1607.00,1625.00
1459.00,1449.00,1625.00
1485.00,1483.00,1551.00
1883.00,2117.00,5875.00
1591.00,1594.00,1608.00
1607.00,1608.00,1625.00
1544.00,1543.00,1664.00
1612.00,1623.00,1814.00
1798.00,1706.00,1799.00
1828.00,1726.00,1834.00
1865.00,2071.00,1943.00
1871.00,1865.00,1943.00
1886.00,1952.00,1873.00
1970.00,1883.00,1951.00
2034.00,6041.00,2051.00
1931.00,1936.00,2068.00
2046.00,2035.00,2151.00
2260.00,2046.00,2151.00
2058.00,2069.00,2282.00
2287.00,2293.00,2292.00
2257.00,2497.00,2395.00
2544.00,2310.00,2415.00
2341.00,2323.00,2429.00
2227.00,2673.00,2475.00
2233.00,2227.00,2475.00
2502.00,2394.00,2503.00
2404.00,2406.00,2519.00
2518.00,2404.00,2519.00
2511.00,2694.00,2692.00
2702.00,2528.00,2708.00
2588.00,2569.00,2723.00
2880.00,2588.00,2723.00
2485.00,3285.00,2807.00
2495.00,2485.00,2807.00
2802.00,2818.00,2819.00
2810.00,2802.00,2819.00
2692.00,2694.00,2819.00
2818.00,2692.00,2819.00
2894.00,2885.00,2898.00
2845.00,2833.00,3303.00
3306.00,2844.00,3312.00
2851.00,3531.00,3313.00
2856.00,2851.00,3313.00
3316.00,2862.00,3324.00
2961.00,3647.00,3369.00
3285.00,3488.00,3837.00
3304.00,3306.00,3519.00
3518.00,3304.00,3519.00
3619.00,3664.00,3663.00
3638.00,3619.00,3663.00
3482.00,3480.00,3828.00
3831.00,3482.00,3828.00
3841.00,3494.00,3839.00
3582.00,3621.00,3902.00
4065.00,4295.00,4297.00
4077.00,4065.00,4297.00
4117.00,4118.00,4320.00
4283.00,4281.00,4432.00
4466.00,4435.00,4283.00
4432.00,4466.00,4283.00
4287.00,4468.00,4675.00
4089.00,4144.00,4550.00
4565.00,4545.00,4563.00
4530.00,4712.00,4876.00
4709.00,4934.00,4731.00
4551.00,4709.00,4731.00
4740.00,4581.00,4744.00
4744.00,4581.00,4586.00
4964.00,4919.00,4915.00
5166.00,4991.00,5170.00
5019.00,5185.00,5187.00
5826.00,5019.00,5187.00
5220.00,5081.00,5094.00
4903.00,5270.00,5272.00
5678.00,5514.00,5680.00
5516.00,5663.00,5681.00
5544.00,5516.00,5681.00
935.00,5796.00,848.00
910.00,5860.00,763.00
3302.00,5923.00,2821.00
4316.00,5937.00,4069.00
31.00,5843.00,86.00
5793.00,529.00,459.00
910.00,1130.00,5860.00
1612.00,1814.00,5872.00
2789.00,2810.00,3452.00
2874.00,2873.00,5896.00
2868.00,2874.00,5896.00
2880.00,5896.00,2889.00
2889.00,2884.00,2913.00
4023.00,4054.00,4269.00
4692.00,4864.00,4906.00
4967.00,5157.00,5362.00
4.00,52.00,55.00
28.00,15.00,30.00
34.00,32.00,36.00
35.00,34.00,36.00
38.00,39.00,33.00
34.00,38.00,33.00
37.00,41.00,35.00
52.00,50.00,45.00
47.00,52.00,45.00
53.00,52.00,47.00
63.00,62.00,57.00
32.00,33.00,101.00
100.00,32.00,101.00
32.00,100.00,102.00
36.00,32.00,102.00
36.00,102.00,37.00
104.00,39.00,106.00
48.00,110.00,49.00
51.00,112.00,108.00
44.00,51.00,108.00
87.00,176.00,169.00
100.00,136.00,137.00
102.00,100.00,137.00
136.00,101.00,104.00
138.00,136.00,104.00
105.00,137.00,139.00
149.00,150.00,152.00
162.00,161.00,166.00
194.00,199.00,190.00
200.00,144.00,201.00
170.00,218.00,214.00
166.00,170.00,214.00
191.00,190.00,232.00
190.00,199.00,232.00
202.00,200.00,237.00
237.00,239.00,202.00
247.00,153.00,305.00
260.00,252.00,212.00
214.00,260.00,212.00
304.00,300.00,339.00
308.00,344.00,345.00
310.00,308.00,345.00
344.00,367.00,420.00
5847.00,335.00,404.00
411.00,5847.00,404.00
414.00,412.00,449.00
603.00,607.00,601.00
671.00,677.00,615.00
607.00,671.00,615.00
646.00,644.00,693.00
744.00,684.00,752.00
786.00,840.00,841.00
898.00,763.00,5860.00
966.00,898.00,5860.00
914.00,923.00,973.00
1287.00,5864.00,1286.00
1078.00,1087.00,1141.00
1222.00,1392.00,1223.00
1272.00,1335.00,1332.00
1393.00,1392.00,1387.00
1483.00,1485.00,1369.00
1389.00,1388.00,5874.00
1670.00,1671.00,1549.00
1548.00,1670.00,1549.00
1671.00,1673.00,1556.00
1549.00,1671.00,1556.00
1570.00,1571.00,1683.00
1764.00,1683.00,1688.00
1772.00,1764.00,1688.00
2000.00,1796.00,1999.00
1835.00,1924.00,1922.00
1826.00,1835.00,1922.00
1835.00,1842.00,1926.00
1924.00,1835.00,1926.00
1974.00,1960.00,1890.00
2035.00,2034.00,2027.00
2037.00,1922.00,1924.00
2046.00,2260.00,2267.00
2233.00,2232.00,2225.00
2227.00,2233.00,2225.00
2263.00,2262.00,2255.00
2322.00,2321.00,2309.00
2553.00,2323.00,2309.00
2272.00,2506.00,2513.00
2310.00,2544.00,2553.00
2481.00,2482.00,2484.00
2507.00,2506.00,2499.00
2537.00,2558.00,6024.00
2569.00,2568.00,2559.00
2889.00,2603.00,2587.00
2651.00,2650.00,2652.00
2654.00,2655.00,2649.00
2650.00,2654.00,2649.00
2656.00,2654.00,2650.00
2651.00,2656.00,2650.00
2657.00,2656.00,2651.00
2653.00,2657.00,2651.00
2588.00,2880.00,2889.00
2889.00,2913.00,2603.00
2652.00,2648.00,2754.00
2754.00,2755.00,2653.00
2652.00,2754.00,2653.00
2655.00,2756.00,2753.00
2649.00,2655.00,2753.00
2755.00,2757.00,2657.00
2653.00,2755.00,2657.00
2659.00,2759.00,2658.00
2757.00,2759.00,2659.00
2657.00,2757.00,2659.00
2802.00,2810.00,2789.00
2661.00,2802.00,2789.00
2829.00,2830.00,2832.00
2831.00,2829.00,2832.00
2824.00,2694.00,2834.00
2884.00,2889.00,5896.00
2873.00,2884.00,5896.00
2885.00,2884.00,2873.00
2719.00,2877.00,2876.00
2908.00,2906.00,2910.00
2909.00,2908.00,2910.00
2909.00,2926.00,2908.00
2927.00,2926.00,2909.00
2755.00,3163.00,3187.00
2757.00,2755.00,3187.00
3210.00,3211.00,3192.00
3193.00,3210.00,3192.00
3332.00,2898.00,3329.00
3336.00,2906.00,3337.00
3138.00,3165.00,3418.00
3721.00,3747.00,3185.00
3162.00,3721.00,3185.00
3192.00,3211.00,3426.00
3211.00,3228.00,3428.00
3426.00,3211.00,3428.00
3427.00,3435.00,3245.00
3268.00,3448.00,3449.00
3448.00,3453.00,3451.00
3449.00,3448.00,3451.00
3271.00,3449.00,3451.00
3306.00,3526.00,3519.00
3526.00,3306.00,3312.00
3540.00,3526.00,3312.00
3567.00,3577.00,3565.00
3579.00,3328.00,3340.00
3427.00,3209.00,3747.00
3805.00,3974.00,3796.00
3973.00,3975.00,3811.00
3827.00,6098.00,3826.00
3975.00,6098.00,3827.00
3811.00,3975.00,3827.00
4044.00,4054.00,4023.00
3992.00,4044.00,4023.00
4102.00,4074.00,3866.00
3923.00,4177.00,4176.00
3922.00,3923.00,4176.00
4201.00,4204.00,4368.00
4366.00,4201.00,4368.00
4369.00,4368.00,4204.00
4402.00,4252.00,4647.00
4281.00,4279.00,4432.00
4420.00,4269.00,5937.00
4553.00,4554.00,4556.00
4575.00,4576.00,4565.00
4601.00,4364.00,4366.00
4607.00,4601.00,4366.00
4678.00,4679.00,4473.00
4519.00,4706.00,4683.00
4489.00,4519.00,4683.00
4722.00,4723.00,4543.00
4556.00,4732.00,4557.00
4723.00,4735.00,4564.00
4543.00,4723.00,4564.00
5051.00,4643.00,4794.00
4684.00,4840.00,4841.00
4876.00,4840.00,4706.00
4898.00,4712.00,4938.00
4967.00,4724.00,4742.00
4972.00,4740.00,4744.00
4782.00,5045.00,5044.00
4914.00,5130.00,4915.00
5144.00,5295.00,4935.00
4934.00,5144.00,4935.00
5170.00,4991.00,5172.00
5184.00,5185.00,5019.00
5018.00,5184.00,5019.00
5289.00,5140.00,4929.00
5138.00,5289.00,4929.00
5410.00,5166.00,5170.00
5184.00,5171.00,5517.00
5516.00,5544.00,5545.00
5187.00,5185.00,5545.00
5606.00,5206.00,5220.00
5337.00,5381.00,5621.00
5432.00,5731.00,5733.00
5651.00,5432.00,5733.00
5434.00,5651.00,5737.00
5473.00,5662.00,5447.00
5662.00,5473.00,5511.00
5705.00,5704.00,5721.00
5656.00,5738.00,5739.00
5658.00,5656.00,5739.00
5661.00,5655.00,5759.00
5738.00,5760.00,5761.00
5739.00,5738.00,5761.00
5768.00,5678.00,5680.00
5774.00,5768.00,5680.00
5721.00,5784.00,5705.00
5784.00,5721.00,5786.00
5787.00,5786.00,5743.00
5708.00,5707.00,5789.00
5790.00,5788.00,5784.00
5788.00,5790.00,5791.00
5789.00,5788.00,5791.00
5709.00,5789.00,5791.00
5786.00,5787.00,5790.00
2868.00,5896.00,2880.00
99.00,135.00,194.00
1377.00,1485.00,5873.00
2211.00,2217.00,2373.00
2218.00,2211.00,2373.00
2447.00,2365.00,2464.00
3188.00,3168.00,3423.00
3458.00,3482.00,3831.00
3484.00,3458.00,3831.00
4044.00,3992.00,5930.00
3956.00,4226.00,4227.00
4466.00,4432.00,4671.00
4732.00,4731.00,4935.00
4991.00,4758.00,5172.00
5132.00,4923.00,4921.00
5157.00,5360.00,5397.00
1086.00,1090.00,1092.00
5875.00,2117.00,1979.00
1799.00,1908.00,5801.00
2287.00,2292.00,5882.00
2271.00,2287.00,5882.00
2485.00,2495.00,2483.00
2702.00,2835.00,2834.00
3880.00,4103.00,4102.00
3974.00,4253.00,4252.00
4297.00,4295.00,4494.00
4402.00,4647.00,4646.00
4758.00,4991.00,4990.00
4793.00,4790.00,5093.00
5785.00,5787.00,5745.00
5724.00,5785.00,5745.00
2439.00,2577.00,2626.00
156.00,155.00,151.00
786.00,788.00,708.00
1108.00,1110.00,1016.00
2518.00,2519.00,2511.00
2509.00,2518.00,2511.00
2852.00,2853.00,2843.00
2841.00,2852.00,2843.00
4596.00,4597.00,4591.00
4589.00,4596.00,4591.00
30.00,86.00,87.00
28.00,30.00,87.00
914.00,826.00,923.00
2553.00,2544.00,2537.00
2429.00,2323.00,5889.00
722.00,717.00,719.00
3519.00,3526.00,3521.00
2537.00,6024.00,2553.00
2180.00,2210.00,2211.00
2782.00,3271.00,3273.00
2171.00,2093.00,2077.00
4144.00,3890.00,5938.00
120.00,158.00,145.00
1943.00,2071.00,5880.00
2292.00,2293.00,2321.00
2482.00,2481.00,2475.00
3302.00,3518.00,5923.00
5768.00,5774.00,5743.00
6056.00,5768.00,5743.00
194.00,135.00,195.00
199.00,194.00,195.00
390.00,388.00,286.00
788.00,786.00,841.00
2023.00,2030.00,2031.00
2202.00,2360.00,2363.00
2257.00,2255.00,2256.00
2669.00,2769.00,2773.00
2982.00,2983.00,2934.00
2734.00,2982.00,2934.00
3418.00,3420.00,3778.00
3427.00,3747.00,3776.00
3803.00,3427.00,3776.00
3939.00,4367.00,3749.00
4683.00,4706.00,4840.00
4735.00,4964.00,5157.00
5452.00,5410.00,5170.00
5220.00,5094.00,5222.00
5606.00,5220.00,5222.00
5338.00,5337.00,5621.00
5620.00,5338.00,5621.00
5724.00,5767.00,5711.00
405.00,404.00,386.00
587.00,473.00,472.00
481.00,471.00,473.00
1221.00,1250.00,1225.00
1379.00,1298.00,1300.00
1302.00,1379.00,1300.00
2447.00,2466.00,2371.00
2369.00,2447.00,2371.00
2759.00,3187.00,2758.00
4072.00,4063.00,4065.00
4285.00,4287.00,4043.00
5628.00,5629.00,5346.00
116.00,58.00,53.00
335.00,5847.00,398.00
6318.00,5855.00,630.00
1085.00,977.00,1053.00
1072.00,1085.00,1053.00
1345.00,1178.00,1472.00
1473.00,1345.00,1472.00
1926.00,1842.00,1927.00
2406.00,2408.00,2525.00
2541.00,2540.00,2411.00
2658.00,2654.00,2656.00
2659.00,2658.00,2656.00
2649.00,2753.00,2648.00
3518.00,3519.00,6036.00
5930.00,3829.00,3479.00
4084.00,4086.00,4083.00
4667.00,4664.00,4812.00
4814.00,4667.00,4812.00
5719.00,5703.00,5701.00
1286.00,5864.00,1107.00
1935.00,1857.00,2051.00
848.00,5796.00,991.00
1964.00,2109.00,2108.00
105.00,139.00,108.00
1053.00,908.00,6443.00
3569.00,3568.00,3328.00
3667.00,3650.00,3381.00
41.00,37.00,105.00
173.00,175.00,179.00
178.00,173.00,179.00
189.00,179.00,223.00
229.00,189.00,223.00
1796.00,1795.00,1793.00
1794.00,1796.00,1793.00
2922.00,2903.00,2923.00
4364.00,4196.00,4201.00
4366.00,4364.00,4201.00
5920.00,5919.00,3256.00
4597.00,4596.00,4362.00
4364.00,4597.00,4362.00
2077.00,5974.00,5882.00
3256.00,6013.00,6094.00
3476.00,6036.00,3479.00
2034.00,2035.00,6041.00
2076.00,2045.00,5974.00
2481.00,2240.00,2475.00
2323.00,2553.00,6024.00
5889.00,2323.00,6024.00
4941.00,5150.00,6030.00
5447.00,5662.00,6031.00
5761.00,5768.00,6056.00
826.00,914.00,6018.00
6383.00,4808.00,5093.00
6250.00,5920.00,3256.00
2217.00,2242.00,2243.00
2373.00,2217.00,2243.00
4790.00,5599.00,5077.00
5093.00,4790.00,5077.00
2076.00,2051.00,6041.00
2045.00,2076.00,6041.00
3504.00,3511.00,2830.00
4692.00,4086.00,4084.00
3519.00,3521.00,6036.00
5930.00,3479.00,6036.00
3521.00,5930.00,6036.00
2626.00,2577.00,6048.00
6050.00,6051.00,5576.00
150.00,116.00,113.00
202.00,150.00,113.00
1034.00,1120.00,6033.00
1058.00,972.00,1060.00
1345.00,1286.00,1178.00
2974.00,2908.00,2926.00
3158.00,2753.00,2756.00
5138.00,4929.00,4871.00
4926.00,5138.00,4871.00
5606.00,6067.00,5206.00
5208.00,5588.00,6009.00
5629.00,5384.00,5346.00
286.00,232.00,199.00
1607.00,1449.00,5798.00
1393.00,1389.00,1398.00
5937.00,4269.00,4054.00
4069.00,5937.00,4054.00
4322.00,4517.00,4516.00
473.00,5859.00,5854.00
4758.00,4760.00,5172.00
5020.00,4997.00,5172.00
4760.00,5020.00,5172.00
3541.00,4066.00,3521.00
3526.00,3541.00,3521.00
383.00,469.00,480.00
863.00,841.00,840.00
800.00,863.00,840.00
253.00,215.00,157.00
1017.00,863.00,874.00
1548.00,1362.00,1361.00
1475.00,1548.00,1361.00
3325.00,6268.00,3329.00
5238.00,5111.00,4856.00
5194.00,5523.00,5038.00
5369.00,5282.00,5405.00
1061.00,977.00,1085.00
980.00,1078.00,1141.00
5798.00,1329.00,1251.00
2038.00,2264.00,2031.00
2037.00,2038.00,2031.00
5761.00,5760.00,5678.00
1265.00,1329.00,1328.00
1263.00,1265.00,1328.00
2093.00,2171.00,2170.00
2091.00,2093.00,2170.00
2831.00,2838.00,2837.00
2829.00,2831.00,2837.00
4177.00,4169.00,4176.00
5039.00,5037.00,5044.00
5045.00,5039.00,5044.00
5055.00,5053.00,5080.00
5081.00,5055.00,5080.00
4919.00,4720.00,4915.00
665.00,597.00,5854.00
715.00,665.00,5854.00
1043.00,1128.00,1038.00
4681.00,5114.00,4493.00
1725.00,1839.00,1829.00
517.00,523.00,447.00
1083.00,1091.00,1061.00
5523.00,5194.00,5840.00
3325.00,2885.00,2873.00
2963.00,3359.00,2962.00
5338.00,5305.00,5303.00
5864.00,1023.00,872.00
5903.00,2926.00,2927.00
3829.00,5930.00,3992.00
4277.00,4460.00,4462.00
3281.00,3458.00,3484.00
4906.00,4864.00,4903.00
52.00,4.00,50.00
1865.00,1933.00,2071.00
4284.00,4041.00,4040.00
4513.00,4515.00,4524.00
1072.00,1053.00,1051.00
1985.00,1775.00,1979.00
2927.00,2979.00,5903.00
1980.00,1991.00,2210.00
489.00,386.00,383.00
480.00,489.00,383.00
5851.00,678.00,804.00
802.00,5851.00,804.00
1002.00,5796.00,935.00
4929.00,5140.00,4875.00
4702.00,4929.00,4875.00
45.00,44.00,41.00
48.00,45.00,41.00
480.00,471.00,481.00
491.00,480.00,481.00
630.00,631.00,622.00
564.00,630.00,622.00
948.00,863.00,1017.00
1051.00,1027.00,1041.00
1215.00,1222.00,1221.00
1263.00,1271.00,1270.00
1223.00,1395.00,1251.00
2068.00,2069.00,2058.00
2406.00,2525.00,2519.00
2773.00,2675.00,2673.00
2859.00,3314.00,2853.00
2712.00,2859.00,2853.00
3546.00,3553.00,2874.00
3328.00,3579.00,3569.00
4334.00,4333.00,4545.00
5613.00,5707.00,5612.00
2.00,3.00,10.00
388.00,434.00,287.00
339.00,350.00,307.00
305.00,339.00,307.00
1073.00,1225.00,1235.00
3642.00,3906.00,3902.00
3621.00,3642.00,3902.00
4825.00,4856.00,4681.00
4679.00,4825.00,4681.00
4692.00,4906.00,4867.00
202.00,146.00,144.00
200.00,202.00,144.00
152.00,304.00,305.00
153.00,152.00,305.00
385.00,293.00,381.00
508.00,495.00,496.00
691.00,760.00,769.00
831.00,833.00,780.00
1272.00,1332.00,1267.00
1389.00,5874.00,1775.00
2280.00,2282.00,2406.00
2404.00,2280.00,2406.00
2456.00,2457.00,2372.00
3826.00,3809.00,3810.00
3827.00,3826.00,3810.00
4040.00,4041.00,4039.00
4594.00,4583.00,4584.00
4595.00,4594.00,4584.00
4543.00,4333.00,4542.00
4722.00,4543.00,4542.00
4595.00,4585.00,4745.00
4753.00,4595.00,4745.00
5987.00,4227.00,6143.00
1670.00,1546.00,1741.00
5140.00,5292.00,4932.00
5038.00,5523.00,5035.00
5037.00,5038.00,5035.00
3517.00,3529.00,3524.00
3515.00,3517.00,3524.00
150.00,202.00,239.00
304.00,150.00,239.00
4044.00,5930.00,3521.00
4066.00,4044.00,3521.00
2669.00,2371.00,2466.00
16.00,14.00,10.00
112.00,51.00,120.00
145.00,112.00,120.00
2068.00,1936.00,2078.00
4985.00,5168.00,5171.00
4994.00,4985.00,5171.00
5198.00,5045.00,5048.00
5200.00,5198.00,5048.00
1589.00,1399.00,5876.00
4511.00,4512.00,4514.00
4513.00,4511.00,4514.00
785.00,833.00,848.00
2509.00,2398.00,2402.00
2518.00,2509.00,2402.00
5761.00,6056.00,5739.00
5381.00,5410.00,5452.00
5415.00,5381.00,5452.00
2894.00,2898.00,5897.00
2267.00,5882.00,5974.00
717.00,715.00,713.00
718.00,717.00,713.00
5020.00,4760.00,4369.00
1141.00,1140.00,980.00
3.00,2.00,4.00
258.00,259.00,249.00
414.00,451.00,350.00
802.00,804.00,874.00
4720.00,4919.00,4722.00
4542.00,4720.00,4722.00
1535.00,1546.00,1475.00
1473.00,1535.00,1475.00
5575.00,5599.00,5199.00
132.00,99.00,194.00
190.00,132.00,194.00
5199.00,4790.00,4401.00
420.00,6082.00,460.00
3256.00,5919.00,6013.00
2484.00,6118.00,3463.00
2107.00,6135.00,5880.00
2482.00,2675.00,6118.00
2484.00,2482.00,6118.00
3486.00,3463.00,6118.00
3281.00,3486.00,6118.00
4132.00,4128.00,4719.00
5270.00,5345.00,5346.00
1399.00,1398.00,5876.00
2256.00,2255.00,2260.00
2790.00,2789.00,3452.00
3274.00,2790.00,3452.00
5681.00,5779.00,6148.00
112.00,144.00,146.00
6445.00,5661.00,6010.00
935.00,848.00,831.00
844.00,935.00,831.00
3428.00,3228.00,3799.00
4512.00,4702.00,4875.00
4704.00,4512.00,4875.00
5663.00,5516.00,5517.00
5171.00,5663.00,5517.00
597.00,667.00,599.00
1931.00,2068.00,2058.00
2481.00,2247.00,2240.00
3546.00,3539.00,3863.00
3553.00,3546.00,3863.00
3880.00,3582.00,4117.00
5157.00,4964.00,5360.00
2748.00,3024.00,5892.00
3380.00,3024.00,2748.00
3075.00,3380.00,2748.00
339.00,300.00,348.00
3447.00,3267.00,3809.00
5923.00,3476.00,3452.00
318.00,322.00,367.00
1361.00,1347.00,1345.00
5477.00,5425.00,6137.00
4861.00,4903.00,4864.00
4494.00,4861.00,4864.00
1286.00,1345.00,1347.00
2025.00,2034.00,1819.00
2482.00,2475.00,2673.00
2675.00,2482.00,2673.00
3994.00,3833.00,3484.00
4735.00,5157.00,4967.00
5621.00,5634.00,5620.00
3592.00,5816.00,4121.00
4519.00,4558.00,4530.00
116.00,53.00,111.00
113.00,116.00,111.00
3297.00,2830.00,2696.00
3292.00,3297.00,2696.00
3163.00,3162.00,3185.00
3187.00,3163.00,3185.00
6056.00,5743.00,5786.00
5721.00,6056.00,5786.00
3867.00,4072.00,3556.00
3553.00,3867.00,3556.00
3209.00,2758.00,3187.00
3185.00,3209.00,3187.00
1586.00,1587.00,1581.00
1578.00,1586.00,1581.00
2407.00,2293.00,2287.00
4071.00,4061.00,4063.00
4072.00,4071.00,4063.00
1561.00,1673.00,1756.00
6179.00,2637.00,2937.00
3391.00,3115.00,3114.00
1225.00,1073.00,1214.00
978.00,980.00,1140.00
1873.00,1750.00,1762.00
4334.00,4545.00,4725.00
4752.00,4753.00,4978.00
5511.00,5513.00,5760.00
6446.00,4926.00,4696.00
292.00,293.00,299.00
2432.00,6035.00,2604.00
775.00,826.00,6018.00
1543.00,1544.00,1468.00
4967.00,4968.00,4724.00
3052.00,5908.00,3381.00
4642.00,4397.00,4402.00
3497.00,3511.00,3504.00
3495.00,3497.00,3504.00
155.00,156.00,70.00
63.00,155.00,70.00
1361.00,1345.00,1473.00
1475.00,1361.00,1473.00
1743.00,1761.00,1762.00
1750.00,1743.00,1762.00
620.00,678.00,498.00
5791.00,5785.00,5724.00
5709.00,5791.00,5724.00
1066.00,978.00,1140.00
230.00,287.00,322.00
58.00,149.00,57.00
2591.00,2604.00,2888.00
889.00,893.00,761.00
643.00,6190.00,5855.00
874.00,804.00,6033.00
6195.00,6182.00,3592.00
3667.00,3381.00,5908.00
50.00,4.00,2.00
1478.00,1476.00,1541.00
2240.00,2246.00,2237.00
2262.00,2263.00,2271.00
3515.00,3516.00,3517.00
4040.00,4039.00,3516.00
4030.00,4277.00,4034.00
447.00,411.00,405.00
495.00,447.00,405.00
1910.00,1706.00,5872.00
110.00,48.00,41.00
105.00,110.00,41.00
498.00,678.00,5851.00
493.00,498.00,5851.00
2361.00,2374.00,2660.00
2708.00,2852.00,2841.00
3304.00,3302.00,2835.00
2841.00,3304.00,2835.00
3621.00,3344.00,3345.00
3777.00,3776.00,3747.00
4994.00,4987.00,4985.00
1099.00,1174.00,1156.00
5873.00,1485.00,1562.00
1880.00,5873.00,1562.00
2487.00,2661.00,2457.00
2456.00,2487.00,2457.00
800.00,802.00,874.00
863.00,800.00,874.00
2309.00,2321.00,2310.00
2742.00,2627.00,2626.00
3647.00,3630.00,3650.00
3667.00,3647.00,3650.00
3906.00,3642.00,3907.00
5622.00,5305.00,5338.00
5620.00,5622.00,5338.00
2831.00,2833.00,2838.00
5919.00,5920.00,3258.00
3992.00,3994.00,3831.00
3828.00,3992.00,3831.00
1840.00,1857.00,1855.00
1839.00,1840.00,1855.00
5292.00,5616.00,5293.00
4932.00,5292.00,5293.00
3344.00,3340.00,6035.00
2756.00,3208.00,3158.00
4000.00,3837.00,3488.00
2903.00,2922.00,5897.00
4227.00,5987.00,3956.00
1980.00,2210.00,2109.00
1202.00,1300.00,1200.00
2513.00,2506.00,2507.00
2516.00,2513.00,2507.00
4458.00,4664.00,4460.00
4426.00,4458.00,4460.00
1028.00,1287.00,5866.00
1029.00,1028.00,5866.00
1272.00,1266.00,1270.00
2756.00,2655.00,2658.00
217.00,318.00,316.00
259.00,217.00,316.00
1842.00,1728.00,1927.00
3723.00,3721.00,3724.00
249.00,250.00,210.00
18.00,14.00,16.00
19.00,18.00,16.00
3726.00,3394.00,6122.00
3796.00,3970.00,5929.00
161.00,158.00,165.00
4516.00,4316.00,4320.00
1090.00,1086.00,983.00
4283.00,4284.00,4040.00
4281.00,4283.00,4040.00
4607.00,4368.00,4369.00
3695.00,3162.00,3115.00
5661.00,5759.00,5675.00
2934.00,6193.00,2734.00
3750.00,6169.00,3727.00
4780.00,6177.00,6200.00
3599.00,6182.00,4128.00
4128.00,6182.00,6202.00
3345.00,6193.00,2934.00
2447.00,2369.00,6322.00
2863.00,2723.00,2559.00
6035.00,2432.00,6193.00
3513.00,3300.00,6197.00
4903.00,5272.00,4906.00
5035.00,5190.00,6177.00
3970.00,5933.00,5929.00
4227.00,4230.00,6200.00
6143.00,4227.00,6200.00
4719.00,4128.00,6202.00
4914.00,4719.00,6202.00
5889.00,6024.00,6178.00
2753.00,3115.00,3162.00
1178.00,1107.00,6184.00
1107.00,1105.00,6184.00
3597.00,3592.00,6182.00
3599.00,3597.00,6182.00
4121.00,4521.00,6195.00
3592.00,4121.00,6195.00
5383.00,5384.00,5646.00
3855.00,4050.00,3532.00
6182.00,6195.00,6202.00
908.00,1053.00,977.00
919.00,908.00,977.00
1208.00,1303.00,1209.00
3513.00,3303.00,3300.00
5362.00,5160.00,4968.00
4967.00,5362.00,4968.00
1901.00,1994.00,1794.00
4994.00,5184.00,5018.00
4987.00,4994.00,5018.00
5415.00,6436.00,6183.00
2782.00,2769.00,2768.00
2760.00,2663.00,2660.00
3314.00,3312.00,2844.00
2853.00,3314.00,2844.00
1211.00,5865.00,1204.00
1267.00,1332.00,1450.00
227.00,195.00,135.00
2762.00,2790.00,2779.00
606.00,615.00,614.00
1203.00,1200.00,1210.00
1211.00,1203.00,1210.00
3515.00,3524.00,3523.00
3513.00,3515.00,3523.00
3970.00,4397.00,5933.00
165.00,158.00,124.00
1029.00,1041.00,1027.00
3831.00,3994.00,3484.00
4906.00,5123.00,4867.00
1051.00,1041.00,1208.00
2926.00,2973.00,2974.00
3114.00,3158.00,6005.00
2272.00,2513.00,2407.00
411.00,447.00,523.00
4745.00,4585.00,4733.00
3721.00,3723.00,3747.00
5635.00,5646.00,5384.00
3297.00,3503.00,3504.00
2830.00,3297.00,3504.00
161.00,162.00,211.00
158.00,161.00,211.00
158.00,210.00,145.00
1110.00,993.00,1016.00
1392.00,1307.00,1387.00
1307.00,1392.00,1222.00
1215.00,1307.00,1222.00
3565.00,2903.00,3332.00
3163.00,2754.00,2648.00
3777.00,3747.00,3723.00
889.00,891.00,893.00
2217.00,2210.00,1991.00
4294.00,4063.00,4061.00
2359.00,2350.00,2338.00
4758.00,4990.00,4601.00
4750.00,4591.00,4981.00
3994.00,4024.00,3833.00
6326.00,6449.00,4762.00
4921.00,4724.00,4968.00
229.00,273.00,276.00
275.00,229.00,276.00
1826.00,1828.00,1834.00
1835.00,1826.00,1834.00
2111.00,2182.00,2113.00
2119.00,2117.00,2187.00
2202.00,2119.00,2187.00
2481.00,2483.00,2247.00
3423.00,3168.00,3192.00
3426.00,3423.00,3192.00
4333.00,4334.00,4136.00
4473.00,4295.00,4294.00
4293.00,4473.00,4294.00
4493.00,4494.00,4295.00
2018.00,1819.00,1818.00
2287.00,2271.00,2272.00
2407.00,2287.00,2272.00
1015.00,865.00,718.00
4153.00,3906.00,3907.00
733.00,6265.00,871.00
1775.00,5874.00,5875.00
1979.00,1775.00,5875.00
3910.00,3907.00,2983.00
3922.00,3910.00,2983.00
2113.00,2360.00,2202.00
2187.00,2113.00,2202.00
2540.00,2410.00,2411.00
5756.00,5759.00,5737.00
5293.00,5144.00,4932.00
4462.00,4667.00,4816.00
5190.00,5032.00,6177.00
4460.00,4664.00,4667.00
4462.00,4460.00,4667.00
1178.00,1176.00,1472.00
3486.00,3281.00,3484.00
3833.00,3486.00,3484.00
6135.00,2425.00,2102.00
2885.00,3325.00,3329.00
2898.00,2885.00,3329.00
70.00,156.00,123.00
6048.00,5904.00,2626.00
5544.00,5196.00,5545.00
2359.00,2438.00,2350.00
2439.00,2626.00,2627.00
2438.00,2439.00,2627.00
1999.00,1796.00,1794.00
2372.00,2457.00,2374.00
2850.00,3524.00,3529.00
4424.00,4420.00,4479.00
62.00,17.00,3.00
2894.00,5897.00,6134.00
2696.00,2516.00,2507.00
4426.00,4460.00,4277.00
4030.00,4426.00,4277.00
5198.00,5200.00,5576.00
5194.00,5198.00,5576.00
3551.00,3316.00,3324.00
3568.00,3551.00,3324.00
1347.00,1362.00,1289.00
1287.00,1347.00,1289.00
4607.00,4760.00,4758.00
4601.00,4607.00,4758.00
722.00,669.00,603.00
2280.00,2040.00,2056.00
4935.00,4937.00,4732.00
1038.00,1128.00,1124.00
176.00,182.00,268.00
4285.00,4043.00,4284.00
6197.00,3300.00,3511.00
3845.00,6197.00,3511.00
5933.00,3778.00,5929.00
6178.00,6024.00,2558.00
2568.00,6178.00,2558.00
5682.00,5680.00,5514.00
5541.00,5682.00,5514.00
1399.00,1591.00,1397.00
4678.00,4675.00,4825.00
5924.00,3329.00,6268.00
4572.00,4350.00,4352.00
2736.00,2627.00,2740.00
3420.00,3418.00,3165.00
3188.00,3420.00,3165.00
5101.00,5100.00,4818.00
5343.00,5345.00,5270.00
5774.00,6209.00,5743.00
6174.00,6222.00,6225.00
2963.00,6234.00,3061.00
1908.00,1991.00,5801.00
645.00,6082.00,6215.00
3292.00,2501.00,5978.00
4204.00,3727.00,6169.00
4369.00,4204.00,6169.00
6013.00,5919.00,6244.00
6495.00,6477.00,6212.00
1991.00,2242.00,2217.00
2077.00,5882.00,2292.00
6234.00,6174.00,6497.00
1726.00,1647.00,1728.00
4601.00,4990.00,4597.00
6049.00,4808.00,6223.00
855.00,713.00,941.00
5779.00,5745.00,6209.00
5084.00,5227.00,6229.00
4802.00,5084.00,6229.00
5932.00,3359.00,3674.00
2963.00,2964.00,6234.00
2742.00,2740.00,2627.00
6244.00,6270.00,6225.00
6222.00,6244.00,6225.00
2338.00,2350.00,6053.00
3332.00,3329.00,5924.00
4642.00,4402.00,4646.00
1485.00,1551.00,1555.00
1562.00,1485.00,1555.00
49.00,110.00,141.00
111.00,49.00,141.00
2487.00,2502.00,2818.00
2408.00,2540.00,2525.00
4997.00,5020.00,4762.00
6449.00,4997.00,4762.00
4707.00,4695.00,4867.00
5123.00,4707.00,4867.00
1214.00,1073.00,1072.00
5790.00,5787.00,5785.00
5791.00,5790.00,5785.00
1570.00,1568.00,1540.00
3227.00,3208.00,2758.00
3209.00,3227.00,2758.00
4840.00,4876.00,4841.00
3503.00,3493.00,3495.00
3504.00,3503.00,3495.00
1927.00,2049.00,1926.00
6178.00,2568.00,2623.00
1.00,120.00,51.00
6091.00,4362.00,4596.00
2696.00,2829.00,2516.00
2438.00,2627.00,2736.00
4473.00,4293.00,4678.00
4250.00,3975.00,3973.00
6215.00,654.00,645.00
28.00,124.00,120.00
1859.00,1866.00,1936.00
5018.00,4989.00,4987.00
310.00,245.00,308.00
2038.00,2040.00,2398.00
2402.00,2398.00,2040.00
2280.00,2402.00,2040.00
2395.00,2497.00,2499.00
2837.00,2523.00,2516.00
2829.00,2837.00,2516.00
4118.00,4153.00,4344.00
4322.00,4118.00,4344.00
4490.00,4683.00,4840.00
4684.00,4490.00,4840.00
5405.00,5658.00,5369.00
4128.00,4132.00,6045.00
28.00,120.00,1.00
15.00,28.00,1.00
1924.00,2049.00,2037.00
2240.00,2247.00,2246.00
3630.00,3597.00,3599.00
17.00,62.00,68.00
1767.00,1884.00,1761.00
804.00,678.00,739.00
2588.00,2587.00,2569.00
6265.00,733.00,671.00
6289.00,780.00,783.00
5794.00,6289.00,783.00
5132.00,4921.00,4968.00
5160.00,5132.00,4968.00
5227.00,6115.00,5222.00
6292.00,6000.00,2937.00
2913.00,6145.00,6292.00
6498.00,4287.00,4675.00
6157.00,2742.00,2626.00
5904.00,6157.00,2626.00
4530.00,4876.00,4706.00
4519.00,4530.00,4706.00
1404.00,1067.00,1234.00
3391.00,3114.00,2979.00
3663.00,3391.00,2979.00
1478.00,1543.00,1468.00
1339.00,1478.00,1468.00
18.00,30.00,15.00
14.00,18.00,15.00
211.00,162.00,212.00
252.00,211.00,212.00
381.00,383.00,386.00
385.00,381.00,386.00
469.00,383.00,363.00
840.00,787.00,800.00
1473.00,1472.00,1535.00
1568.00,1570.00,1684.00
2078.00,1936.00,1866.00
2084.00,6417.00,2313.00
2298.00,2084.00,2313.00
2706.00,2538.00,2838.00
1702.00,1587.00,1506.00
5612.00,5707.00,5708.00
405.00,386.00,489.00
495.00,405.00,489.00
2322.00,2341.00,2339.00
6201.00,2962.00,6308.00
3075.00,3390.00,3380.00
5157.00,5397.00,5362.00
2374.00,2214.00,2218.00
2372.00,2374.00,2218.00
6031.00,5405.00,5282.00
2497.00,2257.00,2392.00
2498.00,2497.00,2392.00
785.00,848.00,991.00
941.00,785.00,991.00
4287.00,4285.00,4435.00
4468.00,4287.00,4435.00
3246.00,3247.00,3232.00
5843.00,92.00,5844.00
86.00,5843.00,5844.00
6045.00,4132.00,4136.00
249.00,309.00,250.00
1960.00,1974.00,1975.00
2824.00,2821.00,2810.00
2819.00,2824.00,2810.00
4294.00,4295.00,4065.00
4063.00,4294.00,4065.00
1756.00,6191.00,1951.00
1880.00,1756.00,1951.00
2464.00,2767.00,2466.00
2789.00,2790.00,2762.00
5196.00,5544.00,5575.00
5199.00,5196.00,5575.00
381.00,293.00,276.00
273.00,381.00,276.00
931.00,980.00,928.00
171.00,177.00,93.00
71.00,171.00,93.00
221.00,223.00,179.00
175.00,221.00,179.00
4519.00,4489.00,4517.00
4558.00,4519.00,4517.00
6200.00,4230.00,4780.00
4771.00,5032.00,5029.00
4069.00,4054.00,4074.00
5892.00,3024.00,5904.00
6048.00,5892.00,5904.00
4558.00,4517.00,4322.00
4344.00,4558.00,4322.00
3837.00,3839.00,5978.00
6184.00,1156.00,1176.00
1178.00,6184.00,1176.00
1634.00,6154.00,1647.00
6127.00,4397.00,4642.00
1571.00,1379.00,1302.00
1498.00,1571.00,1302.00
2768.00,3449.00,3271.00
2782.00,2768.00,3271.00
1298.00,1124.00,1200.00
1300.00,1298.00,1200.00
3228.00,3431.00,3799.00
908.00,919.00,907.00
893.00,908.00,907.00
5285.00,5287.00,5138.00
6148.00,5575.00,5544.00
5681.00,6148.00,5544.00
1235.00,1270.00,1266.00
3532.00,4050.00,4043.00
2723.00,2569.00,2559.00
3458.00,3273.00,3456.00
3482.00,3458.00,3456.00
2323.00,2341.00,2322.00
2309.00,2323.00,2322.00
5270.00,4903.00,5241.00
5343.00,5270.00,5241.00
1468.00,1472.00,1176.00
1339.00,1468.00,1176.00
156.00,157.00,123.00
2483.00,2495.00,2392.00
3516.00,4039.00,3853.00
3517.00,3516.00,3853.00
776.00,844.00,831.00
780.00,776.00,831.00
4177.00,4352.00,4350.00
4169.00,4177.00,4350.00
2760.00,2762.00,2663.00
1780.00,5801.00,1894.00
631.00,684.00,681.00
622.00,631.00,681.00
6224.00,6250.00,3447.00
1732.00,6267.00,1663.00
6212.00,6256.00,6194.00
1105.00,6537.00,6184.00
4401.00,6264.00,5199.00
5919.00,6270.00,6244.00
582.00,6289.00,6309.00
6098.00,6290.00,6224.00
5932.00,6301.00,3359.00
5794.00,6309.00,6289.00
1581.00,1587.00,1698.00
1692.00,1581.00,1698.00
2837.00,2838.00,2538.00
2523.00,2837.00,2538.00
4816.00,4671.00,4462.00
3258.00,6256.00,5988.00
2937.00,2603.00,6292.00
6098.00,4250.00,6290.00
5920.00,6194.00,6256.00
3258.00,5920.00,6256.00
6194.00,5920.00,6250.00
6224.00,6194.00,6250.00
1544.00,1535.00,1472.00
1468.00,1544.00,1472.00
4401.00,4229.00,6264.00
4250.00,4793.00,6290.00
1208.00,1215.00,1214.00
1732.00,1848.00,6298.00
4277.00,4462.00,4279.00
4034.00,4277.00,4279.00
3447.00,3826.00,6098.00
6224.00,3447.00,6098.00
2736.00,2735.00,6280.00
2438.00,2736.00,6280.00
1980.00,1894.00,5801.00
1991.00,1980.00,5801.00
3258.00,3246.00,6270.00
5919.00,3258.00,6270.00
459.00,529.00,6309.00
5794.00,459.00,6309.00
6250.00,3256.00,3267.00
3447.00,6250.00,3267.00
4572.00,4740.00,4939.00
4938.00,4572.00,4939.00
6265.00,671.00,669.00
6289.00,582.00,6297.00
780.00,6289.00,6297.00
3801.00,3435.00,3803.00
2603.00,2913.00,6292.00
2862.00,2877.00,2886.00
3324.00,2862.00,2886.00
3937.00,3724.00,3721.00
3890.00,3600.00,6308.00
4285.00,4284.00,4283.00
4435.00,4285.00,4283.00
2398.00,2509.00,2503.00
2394.00,2398.00,2503.00
1477.00,1298.00,1379.00
3340.00,3344.00,3579.00
4816.00,5101.00,4818.00
2223.00,2130.00,2215.00
2426.00,2425.00,6135.00
4041.00,4050.00,4039.00
719.00,865.00,6265.00
669.00,719.00,6265.00
229.00,227.00,189.00
1253.00,1242.00,1087.00
2782.00,3273.00,2793.00
1061.00,1085.00,1083.00
2886.00,2888.00,3328.00
1477.00,1358.00,1336.00
4938.00,4712.00,4531.00
4293.00,4294.00,4061.00
4818.00,4671.00,4816.00
262.00,221.00,175.00
1773.00,1890.00,1765.00
2964.00,2963.00,2962.00
5876.00,1398.00,1775.00
1398.00,1389.00,1775.00
123.00,157.00,215.00
6349.00,6005.00,6013.00
6143.00,6205.00,5987.00
4981.00,4990.00,4991.00
5415.00,5712.00,5634.00
2388.00,2243.00,6432.00
4550.00,4144.00,5938.00
1999.00,1794.00,1994.00
1618.00,1627.00,1625.00
1608.00,1618.00,1625.00
5701.00,5660.00,5719.00
1303.00,1208.00,1041.00
1299.00,1303.00,1041.00
1061.00,983.00,977.00
1985.00,1901.00,5876.00
1775.00,1985.00,5876.00
2407.00,2543.00,2415.00
2293.00,2407.00,2415.00
4493.00,4473.00,4679.00
4681.00,4493.00,4679.00
1028.00,1023.00,5864.00
1287.00,1028.00,5864.00
5660.00,6409.00,5425.00
3281.00,2793.00,3273.00
3458.00,3281.00,3273.00
2214.00,2361.00,2182.00
4432.00,4279.00,4462.00
4671.00,4432.00,4462.00
6354.00,6001.00,6150.00
219.00,171.00,71.00
3577.00,3588.00,3623.00
2923.00,3577.00,3623.00
5866.00,1287.00,1289.00
6500.00,2071.00,1935.00
2623.00,2602.00,2637.00
6013.00,6244.00,6349.00
6048.00,2577.00,2429.00
5208.00,6361.00,5084.00
675.00,677.00,747.00
4252.00,4402.00,3970.00
2341.00,2429.00,2577.00
173.00,171.00,219.00
175.00,173.00,219.00
1663.00,6267.00,1459.00
1627.00,1663.00,1459.00
5222.00,6115.00,5606.00
5127.00,6373.00,5125.00
5199.00,6264.00,5196.00
169.00,176.00,217.00
1798.00,1702.00,1706.00
3541.00,3540.00,3316.00
3551.00,3541.00,3316.00
3569.00,4102.00,3866.00
3529.00,3517.00,3853.00
3855.00,3529.00,3853.00
5187.00,5545.00,5196.00
2232.00,2013.00,2012.00
2019.00,2011.00,2013.00
2324.00,2718.00,2313.00
5878.00,2084.00,1866.00
2818.00,2502.00,2503.00
2692.00,2818.00,2503.00
3811.00,3803.00,3973.00
4489.00,4683.00,4479.00
3332.00,2903.00,5897.00
2898.00,3332.00,5897.00
826.00,827.00,928.00
273.00,6393.00,363.00
4077.00,3556.00,4072.00
4065.00,4077.00,4072.00
6031.00,5282.00,5160.00
3726.00,3700.00,3394.00
4352.00,4581.00,4572.00
4253.00,3976.00,6394.00
5779.00,6209.00,6148.00
3256.00,6094.00,3267.00
4136.00,6301.00,5932.00
6045.00,4136.00,5932.00
6000.00,3394.00,6179.00
5929.00,3778.00,3420.00
3423.00,5929.00,3420.00
3910.00,3922.00,4176.00
4169.00,3910.00,4176.00
1377.00,5873.00,1383.00
4420.00,5937.00,4476.00
4316.00,4069.00,4103.00
4320.00,4316.00,4103.00
2537.00,2523.00,2538.00
4780.00,5037.00,5035.00
6177.00,4780.00,5035.00
4696.00,4926.00,4871.00
1541.00,1665.00,1543.00
1478.00,1541.00,1543.00
1809.00,1807.00,1810.00
3845.00,4034.00,4279.00
1818.00,1811.00,2018.00
4320.00,4118.00,4322.00
4516.00,4320.00,4322.00
1858.00,1735.00,5878.00
2602.00,2587.00,2603.00
2824.00,2834.00,2835.00
2821.00,2824.00,2835.00
3892.00,3600.00,3890.00
4144.00,3892.00,3890.00
1498.00,1578.00,1571.00
4333.00,4136.00,4132.00
4542.00,4333.00,4132.00
579.00,6297.00,582.00
524.00,579.00,582.00
171.00,173.00,178.00
177.00,171.00,178.00
5285.00,5138.00,4926.00
5134.00,5285.00,4926.00
5705.00,5784.00,5788.00
5799.00,6154.00,1460.00
1242.00,1416.00,1243.00
843.00,844.00,776.00
2818.00,2802.00,2487.00
5206.00,6067.00,5581.00
250.00,309.00,308.00
245.00,250.00,308.00
2673.00,2227.00,2773.00
2906.00,2908.00,2974.00
3337.00,2906.00,2974.00
1120.00,1034.00,1122.00
2466.00,2767.00,2768.00
4726.00,4921.00,4923.00
2084.00,5878.00,1942.00
3332.00,5924.00,3565.00
4938.00,4939.00,4898.00
1634.00,1647.00,1726.00
1828.00,1634.00,1726.00
5903.00,2979.00,3114.00
1910.00,5872.00,1814.00
1914.00,1910.00,1814.00
607.00,603.00,669.00
671.00,607.00,669.00
993.00,933.00,948.00
2753.00,3162.00,3163.00
2648.00,2753.00,3163.00
2850.00,3529.00,3310.00
4481.00,4424.00,4479.00
2650.00,2649.00,2648.00
2652.00,2650.00,2648.00
309.00,316.00,344.00
308.00,309.00,344.00
2702.00,2708.00,2841.00
2835.00,2702.00,2841.00
4575.00,4565.00,4563.00
3463.00,3486.00,3488.00
3285.00,3463.00,3488.00
4667.00,4814.00,4816.00
5048.00,4782.00,6114.00
3588.00,4105.00,4121.00
5816.00,3588.00,4121.00
4733.00,4937.00,4745.00
4808.00,6316.00,5093.00
5093.00,6316.00,4793.00
517.00,6318.00,523.00
4147.00,4191.00,3664.00
6194.00,6329.00,6212.00
3750.00,6332.00,6169.00
6091.00,6337.00,3684.00
6001.00,6340.00,6150.00
6005.00,6342.00,3114.00
3114.00,6342.00,5903.00
2056.00,6346.00,2058.00
5675.00,6355.00,5661.00
3726.00,6457.00,3750.00
6291.00,6357.00,6150.00
6150.00,6357.00,6354.00
6222.00,6359.00,6232.00
1848.00,6364.00,6298.00
350.00,6372.00,307.00
5228.00,6377.00,6502.00
2577.00,2339.00,2341.00
6379.00,4293.00,4061.00
3539.00,6379.00,4061.00
3597.00,3630.00,6324.00
4177.00,3923.00,6337.00
4903.00,4861.00,5241.00
4420.00,4424.00,6400.00
4268.00,4420.00,6400.00
6316.00,4808.00,6329.00
6290.00,6316.00,6329.00
256.00,307.00,6372.00
5892.00,6048.00,6358.00
6010.00,5661.00,6355.00
5077.00,6325.00,6142.00
1477.00,1379.00,1540.00
6162.00,5992.00,6326.00
6329.00,6194.00,6224.00
6290.00,6329.00,6224.00
5150.00,4958.00,6377.00
5228.00,5150.00,6377.00
6332.00,3750.00,6457.00
6337.00,6091.00,4586.00
4352.00,4177.00,6337.00
6148.00,6325.00,5575.00
528.00,529.00,6372.00
6342.00,6005.00,6349.00
6232.00,6342.00,6349.00
6150.00,6340.00,2950.00
1688.00,1683.00,1571.00
1578.00,1688.00,1571.00
6232.00,2973.00,6342.00
4671.00,4818.00,6350.00
38.00,34.00,35.00
44.00,38.00,35.00
255.00,256.00,5793.00
357.00,255.00,5793.00
5227.00,5084.00,6361.00
6115.00,5227.00,6361.00
5849.00,523.00,6318.00
6504.00,6513.00,3061.00
5599.00,5575.00,6325.00
5077.00,5599.00,6325.00
6174.00,6234.00,6359.00
6222.00,6174.00,6359.00
1570.00,1540.00,1379.00
1571.00,1570.00,1379.00
6357.00,6291.00,3138.00
6222.00,6232.00,6349.00
6244.00,6222.00,6349.00
6350.00,4468.00,4466.00
4671.00,6350.00,4466.00
6049.00,6212.00,6329.00
4808.00,6049.00,6329.00
6326.00,4762.00,6332.00
4707.00,5125.00,6373.00
4521.00,4707.00,6373.00
3193.00,3168.00,6412.00
2974.00,2973.00,3364.00
1029.00,1027.00,1025.00
5655.00,5737.00,5759.00
2964.00,6403.00,6359.00
1931.00,2058.00,6346.00
1933.00,1865.00,1864.00
1855.00,1933.00,1864.00
4401.00,4790.00,4793.00
4250.00,4401.00,4793.00
2767.00,2464.00,2765.00
2187.00,1970.00,2113.00
6137.00,6183.00,5477.00
6201.00,6308.00,3600.00
252.00,258.00,249.00
210.00,252.00,249.00
715.00,717.00,722.00
3310.00,3529.00,3855.00
3532.00,3310.00,3855.00
1459.00,1625.00,1627.00
3225.00,3226.00,3257.00
899.00,907.00,919.00
2360.00,2361.00,2660.00
2937.00,6000.00,6179.00
2523.00,2537.00,2544.00
4402.00,4397.00,3970.00
4230.00,4226.00,3964.00
5408.00,5168.00,5169.00
2962.00,6201.00,2964.00
818.00,760.00,761.00
2359.00,2338.00,2339.00
1743.00,1750.00,1736.00
6359.00,6234.00,2964.00
6373.00,5127.00,4914.00
6202.00,6373.00,4914.00
2706.00,2845.00,2847.00
760.00,818.00,769.00
2708.00,2528.00,2710.00
2499.00,2506.00,2395.00
6001.00,5814.00,6340.00
6009.00,6361.00,5208.00
434.00,388.00,437.00
1655.00,1735.00,1663.00
6267.00,1732.00,6298.00
245.00,310.00,301.00
237.00,245.00,301.00
434.00,437.00,492.00
675.00,614.00,615.00
677.00,675.00,615.00
1038.00,1034.00,1042.00
1043.00,1038.00,1042.00
1594.00,1595.00,1608.00
2038.00,2037.00,2049.00
2040.00,2038.00,2049.00
2237.00,2246.00,2028.00
2528.00,2702.00,2525.00
2979.00,2927.00,3638.00
3663.00,2979.00,3638.00
3297.00,3292.00,3503.00
4684.00,4665.00,4490.00
5295.00,5374.00,5169.00
5369.00,5658.00,5327.00
5938.00,4726.00,4550.00
5788.00,5789.00,5705.00
1426.00,1253.00,1092.00
1259.00,1426.00,1092.00
761.00,893.00,907.00
3456.00,3451.00,3453.00
459.00,5794.00,587.00
4458.00,4426.00,4424.00
4481.00,4458.00,4424.00
6393.00,273.00,223.00
1735.00,1655.00,1871.00
1017.00,874.00,6033.00
6127.00,6416.00,3964.00
517.00,447.00,508.00
2692.00,2503.00,2509.00
2511.00,2692.00,2509.00
5134.00,5282.00,5369.00
5285.00,5134.00,5369.00
6385.00,1664.00,1736.00
2272.00,2271.00,2263.00
1066.00,1140.00,1067.00
1431.00,1458.00,6419.00
5799.00,1431.00,6419.00
6298.00,6420.00,6267.00
1460.00,1450.00,1332.00
1890.00,1773.00,1778.00
1974.00,1890.00,1778.00
1706.00,1702.00,6381.00
4350.00,4572.00,4938.00
4531.00,4350.00,4938.00
2464.00,2365.00,6424.00
508.00,559.00,517.00
4581.00,4352.00,6337.00
4586.00,4581.00,6337.00
2834.00,2519.00,2525.00
2702.00,2834.00,2525.00
2937.00,2637.00,2602.00
2603.00,2937.00,2602.00
6499.00,6162.00,6405.00
3612.00,4108.00,4100.00
4101.00,3612.00,4100.00
4481.00,4490.00,4665.00
2439.00,2359.00,2339.00
2577.00,2439.00,2339.00
1335.00,5799.00,1460.00
1332.00,1335.00,1460.00
6373.00,6202.00,6195.00
4521.00,6373.00,6195.00
6322.00,2369.00,1988.00
6067.00,6355.00,6430.00
6355.00,5675.00,6430.00
6258.00,6354.00,3956.00
268.00,230.00,322.00
318.00,268.00,322.00
693.00,777.00,6297.00
1767.00,1684.00,1765.00
1777.00,1773.00,1692.00
1901.00,1985.00,1994.00
2519.00,2834.00,2694.00
2511.00,2519.00,2694.00
2735.00,2982.00,2734.00
2950.00,6340.00,2922.00
2923.00,2950.00,2922.00
3276.00,3274.00,3453.00
5745.00,5779.00,5767.00
5724.00,5745.00,5767.00
4551.00,4515.00,4709.00
4981.00,4991.00,5166.00
4108.00,4090.00,4100.00
1267.00,1450.00,1330.00
1259.00,1267.00,1330.00
1683.00,1684.00,1570.00
3805.00,3812.00,3976.00
5681.00,5663.00,5779.00
1416.00,1242.00,1253.00
5903.00,6342.00,2973.00
2926.00,5903.00,2973.00
1028.00,1029.00,1025.00
1023.00,1028.00,1025.00
2793.00,2675.00,2773.00
2769.00,2793.00,2773.00
4935.00,5295.00,4937.00
4696.00,4089.00,4550.00
6446.00,4696.00,4550.00
2675.00,2793.00,3281.00
6118.00,2675.00,3281.00
2102.00,2425.00,2325.00
3599.00,4128.00,6045.00
6252.00,3599.00,6045.00
3663.00,3664.00,3391.00
5285.00,5369.00,5327.00
5287.00,5285.00,5327.00
1890.00,1960.00,1765.00
5241.00,5111.00,5953.00
5343.00,5241.00,5953.00
3845.00,4279.00,4281.00
6197.00,3845.00,4281.00
4479.00,4683.00,4490.00
4481.00,4479.00,4490.00
1042.00,962.00,1043.00
2324.00,2313.00,6417.00
347.00,310.00,345.00
413.00,347.00,345.00
460.00,412.00,413.00
420.00,460.00,413.00
1128.00,966.00,1130.00
1210.00,1128.00,1130.00
2246.00,2247.00,2249.00
5037.00,4780.00,5044.00
5144.00,4934.00,4932.00
3268.00,3449.00,2768.00
2767.00,3268.00,2768.00
5292.00,5612.00,5616.00
1174.00,1339.00,1176.00
1156.00,1174.00,1176.00
1426.00,1259.00,1330.00
1436.00,1426.00,1330.00
2179.00,2107.00,2101.00
2169.00,2179.00,2101.00
55.00,52.00,53.00
58.00,55.00,53.00
4643.00,4642.00,4646.00
4794.00,4643.00,4646.00
4939.00,4740.00,4972.00
4941.00,4939.00,4972.00
4939.00,4941.00,4898.00
5682.00,5541.00,5841.00
6142.00,5682.00,5841.00
620.00,498.00,518.00
4989.00,5018.00,4755.00
4752.00,4989.00,4755.00
3497.00,3495.00,3842.00
3843.00,3497.00,3842.00
4132.00,4719.00,4720.00
4542.00,4132.00,4720.00
5617.00,5374.00,5293.00
5616.00,5617.00,5293.00
2298.00,2411.00,2078.00
236.00,245.00,237.00
200.00,236.00,237.00
3451.00,3456.00,3273.00
3271.00,3451.00,3273.00
2569.00,2587.00,2602.00
2249.00,2247.00,2256.00
6150.00,2950.00,5901.00
6291.00,6150.00,5901.00
2922.00,6340.00,6134.00
5897.00,2922.00,6134.00
1914.00,2014.00,1910.00
2886.00,3328.00,3568.00
3324.00,2886.00,3568.00
4083.00,3567.00,3566.00
4084.00,4083.00,3566.00
3937.00,4191.00,4192.00
3724.00,3937.00,4192.00
6030.00,5150.00,5228.00
5101.00,6030.00,5228.00
5228.00,5100.00,5101.00
3776.00,4229.00,3973.00
3803.00,3776.00,3973.00
5634.00,5621.00,5381.00
5415.00,5634.00,5381.00
1058.00,1060.00,1066.00
3796.00,3426.00,3428.00
1060.00,973.00,923.00
978.00,1060.00,923.00
928.00,980.00,978.00
923.00,928.00,978.00
5680.00,5682.00,5774.00
1795.00,1807.00,1809.00
2000.00,2130.00,2223.00
2031.00,2030.00,1920.00
2271.00,5882.00,2267.00
2262.00,2271.00,2267.00
2030.00,2023.00,2021.00
785.00,941.00,5859.00
4735.00,4723.00,4919.00
4964.00,4735.00,4919.00
4816.00,4814.00,5101.00
722.00,603.00,667.00
3812.00,3436.00,3815.00
5588.00,5841.00,5541.00
6354.00,6258.00,6001.00
219.00,71.00,123.00
215.00,219.00,123.00
2538.00,2706.00,2539.00
2537.00,2538.00,2539.00
5678.00,5760.00,5513.00
5514.00,5678.00,5513.00
5616.00,5708.00,5617.00
1250.00,1265.00,1263.00
1821.00,1840.00,1839.00
1725.00,1821.00,1839.00
2765.00,2663.00,2762.00
2779.00,2765.00,2762.00
5737.00,5651.00,5756.00
1502.00,1498.00,5865.00
1671.00,1741.00,1673.00
3956.00,5987.00,6258.00
1427.00,6381.00,1416.00
5933.00,6382.00,3778.00
6248.00,6383.00,6142.00
991.00,6384.00,941.00
941.00,6384.00,855.00
5798.00,6388.00,1607.00
5432.00,6395.00,6506.00
2973.00,6403.00,3364.00
5987.00,6408.00,6258.00
5712.00,6409.00,5696.00
5696.00,6409.00,5699.00
3052.00,6412.00,5908.00
5901.00,6413.00,2959.00
4782.00,6416.00,6114.00
6114.00,6416.00,6127.00
5799.00,6420.00,6154.00
5796.00,6422.00,991.00
2663.00,6424.00,2363.00
2363.00,6424.00,2365.00
4468.00,6508.00,4675.00
4675.00,6508.00,4825.00
4818.00,6431.00,6350.00
4997.00,6436.00,5452.00
5452.00,6436.00,5415.00
5397.00,6441.00,5362.00
5408.00,5169.00,5374.00
6381.00,1427.00,5872.00
1706.00,6381.00,5872.00
2506.00,2272.00,2263.00
2395.00,2506.00,2263.00
2539.00,2847.00,2560.00
2084.00,1942.00,6417.00
2765.00,2464.00,6424.00
2663.00,2765.00,6424.00
5376.00,5410.00,6414.00
5847.00,411.00,6411.00
287.00,434.00,6389.00
322.00,287.00,6389.00
5432.00,5651.00,6395.00
3835.00,4268.00,6400.00
6385.00,1546.00,1535.00
5337.00,5303.00,6509.00
5100.00,5232.00,6431.00
4818.00,5100.00,6431.00
6232.00,6359.00,6403.00
2973.00,6232.00,6403.00
6388.00,1397.00,1591.00
6389.00,6215.00,367.00
322.00,6389.00,367.00
5581.00,6067.00,6430.00
5963.00,5581.00,6430.00
5901.00,2950.00,6413.00
6223.00,4808.00,6383.00
6248.00,6223.00,6383.00
6399.00,6018.00,914.00
6298.00,6364.00,6420.00
1544.00,1664.00,6385.00
1535.00,1544.00,6385.00
6403.00,2964.00,6201.00
3364.00,6403.00,6201.00
5733.00,6156.00,5756.00
5651.00,5733.00,5756.00
4230.00,3964.00,6416.00
4782.00,4230.00,6416.00
5704.00,5705.00,5632.00
1234.00,1067.00,1140.00
5731.00,5646.00,6439.00
5971.00,5731.00,6439.00
5381.00,5337.00,6414.00
5410.00,5381.00,6414.00
587.00,472.00,6425.00
459.00,587.00,6425.00
223.00,221.00,6393.00
4915.00,5130.00,6410.00
1736.00,1750.00,6385.00
3165.00,3138.00,3164.00
6414.00,5337.00,6509.00
1099.00,1156.00,6422.00
5796.00,1099.00,6422.00
6050.00,5963.00,6430.00
5675.00,6050.00,6430.00
4997.00,6472.00,6436.00
2710.00,2528.00,2541.00
2712.00,2710.00,2541.00
6381.00,1702.00,1506.00
6419.00,6267.00,6420.00
5799.00,6419.00,6420.00
2591.00,2888.00,2719.00
5617.00,5711.00,5374.00
991.00,6422.00,6384.00
4339.00,4524.00,4150.00
4145.00,4339.00,4150.00
1234.00,1242.00,1243.00
1404.00,1234.00,1243.00
5620.00,5634.00,5712.00
5696.00,5620.00,5712.00
523.00,5849.00,6411.00
411.00,523.00,6411.00
646.00,579.00,534.00
5150.00,4941.00,4972.00
4958.00,5150.00,4972.00
4147.00,3900.00,4145.00
1016.00,993.00,948.00
1017.00,1016.00,948.00
1478.00,1339.00,1358.00
1476.00,1478.00,1358.00
4964.00,4915.00,6410.00
5360.00,4964.00,6410.00
5077.00,6142.00,6383.00
5093.00,5077.00,6383.00
1299.00,5866.00,1369.00
1029.00,5866.00,1299.00
1041.00,1029.00,1299.00
6512.00,4192.00,4191.00
2735.00,2736.00,2740.00
3697.00,3390.00,3934.00
4607.00,4369.00,4760.00
5658.00,5405.00,5656.00
2009.00,1811.00,1810.00
1807.00,2009.00,1810.00
1764.00,1765.00,1684.00
587.00,5859.00,473.00
5738.00,5656.00,5662.00
5612.00,5708.00,5616.00
3799.00,3812.00,3805.00
41.00,44.00,35.00
2011.00,2009.00,2012.00
1773.00,1772.00,1692.00
6468.00,3246.00,3232.00
6386.00,800.00,787.00
6471.00,6009.00,6519.00
3650.00,6252.00,3381.00
5826.00,4367.00,4755.00
3845.00,3843.00,4034.00
2182.00,2180.00,2214.00
6443.00,908.00,893.00
5889.00,6178.00,6358.00
3841.00,4030.00,4034.00
2012.00,2005.00,2232.00
5305.00,5622.00,5953.00
605.00,559.00,508.00
496.00,605.00,508.00
783.00,785.00,5859.00
2027.00,2028.00,2246.00
2249.00,2027.00,2246.00
3841.00,4034.00,3843.00
5187.00,5196.00,6264.00
5826.00,5187.00,6264.00
5160.00,5362.00,6441.00
39.00,44.00,108.00
106.00,39.00,108.00
1619.00,1621.00,1815.00
3493.00,3494.00,3842.00
3495.00,3493.00,3842.00
3839.00,3837.00,4000.00
3390.00,3075.00,3934.00
2140.00,2242.00,2014.00
5794.00,783.00,5859.00
587.00,5794.00,5859.00
3364.00,6201.00,3600.00
3337.00,3364.00,3600.00
564.00,518.00,6336.00
6450.00,3225.00,6094.00
4521.00,4121.00,4105.00
4695.00,4521.00,4105.00
5588.00,6482.00,6009.00
4978.00,4937.00,5295.00
5169.00,4978.00,5295.00
6169.00,6332.00,4762.00
2740.00,3016.00,2982.00
2735.00,2740.00,2982.00
3600.00,3892.00,3337.00
4494.00,4493.00,5114.00
6485.00,6205.00,6143.00
6431.00,5232.00,6486.00
6487.00,6010.00,6511.00
1174.00,1099.00,1096.00
1171.00,1174.00,1096.00
6389.00,434.00,6490.00
6413.00,2950.00,2923.00
3623.00,6413.00,2923.00
1951.00,1883.00,1880.00
5447.00,6031.00,5160.00
6441.00,5447.00,5160.00
253.00,255.00,262.00
215.00,253.00,262.00
1674.00,1743.00,1736.00
1665.00,1674.00,1736.00
2237.00,2013.00,2232.00
2233.00,2237.00,2232.00
2660.00,2374.00,2457.00
3313.00,3317.00,2856.00
3232.00,3247.00,3436.00
3431.00,3232.00,3436.00
4105.00,3588.00,3577.00
4856.00,5111.00,5114.00
4681.00,4856.00,5114.00
2078.00,2411.00,2410.00
4145.00,3900.00,4101.00
4319.00,4145.00,4101.00
3597.00,6324.00,3592.00
4575.00,4564.00,4742.00
4576.00,4575.00,4742.00
5321.00,5434.00,5655.00
4684.00,4812.00,4665.00
3245.00,3435.00,3257.00
3226.00,3245.00,3257.00
2076.00,2093.00,2091.00
2051.00,2076.00,2091.00
3588.00,5816.00,3623.00
4252.00,3970.00,3974.00
1540.00,1568.00,1541.00
1476.00,1540.00,1541.00
3336.00,4108.00,3612.00
1109.00,1017.00,6033.00
1120.00,1109.00,6033.00
1276.00,1336.00,1358.00
1339.00,1276.00,1358.00
524.00,525.00,534.00
579.00,524.00,534.00
5188.00,5748.00,5477.00
1975.00,1980.00,2109.00
4397.00,6127.00,5933.00
3690.00,3696.00,3684.00
4589.00,4586.00,6091.00
4596.00,4589.00,6091.00
2501.00,2498.00,2807.00
5978.00,2501.00,2807.00
6297.00,777.00,776.00
780.00,6297.00,776.00
157.00,153.00,247.00
253.00,157.00,247.00
4476.00,5937.00,4316.00
4516.00,4476.00,4316.00
3426.00,3796.00,5929.00
3423.00,3426.00,5929.00
601.00,606.00,599.00
4479.00,4420.00,4476.00
4489.00,4479.00,4476.00
1369.00,5866.00,1289.00
1483.00,1369.00,1289.00
5200.00,5051.00,5963.00
4224.00,5826.00,6264.00
4229.00,4224.00,6264.00
1067.00,1404.00,1134.00
777.00,708.00,788.00
1476.00,1358.00,1477.00
1540.00,1476.00,1477.00
4978.00,5169.00,4989.00
4752.00,4978.00,4989.00
6364.00,6346.00,1728.00
1647.00,6364.00,1728.00
3276.00,2779.00,2790.00
3274.00,3276.00,2790.00
310.00,347.00,301.00
614.00,559.00,605.00
606.00,614.00,605.00
1819.00,2018.00,2025.00
752.00,762.00,763.00
5971.00,6156.00,5733.00
5731.00,5971.00,5733.00
1562.00,1561.00,1756.00
1880.00,1562.00,1756.00
841.00,863.00,948.00
933.00,841.00,948.00
3497.00,3843.00,3845.00
3511.00,3497.00,3845.00
5425.00,6409.00,6137.00
190.00,191.00,182.00
132.00,190.00,182.00
752.00,898.00,962.00
744.00,752.00,962.00
762.00,752.00,684.00
631.00,762.00,684.00
347.00,413.00,412.00
3369.00,3003.00,2961.00
2734.00,5891.00,6280.00
2735.00,2734.00,6280.00
2859.00,2876.00,2877.00
5682.00,6142.00,6325.00
5774.00,5682.00,6325.00
5977.00,6405.00,6122.00
6334.00,5977.00,6122.00
6340.00,5814.00,6134.00
6372.00,350.00,451.00
528.00,6372.00,451.00
1848.00,1931.00,6346.00
6364.00,1848.00,6346.00
3910.00,4169.00,4346.00
3907.00,3910.00,4346.00
4724.00,4725.00,4742.00
4724.00,4921.00,4726.00
4725.00,4724.00,4726.00
5452.00,5170.00,5172.00
4997.00,5452.00,5172.00
2456.00,2373.00,2243.00
2388.00,2456.00,2243.00
1735.00,1871.00,1942.00
5878.00,1735.00,1942.00
5703.00,5719.00,5629.00
3922.00,3016.00,3923.00
481.00,597.00,599.00
491.00,481.00,599.00
169.00,217.00,168.00
5447.00,6441.00,6299.00
5473.00,5447.00,6299.00
286.00,5845.00,398.00
390.00,286.00,398.00
5845.00,235.00,292.00
299.00,5845.00,292.00
3486.00,3833.00,3835.00
3488.00,3486.00,3835.00
871.00,6265.00,865.00
2119.00,2202.00,2363.00
2365.00,2119.00,2363.00
3378.00,3024.00,3380.00
4149.00,4553.00,4351.00
718.00,865.00,719.00
713.00,715.00,5854.00
2880.00,2863.00,2868.00
1546.00,6385.00,1741.00
6399.00,972.00,910.00
763.00,6399.00,910.00
6205.00,5977.00,6408.00
5987.00,6205.00,6408.00
5632.00,5328.00,5327.00
914.00,973.00,972.00
6399.00,914.00,972.00
63.00,70.00,68.00
1134.00,1132.00,1058.00
4564.00,4575.00,4563.00
4543.00,4564.00,4563.00
993.00,1002.00,932.00
933.00,993.00,932.00
1587.00,1586.00,1506.00
3427.00,3245.00,3227.00
3209.00,3427.00,3227.00
3226.00,3225.00,3208.00
3227.00,3226.00,3208.00
5703.00,5628.00,5626.00
5701.00,5703.00,5626.00
3749.00,3777.00,3723.00
3725.00,3749.00,3723.00
1840.00,1821.00,1817.00
5270.00,5346.00,5272.00
4583.00,4192.00,6512.00
14.00,15.00,10.00
4144.00,4089.00,3892.00
4511.00,4513.00,4524.00
4339.00,4511.00,4524.00
5826.00,4224.00,4367.00
71.00,93.00,92.00
2669.00,6444.00,2371.00
2371.00,6444.00,2215.00
4334.00,6448.00,4136.00
4136.00,6448.00,6301.00
4997.00,6449.00,6472.00
3158.00,6450.00,6005.00
6292.00,6453.00,6000.00
6134.00,6516.00,2894.00
4314.00,6455.00,4702.00
4702.00,6455.00,4871.00
6354.00,3767.00,6517.00
1477.00,6461.00,1298.00
2343.00,6463.00,2432.00
5874.00,6466.00,5875.00
5875.00,6466.00,1883.00
6033.00,6467.00,1034.00
1034.00,6467.00,1042.00
5032.00,6143.00,6177.00
6361.00,6471.00,6115.00
5015.00,6472.00,6449.00
2102.00,5880.00,6135.00
6411.00,6478.00,5847.00
5847.00,6478.00,398.00
6258.00,6479.00,6001.00
6001.00,6479.00,5814.00
5473.00,6482.00,5511.00
5397.00,6487.00,6441.00
3052.00,6493.00,3674.00
3674.00,6493.00,5932.00
390.00,398.00,6478.00
6336.00,390.00,6478.00
5134.00,4926.00,6446.00
4923.00,5134.00,6446.00
5938.00,3890.00,6448.00
4334.00,5938.00,6448.00
6178.00,2623.00,6488.00
6358.00,6178.00,6488.00
6270.00,3246.00,6468.00
6225.00,6270.00,6468.00
2227.00,2225.00,6444.00
6450.00,3158.00,3208.00
3225.00,6450.00,3208.00
6308.00,6301.00,6448.00
3890.00,6308.00,6448.00
6453.00,6292.00,6145.00
6455.00,4314.00,4100.00
4090.00,6455.00,4100.00
6455.00,4090.00,4696.00
4871.00,6455.00,4696.00
5511.00,6482.00,5513.00
5851.00,802.00,6474.00
493.00,5851.00,6474.00
6493.00,6252.00,6045.00
5932.00,6493.00,6045.00
3381.00,6252.00,6493.00
3052.00,3381.00,6493.00
6010.00,6503.00,6511.00
6405.00,6162.00,6457.00
6382.00,6505.00,3767.00
6462.00,3003.00,5908.00
2432.00,6463.00,6193.00
6361.00,6009.00,6471.00
6465.00,5208.00,5084.00
4804.00,6465.00,5084.00
6466.00,5874.00,1388.00
6466.00,5873.00,1880.00
1883.00,6466.00,1880.00
6467.00,6033.00,804.00
739.00,6467.00,804.00
4077.00,4297.00,6518.00
6183.00,6436.00,6472.00
6408.00,6407.00,6479.00
6258.00,6408.00,6479.00
2959.00,2961.00,3003.00
5635.00,5629.00,5719.00
5749.00,5635.00,5719.00
1586.00,1502.00,1506.00
1750.00,1872.00,1741.00
6385.00,1750.00,1741.00
2019.00,2025.00,2018.00
2011.00,2019.00,2018.00
1.00,2.00,10.00
15.00,1.00,10.00
2438.00,6280.00,6489.00
2350.00,2438.00,6489.00
6475.00,6407.00,6334.00
6507.00,6475.00,6334.00
6049.00,6223.00,6465.00
4804.00,6049.00,6465.00
893.00,891.00,6443.00
2718.00,2876.00,2552.00
6179.00,3074.00,6476.00
2637.00,6179.00,6476.00
357.00,6393.00,221.00
5988.00,6256.00,6477.00
3815.00,5988.00,6477.00
4856.00,4825.00,6546.00
5360.00,6445.00,5397.00
6477.00,6256.00,6212.00
6215.00,6389.00,6490.00
654.00,6215.00,6490.00
6013.00,6005.00,6450.00
6094.00,6013.00,6450.00
843.00,776.00,777.00
788.00,843.00,777.00
5891.00,2315.00,6489.00
6280.00,5891.00,6489.00
6299.00,6009.00,6482.00
5473.00,6299.00,6482.00
6486.00,5232.00,5236.00
6350.00,6431.00,6486.00
6488.00,2623.00,2637.00
6476.00,6488.00,2637.00
6177.00,6143.00,6200.00
6441.00,6487.00,6299.00
5541.00,5513.00,6482.00
5588.00,5541.00,6482.00
1449.00,1459.00,1458.00
6490.00,434.00,492.00
5328.00,5632.00,5707.00
5613.00,5328.00,5707.00
5094.00,5081.00,4647.00
6142.00,5841.00,6248.00
4230.00,4782.00,5044.00
4780.00,4230.00,5044.00
1918.00,1814.00,1623.00
1920.00,1918.00,1623.00
1276.00,1339.00,1174.00
1171.00,1276.00,1174.00
3767.00,6354.00,6357.00
5908.00,3003.00,3369.00
3667.00,5908.00,3369.00
2171.00,6053.00,2301.00
2000.00,2223.00,2005.00
5992.00,5015.00,6449.00
6326.00,5992.00,6449.00
449.00,412.00,460.00
462.00,449.00,460.00
3695.00,3391.00,3664.00
4191.00,3695.00,3664.00
5865.00,1134.00,1404.00
1502.00,5865.00,1404.00
993.00,1110.00,1002.00
5617.00,5708.00,5709.00
5711.00,5617.00,5709.00
1096.00,1002.00,1110.00
1171.00,1096.00,1110.00
4941.00,6030.00,6491.00
4898.00,4941.00,6491.00
3274.00,3452.00,3476.00
2466.00,2768.00,2769.00
2669.00,2466.00,2769.00
677.00,733.00,889.00
747.00,677.00,889.00
2927.00,2909.00,3611.00
255.00,357.00,221.00
262.00,255.00,221.00
5114.00,4861.00,4494.00
462.00,460.00,6082.00
2544.00,2543.00,2523.00
1124.00,1298.00,6461.00
1122.00,1124.00,6461.00
3970.00,3796.00,3974.00
2661.00,2487.00,2802.00
1866.00,2084.00,2298.00
2078.00,1866.00,2298.00
6522.00,6322.00,1979.00
3493.00,3503.00,3292.00
614.00,675.00,559.00
5383.00,5646.00,5731.00
855.00,6384.00,1105.00
2765.00,2779.00,2767.00
3727.00,6523.00,3750.00
1002.00,935.00,932.00
3453.00,3448.00,3276.00
3540.00,3314.00,3316.00
4089.00,4696.00,4090.00
5661.00,6445.00,5655.00
1779.00,1777.00,1785.00
927.00,919.00,977.00
983.00,927.00,977.00
3853.00,4039.00,4050.00
3855.00,3853.00,4050.00
3939.00,4583.00,4594.00
4367.00,3939.00,4594.00
1096.00,1099.00,5796.00
1002.00,1096.00,5796.00
2108.00,2111.00,6191.00
3690.00,3378.00,3380.00
3390.00,3690.00,3380.00
4351.00,4553.00,4556.00
4557.00,4351.00,4556.00
2543.00,2407.00,2513.00
5660.00,5701.00,5699.00
6409.00,5660.00,5699.00
1952.00,1964.00,1872.00
1873.00,1952.00,1872.00
5346.00,5384.00,5272.00
3642.00,3345.00,2934.00
2983.00,3907.00,3642.00
2934.00,2983.00,3642.00
4351.00,4557.00,4733.00
4585.00,4351.00,4733.00
3075.00,3074.00,6525.00
3934.00,3075.00,6525.00
1015.00,718.00,855.00
1105.00,1015.00,855.00
1796.00,2000.00,1795.00
1612.00,1518.00,1623.00
2877.00,2862.00,2859.00
1595.00,1809.00,1709.00
6490.00,6526.00,654.00
2516.00,2523.00,2543.00
2513.00,2516.00,2543.00
2107.00,5880.00,2071.00
2789.00,2762.00,2760.00
2661.00,2789.00,2760.00
1979.00,6322.00,1985.00
645.00,534.00,462.00
6082.00,645.00,462.00
5588.00,5208.00,6527.00
70.00,6528.00,68.00
6530.00,6468.00,3214.00
5360.00,6410.00,6445.00
6544.00,6229.00,5227.00
4750.00,4958.00,4972.00
4744.00,4750.00,4972.00
1193.00,1120.00,1122.00
6461.00,1193.00,1122.00
3428.00,3799.00,3805.00
3796.00,3428.00,3805.00
1277.00,1108.00,1109.00
5123.00,5274.00,6532.00
6533.00,1872.00,1964.00
645.00,644.00,646.00
534.00,645.00,646.00
564.00,6336.00,6478.00
5208.00,6465.00,6527.00
5032.00,4771.00,6485.00
6143.00,5032.00,6485.00
6157.00,6535.00,2742.00
1942.00,1943.00,6417.00
3003.00,6462.00,6536.00
2959.00,3003.00,6536.00
6491.00,4814.00,4841.00
1826.00,1623.00,1518.00
1828.00,1826.00,6540.00
4898.00,6491.00,4841.00
6514.00,3611.00,3612.00
826.00,775.00,827.00
871.00,1023.00,1025.00
891.00,871.00,1025.00
1416.00,1253.00,1426.00
1427.00,1416.00,1426.00
1709.00,1621.00,1619.00
1618.00,1709.00,1619.00
1700.00,1901.00,1794.00
1793.00,1700.00,1794.00
1864.00,1829.00,1839.00
1855.00,1864.00,1839.00
2035.00,2027.00,2249.00
2151.00,2035.00,2249.00
2838.00,2833.00,2845.00
2706.00,2838.00,2845.00
3164.00,6412.00,3168.00
3188.00,3164.00,3168.00
3300.00,3303.00,2833.00
2832.00,3300.00,2833.00
3480.00,3456.00,3453.00
3479.00,3480.00,3453.00
4147.00,3664.00,3619.00
3900.00,4147.00,3619.00
4458.00,4481.00,4665.00
4664.00,4458.00,4665.00
1383.00,1387.00,1307.00
1209.00,1383.00,1307.00
1634.00,1828.00,6540.00
44.00,45.00,50.00
51.00,44.00,50.00
1387.00,1388.00,1389.00
1393.00,1387.00,1389.00
3841.00,3843.00,3842.00
3494.00,3841.00,3842.00
5305.00,5238.00,5236.00
5303.00,5305.00,5236.00
5238.00,5305.00,5953.00
5111.00,5238.00,5953.00
1200.00,1124.00,1128.00
1210.00,1200.00,1128.00
3569.00,3866.00,3551.00
3568.00,3569.00,3551.00
1214.00,1215.00,1221.00
1225.00,1214.00,1221.00
5845.00,299.00,335.00
398.00,5845.00,335.00
6041.00,2035.00,2046.00
2045.00,6041.00,2046.00
235.00,5845.00,286.00
199.00,235.00,286.00
4030.00,6541.00,4426.00
2077.00,2292.00,6053.00
2171.00,2077.00,6053.00
1810.00,1811.00,1815.00
1621.00,1810.00,1815.00
2559.00,2560.00,2856.00
5123.00,4906.00,5272.00
5274.00,5123.00,5272.00
3257.00,3267.00,6094.00
3225.00,3257.00,6094.00
1427.00,1436.00,1612.00
5872.00,1427.00,1612.00
1090.00,983.00,1061.00
1091.00,1090.00,1061.00
2432.00,2604.00,2590.00
2343.00,2432.00,2590.00
1623.00,1826.00,1922.00
1920.00,1623.00,1922.00
2851.00,2856.00,2850.00
2363.00,2360.00,2660.00
2663.00,2363.00,2660.00
4024.00,4268.00,3835.00
3833.00,4024.00,3835.00
6193.00,6463.00,5891.00
2734.00,6193.00,5891.00
3345.00,3344.00,6035.00
6193.00,3345.00,6035.00
1991.00,1908.00,2014.00
2242.00,1991.00,2014.00
2169.00,2315.00,2179.00
217.00,176.00,268.00
318.00,217.00,268.00
747.00,889.00,761.00
760.00,747.00,761.00
367.00,6215.00,6082.00
420.00,367.00,6082.00
1761.00,1743.00,1674.00
1767.00,1761.00,1674.00
3436.00,3812.00,3799.00
3431.00,3436.00,3799.00
3892.00,4089.00,4090.00
4108.00,3892.00,4090.00
124.00,28.00,87.00
169.00,124.00,87.00
5477.00,6183.00,6494.00
4314.00,4512.00,4511.00
4319.00,4314.00,4511.00
2507.00,2499.00,2501.00
1092.00,1090.00,1095.00
1259.00,1092.00,1095.00
4742.00,4564.00,4735.00
4967.00,4742.00,4735.00
2056.00,2058.00,2282.00
2280.00,2056.00,2282.00
4594.00,4595.00,4753.00
4752.00,4594.00,4753.00
151.00,153.00,157.00
156.00,151.00,157.00
2180.00,2182.00,2111.00
2108.00,2180.00,2111.00
3246.00,3258.00,5988.00
3247.00,3246.00,5988.00
524.00,528.00,451.00
525.00,524.00,451.00
5663.00,5171.00,5168.00
5408.00,5663.00,5168.00
4117.00,3582.00,3902.00
3906.00,4117.00,3902.00
3516.00,6197.00,4281.00
4040.00,3516.00,4281.00
3193.00,6459.00,3214.00
3210.00,3193.00,3214.00
347.00,412.00,414.00
348.00,347.00,414.00
2868.00,3319.00,3546.00
2874.00,2868.00,3546.00
1918.00,2030.00,2021.00
1914.00,1918.00,2021.00
4083.00,4086.00,4695.00
4105.00,4083.00,4695.00
6137.00,6409.00,5712.00
1276.00,1171.00,1277.00
1336.00,1276.00,1277.00
5699.00,5701.00,5626.00
6173.00,5699.00,5626.00
6337.00,3923.00,3684.00
3531.00,3532.00,6379.00
3539.00,3531.00,6379.00
4978.00,4753.00,4745.00
4937.00,4978.00,4745.00
630.00,564.00,5849.00
6318.00,630.00,5849.00
1772.00,1773.00,1765.00
1764.00,1772.00,1765.00
363.00,6425.00,472.00
469.00,363.00,472.00
5705.00,5789.00,5707.00
5632.00,5705.00,5707.00
1581.00,1692.00,1578.00
2552.00,2712.00,2541.00
2411.00,2552.00,2541.00
4346.00,4344.00,4153.00
3907.00,4346.00,4153.00
4346.00,4169.00,4350.00
4531.00,4346.00,4350.00
363.00,6393.00,357.00
6425.00,363.00,357.00
1999.00,1994.00,1988.00
2130.00,1999.00,1988.00
182.00,191.00,230.00
268.00,182.00,230.00
843.00,933.00,932.00
844.00,843.00,932.00
931.00,927.00,983.00
1086.00,931.00,983.00
4515.00,4704.00,4705.00
4709.00,4515.00,4705.00
1335.00,1271.00,1431.00
5799.00,1335.00,1431.00
2719.00,2876.00,2718.00
1866.00,1859.00,1858.00
5878.00,1866.00,1858.00
5029.00,5015.00,5992.00
4771.00,5029.00,5992.00
1702.00,1798.00,1698.00
1587.00,1702.00,1698.00
4103.00,4069.00,4074.00
4102.00,4103.00,4074.00
3650.00,3630.00,3599.00
6252.00,3650.00,3599.00
145.00,201.00,144.00
112.00,145.00,144.00
1817.00,1819.00,2034.00
498.00,6543.00,6336.00
518.00,498.00,6336.00
4066.00,4074.00,4054.00
4044.00,4066.00,4054.00
706.00,787.00,786.00
708.00,706.00,786.00
6190.00,762.00,5855.00
5581.00,5963.00,5051.00
5053.00,5581.00,5051.00
3553.00,3556.00,6268.00
3325.00,3553.00,6268.00
3378.00,3690.00,3684.00
2179.00,6463.00,2343.00
2426.00,2179.00,2343.00
6377.00,5376.00,6414.00
6502.00,6377.00,6414.00
1416.00,6381.00,1506.00
1243.00,1416.00,1506.00
6394.00,6229.00,6544.00
4253.00,6394.00,6545.00
962.00,898.00,966.00
1043.00,962.00,966.00
6408.00,5977.00,6334.00
6407.00,6408.00,6334.00
1266.00,1267.00,1259.00
1095.00,1266.00,1259.00
6411.00,5849.00,564.00
6478.00,6411.00,564.00
6407.00,6475.00,5814.00
6479.00,6407.00,5814.00
6504.00,3061.00,6459.00
919.00,927.00,827.00
899.00,919.00,827.00
1778.00,1779.00,1780.00
1894.00,1778.00,1780.00
1935.00,1933.00,1855.00
1857.00,1935.00,1855.00
2552.00,2298.00,2313.00
2718.00,2552.00,2313.00
3566.00,3567.00,3565.00
5924.00,3566.00,3565.00
1085.00,1073.00,1235.00
1083.00,1085.00,1235.00
4726.00,5938.00,4334.00
4725.00,4726.00,4334.00
1234.00,1141.00,1087.00
1242.00,1234.00,1087.00
2109.00,1964.00,1952.00
4149.00,4150.00,4553.00
3696.00,4362.00,6091.00
3684.00,3696.00,6091.00
2325.00,2591.00,2719.00
212.00,162.00,166.00
214.00,212.00,166.00
5756.00,6156.00,6051.00
681.00,620.00,518.00
622.00,681.00,518.00
2392.00,2257.00,2256.00
5080.00,5053.00,5051.00
4794.00,5080.00,5051.00
4709.00,4705.00,4932.00
4934.00,4709.00,4932.00
63.00,57.00,149.00
155.00,63.00,149.00
1130.00,910.00,1058.00
1132.00,1130.00,1058.00
3285.00,2485.00,2484.00
3463.00,3285.00,2484.00
4794.00,4646.00,4647.00
4041.00,4284.00,4043.00
4050.00,4041.00,4043.00
3810.00,3801.00,3803.00
3811.00,3810.00,3803.00
5767.00,5408.00,5374.00
5711.00,5767.00,5374.00
6056.00,5721.00,5704.00
5739.00,6056.00,5704.00
5865.00,1211.00,1132.00
1134.00,5865.00,1132.00
4554.00,4731.00,4732.00
4556.00,4554.00,4732.00
5889.00,6358.00,6048.00
2429.00,5889.00,6048.00
1251.00,1265.00,1250.00
5397.00,6445.00,6010.00
6487.00,5397.00,6010.00
6476.00,2748.00,6488.00
5101.00,4814.00,6491.00
6030.00,5101.00,6491.00
6443.00,1027.00,1051.00
1053.00,6443.00,1051.00
6444.00,2225.00,2223.00
2215.00,6444.00,2223.00
1399.00,1397.00,1398.00
2182.00,2361.00,2360.00
2113.00,2182.00,2360.00
5206.00,5581.00,5053.00
5055.00,5206.00,5053.00
2590.00,2425.00,2426.00
2343.00,2590.00,2426.00
2338.00,6053.00,2292.00
2321.00,2338.00,2292.00
2874.00,3553.00,3325.00
2873.00,2874.00,3325.00
5293.00,5374.00,5295.00
5144.00,5293.00,5295.00
19.00,16.00,17.00
5576.00,5200.00,5963.00
6050.00,5576.00,5963.00
3567.00,4083.00,4105.00
3577.00,3567.00,4105.00
2215.00,2130.00,1988.00
2369.00,2215.00,1988.00
3974.00,3805.00,3976.00
4253.00,3974.00,3976.00
5029.00,6494.00,5015.00
4804.00,6495.00,6049.00
6049.00,6495.00,6212.00
5127.00,6496.00,5281.00
6379.00,6498.00,4293.00
2101.00,6500.00,2091.00
3976.00,6501.00,6394.00
6067.00,6503.00,6355.00
6355.00,6503.00,6010.00
3052.00,6504.00,6412.00
4226.00,6505.00,3964.00
3964.00,6505.00,6382.00
5383.00,6506.00,5274.00
6145.00,6507.00,6453.00
559.00,6510.00,517.00
3674.00,6513.00,3052.00
3052.00,6513.00,6504.00
3619.00,6514.00,3900.00
5606.00,6515.00,6067.00
6067.00,6515.00,6503.00
2894.00,6516.00,6539.00
6354.00,6517.00,3956.00
3956.00,6517.00,4226.00
4077.00,6518.00,6531.00
6487.00,6519.00,6299.00
6299.00,6519.00,6009.00
4750.00,6520.00,4958.00
6324.00,6521.00,3592.00
3592.00,6521.00,5816.00
2365.00,6522.00,2119.00
3700.00,6525.00,3074.00
6474.00,6526.00,493.00
92.00,6528.00,71.00
1725.00,6529.00,1619.00
6174.00,6530.00,6497.00
5924.00,6531.00,3566.00
3566.00,6531.00,6518.00
5125.00,6532.00,6395.00
1756.00,6533.00,6191.00
4297.00,6534.00,6518.00
3923.00,6535.00,3684.00
6291.00,6536.00,6462.00
6422.00,6537.00,6384.00
6384.00,6537.00,1105.00
176.00,6538.00,182.00
182.00,6538.00,132.00
2913.00,6539.00,6145.00
6145.00,6539.00,6516.00
1634.00,6540.00,6542.00
1518.00,6540.00,1826.00
6400.00,6541.00,4000.00
4000.00,6541.00,4030.00
1518.00,6542.00,6540.00
437.00,6543.00,492.00
6394.00,6544.00,6545.00
5094.00,6545.00,6544.00
5236.00,6546.00,6486.00
4712.00,4898.00,4841.00
4876.00,4712.00,4841.00
4043.00,4287.00,6498.00
6495.00,4804.00,4802.00
6477.00,6495.00,4802.00
1618.00,1619.00,6529.00
1627.00,1618.00,6529.00
2963.00,3061.00,6513.00
5843.00,68.00,6528.00
92.00,5843.00,6528.00
6496.00,5127.00,5125.00
6395.00,6496.00,5125.00
3061.00,6234.00,6497.00
6459.00,3061.00,6497.00
5100.00,5228.00,6502.00
5232.00,5100.00,6502.00
2483.00,2392.00,2256.00
2247.00,2483.00,2256.00
1756.00,1673.00,6533.00
390.00,6336.00,6543.00
437.00,390.00,6543.00
1193.00,1277.00,1109.00
1120.00,1193.00,1109.00
6501.00,3976.00,3812.00
3815.00,6501.00,3812.00
6318.00,517.00,6510.00
5855.00,6318.00,6510.00
6507.00,6145.00,6516.00
6475.00,6507.00,6516.00
4424.00,4426.00,6541.00
6400.00,4424.00,6541.00
6225.00,6468.00,6530.00
6174.00,6225.00,6530.00
6501.00,3815.00,6477.00
4802.00,6501.00,6477.00
6350.00,6486.00,6508.00
4468.00,6350.00,6508.00
6510.00,559.00,675.00
6506.00,6395.00,6532.00
5274.00,6506.00,6532.00
4147.00,4149.00,6512.00
4191.00,4147.00,6512.00
2117.00,2119.00,6522.00
1979.00,2117.00,6522.00
6514.00,3619.00,3638.00
3611.00,6514.00,3638.00
6115.00,6471.00,6515.00
5606.00,6115.00,6515.00
6526.00,6490.00,492.00
493.00,6526.00,492.00
5236.00,5232.00,6509.00
5303.00,5236.00,6509.00
6519.00,6487.00,6511.00
6471.00,6519.00,6511.00
5651.00,5434.00,6496.00
6395.00,5651.00,6496.00
4196.00,3934.00,6523.00
3727.00,4196.00,6523.00
6521.00,6413.00,3623.00
5816.00,6521.00,3623.00
4351.00,4583.00,6512.00
4149.00,4351.00,6512.00
6358.00,6488.00,2748.00
5892.00,6358.00,2748.00
6122.00,6453.00,6507.00
6334.00,6122.00,6507.00
5977.00,6205.00,6499.00
6405.00,5977.00,6499.00
3532.00,4043.00,6498.00
6379.00,3532.00,6498.00
2108.00,6191.00,6533.00
1964.00,2108.00,6533.00
5901.00,2959.00,6536.00
6291.00,5901.00,6536.00
5841.00,5588.00,6527.00
6248.00,5841.00,6527.00
4678.00,4293.00,6498.00
4675.00,4678.00,6498.00
6205.00,6485.00,6499.00
6485.00,4771.00,6499.00
6386.00,654.00,6526.00
6474.00,6386.00,6526.00
2051.00,2091.00,6500.00
1935.00,2051.00,6500.00
2107.00,2071.00,6500.00
2101.00,2107.00,6500.00
5222.00,5094.00,6544.00
5227.00,5222.00,6544.00
5924.00,6268.00,6531.00
747.00,637.00,6510.00
675.00,747.00,6510.00
6223.00,6248.00,6527.00
6465.00,6223.00,6527.00
4494.00,4864.00,6534.00
4297.00,4494.00,6534.00
3016.00,2742.00,6535.00
3923.00,3016.00,6535.00
1156.00,6184.00,6537.00
6422.00,1156.00,6537.00
87.00,86.00,6538.00
176.00,87.00,6538.00
6539.00,2913.00,2884.00
4101.00,3900.00,6514.00
3612.00,4101.00,6514.00
4750.00,4981.00,6520.00
5166.00,5376.00,6520.00
4981.00,5166.00,6520.00
4692.00,4084.00,6534.00
4864.00,4692.00,6534.00
6538.00,86.00,5844.00
132.00,6538.00,5844.00
630.00,5855.00,762.00
631.00,630.00,762.00
1450.00,1460.00,6542.00
1518.00,1450.00,6542.00
6051.00,6050.00,5756.00
1884.00,1960.00,1975.00
1886.00,1884.00,1975.00
5523.00,5840.00,6524.00
5094.00,4647.00,6545.00
6546.00,5236.00,5238.00
4856.00,6546.00,5238.00
3193.00,6412.00,6504.00
6459.00,3193.00,6504.00
6502.00,6414.00,6509.00
5232.00,6502.00,6509.00
6508.00,6486.00,6546.00
4825.00,6508.00,6546.00
6523.00,3934.00,6525.00
3700.00,6523.00,6525.00
6518.00,6534.00,4084.00
3566.00,6518.00,4084.00
6505.00,4226.00,6517.00
3767.00,6505.00,6517.00
1377.00,1383.00,1209.00
6462.00,3164.00,3138.00
6291.00,6462.00,3138.00
5516.00,5545.00,5185.00
5517.00,5516.00,5185.00
1458.00,1431.00,1327.00
2961.00,2959.00,6324.00
5188.00,5190.00,6524.00
5748.00,5188.00,6524.00
1568.00,1684.00,1767.00
1674.00,1568.00,1767.00
5971.00,6439.00,6524.00
5840.00,5971.00,6524.00
2540.00,2541.00,2528.00
2525.00,2540.00,2528.00
388.00,287.00,232.00
286.00,388.00,232.00
287.00,230.00,191.00
232.00,287.00,191.00
493.00,492.00,6543.00
498.00,493.00,6543.00
637.00,643.00,5855.00
6510.00,637.00,5855.00
1779.00,1778.00,1773.00
1777.00,1779.00,1773.00
2485.00,2483.00,2481.00
2484.00,2485.00,2481.00
2558.00,2537.00,2539.00
2560.00,2558.00,2539.00
2568.00,2558.00,2560.00
2559.00,2568.00,2560.00
2843.00,3306.00,3304.00
2841.00,2843.00,3304.00
2885.00,2894.00,6539.00
2884.00,2885.00,6539.00
4551.00,4554.00,4553.00
4150.00,4551.00,4553.00
4576.00,4742.00,4725.00
4566.00,4576.00,4725.00
4684.00,4841.00,4814.00
4812.00,4684.00,4814.00
3314.00,2859.00,2862.00
3316.00,3314.00,2862.00
3494.00,3292.00,5978.00
3839.00,3494.00,5978.00
3479.00,3453.00,3274.00
3476.00,3479.00,3274.00
872.00,1015.00,1107.00
5864.00,872.00,1107.00
1017.00,1109.00,1108.00
1016.00,1017.00,1108.00
2324.00,6417.00,2102.00
2325.00,2324.00,2102.00
3697.00,4196.00,4364.00
2807.00,3285.00,3837.00
5978.00,2807.00,3837.00
6494.00,5029.00,5188.00
5477.00,6494.00,5188.00
3524.00,2850.00,2847.00
2845.00,3524.00,2847.00
1253.00,1087.00,1078.00
1436.00,1330.00,1450.00
1518.00,1436.00,1450.00
5274.00,5272.00,5384.00
5383.00,5274.00,5384.00
6114.00,4643.00,5048.00
2447.00,6322.00,6522.00
2365.00,2447.00,6522.00
4585.00,4584.00,4583.00
4351.00,4585.00,4583.00
2623.00,2568.00,2569.00
2602.00,2623.00,2569.00
2910.00,2906.00,3336.00
3612.00,2910.00,3336.00
3577.00,2923.00,2903.00
3565.00,3577.00,2903.00
3319.00,2868.00,2863.00
3317.00,3319.00,2863.00
5111.00,5241.00,4861.00
5114.00,5111.00,4861.00
1243.00,1506.00,1502.00
1404.00,1243.00,1502.00
1023.00,871.00,865.00
872.00,1023.00,865.00
1303.00,1299.00,1377.00
1209.00,1303.00,1377.00
4108.00,3336.00,3337.00
3892.00,4108.00,3337.00
2225.00,2232.00,2005.00
2223.00,2225.00,2005.00
1594.00,1700.00,1793.00
1595.00,1594.00,1793.00
579.00,646.00,693.00
6297.00,579.00,693.00
6162.00,6499.00,4771.00
5992.00,6162.00,4771.00
1857.00,1817.00,2034.00
2051.00,1857.00,2034.00
1449.00,1458.00,1329.00
5798.00,1449.00,1329.00
2591.00,2325.00,2425.00
2590.00,2591.00,2425.00
491.00,599.00,606.00
605.00,491.00,606.00
3267.00,3257.00,3801.00
3809.00,3267.00,3801.00
2760.00,2660.00,2457.00
2661.00,2760.00,2457.00
3418.00,3778.00,6382.00
3767.00,3418.00,6382.00
6154.00,1634.00,6542.00
1460.00,6154.00,6542.00
5039.00,5045.00,5198.00
5194.00,5039.00,5198.00
5029.00,5032.00,5190.00
5188.00,5029.00,5190.00
4987.00,4989.00,5169.00
5168.00,4987.00,5169.00
5415.00,6183.00,6137.00
5712.00,5415.00,6137.00
3488.00,3835.00,6400.00
4000.00,3488.00,6400.00
6018.00,6399.00,6190.00
6515.00,6471.00,6511.00
6503.00,6515.00,6511.00
1647.00,6154.00,6420.00
6364.00,1647.00,6420.00
5425.00,5477.00,5748.00
5660.00,5425.00,5748.00
4030.00,3841.00,3839.00
4000.00,4030.00,3839.00
1395.00,1397.00,6388.00
3268.00,2767.00,2779.00
3276.00,3268.00,2779.00
5658.00,5704.00,5632.00
5327.00,5658.00,5632.00
769.00,818.00,899.00
2560.00,2847.00,2850.00
2856.00,2560.00,2850.00
165.00,124.00,169.00
168.00,165.00,169.00
161.00,165.00,170.00
166.00,161.00,170.00
637.00,747.00,760.00
691.00,637.00,760.00
51.00,50.00,2.00
1.00,51.00,2.00
348.00,300.00,301.00
347.00,348.00,301.00
615.00,606.00,601.00
607.00,615.00,601.00
4319.00,4101.00,4100.00
4314.00,4319.00,4100.00
152.00,151.00,155.00
149.00,152.00,155.00
3815.00,3436.00,3247.00
5988.00,3815.00,3247.00
6461.00,1477.00,1336.00
1193.00,6461.00,1336.00
2498.00,2501.00,2499.00
2497.00,2498.00,2499.00
6309.00,529.00,528.00
582.00,6309.00,528.00
6156.00,5971.00,5840.00
6051.00,6156.00,5840.00
1665.00,1541.00,1568.00
1674.00,1665.00,1568.00
2408.00,2282.00,2069.00
2410.00,2408.00,2069.00
788.00,841.00,933.00
843.00,788.00,933.00
6173.00,5626.00,5345.00
5343.00,6173.00,5345.00
3511.00,3300.00,2832.00
2830.00,3511.00,2832.00
2712.00,2853.00,2852.00
2710.00,2712.00,2852.00
2170.00,2169.00,2101.00
2091.00,2170.00,2101.00
1066.00,1067.00,1134.00
1058.00,1066.00,1134.00
3539.00,4061.00,4071.00
3863.00,3539.00,4071.00
5200.00,5048.00,4643.00
5051.00,5200.00,4643.00
3725.00,3724.00,4192.00
3939.00,3725.00,4192.00
4937.00,4733.00,4557.00
4732.00,4937.00,4557.00
6357.00,3138.00,3418.00
3767.00,6357.00,3418.00
4362.00,3696.00,3697.00
4364.00,4362.00,3697.00
210.00,250.00,236.00
2210.00,2180.00,2108.00
2109.00,2210.00,2108.00
1108.00,1277.00,1171.00
1110.00,1108.00,1171.00
1225.00,1250.00,1263.00
123.00,71.00,6528.00
70.00,123.00,6528.00
1829.00,1655.00,6529.00
1725.00,1829.00,6529.00
6463.00,2179.00,2315.00
5891.00,6463.00,2315.00
5321.00,5655.00,6445.00
6410.00,5321.00,6445.00
3964.00,6382.00,5933.00
6127.00,3964.00,5933.00
1591.00,1608.00,1607.00
6388.00,1591.00,1607.00
6229.00,6394.00,6501.00
4802.00,6229.00,6501.00
2388.00,6432.00,2264.00
2394.00,2388.00,2264.00
3390.00,3697.00,3696.00
3690.00,3390.00,3696.00
739.00,744.00,6467.00
3075.00,2748.00,6476.00
3074.00,3075.00,6476.00
4201.00,4196.00,3727.00
4204.00,4201.00,3727.00
2712.00,2552.00,2876.00
2859.00,2712.00,2876.00
1688.00,1578.00,1692.00
1772.00,1688.00,1692.00
928.00,827.00,927.00
931.00,928.00,927.00
1621.00,1709.00,1809.00
1810.00,1621.00,1809.00
2140.00,2014.00,1914.00
2021.00,2140.00,1914.00
2040.00,2049.00,1927.00
2056.00,2040.00,1927.00
3317.00,2863.00,2559.00
2856.00,3317.00,2559.00
4531.00,4558.00,4344.00
4346.00,4531.00,4344.00
2410.00,2069.00,2068.00
2078.00,2410.00,2068.00
3541.00,3551.00,3866.00
4066.00,3541.00,3866.00
4707.00,5123.00,6532.00
5125.00,4707.00,6532.00
1901.00,1700.00,1589.00
5876.00,1901.00,1589.00
1994.00,1985.00,6322.00
1988.00,1994.00,6322.00
3394.00,3700.00,3074.00
6179.00,3394.00,3074.00
3452.00,2810.00,2821.00
5923.00,3452.00,2821.00
1960.00,1884.00,1767.00
1765.00,1960.00,1767.00
273.00,363.00,383.00
381.00,273.00,383.00
6197.00,3516.00,3515.00
3513.00,6197.00,3515.00
1798.00,1785.00,1777.00
1698.00,1798.00,1777.00
3431.00,3228.00,3210.00
3214.00,3431.00,3210.00
6425.00,357.00,5793.00
459.00,6425.00,5793.00
4320.00,4103.00,3880.00
4117.00,4320.00,3880.00
5779.00,5663.00,5408.00
5767.00,5779.00,5408.00
3556.00,4077.00,6531.00
6268.00,3556.00,6531.00
1086.00,1092.00,1253.00
1078.00,1086.00,1253.00
1859.00,1848.00,1732.00
1858.00,1859.00,1732.00
5759.00,5756.00,6050.00
5675.00,5759.00,6050.00
763.00,762.00,6190.00
6399.00,763.00,6190.00
2604.00,6035.00,3340.00
2888.00,2604.00,3340.00
654.00,706.00,644.00
645.00,654.00,644.00
318.00,367.00,344.00
316.00,318.00,344.00
5696.00,5699.00,6173.00
5622.00,5696.00,6173.00
644.00,706.00,708.00
693.00,644.00,708.00
1271.00,1335.00,1272.00
1270.00,1271.00,1272.00
201.00,145.00,210.00
236.00,201.00,210.00
3630.00,3647.00,2961.00
6324.00,3630.00,2961.00
2982.00,3016.00,3922.00
2983.00,2982.00,3922.00
4704.00,4515.00,4513.00
4514.00,4704.00,4513.00
907.00,899.00,818.00
761.00,907.00,818.00
3582.00,3579.00,3344.00
3621.00,3582.00,3344.00
4145.00,4150.00,4149.00
4147.00,4145.00,4149.00
31.00,17.00,68.00
5843.00,31.00,68.00
2456.00,2388.00,2502.00
2487.00,2456.00,2502.00
3906.00,4153.00,4118.00
4117.00,3906.00,4118.00
1586.00,1578.00,1498.00
1502.00,1586.00,1498.00
1215.00,1208.00,1209.00
1307.00,1215.00,1209.00
385.00,335.00,299.00
293.00,385.00,299.00
2151.00,2249.00,2256.00
2260.00,2151.00,2256.00
30.00,18.00,19.00
31.00,30.00,19.00
1072.00,1051.00,1208.00
1214.00,1072.00,1208.00
1920.00,1922.00,2037.00
2031.00,1920.00,2037.00
2877.00,2719.00,2888.00
2886.00,2877.00,2888.00
4367.00,4594.00,4752.00
4755.00,4367.00,4752.00
4102.00,3569.00,3579.00
3880.00,4102.00,3579.00
1042.00,6467.00,744.00
962.00,1042.00,744.00
4923.00,6446.00,4550.00
4726.00,4923.00,4550.00
6386.00,6474.00,802.00
800.00,6386.00,802.00
1818.00,1817.00,1821.00
1815.00,1818.00,1821.00
6405.00,6457.00,3726.00
6122.00,6405.00,3726.00
1027.00,6443.00,891.00
1025.00,1027.00,891.00
5873.00,6466.00,1388.00
1383.00,5873.00,1388.00
168.00,217.00,259.00
258.00,168.00,259.00
5081.00,5080.00,4794.00
4647.00,5081.00,4794.00
2669.00,2773.00,2227.00
6444.00,2669.00,2227.00
4958.00,6520.00,5376.00
6377.00,4958.00,5376.00
2315.00,2301.00,6489.00
1627.00,6529.00,1655.00
1663.00,1627.00,1655.00
6521.00,6324.00,2959.00
6413.00,6521.00,2959.00
3539.00,3546.00,3319.00
3531.00,3539.00,3319.00
4744.00,4586.00,4589.00
4750.00,4744.00,4589.00
6530.00,3214.00,6459.00
6497.00,6530.00,6459.00
2005.00,2009.00,1807.00
6417.00,1943.00,5880.00
2102.00,6417.00,5880.00
775.00,769.00,899.00
827.00,775.00,899.00
2028.00,2019.00,2013.00
2237.00,2028.00,2013.00
33.00,39.00,104.00
101.00,33.00,104.00
1811.00,2009.00,2011.00
2018.00,1811.00,2011.00
6169.00,4762.00,5020.00
4369.00,6169.00,5020.00
1270.00,1235.00,1225.00
1263.00,1270.00,1225.00
2338.00,2321.00,2322.00
2339.00,2338.00,2322.00
5656.00,5405.00,6031.00
5662.00,5656.00,6031.00
6472.00,5015.00,6494.00
6183.00,6472.00,6494.00
3162.00,3695.00,3937.00
3721.00,3162.00,3937.00
1083.00,1235.00,1266.00
1095.00,1083.00,1266.00
2501.00,3292.00,2696.00
2507.00,2501.00,2696.00
6114.00,6127.00,4642.00
4643.00,6114.00,4642.00
597.00,481.00,473.00
5854.00,597.00,473.00
5140.00,4932.00,4705.00
4875.00,5140.00,4705.00
6535.00,6157.00,3378.00
3684.00,6535.00,3378.00
2111.00,2113.00,1970.00
6191.00,2111.00,1970.00
2023.00,6432.00,2140.00
2021.00,2023.00,2140.00
2718.00,2324.00,2325.00
2719.00,2718.00,2325.00
4516.00,4517.00,4489.00
4476.00,4516.00,4489.00
1927.00,1728.00,6346.00
2056.00,1927.00,6346.00
5738.00,5662.00,5511.00
5760.00,5738.00,5511.00
1483.00,1289.00,1362.00
1482.00,1483.00,1362.00
5974.00,2077.00,2093.00
2076.00,5974.00,2093.00
3518.00,6036.00,3476.00
5923.00,3518.00,3476.00
1859.00,1936.00,1931.00
1848.00,1859.00,1931.00
1886.00,1975.00,2109.00
1952.00,1886.00,2109.00
5798.00,1251.00,1395.00
6388.00,5798.00,1395.00
1498.00,1302.00,1204.00
5865.00,1498.00,1204.00
4252.00,4253.00,6545.00
4647.00,4252.00,6545.00
601.00,599.00,667.00
603.00,601.00,667.00
6462.00,5908.00,6412.00
3164.00,6462.00,6412.00
2350.00,6489.00,2301.00
6053.00,2350.00,2301.00
5787.00,5743.00,6209.00
5745.00,5787.00,6209.00
4250.00,3973.00,4229.00
4401.00,4250.00,4229.00
2395.00,2263.00,2255.00
2257.00,2395.00,2255.00
2962.00,3359.00,6301.00
6308.00,2962.00,6301.00
111.00,53.00,47.00
49.00,111.00,47.00
6453.00,6122.00,3394.00
6000.00,6453.00,3394.00
2107.00,2179.00,2426.00
6135.00,2107.00,2426.00
175.00,219.00,215.00
262.00,175.00,215.00
1894.00,1975.00,1974.00
1778.00,1894.00,1974.00
2211.00,2218.00,2214.00
2180.00,2211.00,2214.00
189.00,227.00,177.00
178.00,189.00,177.00
1842.00,1834.00,1726.00
1728.00,1842.00,1726.00
1556.00,1555.00,1551.00
1549.00,1556.00,1551.00
4563.00,4545.00,4333.00
4543.00,4563.00,4333.00
4591.00,4597.00,4990.00
4981.00,4591.00,4990.00
1799.00,5801.00,1780.00
1785.00,1799.00,1780.00
146.00,141.00,110.00
105.00,146.00,110.00
138.00,139.00,137.00
136.00,138.00,137.00
137.00,105.00,37.00
102.00,137.00,37.00
2756.00,2658.00,2759.00
2758.00,2756.00,2759.00
1475.00,1546.00,1670.00
1548.00,1475.00,1670.00
4524.00,4515.00,4551.00
4150.00,4524.00,4551.00
5055.00,5081.00,5220.00
5206.00,5055.00,5220.00
941.00,713.00,5854.00
5859.00,941.00,5854.00
891.00,889.00,733.00
871.00,891.00,733.00
3313.00,3531.00,3319.00
3317.00,3313.00,3319.00
1459.00,6267.00,6419.00
1458.00,1459.00,6419.00
4224.00,3777.00,3749.00
4367.00,4224.00,3749.00
1397.00,1395.00,1393.00
1398.00,1397.00,1393.00
4229.00,3776.00,3777.00
4224.00,4229.00,3777.00
5660.00,5748.00,5749.00
5719.00,5660.00,5749.00
5289.00,5612.00,5292.00
5140.00,5289.00,5292.00
6148.00,6209.00,5774.00
6325.00,6148.00,5774.00
5281.00,6496.00,5434.00
5321.00,5281.00,5434.00
6439.00,5749.00,5748.00
6524.00,6439.00,5748.00
6513.00,3674.00,3359.00
2963.00,6513.00,3359.00
6475.00,6516.00,6134.00
5814.00,6475.00,6134.00
3.00,17.00,16.00
10.00,3.00,16.00
1872.00,6533.00,1673.00
1741.00,1872.00,1673.00
5432.00,6506.00,5383.00
5731.00,5432.00,5383.00
5523.00,6524.00,5190.00
5035.00,5523.00,5190.00
1223.00,1251.00,1250.00
1221.00,1223.00,1250.00
2310.00,2321.00,2293.00
2415.00,2310.00,2293.00
1458.00,1327.00,1328.00
1329.00,1458.00,1328.00
2169.00,2170.00,2171.00
2301.00,2169.00,2171.00
480.00,491.00,496.00
489.00,480.00,496.00
3024.00,3378.00,6157.00
5904.00,3024.00,6157.00
2242.00,2140.00,6432.00
2243.00,2242.00,6432.00
643.00,775.00,6018.00
6190.00,643.00,6018.00
5343.00,5953.00,5622.00
6173.00,5343.00,5622.00
1762.00,1761.00,1884.00
1886.00,1762.00,1884.00
5194.00,5576.00,6051.00
5840.00,5194.00,6051.00
6326.00,6332.00,6457.00
6162.00,6326.00,6457.00
256.00,6372.00,529.00
5793.00,256.00,529.00
5646.00,5635.00,5749.00
6439.00,5646.00,5749.00
1663.00,1735.00,1858.00
1732.00,1663.00,1858.00
1871.00,1655.00,1829.00
1864.00,1871.00,1829.00
5321.00,6410.00,5130.00
5281.00,5321.00,5130.00
1815.00,1821.00,1725.00
1619.00,1815.00,1725.00
2187.00,2117.00,1883.00
1970.00,2187.00,1883.00
105.00,108.00,112.00
146.00,105.00,112.00
2000.00,2005.00,1807.00
1795.00,2000.00,1807.00
2023.00,2031.00,2264.00
6432.00,2023.00,2264.00
62.00,3.00,4.00
55.00,62.00,4.00
775.00,643.00,691.00
769.00,775.00,691.00
3214.00,6468.00,3232.00
3431.00,3214.00,3232.00
1392.00,1393.00,1395.00
1223.00,1392.00,1395.00
3750.00,6523.00,3700.00
3726.00,3750.00,3700.00
6386.00,787.00,706.00
654.00,6386.00,706.00
1795.00,1809.00,1595.00
1793.00,1795.00,1595.00
3531.00,2851.00,3310.00
3532.00,3531.00,3310.00
2394.00,2264.00,2038.00
2398.00,2394.00,2038.00
1608.00,1595.00,1709.00
1618.00,1608.00,1709.00
