69.73,73.34,13.80
69.66,73.48,13.67
69.56,73.63,13.85
69.56,73.64,14.08
69.64,73.42,14.01
69.69,73.48,14.18
69.66,73.71,13.60
69.54,74.04,13.77
69.69,74.08,13.56
69.54,73.96,14.03
69.66,73.79,14.24
69.59,74.34,13.73
69.77,74.41,13.61
69.57,74.32,13.95
69.66,74.19,14.19
69.68,74.54,13.87
69.68,74.48,14.09
69.95,73.18,13.74
69.90,73.40,13.56
69.92,73.20,14.09
69.88,73.52,14.34
69.95,73.73,13.44
69.98,74.09,13.43
69.83,73.94,14.39
70.06,74.46,13.52
69.81,74.36,14.30
69.86,74.66,13.79
69.81,74.63,14.09
70.40,72.10,13.18
70.33,72.26,13.05
70.22,72.22,13.25
70.24,72.19,13.46
70.30,72.06,13.36
70.38,72.09,13.51
70.27,72.41,13.12
70.45,72.43,12.99
70.25,72.52,13.47
70.39,72.31,13.64
70.39,72.59,13.16
70.36,72.70,13.34
70.31,72.84,13.54
70.19,72.78,13.88
70.40,72.59,13.89
70.22,72.84,14.15
70.30,72.74,14.10
70.36,72.82,14.22
70.09,73.00,13.81
70.25,73.13,13.56
70.11,72.94,14.06
70.33,72.98,14.27
70.29,73.43,13.43
70.08,73.62,14.57
70.23,73.25,14.46
70.25,73.51,14.73
70.30,73.35,14.65
70.41,73.35,14.78
70.30,73.75,13.37
70.15,73.86,14.81
70.37,73.55,14.91
70.33,74.07,13.40
69.97,74.12,14.55
70.28,73.85,15.08
70.13,74.22,15.11
70.20,74.28,15.35
70.25,74.06,15.27
70.33,74.15,15.41
70.36,74.35,13.46
69.94,74.57,14.42
70.03,74.36,14.78
70.07,74.80,13.72
70.29,74.70,13.52
69.99,74.82,14.08
70.03,74.85,14.42
70.03,74.75,14.70
70.07,74.65,15.03
70.15,74.57,15.31
70.32,74.44,15.48
70.23,74.95,13.68
70.42,74.99,13.60
70.16,75.01,13.93
70.14,75.03,14.28
70.13,75.02,14.62
70.13,74.98,14.95
70.18,74.92,15.24
70.33,74.82,15.47
70.35,75.12,13.83
70.32,75.18,14.14
70.30,75.20,14.50
70.29,75.21,14.85
70.30,75.19,15.16
70.35,75.11,15.38
70.62,72.11,13.20
70.55,72.25,13.04
70.51,72.05,13.37
70.59,72.20,13.54
70.66,72.42,13.01
70.62,72.48,13.74
70.59,72.57,13.06
70.58,72.71,13.33
70.54,72.95,13.51
70.63,72.67,13.95
70.50,72.74,14.13
70.58,72.87,14.20
70.65,73.18,13.53
70.70,72.98,14.26
70.59,73.49,13.41
70.69,73.07,14.47
70.58,73.21,14.73
70.58,73.35,14.94
70.65,73.73,13.42
70.54,73.50,15.05
70.68,74.05,13.53
70.43,73.66,15.09
70.43,73.87,15.28
70.59,74.12,15.49
70.60,74.46,13.55
70.54,74.79,13.51
70.60,74.60,15.62
70.71,75.01,13.57
70.60,75.07,15.61
70.59,75.18,13.76
70.50,75.25,14.01
70.53,75.33,14.35
70.48,75.36,14.75
70.49,75.36,15.08
70.53,75.29,15.35
70.74,72.29,13.16
70.70,72.17,13.35
70.73,72.51,13.15
70.75,72.44,13.43
70.75,72.81,13.71
70.70,72.80,14.04
70.91,73.12,13.72
70.86,72.98,14.01
71.10,73.23,13.84
70.91,73.41,13.55
71.02,73.09,14.22
71.07,73.08,14.50
70.98,73.11,14.76
70.74,73.44,15.19
70.92,73.23,15.05
70.93,73.54,15.39
71.02,73.36,15.30
71.30,73.51,15.47
71.01,73.74,13.58
70.56,73.62,15.19
70.69,73.72,15.35
70.94,73.83,15.51
70.84,74.19,13.81
70.99,73.99,13.77
71.00,74.09,13.99
70.97,74.18,14.06
71.07,74.14,14.12
70.83,74.43,13.72
70.95,74.31,13.96
71.05,74.24,14.14
70.92,74.23,15.64
71.04,74.48,13.78
70.84,74.71,13.56
71.07,74.35,14.03
70.74,74.84,15.82
70.86,74.55,15.78
70.85,74.84,15.97
70.88,74.70,15.91
70.98,74.72,16.01
71.06,74.99,13.57
70.75,75.05,15.80
70.85,75.00,15.92
71.01,74.88,16.05
70.91,75.20,13.73
70.75,75.33,14.03
70.95,75.46,14.18
70.75,75.46,14.36
70.67,75.48,14.67
70.67,75.49,15.00
70.73,75.46,15.28
70.80,75.36,15.53
70.92,75.21,15.80
71.03,75.07,16.00
70.88,75.56,14.38
71.05,75.62,14.29
70.81,75.60,14.61
70.81,75.62,14.91
70.87,75.60,15.20
70.95,75.54,15.44
70.95,75.71,14.53
70.93,75.76,14.82
70.98,75.74,15.13
71.03,75.67,15.35
71.31,73.38,13.80
71.19,73.49,13.65
71.34,73.26,14.08
71.28,73.14,14.38
71.34,73.13,14.68
71.31,73.17,15.02
71.23,73.26,15.27
71.31,73.72,13.63
71.23,73.92,13.74
71.15,74.08,13.99
71.16,74.20,14.13
71.28,73.90,15.66
71.15,74.29,14.11
71.17,74.18,15.73
71.28,74.46,13.70
71.26,74.69,13.56
71.19,74.37,13.93
71.05,74.37,15.76
71.07,74.52,15.91
71.24,74.63,16.08
71.44,74.98,13.56
71.29,74.96,16.12
71.26,75.20,13.71
71.09,75.34,13.93
71.23,75.48,14.10
71.05,75.45,15.66
71.17,75.38,15.84
71.21,75.22,15.99
71.32,75.71,14.22
71.14,75.64,15.55
71.12,75.85,14.44
71.06,75.91,14.73
71.09,75.91,15.07
71.13,75.81,15.37
71.39,73.55,13.71
71.48,73.44,13.90
71.58,73.38,14.14
71.58,73.26,14.44
71.49,73.73,13.68
71.58,73.62,13.81
71.69,73.54,14.03
71.30,74.11,13.89
71.48,74.00,13.68
71.70,73.85,13.75
71.77,73.70,13.93
71.24,74.16,14.05
71.37,74.10,15.84
71.59,73.87,15.80
71.64,73.67,15.63
71.48,74.15,15.99
71.56,74.00,15.93
71.63,74.07,16.04
71.35,74.27,13.79
71.53,74.38,13.59
71.25,74.25,14.02
71.20,74.31,15.83
71.32,74.34,15.97
71.56,74.31,16.11
71.64,74.71,13.53
71.57,74.64,16.21
71.76,74.96,13.60
71.59,74.90,16.23
71.61,75.16,13.71
71.44,75.32,13.90
71.55,75.45,14.06
71.26,75.56,15.78
71.37,75.43,15.97
71.51,75.20,16.14
71.63,75.62,14.13
71.29,75.83,15.67
71.43,75.68,15.93
71.57,75.51,16.11
71.31,76.02,14.37
71.56,75.93,14.20
71.22,76.09,14.64
71.21,76.10,14.98
71.26,76.05,15.38
71.37,76.07,15.69
71.46,75.95,15.91
71.59,75.81,16.10
71.47,76.19,14.34
71.69,76.22,14.26
71.39,76.26,14.55
71.37,76.29,14.87
71.39,76.28,15.23
71.43,76.26,15.58
71.49,76.20,15.86
71.60,76.09,16.07
71.60,76.37,14.47
71.57,76.44,14.75
71.57,76.45,15.10
71.56,76.44,15.46
71.57,76.39,15.78
71.61,76.30,16.00
71.87,73.37,14.63
71.80,73.45,14.32
71.69,73.26,14.90
71.56,73.30,15.26
71.77,73.48,15.43
71.98,73.68,14.23
71.97,73.61,15.53
71.91,73.99,13.78
71.76,74.12,13.65
71.93,73.86,13.94
71.94,73.75,15.75
71.76,73.92,15.94
71.84,74.07,16.09
71.85,74.43,13.59
71.87,74.33,16.22
71.93,74.74,13.61
71.88,74.64,16.32
71.96,74.95,13.68
71.76,75.01,16.30
71.86,75.10,13.73
71.80,75.22,13.90
71.92,75.33,14.06
71.73,75.33,16.27
71.87,75.65,14.11
71.74,75.65,16.26
71.88,75.97,14.14
71.74,75.96,16.25
71.99,76.24,14.22
71.73,76.25,16.19
71.85,76.42,14.42
71.76,76.50,14.64
71.80,76.58,14.96
71.74,76.59,15.35
71.71,76.56,15.70
71.72,76.46,16.00
72.03,73.53,14.55
72.01,73.44,14.90
71.88,73.38,15.19
72.14,73.66,14.50
72.20,73.62,14.78
72.12,73.55,15.22
72.00,74.22,13.74
72.09,74.07,13.93
72.16,73.94,14.15
72.31,73.83,14.50
72.46,73.73,15.02
72.30,73.68,15.51
72.25,73.76,15.79
72.06,73.88,15.96
72.16,74.06,16.13
72.08,74.53,13.74
72.20,74.35,13.92
72.29,74.22,14.10
72.26,74.30,16.30
72.08,74.83,13.78
72.21,74.69,13.93
72.35,74.54,14.08
71.98,74.80,16.46
72.18,74.52,16.45
72.10,74.76,16.61
72.15,74.62,16.56
72.23,74.66,16.65
71.99,75.04,13.81
72.08,75.02,13.95
72.27,74.95,14.08
71.89,75.15,16.43
72.05,74.99,16.59
72.23,74.84,16.70
72.20,75.32,14.10
71.88,75.48,16.41
72.03,75.31,16.57
72.23,75.12,16.73
72.17,75.66,14.09
71.89,75.80,16.41
72.03,75.63,16.57
72.21,75.45,16.73
72.20,75.97,14.11
71.89,76.12,16.39
72.04,75.96,16.57
72.19,75.79,16.73
72.28,76.25,14.21
71.88,76.45,16.30
72.03,76.28,16.56
72.18,76.11,16.73
72.12,76.44,14.39
72.01,76.57,14.67
72.19,76.71,14.81
72.03,76.70,14.99
71.93,76.72,15.27
71.87,76.72,15.61
71.87,76.68,16.00
71.96,76.70,16.32
72.04,76.59,16.53
72.18,76.44,16.73
72.16,76.80,15.01
72.28,76.85,14.90
72.09,76.84,15.22
72.04,76.88,15.52
72.02,76.89,15.87
72.04,76.89,16.21
72.10,76.84,16.49
72.22,76.74,16.70
72.23,76.95,15.14
72.19,77.02,15.44
72.18,77.05,15.78
72.19,77.06,16.12
72.22,77.04,16.42
72.27,76.96,16.63
72.51,74.02,14.46
72.39,74.09,14.29
72.61,73.92,14.71
72.70,73.77,15.44
72.55,73.76,15.74
72.39,73.87,15.97
72.53,74.04,16.15
72.51,74.40,14.22
72.68,74.22,16.30
72.49,74.71,14.16
72.49,74.39,16.45
72.35,74.54,16.58
72.44,74.68,16.70
72.50,75.00,14.13
72.49,74.92,16.80
72.50,75.32,14.09
72.49,75.23,16.89
72.50,75.65,14.07
72.37,75.60,16.89
72.52,75.97,14.11
72.33,75.94,16.89
72.57,76.31,14.20
72.32,76.28,16.89
72.36,76.49,14.37
72.25,76.60,14.58
72.36,76.76,14.70
72.35,76.61,16.88
72.40,76.88,14.79
72.48,76.94,16.85
72.43,77.06,14.95
72.33,77.15,15.34
72.33,77.20,15.70
72.36,77.21,16.03
72.40,77.20,16.34
72.44,77.13,16.61
72.60,74.21,14.37
72.70,74.09,14.55
72.83,74.02,14.76
72.85,73.90,15.08
72.84,73.82,15.73
72.72,73.88,15.95
72.87,74.06,16.13
72.71,74.40,14.32
72.80,74.28,14.46
72.91,74.18,14.66
73.02,74.24,16.27
72.96,74.47,14.39
72.72,74.67,14.21
72.99,74.32,14.58
72.85,74.37,16.44
72.65,74.52,16.60
72.76,74.71,16.73
72.79,74.99,14.12
72.86,74.93,16.89
72.82,75.30,14.07
72.60,75.41,17.09
72.80,75.15,17.06
72.73,75.38,17.25
72.78,75.24,17.19
72.88,75.28,17.30
72.83,75.63,14.07
72.49,75.77,17.07
72.67,75.62,17.25
72.87,75.47,17.37
72.82,75.96,14.10
72.46,76.12,17.05
72.62,75.96,17.24
72.85,75.78,17.39
72.84,76.23,14.13
72.47,76.45,17.03
72.61,76.30,17.21
72.83,76.13,17.38
72.56,76.63,14.37
72.79,76.55,14.20
72.42,76.67,14.52
72.52,76.74,17.01
72.64,76.61,17.16
72.83,76.45,17.33
72.79,76.80,14.35
72.96,76.80,14.23
72.60,76.88,14.59
72.62,76.92,17.00
72.71,76.85,17.11
72.86,76.74,17.28
73.26,77.00,14.40
72.79,77.14,14.70
72.91,77.32,14.79
72.63,77.29,14.99
72.47,77.28,15.25
72.48,77.33,15.62
72.48,77.33,15.95
72.52,77.33,16.21
72.61,77.31,16.48
72.70,77.21,16.78
72.82,77.07,17.03
72.90,76.95,17.21
72.81,77.44,15.02
73.10,77.47,14.90
72.66,77.46,15.41
72.69,77.47,16.11
72.83,77.41,16.64
72.97,77.62,15.26
72.84,77.66,15.78
72.87,77.66,16.23
72.89,77.57,16.50
73.12,74.02,15.24
73.03,74.09,14.93
73.04,73.92,15.54
73.01,73.95,15.90
73.15,74.13,16.05
73.12,74.25,14.82
73.27,74.27,16.16
73.26,74.52,14.40
73.03,74.70,14.21
73.22,74.38,14.70
73.22,74.39,16.38
72.99,74.54,16.58
73.12,74.71,16.74
73.11,74.97,14.10
73.28,74.85,16.89
73.15,75.28,14.07
73.12,75.02,17.06
72.99,75.16,17.21
73.09,75.31,17.35
73.15,75.62,14.07
73.12,75.58,17.45
73.11,75.96,14.08
73.12,75.90,17.48
73.06,76.29,14.09
73.11,76.22,17.46
73.07,76.60,14.11
73.11,76.55,17.48
73.18,76.82,14.17
73.13,76.91,17.43
72.95,77.31,16.93
73.07,77.23,17.10
73.08,77.10,17.23
73.01,77.51,16.81
73.04,77.82,15.67
72.98,77.80,16.15
73.00,77.69,16.56
73.23,74.18,15.15
73.26,74.10,15.51
73.21,74.05,15.80
73.30,74.30,15.03
73.39,74.26,15.39
73.36,74.22,15.84
73.54,74.54,14.40
73.34,74.70,14.21
73.51,74.43,14.70
73.51,74.35,15.15
73.58,74.32,15.69
73.51,74.35,16.13
73.49,74.44,16.41
73.32,74.54,16.57
73.46,74.69,16.73
73.44,74.97,14.12
73.62,74.84,16.89
73.47,75.29,14.09
73.46,74.99,17.06
73.29,75.14,17.23
73.39,75.35,17.38
73.46,75.62,14.08
73.44,75.63,17.48
73.42,75.95,14.06
73.45,75.93,17.51
73.38,76.30,14.05
73.44,76.21,17.53
73.40,76.61,14.06
73.23,76.71,17.67
73.36,76.45,17.64
73.34,76.70,17.85
73.36,76.56,17.79
73.47,76.58,17.90
73.47,76.82,14.15
73.25,76.89,17.64
73.34,76.86,17.79
73.50,76.75,17.93
73.11,77.21,14.61
73.28,77.34,14.71
73.14,77.41,17.06
73.24,77.29,17.23
73.31,77.17,17.40
73.42,77.06,17.65
73.52,76.94,17.86
73.49,77.50,14.84
73.15,77.67,16.93
73.30,77.52,17.21
73.43,77.39,17.38
73.32,77.64,15.04
73.24,77.79,15.31
73.43,77.95,15.38
73.24,77.96,15.61
73.15,77.99,16.11
73.11,77.87,16.59
73.20,77.86,16.89
73.30,77.79,17.11
73.46,77.66,17.36
73.39,78.07,15.58
73.55,78.10,15.47
73.30,78.13,15.86
73.29,78.18,16.25
73.30,78.08,16.78
73.48,77.97,17.27
73.48,78.22,15.72
73.42,78.30,16.09
73.43,78.33,16.53
73.49,78.33,16.91
73.52,78.22,17.15
73.76,74.60,14.41
73.63,74.73,14.25
73.80,74.50,14.69
73.80,74.40,15.10
73.82,74.36,15.58
73.82,74.37,16.02
73.75,74.43,16.35
73.63,74.54,16.56
73.78,74.68,16.73
73.76,75.02,14.19
73.94,74.84,16.89
73.72,75.34,14.12
73.78,74.99,17.05
73.61,75.15,17.23
73.72,75.37,17.37
73.76,75.59,14.09
73.78,75.62,17.47
73.76,75.93,14.05
73.79,75.88,17.55
73.75,76.28,14.03
73.69,76.10,17.58
73.78,76.59,14.07
73.56,76.26,17.62
73.56,76.38,17.78
73.74,76.50,17.97
73.85,76.82,14.21
73.79,76.83,18.00
73.44,77.23,14.58
73.69,77.36,14.70
73.54,77.29,17.54
73.67,77.23,17.69
73.71,77.09,17.84
73.88,77.57,14.83
73.61,77.53,17.53
73.64,77.69,14.98
73.50,77.81,15.17
73.63,77.99,15.29
73.64,77.83,17.51
73.68,78.12,15.38
73.75,78.18,17.47
73.69,78.31,15.55
73.58,78.41,15.95
73.57,78.47,16.35
73.62,78.48,16.78
73.69,78.40,17.16
73.87,74.77,14.34
73.95,74.65,14.53
74.05,74.59,14.76
74.11,74.51,15.10
74.10,74.43,15.54
74.11,74.41,15.97
74.06,74.45,16.32
73.94,74.55,16.56
74.10,74.70,16.74
74.01,74.97,14.31
74.08,74.85,14.46
74.17,74.76,14.67
74.25,74.86,16.87
74.23,75.07,14.40
74.00,75.25,14.21
74.27,74.93,14.58
74.11,74.99,17.03
73.93,75.16,17.21
74.05,75.35,17.36
74.07,75.57,14.14
74.15,75.56,17.51
74.10,75.92,14.09
73.89,75.98,17.69
74.09,75.76,17.66
73.99,76.00,17.85
74.07,75.86,17.79
74.14,75.93,17.90
74.12,76.29,14.09
73.71,76.17,17.68
73.82,76.19,17.84
74.06,76.17,17.99
74.13,76.59,14.14
74.06,76.51,18.09
74.30,76.74,14.30
74.09,76.78,18.11
74.04,76.99,14.41
73.84,77.19,14.57
74.09,77.33,14.70
73.75,77.42,17.66
73.87,77.30,17.82
74.00,77.08,18.01
74.19,77.50,14.76
73.78,77.68,17.66
73.93,77.54,17.80
74.07,77.39,17.96
73.86,77.85,15.00
74.11,77.79,14.85
73.70,77.88,15.13
73.83,77.97,17.65
73.95,77.82,17.79
74.09,77.67,17.94
74.00,78.03,15.01
74.20,78.09,14.91
73.82,78.11,15.22
73.90,78.15,17.65
73.99,78.08,17.76
74.11,77.95,17.91
74.06,78.25,15.10
73.92,78.40,15.32
74.04,78.61,15.39
73.85,78.57,15.58
73.74,78.56,15.90
73.69,78.56,16.21
73.76,78.60,16.59
73.85,78.58,17.03
73.94,78.46,17.39
74.06,78.31,17.68
74.13,78.16,17.86
73.98,78.73,15.60
74.19,78.78,15.51
73.92,78.73,15.91
73.87,78.69,16.30
73.99,78.72,16.80
74.08,78.65,17.23
74.13,78.85,15.82
74.20,78.90,16.44
74.16,78.79,17.02
74.37,74.63,15.23
74.27,74.68,14.94
74.36,74.55,15.54
74.37,74.51,15.94
74.33,74.52,16.30
74.24,74.59,16.56
74.38,74.75,16.70
74.46,74.91,14.85
74.51,74.89,16.80
74.42,75.21,14.43
74.29,75.32,14.29
74.44,75.08,14.58
74.47,75.02,16.99
74.26,75.15,17.19
74.39,75.31,17.36
74.36,75.62,14.23
74.54,75.46,17.51
74.41,75.99,14.21
74.38,75.63,17.67
74.25,75.78,17.81
74.33,75.94,17.97
74.41,76.39,14.23
74.37,76.20,18.09
74.38,76.52,18.20
74.25,76.89,18.18
74.30,77.10,14.58
74.46,77.21,14.69
74.22,77.21,18.13
74.40,77.54,14.72
74.23,77.52,18.11
74.40,77.85,14.75
74.25,77.82,18.09
74.50,78.12,14.84
74.26,78.09,18.03
74.33,78.31,15.00
74.18,78.46,15.19
74.33,78.64,15.30
74.17,78.54,17.54
74.25,78.46,17.75
74.25,78.31,17.90
74.52,78.79,15.46
74.24,78.74,17.38
74.41,78.92,15.72
74.33,78.95,15.99
74.27,78.92,17.10
74.35,79.05,16.85
74.50,74.77,15.15
74.55,74.71,15.49
74.57,74.67,15.89
74.55,74.65,16.27
74.46,74.65,16.52
74.61,74.90,15.11
74.68,74.88,15.38
74.72,74.84,15.79
74.72,74.83,16.20
74.62,74.83,16.56
74.51,75.42,14.39
74.59,75.30,14.56
74.66,75.18,14.78
74.77,75.07,15.17
74.85,75.01,15.65
74.87,75.00,16.07
74.85,75.01,16.45
74.75,75.02,16.78
74.74,75.10,17.02
74.59,75.16,17.19
74.72,75.31,17.34
74.59,75.76,14.38
74.69,75.61,14.54
74.78,75.48,14.72
74.88,75.46,17.48
74.63,76.19,14.39
74.75,76.02,14.55
74.86,75.87,14.70
74.72,75.59,17.67
74.53,75.75,17.84
74.65,75.94,18.00
74.75,76.17,18.17
74.58,76.60,14.42
74.74,76.47,14.57
74.87,76.32,14.69
74.48,76.67,18.34
74.67,76.40,18.32
74.60,76.63,18.48
74.65,76.50,18.43
74.73,76.53,18.52
74.44,76.89,14.47
74.60,76.87,14.59
74.78,76.80,14.69
74.39,77.03,18.30
74.55,76.86,18.46
74.73,76.71,18.57
74.70,77.22,14.68
74.37,77.36,18.28
74.52,77.18,18.45
74.72,77.00,18.60
74.68,77.55,14.67
74.38,77.67,18.27
74.52,77.51,18.44
74.70,77.33,18.61
74.72,77.86,14.73
74.39,77.98,18.24
74.53,77.84,18.44
74.68,77.67,18.60
74.81,78.09,14.85
74.41,78.30,18.17
74.54,78.15,18.42
74.68,77.99,18.61
74.65,78.29,14.97
74.50,78.46,15.13
74.70,78.59,15.29
74.32,78.65,17.68
74.39,78.54,17.94
74.49,78.55,18.18
74.57,78.43,18.39
74.69,78.30,18.59
74.91,78.76,15.46
74.36,78.92,17.53
74.42,78.78,17.82
74.54,78.79,18.07
74.62,78.68,18.33
74.71,78.57,18.55
74.75,78.94,15.67
74.70,79.05,16.09
74.51,79.08,16.57
74.68,79.21,16.69
74.49,79.19,16.89
74.39,79.15,17.22
74.44,79.18,17.56
74.52,79.05,17.83
74.74,78.93,18.28
74.66,79.04,18.06
74.76,78.78,18.48
74.63,79.32,16.89
74.84,79.36,16.78
74.54,79.36,17.12
74.52,79.38,17.43
74.58,79.34,17.72
74.69,79.25,17.95
74.75,79.48,17.01
74.69,79.55,17.29
74.70,79.54,17.60
74.73,79.45,17.84
74.99,75.28,15.25
74.89,75.36,14.96
75.00,75.17,15.55
75.02,75.15,15.95
75.02,75.16,16.33
75.00,75.17,16.66
74.95,75.18,16.94
74.87,75.22,17.16
75.00,75.36,17.28
74.97,75.72,14.88
75.13,75.50,17.39
75.10,75.62,17.62
74.88,75.75,17.84
75.01,75.93,18.01
75.04,76.18,14.83
75.17,76.09,18.16
74.98,76.56,14.76
74.99,76.26,18.32
74.84,76.41,18.45
74.94,76.55,18.58
74.99,76.88,14.72
74.98,76.78,18.67
74.99,77.21,14.68
74.98,77.10,18.77
75.03,77.53,14.70
74.86,77.48,18.77
75.08,77.83,14.85
74.83,77.82,18.76
75.02,78.07,14.95
74.83,78.15,18.76
74.90,78.21,14.98
74.87,78.35,15.13
75.07,78.47,15.33
74.84,78.46,18.74
75.35,78.67,15.52
74.86,78.72,18.67
75.08,78.93,15.65
74.93,79.03,15.80
74.74,79.14,16.46
74.90,79.26,16.57
74.80,79.17,18.16
74.88,79.09,18.36
74.88,78.93,18.53
75.05,79.40,16.67
74.85,79.39,18.03
75.04,79.55,16.90
74.89,79.62,17.16
74.91,79.68,17.48
74.86,79.58,17.82
75.10,75.58,15.17
75.15,75.38,15.50
75.16,75.30,15.86
75.17,75.31,16.23
75.17,75.32,16.57
75.15,75.32,16.87
75.07,75.30,17.09
75.28,75.62,15.46
75.31,75.49,15.79
75.31,75.46,16.14
75.32,75.47,16.47
75.32,75.48,16.80
75.24,75.46,17.13
75.15,75.95,15.02
75.27,75.85,15.24
75.46,75.73,15.71
75.39,75.83,15.44
75.46,75.63,16.05
75.47,75.63,16.39
75.48,75.64,16.71
75.47,75.64,17.04
75.39,75.64,17.39
75.38,75.72,17.65
75.22,75.78,17.83
75.36,75.94,17.98
75.22,76.24,14.96
75.32,76.12,15.12
75.44,76.03,15.32
75.51,76.10,18.12
75.44,76.37,15.03
75.21,76.54,14.84
75.50,76.22,15.21
75.35,76.23,18.31
75.15,76.38,18.47
75.26,76.57,18.62
75.28,76.88,14.76
75.37,76.80,18.78
75.34,77.19,14.73
75.09,77.29,18.96
75.29,77.01,18.94
75.22,77.25,19.12
75.27,77.12,19.06
75.36,77.15,19.16
75.40,77.49,14.83
74.99,77.65,18.94
75.16,77.50,19.11
75.36,77.35,19.23
75.21,77.97,15.07
75.38,77.73,15.01
75.40,77.85,15.17
75.33,78.01,15.24
75.49,77.92,15.28
74.97,77.99,18.93
75.14,77.84,19.10
75.35,77.66,19.25
75.05,78.16,15.07
75.16,78.19,15.21
75.41,78.21,15.36
74.98,78.32,18.92
75.14,78.17,19.09
75.35,78.00,19.24
74.99,78.62,18.89
75.15,78.48,19.08
75.35,78.31,19.22
75.02,78.92,18.81
75.15,78.78,19.06
75.33,78.61,19.22
75.34,78.93,15.68
75.16,79.07,15.88
75.37,79.19,16.04
75.10,79.20,16.17
74.93,79.19,16.35
74.94,79.29,18.27
75.00,79.17,18.56
75.11,79.17,18.83
75.18,79.05,19.03
75.32,78.90,19.21
75.30,79.32,16.24
75.50,79.35,16.18
75.14,79.34,16.44
74.98,79.52,18.11
75.04,79.42,18.38
75.16,79.43,18.67
75.25,79.30,18.98
75.34,79.17,19.18
75.39,79.46,16.40
75.28,79.53,16.66
75.29,79.65,16.91
75.13,79.71,17.18
75.29,79.85,17.35
75.11,79.79,17.51
75.03,79.71,17.83
75.15,79.70,18.27
75.36,79.57,18.93
75.27,79.69,18.65
75.39,79.39,19.11
75.22,79.89,17.78
75.43,80.00,17.50
75.28,79.95,18.15
75.33,79.91,18.48
75.42,80.08,17.91
75.42,80.08,18.28
75.62,75.89,15.75
75.55,75.95,15.54
75.62,75.82,15.99
75.61,75.79,16.30
75.62,75.81,16.62
75.64,75.82,16.94
75.63,75.80,17.27
75.59,75.80,17.56
75.50,75.85,17.79
75.63,76.00,17.91
75.71,76.17,15.44
75.76,76.13,18.01
75.66,76.50,15.05
75.50,76.63,14.90
75.68,76.35,15.21
75.72,76.26,18.24
75.50,76.39,18.47
75.63,76.57,18.64
75.59,76.90,14.84
75.79,76.72,18.78
75.64,77.19,14.86
75.62,76.88,18.95
75.48,77.02,19.09
75.58,77.17,19.23
75.66,77.40,14.93
75.62,77.44,19.32
75.57,77.56,14.99
75.59,77.70,15.16
75.73,77.89,15.34
75.62,77.77,19.35
75.60,78.09,19.33
75.73,78.37,15.53
75.59,78.39,19.34
75.64,78.69,15.61
75.50,78.72,19.36
75.52,78.84,15.64
75.51,78.99,15.81
75.68,79.11,15.98
75.47,79.03,19.35
75.76,79.36,16.13
75.49,79.33,19.28
75.61,79.52,16.34
75.50,79.59,16.55
75.51,79.69,16.79
75.39,79.76,17.05
75.50,79.90,17.18
75.43,79.84,18.80
75.51,79.75,19.03
75.51,79.57,19.16
75.63,80.04,17.29
75.52,80.07,18.62
75.65,80.15,17.61
75.73,76.04,15.67
75.76,75.99,15.92
75.76,75.97,16.22
75.76,75.98,16.53
75.77,75.99,16.85
75.78,75.98,17.17
75.77,75.96,17.48
75.70,75.93,17.72
75.84,76.15,15.64
75.89,76.13,15.83
75.91,76.12,16.13
75.90,76.13,16.45
75.90,76.14,16.76
75.92,76.13,17.07
75.92,76.11,17.40
75.85,76.09,17.75
75.76,76.70,15.01
75.86,76.54,15.18
75.93,76.40,15.38
76.03,76.28,15.68
76.07,76.25,16.04
76.07,76.25,16.36
76.07,76.25,16.68
76.08,76.23,16.99
76.09,76.22,17.31
76.07,76.21,17.64
75.99,76.25,17.99
76.00,76.35,18.26
75.84,76.43,18.45
75.97,76.58,18.60
75.82,76.98,14.99
75.96,76.82,15.15
76.08,76.68,15.32
76.13,76.73,18.72
75.81,77.28,15.02
75.95,77.18,15.16
76.11,77.07,15.31
75.99,76.85,18.93
75.80,77.00,19.11
75.90,77.20,19.27
75.72,77.48,15.06
75.82,77.50,15.18
76.00,77.51,15.32
75.93,77.49,19.37
75.91,77.80,19.39
76.04,77.96,15.50
75.87,78.08,19.40
75.84,78.64,15.72
76.02,78.36,15.67
76.03,78.54,15.80
75.94,78.70,15.86
76.09,78.56,15.88
75.71,78.55,19.51
75.84,78.29,19.48
75.84,78.52,19.65
75.89,78.38,19.59
75.98,78.41,19.73
75.67,78.82,15.71
75.77,78.86,15.84
75.99,78.80,15.93
75.60,78.88,19.53
75.75,78.76,19.76
75.93,78.58,19.86
75.97,79.11,15.99
75.58,79.24,19.50
75.66,79.15,19.77
75.87,78.79,20.05
75.76,79.09,20.07
75.82,79.16,20.32
75.86,78.96,20.25
75.92,79.07,20.42
76.06,79.38,16.09
75.61,79.60,19.39
75.68,79.58,19.69
75.73,79.50,20.01
75.80,79.44,20.28
75.91,79.34,20.47
75.88,79.57,16.29
75.73,79.69,16.57
75.93,79.84,16.69
75.73,79.82,16.82
75.58,79.82,16.97
75.60,79.99,19.00
75.61,79.81,19.21
75.97,79.94,16.84
76.13,79.96,16.75
75.80,79.97,17.02
75.76,80.12,19.45
75.80,79.94,19.92
75.85,79.82,20.22
75.93,79.70,20.43
76.44,80.10,16.90
75.94,80.16,17.27
75.69,80.24,18.20
75.73,80.26,18.85
75.91,80.44,18.58
75.98,80.19,20.16
75.91,80.28,19.88
75.99,80.00,20.36
75.90,80.52,19.12
76.03,80.62,18.75
75.89,80.50,19.48
75.94,80.50,19.72
76.03,80.73,19.12
75.99,80.68,19.48
76.28,76.46,15.74
76.19,76.54,15.53
76.25,76.38,15.97
76.24,76.37,16.27
76.30,76.37,16.61
76.31,76.31,16.93
76.31,76.28,17.24
76.28,76.29,17.57
76.22,76.30,17.84
76.24,76.41,18.14
76.11,76.48,18.40
76.23,76.63,18.52
76.27,76.94,15.48
76.36,76.76,18.62
76.21,77.45,15.46
76.34,76.87,18.85
76.14,77.00,19.11
76.23,77.22,19.28
76.27,77.49,19.39
76.25,77.77,19.46
76.27,77.80,15.58
76.06,77.99,19.49
76.20,78.12,15.64
76.22,78.29,15.79
76.30,78.37,15.91
75.97,78.13,19.50
76.19,78.21,19.73
76.19,78.41,19.94
76.25,78.78,15.94
76.04,78.57,20.04
76.28,79.12,15.97
75.96,78.68,20.07
76.09,78.80,20.37
76.09,79.14,20.59
76.39,79.38,16.07
76.20,79.58,16.24
76.03,79.73,16.47
76.19,79.86,16.61
76.07,79.53,20.61
76.34,79.96,16.70
76.10,79.92,20.54
75.98,80.30,17.68
76.02,80.41,18.10
76.09,80.53,18.37
76.05,80.47,20.03
76.13,80.40,20.26
76.13,80.22,20.41
76.14,80.63,18.51
76.08,80.69,19.84
76.19,80.77,18.75
76.14,80.85,19.44
76.38,76.75,15.68
76.42,76.59,15.92
76.41,76.52,16.19
76.43,76.49,16.45
76.54,76.48,16.66
76.61,76.41,16.90
76.58,76.33,17.21
76.54,76.34,17.53
76.46,76.41,17.87
76.66,76.59,18.02
76.46,76.56,18.17
76.31,76.56,18.34
76.41,77.36,15.68
76.50,76.92,15.86
76.57,76.83,16.10
76.58,76.67,16.36
76.65,76.61,16.58
76.61,76.70,18.21
76.79,76.75,18.12
76.46,76.71,18.40
76.58,77.30,15.95
76.72,76.98,16.31
76.67,77.14,16.12
76.74,76.78,16.50
76.70,76.82,18.33
76.59,76.86,18.60
76.62,76.95,18.86
76.47,77.03,19.08
76.56,77.23,19.26
76.67,77.38,16.06
76.67,77.47,19.39
76.37,77.87,19.63
76.76,77.67,19.48
76.67,77.88,19.82
76.88,77.77,19.64
77.24,77.82,19.75
76.34,77.93,15.70
76.43,77.86,15.84
76.60,77.81,15.99
76.12,78.04,19.60
76.36,78.00,19.77
76.82,77.99,19.92
76.55,78.38,15.95
76.28,78.48,20.23
77.00,78.21,20.09
76.40,78.49,20.46
76.61,78.38,20.39
76.76,78.41,20.50
76.54,78.79,15.92
76.06,78.64,20.20
76.22,78.60,20.38
76.72,78.58,20.59
76.62,79.11,15.97
76.28,79.30,20.81
76.49,78.89,20.75
76.44,79.26,21.00
76.50,79.05,20.94
76.68,79.12,21.06
76.71,79.34,16.09
76.54,79.54,16.22
76.36,79.71,16.42
76.50,79.82,16.56
76.23,79.76,20.75
76.38,79.58,20.96
76.58,79.42,21.10
76.61,79.93,16.68
76.26,80.18,20.69
76.38,79.98,20.92
76.55,79.79,21.10
76.34,80.32,17.30
76.83,80.44,17.32
76.33,80.46,17.75
76.18,80.49,18.09
76.17,80.61,20.20
76.24,80.47,20.51
76.33,80.46,20.78
76.41,80.34,20.94
76.55,80.17,21.10
76.71,80.64,17.75
77.17,80.56,17.45
76.30,80.62,18.19
76.20,80.84,20.05
76.26,80.73,20.44
76.33,80.67,20.73
76.43,80.62,20.97
76.56,80.50,21.15
77.15,80.81,17.74
76.54,80.85,18.26
76.51,81.06,18.62
76.32,80.97,19.00
76.28,81.01,19.72
76.28,80.98,20.14
76.28,80.91,20.35
76.33,80.86,20.58
76.43,80.88,20.84
76.57,80.80,21.16
76.45,81.15,19.31
76.66,81.25,18.80
76.41,81.09,20.26
76.57,81.08,20.93
76.67,81.38,19.55
76.61,81.30,20.48
76.88,76.49,16.98
76.77,76.55,16.78
76.86,76.42,17.20
76.81,76.40,17.49
76.74,76.47,17.77
76.88,76.63,17.91
76.94,76.78,16.71
77.00,76.78,18.02
76.88,77.25,16.35
76.77,77.42,16.16
76.90,77.02,16.50
76.97,76.89,18.24
76.83,76.93,18.47
76.85,77.02,18.75
76.73,77.08,19.03
76.85,77.26,19.21
76.99,77.41,19.29
77.04,77.54,19.35
77.53,77.67,19.13
76.84,78.01,16.07
76.78,78.48,15.96
77.16,78.30,20.31
77.46,78.38,20.41
76.88,78.79,15.97
77.73,78.53,20.63
76.97,79.09,16.09
77.21,78.71,20.84
76.87,78.90,20.97
76.92,79.32,16.18
76.78,79.47,16.23
76.73,79.60,16.39
76.90,79.70,16.57
76.84,79.27,21.16
76.84,79.57,21.24
76.96,79.93,16.69
76.73,79.97,21.25
76.68,80.31,17.09
76.72,80.33,21.27
76.72,80.65,21.34
76.79,80.94,18.03
76.61,80.99,18.25
76.69,81.12,18.38
76.71,80.96,21.31
76.87,81.27,18.48
76.71,81.25,21.04
76.91,81.42,18.81
76.85,81.50,19.15
76.83,81.55,19.51
76.76,81.49,20.33
77.01,76.62,16.92
77.06,76.55,17.17
77.03,76.52,17.47
76.94,76.53,17.70
77.11,76.75,16.90
77.20,76.72,17.09
77.22,76.68,17.41
77.11,76.69,17.75
76.97,77.62,16.26
77.06,77.38,16.48
77.11,77.13,16.66
77.27,76.97,16.94
77.37,76.85,17.30
77.36,76.83,17.66
77.24,76.88,18.01
77.24,76.99,18.28
77.10,77.05,18.52
77.31,77.23,18.68
77.09,77.19,18.83
76.94,77.16,19.00
77.19,77.37,16.62
77.26,77.33,18.91
77.44,77.39,18.80
77.10,77.33,19.10
77.32,77.43,19.02
77.26,77.49,19.19
77.09,78.01,16.19
77.19,77.80,16.37
77.28,77.64,16.57
77.34,78.21,16.27
77.10,78.40,16.07
77.39,77.98,16.47
77.25,78.77,16.09
77.09,79.22,16.30
77.28,78.98,16.24
77.30,79.08,16.41
77.19,79.23,16.47
77.35,79.13,16.54
77.07,79.05,21.09
76.92,79.42,16.30
77.02,79.43,16.44
77.24,79.38,16.60
77.21,79.29,21.21
77.26,79.68,16.67
76.97,79.77,21.41
77.16,79.51,21.39
77.10,79.74,21.56
77.16,79.61,21.52
77.24,79.63,21.64
77.33,79.90,16.70
76.88,80.13,21.39
77.05,79.97,21.53
77.21,79.82,21.67
77.18,80.07,16.78
77.13,80.24,16.98
76.87,80.47,21.45
77.03,80.30,21.55
77.20,80.13,21.68
76.84,80.80,21.52
77.01,80.66,21.69
77.22,80.46,21.76
77.02,80.99,17.88
77.20,81.10,17.90
76.94,81.05,18.02
76.75,81.03,18.16
76.81,81.12,21.48
76.93,80.99,21.73
77.19,80.72,21.92
77.05,80.95,21.95
77.11,81.00,22.16
77.17,80.87,22.10
77.23,80.93,22.24
77.21,81.16,18.05
77.61,81.21,17.98
76.98,81.18,18.22
76.83,81.43,21.20
76.90,81.26,21.64
77.02,81.26,21.90
77.10,81.17,22.13
77.20,81.09,22.28
77.49,81.31,18.23
77.19,81.39,18.46
77.15,81.51,18.69
77.00,81.58,19.05
77.16,81.73,19.20
76.95,81.68,19.76
76.89,81.65,20.65
76.90,81.61,21.17
76.98,81.53,21.56
77.20,81.42,22.11
77.12,81.53,21.89
77.22,81.26,22.26
77.15,81.83,19.69
77.37,81.89,19.35
77.05,81.80,20.24
77.06,81.77,20.98
77.16,81.73,21.60
77.44,82.00,20.20
77.26,81.91,21.15
77.49,77.25,16.99
77.36,77.40,16.76
77.52,77.06,17.21
77.55,76.98,17.54
77.52,76.98,17.88
77.46,77.03,18.18
77.39,77.12,18.42
77.54,77.29,18.51
77.63,77.43,18.59
77.51,77.51,18.91
77.57,77.93,16.67
77.71,77.93,19.87
77.56,78.45,16.30
77.42,78.53,16.16
77.57,78.26,16.46
77.50,78.71,16.16
77.46,78.82,16.22
77.56,78.90,16.47
77.53,79.13,16.71
78.11,78.73,20.90
77.44,78.85,21.00
77.52,79.05,21.08
77.51,79.42,16.77
77.63,79.24,21.16
77.55,79.72,16.76
77.48,79.39,21.36
77.40,79.51,21.60
77.40,79.67,21.80
77.51,79.95,16.76
77.37,79.96,21.85
77.42,80.32,17.20
77.37,80.28,21.85
77.68,80.37,17.41
77.40,80.50,21.88
77.25,81.03,17.79
77.46,81.12,17.81
77.34,80.62,21.93
77.42,80.74,22.19
77.40,80.96,22.41
77.36,81.19,22.42
77.38,81.56,18.62
77.25,81.63,18.83
77.37,81.79,18.96
77.27,81.67,21.97
77.36,81.60,22.18
77.35,81.42,22.32
77.54,81.93,19.05
77.32,81.89,21.67
77.79,82.02,19.32
77.59,82.18,20.32
77.46,82.12,20.58
77.41,82.07,21.10
77.64,77.62,16.92
77.66,77.32,17.17
77.68,77.16,17.41
77.69,77.15,17.75
77.64,77.12,18.06
77.59,77.17,18.28
77.74,77.51,17.12
77.81,77.43,17.45
77.74,77.34,18.13
77.84,77.68,17.10
77.94,77.59,17.84
77.96,77.68,17.36
77.77,77.55,18.48
77.85,77.78,19.49
77.72,77.92,16.81
77.84,77.90,16.91
78.00,77.86,17.14
77.62,78.62,16.27
77.71,78.52,16.44
77.80,78.34,16.63
77.92,78.15,16.81
78.03,78.02,16.99
77.60,78.75,16.28
77.71,78.70,16.41
77.89,78.65,16.66
77.83,78.91,16.85
77.75,79.17,16.98
77.90,78.99,17.10
77.90,79.14,17.18
78.01,79.06,17.22
77.86,78.89,21.02
77.89,79.07,21.08
77.73,79.52,16.93
77.88,79.37,17.13
78.01,79.31,17.26
77.89,79.25,21.16
77.69,79.85,16.88
77.84,79.72,17.07
77.96,79.61,17.22
77.78,79.36,21.32
77.74,79.42,21.61
77.58,79.77,22.05
77.70,79.52,21.92
77.73,79.74,22.25
77.76,79.59,22.17
77.87,79.63,22.30
77.49,80.06,16.85
77.63,80.05,17.01
77.82,79.99,17.21
77.53,80.14,22.03
77.69,79.99,22.22
77.88,79.83,22.34
77.51,80.43,22.00
77.66,80.32,22.18
77.87,80.15,22.34
77.46,80.60,22.01
77.58,80.55,22.14
77.80,80.50,22.37
77.75,80.67,17.59
77.58,80.96,17.72
77.77,81.08,17.81
77.57,81.04,22.64
77.71,80.77,22.56
77.72,81.03,22.85
77.78,80.87,22.79
77.87,80.94,22.93
77.51,81.37,22.56
77.63,81.21,22.77
77.80,81.22,22.94
77.60,81.51,18.48
77.85,81.69,18.59
77.60,81.69,18.66
77.44,81.69,18.76
77.41,81.80,22.07
77.49,81.67,22.36
77.60,81.65,22.59
77.66,81.48,22.76
77.75,81.83,18.70
77.93,81.87,18.68
77.59,81.85,18.83
77.46,82.05,21.82
77.52,81.92,22.22
77.65,81.93,22.48
77.74,81.79,22.73
77.82,81.60,22.93
77.82,81.96,18.80
77.73,81.98,18.97
77.72,82.32,20.48
77.54,82.22,20.80
77.53,82.23,21.41
77.55,82.22,21.83
77.62,82.16,22.16
77.87,82.09,22.70
77.78,82.18,22.46
77.88,81.90,22.88
77.73,82.39,21.05
77.99,82.50,20.64
77.72,82.38,21.74
77.81,82.36,22.24
78.14,82.66,21.33
77.92,82.53,21.96
77.96,77.69,18.24
78.09,77.78,17.63
78.18,77.99,17.36
78.19,78.38,16.92
78.06,78.45,16.78
78.20,78.22,17.07
78.00,78.04,20.03
78.24,78.23,19.73
78.14,78.61,16.84
78.07,78.74,16.89
78.09,78.89,17.08
78.16,79.17,17.25
78.17,78.89,21.07
78.13,79.09,21.18
78.05,79.72,17.32
78.02,79.25,21.26
77.94,79.34,21.30
78.07,79.37,21.61
78.08,79.42,21.95
77.97,79.51,22.19
78.10,79.66,22.35
78.13,79.92,22.41
78.12,80.24,22.47
78.05,80.47,22.53
78.12,80.68,17.73
78.05,81.11,17.96
77.96,80.60,22.59
78.05,80.71,22.84
78.03,81.00,23.06
77.99,81.25,18.09
77.85,81.31,18.16
78.07,81.43,18.43
78.14,81.70,18.64
77.97,81.38,23.12
78.09,81.88,18.71
77.97,81.79,23.07
77.98,81.97,18.76
78.01,82.00,18.96
77.82,82.20,20.00
77.77,82.27,20.16
77.94,82.40,20.23
77.93,82.32,22.56
78.01,82.28,22.76
78.00,82.11,22.93
78.22,82.54,20.33
77.97,82.50,22.35
78.50,82.64,20.64
78.04,82.66,22.03
78.10,82.78,21.77
78.22,77.88,18.26
78.07,77.76,19.06
78.40,78.29,17.53
78.57,78.30,18.15
78.35,77.91,19.15
78.26,78.58,16.95
78.36,78.63,17.18
78.55,79.03,17.59
78.66,78.24,18.76
78.76,78.94,17.99
78.51,78.01,19.41
78.31,77.97,19.81
78.30,78.03,19.98
78.22,78.71,16.98
78.28,78.86,17.13
78.33,79.35,17.34
78.31,78.80,21.08
78.26,79.14,21.46
78.50,78.90,21.19
78.49,79.13,21.74
78.56,79.01,21.58
78.86,79.05,21.64
78.08,79.30,21.44
78.33,79.26,21.73
78.68,79.19,21.86
78.69,79.35,22.05
78.35,79.50,22.27
78.42,79.69,22.43
78.41,79.94,22.49
78.10,80.17,17.48
78.39,79.89,17.56
78.61,80.06,17.80
78.24,80.39,22.63
78.39,80.16,22.59
78.35,80.40,22.78
78.42,80.28,22.72
78.51,80.31,22.86
78.11,80.54,22.67
78.23,80.51,22.77
78.42,80.50,22.97
78.46,80.89,18.06
78.30,81.20,18.21
78.55,81.12,18.31
78.51,81.21,18.40
78.68,81.12,18.45
78.20,81.11,23.29
78.33,80.76,23.16
78.38,81.02,23.44
78.42,80.87,23.34
78.53,80.87,23.47
78.11,81.30,18.23
78.33,81.28,18.36
78.62,81.20,18.52
78.27,81.35,23.55
78.50,81.04,23.62
78.62,81.46,18.73
78.33,81.79,18.81
78.61,81.69,18.91
78.53,81.81,18.98
78.76,81.74,19.03
78.10,81.58,23.31
78.41,81.32,23.80
78.29,81.75,23.81
78.37,81.85,24.05
78.39,81.56,23.98
78.45,81.72,24.13
78.13,81.94,18.82
78.34,81.92,18.98
78.75,81.87,19.14
78.11,82.11,23.20
78.18,81.82,23.52
78.45,82.02,19.28
78.19,82.15,19.70
78.68,82.32,19.80
78.21,82.32,19.88
77.96,82.32,20.02
78.04,82.43,22.64
78.10,82.39,22.86
78.27,82.32,23.61
78.38,82.20,23.99
78.47,82.07,24.17
78.53,82.45,19.91
78.91,82.49,19.91
78.27,82.47,20.06
78.09,82.60,22.53
78.74,82.57,20.03
78.66,82.61,20.26
78.17,82.83,21.57
78.31,82.96,21.70
78.17,82.88,21.87
78.14,82.79,22.23
78.24,82.71,22.98
78.48,82.67,23.94
78.38,82.80,23.59
78.51,82.43,24.14
78.34,82.99,22.29
78.60,83.13,21.87
78.44,83.08,22.90
78.44,83.05,23.38
78.78,83.31,22.56
78.55,83.22,23.18
78.73,78.38,18.81
78.85,78.60,18.35
78.32,78.44,20.20
78.89,79.07,18.09
78.46,78.59,20.50
78.76,78.95,21.47
78.79,79.52,22.44
78.70,79.69,22.55
78.84,79.71,17.92
78.63,79.83,22.57
78.55,79.98,22.59
78.72,80.08,22.83
78.73,80.30,23.07
78.79,80.34,17.96
78.65,80.45,23.15
78.70,80.67,18.05
78.74,80.93,18.29
78.90,80.92,18.49
78.55,80.58,23.18
78.66,80.68,23.41
78.69,80.86,23.65
79.10,80.89,18.67
78.66,80.98,23.77
78.55,81.12,23.81
78.54,81.38,24.03
78.61,81.86,24.31
78.60,82.34,24.27
78.33,82.87,21.39
78.52,82.84,21.19
78.53,83.03,21.48
78.54,83.01,23.80
78.64,82.92,24.04
78.64,82.67,24.19
78.81,83.17,21.56
78.59,83.20,23.62
79.10,83.27,21.83
78.66,83.33,23.32
78.72,83.41,23.05
78.91,78.84,18.67
78.76,78.54,19.58
79.08,78.77,19.27
78.88,78.63,19.99
79.11,78.97,18.79
79.22,78.83,19.75
79.24,78.93,19.16
78.88,78.77,20.55
79.06,79.17,18.53
79.00,79.10,18.47
79.13,79.16,18.66
79.25,79.09,18.94
79.17,79.19,21.66
78.96,79.55,18.15
79.05,79.43,18.39
79.21,79.44,18.61
79.15,79.52,18.50
79.26,79.27,18.79
78.87,79.70,22.73
79.06,79.56,22.68
79.09,79.70,22.90
79.15,79.60,22.85
79.42,79.66,22.90
78.92,80.22,18.08
79.05,80.06,18.29
79.18,79.93,18.48
78.71,79.88,22.68
78.89,79.83,22.83
79.20,79.86,23.00
78.89,80.34,23.30
79.32,80.11,23.27
78.99,80.35,23.45
79.14,80.24,23.45
79.15,80.30,23.57
78.83,80.65,18.14
78.95,80.61,18.30
79.11,80.48,18.49
78.71,80.51,23.27
78.84,80.47,23.39
79.01,80.48,23.60
78.84,80.95,24.01
78.97,80.72,23.81
78.96,81.02,24.48
79.21,80.79,24.34
79.20,80.89,24.69
78.67,81.10,23.96
78.74,81.31,24.30
78.86,81.32,24.74
79.06,81.06,24.86
79.13,81.26,18.85
78.94,81.55,18.95
79.08,81.70,19.11
78.76,81.82,24.69
78.99,81.30,25.04
78.86,81.66,25.05
78.94,81.85,25.30
78.99,81.53,25.22
79.09,81.69,25.37
79.14,81.84,19.24
78.73,82.55,24.48
79.04,81.95,19.35
79.12,82.09,19.64
79.21,82.35,19.87
78.87,82.41,25.21
79.07,82.09,25.51
79.24,82.50,19.96
79.08,82.58,20.00
79.11,82.62,20.16
79.28,82.64,20.50
78.90,82.78,20.94
79.33,82.94,21.05
78.85,82.95,21.13
78.57,82.95,21.28
78.69,83.09,23.99
78.72,82.89,24.20
79.01,82.54,25.70
78.94,82.85,25.75
79.00,82.97,25.97
79.01,82.80,25.91
79.08,82.87,26.01
79.13,83.06,21.16
79.49,83.10,21.15
78.86,83.09,21.30
78.71,83.25,23.90
78.76,83.03,24.24
78.93,83.10,25.50
78.86,83.25,24.59
79.01,83.12,25.90
79.10,83.04,26.04
79.23,83.16,21.24
79.19,83.22,21.44
78.79,83.46,22.80
78.90,83.58,22.91
78.78,83.51,23.14
78.75,83.42,23.58
79.09,83.37,25.86
78.99,83.44,25.42
79.14,83.21,26.03
78.97,83.65,23.62
79.10,83.75,23.02
79.07,83.71,24.50
79.05,83.66,25.17
79.19,83.85,23.41
79.50,83.98,24.09
79.18,83.87,24.93
79.34,78.93,20.28
79.39,79.02,19.51
79.06,78.93,21.09
79.26,79.05,21.30
79.51,79.30,19.34
79.39,79.83,18.69
79.29,79.86,18.60
79.42,79.59,18.82
79.29,79.32,21.94
79.45,79.49,22.41
79.29,79.54,22.79
79.26,80.30,18.61
79.43,80.20,23.60
79.30,80.32,23.74
79.23,80.46,23.81
79.14,80.58,23.82
79.31,80.63,24.11
79.57,80.75,24.77
79.36,80.90,24.95
79.21,81.02,25.04
79.42,81.28,19.01
79.43,81.69,19.23
79.12,81.14,25.07
79.29,81.32,25.29
79.33,81.71,25.52
79.35,81.86,19.35
79.26,82.04,25.65
79.15,82.32,25.72
79.15,82.60,25.91
79.21,82.80,26.08
79.24,83.05,26.17
78.96,83.49,22.60
79.19,83.45,22.41
79.12,83.64,22.67
79.13,83.63,25.74
79.23,83.54,26.06
79.25,83.33,26.15
79.34,83.81,22.78
79.18,83.82,25.55
79.42,83.92,23.16
79.28,83.97,25.16
79.34,84.06,24.87
79.53,79.09,20.13
79.42,79.01,20.77
79.66,79.25,20.28
79.52,79.14,20.93
79.42,80.37,18.72
79.57,80.14,18.82
79.68,79.85,19.14
79.83,79.53,19.95
79.74,79.35,21.30
79.77,79.88,23.03
79.50,80.38,24.01
79.62,80.25,23.83
79.78,80.38,24.25
79.82,80.28,24.03
80.10,80.32,24.16
79.32,80.52,23.98
79.58,80.50,24.24
79.92,80.44,24.38
79.74,80.59,24.48
79.50,80.96,25.17
79.78,80.80,25.10
79.72,80.99,25.32
79.86,80.87,25.30
80.07,80.93,25.45
79.39,80.93,18.83
79.57,80.69,18.86
79.78,80.67,19.07
79.27,81.10,25.16
79.48,81.10,25.26
79.78,81.12,25.43
79.77,81.43,19.26
79.63,81.80,19.44
79.86,81.70,19.49
79.79,81.85,19.61
79.93,81.74,19.63
79.51,81.78,25.73
79.85,81.37,25.69
79.63,81.68,25.86
79.73,81.52,25.79
79.78,81.53,25.92
79.37,81.94,19.47
79.57,81.94,19.60
79.80,81.92,19.77
79.51,81.99,26.00
79.73,81.70,26.07
79.68,82.17,19.96
79.55,82.42,20.06
79.85,82.28,20.16
79.78,82.42,20.23
79.97,82.32,20.31
79.32,82.21,25.83
79.68,81.92,26.31
79.50,82.26,26.34
79.49,82.58,26.79
79.69,82.09,26.68
79.59,82.31,27.20
79.67,82.16,27.02
79.74,82.12,27.25
79.33,82.56,20.06
79.51,82.54,20.23
79.83,82.48,20.42
79.34,82.43,26.06
79.52,82.68,27.30
79.69,82.31,27.45
79.81,82.73,20.89
79.84,82.97,21.11
79.36,82.70,26.30
79.64,82.57,27.62
79.51,82.94,27.60
79.58,82.92,27.88
79.63,82.73,27.79
79.73,82.77,27.92
79.83,83.12,21.21
79.35,83.13,26.44
79.45,83.59,26.87
79.52,83.26,27.92
79.72,82.97,28.06
79.57,83.20,21.30
79.70,83.26,21.60
79.68,83.40,22.14
79.86,83.59,22.32
79.50,83.56,22.37
79.21,83.56,22.49
79.27,83.69,26.11
79.32,83.48,26.34
79.65,83.22,28.26
79.54,83.48,28.35
79.60,83.54,28.53
79.63,83.38,28.46
79.70,83.44,28.52
79.76,83.69,22.41
80.12,83.72,22.40
79.49,83.72,22.54
79.28,83.85,25.89
79.53,83.68,28.04
79.61,83.70,28.44
79.72,83.61,28.54
79.99,83.82,22.52
79.82,83.92,22.81
79.84,84.02,23.27
79.42,84.11,24.61
79.51,84.22,24.81
79.39,84.15,25.05
79.35,84.01,25.57
79.71,83.96,28.31
79.60,83.96,27.84
79.76,83.81,28.49
79.58,84.28,25.59
79.72,84.41,24.89
79.67,84.26,26.69
79.67,84.19,27.49
79.79,84.53,25.17
79.81,84.55,25.49
80.07,84.61,26.19
79.81,84.46,27.16
79.73,85.22,40.06
79.63,85.39,39.95
79.56,85.33,40.13
79.59,85.33,40.31
79.65,85.20,40.25
79.72,85.27,40.38
79.57,85.52,40.03
79.73,85.60,39.90
79.59,85.53,40.23
79.71,85.47,40.40
79.71,85.70,40.11
79.74,85.66,40.32
80.06,79.78,20.02
79.94,80.12,19.46
80.13,79.48,20.74
80.01,79.52,22.02
79.83,79.70,22.77
79.88,80.04,23.26
80.05,80.16,23.52
80.01,80.66,19.33
79.97,81.07,19.26
80.00,81.44,19.48
80.03,81.61,19.73
79.99,81.41,25.96
79.93,81.52,26.10
80.04,81.76,19.91
79.89,81.65,26.23
79.97,81.96,20.00
80.10,82.00,20.24
80.12,82.31,20.48
79.82,81.76,26.30
79.92,81.86,26.59
79.98,81.99,27.05
79.93,82.12,27.39
80.05,82.48,20.60
79.87,82.26,27.55
79.84,82.58,20.62
79.79,82.39,27.63
79.90,82.54,27.85
79.93,82.77,28.07
79.93,82.91,28.13
79.82,83.05,28.20
79.81,83.22,28.37
79.86,83.41,28.51
79.88,83.69,28.57
79.58,84.12,24.42
79.88,84.08,24.20
79.72,84.27,24.57
79.78,84.22,28.09
79.88,84.17,28.38
79.89,83.97,28.51
79.97,84.45,24.67
79.84,84.44,27.85
80.15,84.60,24.95
80.07,84.63,25.36
79.93,84.61,27.47
80.01,84.71,27.16
80.02,85.24,40.03
79.87,85.40,39.84
79.85,85.19,40.26
79.90,85.36,40.40
79.91,85.66,39.77
79.88,85.59,40.40
79.96,85.78,39.95
79.93,85.72,40.23
80.16,80.44,19.88
80.23,79.67,20.46
80.34,79.46,20.89
80.41,79.46,21.19
80.28,79.52,21.53
80.53,79.72,21.81
80.31,79.68,22.13
80.03,79.64,22.46
80.34,79.85,20.49
80.33,80.28,20.30
80.41,79.55,20.84
80.49,79.84,22.19
80.64,79.89,22.05
80.22,79.83,22.61
80.49,80.11,20.62
80.41,80.60,20.41
80.28,80.88,20.16
80.49,79.71,20.81
80.49,79.95,22.46
80.23,80.00,22.95
80.33,80.43,24.29
80.08,80.98,19.46
80.11,81.19,19.66
80.28,81.06,25.71
80.16,81.32,19.92
80.10,81.59,26.35
80.21,81.43,26.25
80.28,81.61,26.55
80.30,81.51,26.45
80.42,81.56,26.61
80.12,81.75,20.05
80.23,81.48,20.16
80.41,81.34,20.41
79.97,81.72,26.40
80.15,81.73,26.58
80.40,81.70,26.75
80.37,82.06,20.59
80.26,82.42,20.72
80.44,82.33,20.80
80.38,82.50,20.89
80.52,82.38,20.93
80.23,81.84,26.84
80.09,82.20,27.57
80.31,82.03,27.42
80.23,82.24,27.70
80.33,82.13,27.63
80.41,82.18,27.79
80.06,82.56,20.74
80.21,82.57,20.87
80.41,82.58,21.03
79.94,82.34,27.66
80.08,82.33,27.72
80.29,82.36,27.96
80.30,82.83,21.19
80.17,83.04,21.30
80.45,82.93,21.38
80.40,83.04,21.48
80.56,82.96,21.52
80.06,82.86,28.23
80.21,82.68,28.46
80.13,82.88,28.38
80.09,83.02,28.64
80.09,82.93,29.02
80.08,82.93,29.38
80.22,82.76,29.16
80.17,82.87,29.53
80.35,82.76,29.54
79.92,83.18,21.35
80.18,83.15,21.52
80.49,83.10,21.68
79.96,83.01,28.23
80.02,83.10,28.40
80.09,83.14,29.88
80.30,82.95,29.94
80.21,83.24,21.82
80.34,83.56,22.36
80.00,83.42,28.71
80.04,83.29,29.20
80.03,83.16,29.52
80.20,83.18,30.26
80.12,83.37,30.44
80.27,83.32,30.77
80.19,83.53,31.05
80.36,83.43,31.32
80.36,83.27,38.24
80.22,83.53,38.11
80.17,83.51,38.32
80.22,83.42,38.47
80.30,83.24,38.40
80.37,83.23,38.52
80.46,83.73,22.45
79.99,83.87,28.78
80.02,83.69,29.22
80.06,83.68,30.27
80.18,83.74,31.56
80.34,83.61,31.82
80.10,84.06,38.13
80.23,83.75,37.79
80.13,83.98,38.55
80.33,83.46,38.65
80.34,83.82,22.49
80.43,83.91,22.71
80.32,84.02,23.06
80.18,84.06,23.49
80.55,84.06,23.89
80.54,84.20,24.19
80.16,84.17,24.25
79.83,84.17,24.38
79.93,84.37,28.36
79.98,84.19,28.66
80.03,84.21,29.37
80.28,83.82,32.33
80.15,84.08,32.06
80.24,84.18,33.21
80.27,83.99,32.88
80.36,84.07,33.39
80.40,83.95,36.88
80.26,84.17,36.50
80.19,84.21,36.83
80.13,84.40,37.31
80.31,83.83,37.43
80.26,83.85,38.81
80.13,84.44,38.87
80.21,84.47,39.11
80.25,84.13,38.99
80.37,84.28,39.16
80.38,84.29,24.33
80.73,84.32,24.30
80.10,84.33,24.46
79.96,84.58,28.39
80.01,84.44,28.85
80.08,84.66,30.31
80.18,84.47,33.19
80.37,84.27,33.90
80.12,84.56,36.46
80.26,84.37,36.02
80.59,84.43,24.45
80.47,84.56,24.68
80.59,84.67,24.94
80.76,84.69,25.40
80.11,84.74,26.66
80.25,84.83,26.83
80.09,84.77,27.75
80.00,84.69,28.28
80.00,84.66,29.00
80.02,84.60,29.17
80.03,84.51,29.45
80.04,84.49,29.69
80.30,84.52,34.53
80.08,85.08,34.37
80.11,84.82,35.73
80.25,84.56,35.33
80.22,84.87,28.09
80.43,84.97,27.16
80.15,84.93,39.13
80.32,84.69,39.29
80.36,85.06,29.13
80.23,85.14,31.51
80.28,85.39,33.11
80.12,85.22,33.17
80.07,85.39,34.32
80.07,85.63,34.73
80.31,85.05,39.47
80.12,85.38,39.37
80.02,85.53,39.65
80.22,85.29,39.75
80.25,85.41,40.06
80.44,85.36,39.89
80.06,85.29,40.25
80.19,85.55,34.27
80.38,85.59,34.10
80.00,85.71,35.14
80.03,85.61,36.09
80.06,85.46,38.54
80.40,85.61,39.99
80.18,85.68,40.10
80.08,85.52,40.29
80.35,85.73,34.50
80.23,85.85,34.67
80.32,86.11,34.72
80.10,86.01,34.97
80.01,85.94,35.36
80.09,85.79,39.59
80.25,85.85,39.92
80.23,86.25,34.93
80.41,86.31,34.77
80.11,86.16,35.28
80.04,86.37,37.08
80.20,86.09,39.51
80.33,86.09,39.82
80.28,86.36,35.05
80.19,86.34,35.48
80.09,86.41,36.06
80.18,86.77,36.26
80.07,86.60,38.26
80.27,86.41,39.50
80.11,86.49,39.05
80.38,86.34,39.77
80.26,86.93,37.24
80.41,87.01,36.24
80.29,86.99,38.30
80.21,86.89,38.99
80.60,87.12,36.81
80.88,87.11,37.86
80.47,87.08,38.81
80.60,79.54,21.31
80.51,79.49,21.13
80.56,79.59,21.47
80.71,79.78,21.65
80.60,79.66,21.05
80.78,79.94,21.93
80.67,80.38,20.74
80.57,80.72,20.58
80.66,79.98,20.90
80.60,80.05,22.57
80.46,80.28,23.82
80.20,80.63,24.82
80.20,80.77,25.31
80.44,80.86,25.57
80.32,81.20,25.88
80.46,81.28,26.24
80.47,81.45,26.52
80.58,81.58,26.77
80.62,81.26,20.59
80.58,81.72,26.91
80.56,81.69,20.61
80.60,82.01,20.79
80.65,82.19,20.99
80.47,81.81,26.93
80.46,81.89,27.13
80.66,82.04,27.82
80.62,82.18,28.09
80.65,82.42,21.13
80.52,82.32,28.20
80.57,82.65,21.20
80.70,82.66,21.39
80.71,82.95,21.68
80.42,82.44,28.30
80.56,82.50,28.74
80.57,82.64,29.36
80.60,82.77,30.02
80.67,83.10,21.86
80.51,82.93,30.31
80.54,83.18,21.91
80.54,83.30,22.16
80.38,83.11,30.47
80.55,83.20,31.20
80.53,83.44,31.82
80.64,83.18,38.15
80.43,83.39,37.92
80.54,83.15,38.47
80.55,83.26,38.70
80.51,83.59,32.19
80.40,83.58,37.63
80.54,83.40,38.81
80.42,83.70,32.37
80.43,83.87,32.92
80.51,84.04,33.61
80.76,83.89,36.28
80.50,84.08,36.05
80.71,83.74,36.87
80.51,83.66,37.30
80.43,83.56,38.82
80.44,83.86,39.01
80.55,84.14,39.21
80.55,84.19,34.14
80.42,84.28,35.59
80.29,84.75,26.19
80.45,84.71,26.01
80.47,84.87,26.29
80.50,84.30,34.59
80.43,84.37,35.11
80.52,84.50,39.34
80.65,85.01,26.47
80.66,85.14,27.30
80.56,85.23,28.82
80.42,85.32,31.09
80.44,85.51,33.12
80.48,84.83,39.47
80.58,85.02,39.73
80.56,85.44,39.96
80.51,85.67,33.97
80.51,85.83,39.98
80.50,85.78,34.36
80.43,85.93,34.55
80.52,86.14,34.54
80.55,86.29,34.62
80.60,86.23,39.90
80.50,86.47,34.94
80.28,86.64,35.57
80.41,86.87,35.68
80.31,86.78,39.48
80.47,86.71,39.71
80.55,86.53,39.80
80.62,87.00,35.77
80.47,87.00,39.36
80.83,87.09,36.22
80.96,87.14,36.78
80.85,87.09,39.13
80.70,79.67,21.28
80.71,79.67,21.43
80.82,80.08,21.19
80.84,79.91,21.55
80.72,80.96,20.72
80.80,80.57,20.92
80.93,80.89,21.19
80.97,80.34,21.61
80.88,80.14,22.13
80.70,80.24,23.03
81.03,80.74,21.58
81.01,80.58,22.42
80.75,80.37,23.58
81.01,81.32,21.48
81.17,80.84,22.91
81.14,81.16,21.96
80.83,80.57,24.01
80.70,80.73,25.21
80.73,80.92,25.92
81.00,80.92,26.23
80.99,80.82,25.69
81.14,80.85,25.88
80.56,81.10,26.03
80.83,81.07,26.35
81.12,80.99,26.42
80.94,81.20,26.67
80.77,81.43,26.79
80.76,81.65,27.02
80.92,81.66,27.22
80.95,81.53,27.09
81.06,81.56,27.27
80.69,81.52,20.71
80.78,81.46,20.90
80.62,81.79,27.04
80.77,81.78,27.21
81.00,81.73,27.41
80.83,81.88,21.13
80.77,81.90,27.49
80.76,82.22,28.50
81.16,82.03,28.55
80.87,82.22,28.84
80.99,82.11,28.80
81.02,82.15,29.03
80.73,82.42,21.21
80.88,82.10,21.28
81.06,81.94,21.54
80.58,82.38,28.45
80.75,82.36,28.80
80.96,82.31,29.14
80.96,82.69,21.68
80.85,83.05,21.95
81.03,82.95,21.97
80.98,83.11,22.15
81.12,83.00,22.13
80.89,82.49,29.37
80.78,82.83,30.69
81.21,82.63,30.56
80.86,82.84,31.21
81.00,82.72,31.11
80.99,82.77,31.48
80.70,83.17,22.03
80.83,83.18,22.16
81.03,83.18,22.31
80.57,83.02,30.70
80.72,82.97,31.07
80.88,82.97,31.62
80.91,83.42,22.49
80.78,83.66,22.58
81.06,83.54,22.68
81.04,83.67,22.77
81.20,83.57,22.82
80.68,83.53,32.57
80.81,83.24,32.08
81.07,83.28,33.09
80.80,83.65,33.49
80.99,83.43,33.75
80.99,83.38,37.09
80.89,83.53,36.95
80.82,83.49,37.15
80.76,83.42,37.39
80.71,83.36,37.64
80.86,83.24,37.78
80.65,83.31,37.82
80.84,83.13,38.25
80.78,83.11,38.46
80.74,83.49,39.02
80.79,83.21,38.76
80.87,84.00,39.45
81.00,83.47,39.21
81.12,83.85,39.72
80.61,83.80,22.57
80.85,83.80,22.75
81.15,83.74,22.95
80.54,83.69,32.60
80.61,83.80,33.15
80.96,83.65,34.24
80.83,83.85,34.19
80.73,83.57,37.16
80.90,83.64,36.76
80.59,83.46,37.57
80.58,83.58,38.96
80.67,83.86,39.18
80.87,83.92,23.03
80.64,84.02,23.34
80.99,84.18,24.19
80.68,84.00,34.08
80.93,83.84,34.72
80.81,83.97,34.84
80.74,84.00,35.59
80.93,83.88,35.53
80.96,83.84,36.12
80.93,83.77,36.45
80.69,84.30,39.39
81.07,84.33,24.33
80.61,84.19,34.47
80.61,84.16,35.07
80.91,84.53,39.85
80.94,84.43,24.41
81.06,84.53,24.62
81.01,84.65,24.94
80.72,84.71,25.89
81.08,84.80,26.01
80.73,84.79,26.01
80.52,84.79,26.03
80.63,84.68,39.51
80.77,84.54,39.60
80.98,84.90,26.10
81.29,84.94,26.14
80.76,84.93,26.13
81.12,85.05,26.22
80.94,85.14,26.41
80.90,85.24,26.74
80.76,85.28,27.60
80.86,85.43,27.63
80.65,85.41,29.39
80.56,85.54,31.74
80.66,85.56,40.13
80.76,85.15,40.06
80.79,85.54,40.30
80.74,85.39,40.26
80.90,85.38,40.37
80.91,85.59,28.63
81.04,85.61,27.51
80.81,85.64,30.49
80.58,85.72,33.24
80.73,85.77,40.08
80.96,85.67,40.23
81.18,85.50,40.38
81.12,85.71,28.16
81.37,85.83,29.28
81.09,85.84,31.34
80.82,86.00,32.37
80.71,85.78,32.21
80.62,85.88,34.02
80.58,85.97,34.38
80.75,85.97,39.99
81.11,85.86,40.10
81.81,85.74,40.29
80.82,86.07,33.23
81.00,86.24,32.57
80.72,86.21,34.26
80.85,86.18,39.93
81.18,86.35,32.93
81.32,86.43,33.67
80.85,86.49,34.50
80.91,86.67,34.77
80.71,86.67,34.99
80.50,86.72,35.28
80.56,86.89,39.64
80.70,86.75,39.76
80.86,86.48,39.85
80.89,86.80,35.11
81.12,86.86,35.01
80.72,86.87,35.39
80.71,87.02,39.52
80.80,86.93,39.66
80.94,86.78,39.74
81.14,86.95,35.47
80.97,87.01,35.79
81.38,87.05,38.90
80.94,87.04,39.54
80.97,86.95,39.66
81.30,81.04,22.96
81.25,81.33,22.16
81.18,80.84,24.45
81.28,80.88,25.63
81.31,80.98,26.17
81.21,81.11,26.60
81.14,81.35,26.96
81.20,81.56,27.43
81.18,81.72,27.66
81.06,81.83,27.66
81.12,81.89,28.02
81.23,82.06,29.08
81.17,82.17,29.27
81.26,81.84,21.83
81.13,82.31,29.36
81.17,82.29,21.64
81.19,82.65,21.90
81.27,82.84,22.18
81.06,82.42,29.41
81.22,82.48,29.78
81.15,82.68,31.40
81.13,82.79,31.78
81.28,83.03,22.37
81.08,82.93,31.99
81.19,83.23,22.49
81.32,83.27,22.65
81.35,83.57,22.96
80.99,83.07,32.07
81.22,83.13,32.46
81.66,83.15,32.91
81.44,83.12,33.34
81.35,83.12,33.65
81.25,83.22,33.97
81.17,83.40,34.40
81.44,83.27,36.59
81.10,83.51,36.50
81.27,83.15,37.37
81.09,83.14,38.52
81.32,83.33,39.53
81.32,83.68,39.94
81.33,83.73,23.11
81.12,83.57,34.72
81.05,83.67,36.32
81.20,83.83,23.15
81.11,83.92,23.41
81.12,84.05,24.04
81.06,83.72,35.09
81.05,83.77,35.91
81.15,84.21,40.04
81.12,85.31,26.49
80.98,85.34,26.81
81.06,85.50,26.91
80.99,84.73,40.12
80.97,85.01,40.29
81.24,85.09,40.42
81.23,85.67,27.08
81.42,85.84,27.75
81.59,85.87,30.18
81.69,85.89,29.59
81.82,85.86,31.02
81.34,85.86,31.61
81.13,85.92,31.89
80.90,85.97,32.08
80.94,86.14,32.25
81.01,86.03,39.98
81.18,86.32,32.22
81.17,86.25,39.92
81.50,86.43,32.45
81.52,86.45,32.93
81.05,86.56,34.36
81.19,86.52,34.15
81.10,86.73,34.66
81.24,86.58,39.84
81.33,86.92,34.86
81.10,86.84,39.73
81.55,87.02,35.28
81.69,87.04,36.46
81.23,87.04,39.46
81.15,86.96,39.67
81.42,81.50,22.74
81.40,81.00,24.44
81.56,81.46,22.91
81.56,81.24,23.85
81.42,80.97,25.32
81.60,81.91,22.60
81.50,82.05,22.31
81.72,81.27,24.40
81.72,81.48,23.17
81.45,81.15,25.92
81.42,81.39,27.11
81.36,81.61,27.82
81.54,81.59,28.13
81.55,81.47,27.59
81.68,81.50,27.77
81.76,81.92,22.70
81.23,81.78,27.89
81.41,81.74,28.22
81.70,81.67,28.29
81.67,82.65,22.59
81.53,81.86,28.48
81.33,82.22,29.52
81.43,82.08,29.42
81.52,82.23,29.70
81.52,82.12,29.61
81.65,82.17,29.74
81.31,82.14,21.91
81.39,82.31,22.13
81.21,82.38,29.54
81.42,82.36,29.74
81.71,82.33,29.89
81.44,82.58,22.29
81.61,82.49,30.13
82.17,82.62,30.67
81.34,82.85,32.15
81.41,82.71,31.70
81.63,82.88,32.36
81.66,82.78,32.13
81.95,82.87,32.25
81.87,82.69,37.95
81.75,82.86,37.51
81.53,82.82,38.11
81.68,82.68,38.50
81.48,82.82,38.69
81.62,82.75,38.98
81.36,83.02,22.45
81.49,82.71,22.44
81.17,83.00,32.23
81.45,83.00,32.40
81.79,82.98,32.45
81.38,82.98,37.82
81.63,83.00,37.25
81.35,82.95,38.60
81.54,82.91,39.18
81.59,83.34,22.92
81.50,83.66,23.20
81.66,83.56,23.21
81.63,83.69,23.37
81.76,83.61,23.36
81.73,83.09,32.55
81.84,83.10,33.36
81.65,83.07,33.69
81.73,83.11,34.21
81.32,83.42,35.22
81.64,83.22,34.99
81.76,83.25,35.95
81.34,83.40,35.98
82.07,83.17,36.59
81.81,83.09,36.94
81.42,83.07,39.22
81.35,83.89,40.18
81.60,83.32,40.04
81.42,83.86,40.30
81.55,83.54,40.26
81.58,83.83,40.42
81.36,83.79,23.26
81.48,83.80,23.45
81.72,83.73,23.59
81.17,83.59,35.12
81.16,83.60,35.72
81.41,83.92,23.87
81.43,84.06,24.23
81.39,84.25,24.41
81.66,84.11,24.47
81.65,84.24,24.60
81.80,84.14,24.64
81.14,84.49,40.22
81.29,84.41,40.35
81.22,84.41,24.46
81.48,84.40,24.63
81.77,84.33,24.80
81.55,84.54,24.91
81.49,84.66,25.25
81.50,84.70,25.57
81.25,84.74,25.80
81.51,84.82,26.03
81.58,84.60,40.49
81.64,84.95,26.17
81.49,85.09,26.28
81.35,85.25,26.43
81.59,85.44,26.68
81.34,85.45,26.61
81.16,85.43,26.61
81.91,85.27,40.46
81.50,85.58,26.79
81.69,85.61,26.85
81.33,85.60,26.80
81.60,85.71,26.91
81.53,85.81,27.10
81.64,85.92,27.38
81.79,85.96,27.71
81.75,85.97,28.08
81.64,85.94,28.48
81.62,85.94,31.72
81.70,86.08,31.81
81.32,86.05,31.92
81.02,86.05,32.08
81.41,86.04,40.02
81.60,85.92,40.14
81.58,86.19,31.84
81.97,86.21,31.78
81.27,86.23,32.00
81.84,86.28,39.89
81.78,86.33,31.86
81.55,86.39,32.05
81.34,86.52,34.03
81.47,86.65,34.15
81.29,86.63,34.28
81.15,86.63,34.40
81.85,86.73,39.61
81.91,86.58,39.80
81.67,86.66,39.83
82.13,86.45,39.61
81.60,86.55,39.85
81.45,86.78,34.37
81.66,86.87,34.27
81.34,86.82,34.56
81.45,86.88,39.71
81.59,86.94,39.43
81.33,86.77,39.80
81.66,86.99,34.52
81.71,87.05,34.83
81.85,81.46,24.47
81.84,81.62,23.45
81.74,81.41,26.22
81.86,81.56,27.49
81.86,82.25,22.97
81.94,81.70,28.00
81.86,81.81,28.40
81.91,82.00,28.75
81.63,82.05,29.28
81.67,82.09,29.62
81.84,82.22,29.82
81.99,82.37,29.97
81.97,82.47,30.15
81.94,82.73,31.63
81.88,82.63,38.94
81.97,82.59,38.45
81.79,82.79,39.34
81.83,82.71,22.75
81.74,82.93,39.53
81.78,83.01,22.84
81.81,83.34,23.17
81.89,83.53,23.49
81.99,83.17,34.81
82.00,83.27,35.24
81.91,83.27,35.49
81.92,83.25,35.75
81.63,83.01,39.51
81.69,83.07,39.74
81.87,83.26,40.38
81.83,83.52,40.58
81.91,83.65,23.75
81.80,83.79,23.94
81.88,83.92,24.44
81.94,84.16,24.82
81.77,84.09,40.61
81.93,84.33,24.96
81.85,84.45,25.00
81.91,84.54,25.22
81.91,84.64,25.56
81.82,84.72,25.88
81.88,84.82,26.12
81.88,84.93,26.22
81.76,85.04,26.28
81.84,85.17,26.52
81.87,85.45,26.76
81.86,85.62,26.85
81.78,85.72,26.91
81.85,85.79,27.03
81.84,85.91,27.34
81.98,86.03,40.08
81.54,86.56,33.89
81.71,86.54,33.66
81.71,86.73,34.02
82.14,86.55,39.56
81.87,86.94,34.14
81.92,87.09,34.38
82.05,87.19,34.67
82.38,87.12,35.19
82.00,81.95,24.32
81.98,81.64,26.25
82.11,82.27,23.97
82.13,82.09,24.10
82.12,81.93,24.52
82.15,81.85,25.65
82.04,81.68,27.14
82.19,82.01,24.48
82.35,81.99,26.25
82.28,82.01,25.04
82.14,81.86,27.57
82.29,82.21,29.26
82.02,82.17,29.53
81.87,82.15,29.68
82.20,82.41,23.95
82.23,82.23,24.08
82.30,82.17,24.44
82.23,82.32,29.76
82.43,82.35,29.59
82.09,82.31,29.87
81.93,82.77,23.22
82.13,82.78,23.83
82.36,82.53,24.12
82.30,82.69,24.03
82.35,82.36,24.22
82.33,82.41,29.86
82.36,82.50,29.97
82.16,82.58,38.81
81.98,82.86,39.69
82.13,82.68,39.37
82.16,82.85,39.89
82.20,82.77,39.76
82.32,82.80,39.86
81.98,83.20,23.44
82.35,83.00,24.16
82.17,83.29,24.08
82.22,83.02,32.32
82.13,82.93,37.30
81.81,82.98,39.70
82.01,82.94,39.88
82.32,82.88,39.97
82.03,83.38,23.75
82.32,83.30,24.36
82.18,83.52,24.38
82.30,83.47,24.55
82.23,83.60,24.62
82.37,83.52,24.70
82.22,83.47,35.42
82.07,83.43,35.61
82.05,83.39,35.81
82.13,83.36,36.01
82.17,83.28,36.13
82.47,83.09,37.18
82.07,83.02,40.12
81.97,83.70,40.79
82.09,83.26,40.70
82.13,83.70,40.98
82.15,83.40,40.91
82.27,83.55,41.03
82.01,83.63,24.11
82.11,83.70,24.49
82.29,83.71,24.78
82.20,83.62,35.68
82.36,83.68,35.57
82.17,83.61,35.84
82.24,83.55,36.02
82.19,83.98,24.94
82.09,84.24,25.07
82.26,84.12,25.14
82.23,84.26,25.24
82.36,84.16,25.29
82.33,83.76,35.82
82.32,83.72,35.98
81.97,84.28,40.76
82.11,84.13,40.92
82.28,83.95,41.05
81.99,84.41,25.10
82.14,84.40,25.26
82.35,84.34,25.47
82.19,84.52,25.54
82.21,84.61,25.91
82.16,84.71,26.18
82.09,84.84,26.31
82.29,84.73,26.41
82.23,84.82,26.49
82.37,84.76,26.56
82.01,84.75,40.60
82.23,84.59,40.80
82.29,84.34,40.98
81.94,84.99,26.34
82.08,84.95,26.46
82.26,84.95,26.66
82.17,85.23,26.77
82.06,85.50,26.82
82.27,85.35,26.85
82.24,85.49,26.90
82.40,85.38,27.03
81.93,85.68,26.89
82.11,85.65,26.98
82.36,85.57,27.27
82.12,85.79,27.35
82.06,85.91,27.94
81.95,85.98,28.28
81.87,85.97,28.59
81.75,85.93,28.98
81.74,85.91,29.26
81.72,85.90,29.39
82.08,85.87,29.33
82.30,85.83,30.54
82.54,85.82,31.13
82.17,86.05,31.75
81.93,85.92,40.19
82.35,86.22,31.79
82.19,86.33,31.82
82.17,86.41,32.10
82.21,86.48,32.93
81.96,86.55,33.41
82.21,86.66,33.49
81.97,86.65,33.63
81.78,86.64,33.81
82.16,86.78,33.66
82.35,86.81,33.63
81.98,86.83,33.88
81.93,86.88,38.94
82.27,86.94,33.84
82.17,87.09,34.16
82.20,87.24,34.45
81.70,87.01,38.07
82.50,82.12,26.37
82.42,82.14,25.33
82.52,82.11,28.03
82.55,82.24,28.99
82.47,82.37,24.78
82.61,82.35,29.16
82.53,82.79,24.36
82.45,82.81,24.23
82.51,82.63,24.45
82.58,82.46,29.51
82.32,82.88,32.00
82.26,82.64,38.22
82.10,82.76,37.59
82.40,82.65,39.00
82.39,82.72,39.58
82.53,82.81,39.71
82.52,82.99,24.33
82.63,82.89,39.86
82.47,83.14,24.38
82.47,83.32,24.57
82.52,83.48,24.79
82.16,83.13,32.59
82.43,83.16,32.99
82.19,83.12,33.80
82.33,83.20,34.50
82.27,83.31,35.04
82.45,83.52,35.24
82.47,83.37,36.33
82.35,83.45,36.19
82.38,83.26,36.41
82.54,82.98,40.18
82.40,83.18,40.56
82.34,83.33,40.89
82.44,83.72,41.02
82.54,83.63,24.94
82.56,83.70,35.44
82.45,83.66,36.13
82.44,83.80,25.01
82.45,83.95,25.17
82.51,84.11,25.44
82.54,83.80,35.74
82.51,83.80,35.99
82.51,84.31,25.73
82.43,84.15,41.03
82.41,84.48,25.86
82.52,84.59,26.38
82.53,84.77,26.72
82.44,84.82,40.57
82.46,84.66,40.76
82.46,84.44,40.90
82.48,84.90,26.81
82.41,85.13,40.44
82.39,85.04,26.83
82.52,85.17,27.11
82.57,85.40,27.52
82.54,85.56,27.84
82.33,85.74,28.00
82.16,85.90,31.52
82.39,85.93,40.21
82.31,86.58,33.31
82.47,86.69,33.51
82.32,86.66,39.02
82.56,86.49,39.03
82.53,86.82,33.68
82.46,86.93,33.79
82.51,87.06,34.07
82.42,87.22,34.37
82.39,87.25,34.64
82.64,82.31,26.30
82.68,82.17,27.78
82.70,82.14,28.27
82.71,82.13,28.44
82.70,82.14,28.51
82.66,82.17,28.62
82.67,82.74,25.12
82.75,82.58,25.65
82.82,82.53,26.39
82.73,82.26,28.16
82.60,82.98,24.46
82.66,83.11,24.78
82.84,82.87,25.56
82.94,82.61,27.40
82.95,82.81,26.13
82.78,82.44,28.73
82.98,82.73,29.07
82.70,82.66,30.23
83.02,82.79,30.46
82.75,82.75,30.86
82.54,82.81,31.47
82.40,82.79,37.80
82.58,82.75,38.56
82.59,82.74,39.27
82.57,83.12,24.48
82.62,83.23,24.67
82.93,82.93,31.36
83.17,82.96,31.05
82.63,82.96,31.90
82.68,82.92,38.04
82.80,82.87,39.24
82.65,83.47,24.92
83.05,83.06,31.60
82.71,83.09,32.11
82.63,83.19,33.60
82.70,83.24,34.06
82.98,83.41,34.28
82.74,83.36,34.59
82.53,83.37,34.89
82.61,83.55,36.30
82.71,83.42,36.44
82.77,83.34,36.61
82.63,83.23,36.80
82.93,83.08,37.88
83.16,83.05,38.93
83.03,82.94,39.47
82.93,83.02,39.94
82.80,83.26,40.41
82.93,83.76,40.53
82.71,83.64,40.70
82.54,83.51,40.87
82.59,83.71,25.07
82.65,83.71,25.22
82.79,83.47,25.45
82.99,83.27,25.79
82.93,83.52,34.75
83.09,83.62,34.70
82.72,83.57,35.08
82.65,83.72,36.17
82.82,83.62,36.32
82.95,83.51,36.54
82.66,84.09,25.77
82.95,83.78,25.94
82.81,84.07,26.09
82.93,84.12,26.33
82.87,84.28,26.48
82.99,84.22,26.54
82.97,83.71,35.21
82.77,83.77,35.58
82.78,83.79,36.03
82.99,83.70,36.33
82.57,84.39,26.04
82.72,84.34,26.31
82.93,84.39,26.65
82.68,84.34,40.68
82.93,84.25,40.45
82.59,83.99,40.92
82.83,84.63,26.79
82.69,84.84,26.89
82.90,84.75,26.93
82.83,84.88,27.02
82.98,84.79,27.04
82.89,84.83,39.96
82.95,84.64,40.05
82.79,84.82,40.11
82.92,84.53,40.24
82.73,84.69,40.38
82.55,84.98,26.92
82.69,84.97,27.03
82.89,84.98,27.37
82.82,84.95,40.02
83.03,84.93,39.99
82.68,85.00,40.25
82.84,85.27,28.23
82.70,85.47,28.21
82.84,85.48,29.10
82.97,85.35,29.15
83.04,85.41,29.71
82.94,85.08,40.12
82.77,85.19,40.29
82.68,85.35,40.39
82.57,85.64,28.65
82.66,85.67,29.55
82.96,85.56,30.15
82.63,85.56,40.40
82.63,85.74,30.32
82.63,85.94,31.63
82.68,86.13,31.83
82.96,85.99,31.78
82.98,86.12,31.94
83.12,86.00,31.90
82.73,86.04,39.90
82.49,86.31,31.88
82.74,86.28,32.02
83.05,86.18,32.21
82.67,86.37,32.35
82.61,86.59,33.42
82.70,86.74,33.72
82.87,86.62,33.69
82.91,86.75,33.91
83.03,86.65,33.88
83.08,86.76,36.80
83.11,86.57,37.58
82.94,86.70,37.47
82.79,86.59,38.30
82.90,86.48,38.43
82.61,86.91,33.85
82.78,86.92,34.04
83.04,86.85,34.20
82.70,86.86,36.90
82.79,86.94,36.12
82.39,86.82,37.92
82.75,87.10,34.50
83.10,82.89,27.42
83.09,83.02,26.50
83.21,82.82,30.20
83.27,83.00,30.80
83.09,83.19,31.91
82.99,83.34,33.41
83.16,83.54,34.12
82.99,83.27,37.41
82.99,83.41,36.87
83.23,83.18,38.20
83.15,83.03,39.66
83.21,83.21,40.05
83.07,83.37,40.31
83.12,83.81,40.40
83.15,83.38,26.19
83.20,83.75,34.58
83.11,83.65,36.68
83.09,83.62,25.99
83.09,83.94,26.31
83.14,84.13,26.61
83.15,83.92,35.22
83.08,83.91,36.09
83.18,84.26,26.75
83.08,84.18,40.34
83.09,84.44,26.81
83.10,84.56,26.92
83.13,84.69,27.18
83.10,84.71,39.98
83.15,84.44,40.07
83.10,84.31,40.19
83.12,84.85,27.66
83.31,84.91,40.05
83.05,85.05,28.19
83.18,85.20,29.53
83.20,85.42,30.54
83.22,85.12,40.13
83.05,85.26,40.26
83.06,85.43,40.36
83.16,85.55,30.82
82.97,85.68,30.88
83.04,85.82,31.57
83.23,85.95,32.15
82.89,85.88,40.21
82.78,85.75,40.31
83.21,86.11,32.67
82.56,86.27,39.49
82.93,86.31,32.80
82.95,86.47,33.54
83.18,86.62,34.11
83.24,86.72,36.36
83.26,86.47,37.22
82.90,86.38,38.54
83.24,86.79,34.41
83.04,86.95,35.55
83.13,86.95,34.56
83.05,87.00,34.97
83.27,83.47,27.24
83.32,83.13,29.13
83.24,82.83,29.63
83.39,83.67,27.54
83.41,83.59,28.10
83.31,82.94,30.10
83.37,84.12,27.75
83.33,83.25,30.67
83.30,83.61,32.46
83.22,83.54,33.54
83.22,83.59,37.31
83.32,83.43,37.94
83.44,83.27,38.39
83.47,83.20,38.79
83.34,83.27,39.72
83.47,83.82,39.91
83.33,83.55,40.11
83.23,83.51,40.28
83.20,83.64,26.33
83.23,83.84,26.58
83.48,83.93,28.35
83.46,83.58,29.35
83.40,83.58,30.84
83.27,83.74,33.92
83.24,83.86,36.98
83.33,83.84,37.47
83.39,83.76,37.84
83.46,83.63,38.13
83.54,83.45,38.35
83.27,84.03,26.79
83.61,83.84,29.28
83.56,83.89,28.74
83.51,83.78,30.26
83.43,83.81,31.39
83.57,84.01,31.00
83.28,84.07,34.73
83.32,84.62,35.86
83.30,84.20,36.84
83.36,84.06,37.38
83.42,83.99,37.73
83.56,83.85,38.13
83.48,83.96,37.96
83.61,83.66,38.32
83.22,83.88,40.28
83.23,84.31,26.84
83.28,84.24,27.08
83.45,84.36,28.35
83.59,84.21,28.61
83.47,84.08,32.30
83.65,84.26,31.66
83.36,84.06,33.65
83.43,84.33,37.35
83.48,84.20,37.63
83.54,84.13,37.86
83.30,84.05,40.13
83.39,84.48,40.02
83.26,84.56,27.52
83.36,84.52,28.23
83.53,84.60,29.03
83.39,84.68,28.67
83.44,84.87,29.41
83.55,84.77,29.57
83.60,84.85,29.95
83.57,84.34,32.45
83.52,84.41,33.40
83.39,84.43,34.63
83.54,84.70,34.32
83.41,84.56,37.05
83.62,84.45,37.54
83.54,84.56,37.39
83.61,84.29,37.73
83.27,84.80,28.45
83.33,85.02,29.48
83.54,85.02,30.41
83.44,84.76,35.02
83.57,84.96,34.45
83.41,84.94,37.01
83.57,84.81,37.37
83.47,85.27,31.63
83.32,85.51,31.48
83.42,85.55,33.04
83.55,85.21,33.65
83.46,85.43,34.29
83.45,85.13,34.90
83.36,85.20,36.46
83.53,85.12,37.45
83.41,85.46,37.22
83.50,85.36,37.62
83.47,85.58,37.79
83.57,85.48,37.81
83.40,85.26,40.19
83.52,85.03,40.06
83.28,85.32,40.27
83.20,85.64,31.28
83.30,85.71,32.00
83.39,85.87,35.33
83.47,85.80,38.02
83.59,85.72,38.13
83.29,85.64,40.13
83.63,85.40,39.83
83.18,85.52,40.32
83.33,85.89,33.05
83.40,85.88,37.38
83.60,85.88,38.63
83.44,86.00,38.56
83.64,85.77,39.29
83.38,85.89,39.57
83.22,86.17,33.55
83.28,86.35,34.27
83.40,86.35,34.78
83.44,86.35,35.06
83.45,86.34,35.29
83.45,86.32,35.51
83.44,86.29,35.81
83.41,86.22,36.21
83.32,86.20,37.37
83.10,86.16,39.01
83.34,86.59,34.50
83.42,86.55,34.83
83.44,86.57,35.12
83.45,86.52,35.41
83.45,86.49,35.68
83.40,86.47,36.28
83.33,86.78,34.81
83.35,86.73,35.48
83.69,83.37,39.07
83.64,83.31,38.70
83.56,83.50,39.40
83.68,84.52,39.75
83.83,83.56,38.60
83.75,84.01,29.25
83.69,84.03,28.80
83.68,83.98,29.96
83.78,84.19,30.69
83.73,84.03,38.18
83.62,84.08,38.04
83.77,83.85,38.33
83.74,84.22,28.83
83.83,84.38,31.39
83.70,84.27,37.88
83.69,84.41,29.02
83.71,84.63,29.63
83.79,84.78,30.35
83.72,84.51,32.43
83.67,84.67,33.50
83.71,84.87,33.86
83.79,84.64,37.55
83.71,84.70,37.45
83.76,84.47,37.71
83.83,84.90,31.04
83.70,85.03,33.74
83.75,84.88,37.43
83.72,85.05,31.58
83.72,85.08,32.71
83.68,85.01,37.48
83.67,85.22,37.63
83.72,85.42,37.96
83.74,85.60,38.30
83.77,85.30,39.53
83.69,85.79,38.53
83.75,85.63,39.03
83.85,83.46,38.96
83.85,83.86,39.32
83.98,83.52,38.87
84.03,83.67,39.11
83.80,84.14,29.07
83.89,84.22,29.85
83.81,84.25,38.09
83.94,84.15,38.29
84.06,83.92,38.50
84.16,83.74,38.84
84.18,83.84,39.17
84.06,84.11,39.33
84.22,84.13,39.31
83.92,84.88,39.26
83.82,84.34,29.33
83.92,84.51,30.04
84.03,84.46,30.45
83.97,84.39,30.78
83.86,84.45,37.92
84.02,84.57,38.29
84.23,84.30,38.50
84.09,84.55,39.37
84.23,84.46,39.28
83.99,84.68,30.80
84.04,84.58,31.09
83.93,84.58,31.72
83.83,84.76,32.85
83.84,84.85,37.51
83.90,84.75,37.82
84.25,84.57,38.70
84.12,84.79,38.74
84.24,84.62,39.04
84.09,84.82,39.12
84.03,84.86,39.31
83.91,84.84,31.91
83.81,84.94,33.15
83.79,85.02,37.50
83.84,85.08,37.75
83.93,85.10,38.48
84.00,84.98,39.11
83.81,85.51,38.70
84.39,83.94,38.84
84.33,84.04,38.64
84.32,83.92,39.07
84.36,84.18,39.18
84.42,84.27,38.65
84.35,84.41,39.14
84.39,84.43,38.69
84.38,84.47,38.92
84.47,84.15,38.79
84.44,84.06,38.98
84.47,84.35,38.80
84.45,84.27,38.99
