68.26,102.62,31.42
68.12,101.41,32.33
65.14,101.28,25.93
67.80,100.52,33.04
67.57,105.40,30.47
67.58,100.17,33.32
66.98,106.26,30.21
67.13,99.68,33.81
66.45,99.23,34.35
65.94,95.82,26.09
65.72,94.01,16.78
65.76,98.90,34.70
65.95,107.21,29.72
65.84,94.28,22.35
65.68,93.85,18.84
65.93,94.03,21.06
60.61,100.51,37.57
64.85,101.69,25.58
60.76,100.09,37.29
63.00,106.97,27.05
62.86,105.06,25.55
63.10,104.38,25.27
63.19,107.23,27.38
63.20,104.16,25.20
60.35,102.72,38.69
64.39,98.58,35.17
64.10,102.66,25.12
64.59,107.75,28.83
64.49,102.13,25.30
65.26,107.57,29.30
63.97,107.71,28.30
60.68,100.29,37.43
60.55,100.73,37.72
60.39,102.46,38.61
60.31,102.97,38.75
60.42,102.21,38.52
60.45,101.95,38.42
60.47,101.69,38.30
60.86,99.90,37.15
60.48,101.43,38.17
61.12,99.55,36.88
60.98,99.72,37.01
60.51,100.96,37.86
60.49,101.19,38.01
61.26,99.39,36.74
61.60,99.12,36.47
61.80,99.00,36.34
61.43,99.25,36.61
62.01,98.90,36.21
62.23,98.81,36.08
62.47,98.73,35.96
62.75,106.10,26.23
62.81,106.48,26.55
62.77,106.30,26.39
62.86,106.65,26.72
62.74,105.91,26.08
62.75,105.70,25.93
62.81,105.27,25.67
62.92,106.81,26.88
63.09,107.11,27.22
62.77,105.49,25.80
62.72,98.67,35.83
63.01,104.61,25.35
62.93,104.83,25.44
63.31,107.35,27.54
63.43,107.45,27.70
63.31,103.93,25.14
63.56,103.49,25.08
63.55,107.54,27.85
63.43,103.71,25.10
63.83,103.06,25.07
63.69,103.27,25.07
63.82,98.57,35.38
63.54,98.58,35.49
62.99,98.63,35.72
63.69,107.61,28.01
63.96,102.85,25.09
63.83,107.67,28.15
64.12,107.74,28.43
63.26,98.60,35.60
64.23,102.47,25.17
64.37,102.29,25.22
64.27,107.76,28.57
64.43,107.76,28.70
64.68,98.62,35.07
64.11,98.57,35.27
64.62,101.97,25.38
64.73,101.82,25.47
64.76,107.72,28.95
64.92,107.67,29.07
64.96,98.66,34.98
64.95,101.55,25.69
65.05,101.42,25.81
65.09,107.63,29.18
65.24,98.73,34.89
65.53,100.37,26.58
65.71,93.98,17.34
65.22,101.13,26.07
65.30,100.96,26.20
65.43,107.50,29.41
65.61,100.15,26.69
65.45,100.58,26.46
65.68,93.95,17.60
65.74,93.87,19.36
65.81,94.46,22.92
65.65,93.86,18.33
65.71,93.85,19.09
65.66,93.86,18.59
65.81,94.37,22.64
65.84,95.12,25.04
65.82,94.92,24.56
65.83,95.01,24.81
65.86,95.24,25.27
65.88,95.38,25.48
65.50,98.81,34.80
65.38,100.78,26.34
65.64,93.88,18.09
65.60,107.42,29.51
66.00,99.00,34.59
65.80,94.56,23.19
65.68,99.91,26.79
65.65,93.91,17.84
65.57,94.01,15.57
65.89,95.51,25.70
65.82,94.77,24.04
65.75,99.66,26.88
65.89,94.15,21.74
65.82,93.92,19.90
65.78,93.90,19.63
65.85,93.93,20.18
65.86,94.21,22.05
65.89,93.95,20.46
65.81,94.65,23.48
65.82,94.83,24.31
65.78,107.32,29.62
66.48,106.79,29.98
65.91,94.10,21.41
65.91,93.98,20.75
65.82,94.72,23.77
66.23,99.12,34.48
65.73,94.00,17.06
65.70,94.02,16.48
66.00,96.38,26.58
65.91,95.66,25.90
65.81,99.41,26.96
65.64,94.02,15.88
65.68,94.02,16.19
65.98,96.19,26.43
66.02,96.59,26.71
65.96,96.00,26.27
66.03,96.81,26.83
66.04,97.05,26.93
66.04,97.29,27.01
66.04,97.54,27.06
66.03,97.80,27.10
66.01,98.06,27.12
65.99,98.33,27.13
65.95,98.60,27.11
65.91,98.87,27.07
65.86,99.14,27.02
66.13,107.08,29.81
66.30,106.94,29.90
66.65,106.62,30.07
66.65,99.35,34.22
66.83,99.45,34.08
66.99,99.57,33.94
67.25,99.79,33.67
66.82,106.45,30.14
67.14,106.06,30.28
67.29,105.85,30.35
67.47,100.03,33.43
67.36,99.90,33.55
67.70,105.16,30.53
67.43,105.63,30.41
67.81,104.91,30.59
67.90,100.73,32.88
67.69,100.34,33.19
67.98,100.95,32.70
68.05,101.18,32.52
68.24,102.39,31.57
68.26,102.84,31.30
68.21,103.58,30.98
68.16,103.85,30.88
68.09,104.12,30.80
68.01,104.39,30.72
67.92,104.66,30.65
68.22,102.16,31.74
68.24,103.32,31.08
68.21,101.92,31.93
68.17,101.66,32.14
68.26,103.07,31.19
