95.60,94.21,20.82
95.60,92.85,42.57
89.56,97.62,37.13
95.21,95.64,23.76
94.93,96.51,25.53
94.36,98.76,31.79
94.08,99.42,32.57
93.79,99.79,33.09
93.55,92.01,39.57
93.17,100.18,33.87
94.56,92.10,40.48
91.37,92.65,38.46
91.39,100.43,35.44
91.14,100.36,35.72
90.83,93.00,38.19
90.68,100.05,36.21
91.97,100.46,34.81
90.26,93.57,37.95
90.35,99.68,36.51
90.02,93.92,37.86
89.50,97.32,37.18
89.45,97.01,37.21
89.82,94.31,37.77
89.72,94.52,37.72
89.64,94.74,37.67
89.57,94.97,37.62
89.51,95.22,37.56
89.47,95.48,37.50
89.44,95.76,37.44
89.42,96.05,37.37
89.42,96.36,37.31
89.62,97.91,37.08
89.43,96.68,37.25
89.77,98.46,36.97
89.85,98.71,36.91
89.94,98.94,36.84
89.69,98.19,37.03
89.91,94.11,37.81
90.13,93.74,37.90
90.04,99.15,36.76
90.14,99.35,36.68
90.39,93.41,38.00
90.24,99.52,36.60
90.53,93.27,38.06
90.68,93.13,38.12
90.57,99.94,36.32
90.46,99.81,36.42
91.00,92.88,38.27
91.17,92.76,38.36
91.02,100.30,35.86
90.91,100.23,35.98
90.79,100.15,36.10
92.08,92.36,38.79
91.26,100.40,35.58
91.52,100.46,35.29
91.66,100.47,35.13
91.81,100.47,34.97
91.58,92.55,38.56
92.33,92.26,38.92
91.81,92.45,38.66
92.14,100.44,34.66
92.33,100.41,34.51
92.52,100.37,34.36
92.58,92.18,39.03
92.71,100.34,34.25
92.83,92.12,39.16
93.03,100.24,34.01
92.87,100.30,34.13
93.08,92.07,39.28
93.31,100.12,33.73
93.44,100.05,33.58
93.77,92.00,39.73
93.32,92.03,39.42
93.69,99.89,33.27
93.57,99.97,33.43
93.99,92.01,39.90
93.99,99.56,32.74
93.90,99.68,32.92
94.19,92.02,40.08
94.41,98.58,31.58
94.30,98.93,31.99
94.57,97.43,29.38
94.56,97.53,29.67
94.23,99.10,32.18
94.44,98.40,31.36
94.16,99.26,32.38
94.48,98.20,31.07
94.54,97.63,29.96
94.59,97.34,29.08
94.53,97.75,30.24
94.51,98.03,30.79
94.86,96.69,25.98
94.82,96.80,26.19
94.76,96.98,26.69
94.74,97.04,26.96
94.72,97.09,27.24
94.70,97.14,27.53
94.69,97.17,27.82
94.67,97.19,28.14
94.64,97.22,28.45
94.61,97.27,28.77
94.53,97.88,30.52
94.38,92.05,40.27
94.73,92.14,40.68
94.88,96.60,25.77
94.97,96.42,25.28
94.79,96.90,26.43
95.20,95.49,23.50
94.90,92.20,40.89
95.20,95.21,22.95
95.20,95.34,23.23
95.04,96.31,25.02
95.22,95.07,22.67
95.43,94.66,21.56
95.10,96.19,24.76
95.27,94.96,22.39
95.14,96.06,24.51
95.20,95.78,24.01
95.38,94.77,21.82
95.33,94.86,22.10
95.17,95.92,24.26
95.04,92.26,41.12
95.48,92.63,42.08
95.18,92.34,41.35
95.40,92.53,41.83
95.79,93.35,19.95
95.65,94.02,20.59
95.54,94.38,21.06
95.49,94.53,21.30
95.55,92.74,42.33
95.62,92.97,42.81
95.84,93.10,19.75
95.70,93.81,20.37
95.30,92.43,41.59
95.88,92.84,19.57
96.00,92.29,19.21
96.09,92.02,19.02
95.75,93.58,20.16
96.18,91.76,18.83
95.92,92.56,19.39
96.29,91.50,18.64
96.41,91.25,18.44
