5.00,3.00,4.00
33.00,32.00,5834.00
62.00,48.00,57.00
60.00,48.00,62.00
62.00,113.00,68.00
113.00,23.00,68.00
149.00,150.00,32.00
145.00,143.00,144.00
149.00,143.00,150.00
175.00,166.00,167.00
369.00,208.00,209.00
249.00,248.00,250.00
373.00,531.00,248.00
373.00,248.00,249.00
145.00,144.00,408.00
410.00,328.00,329.00
410.00,421.00,422.00
349.00,483.00,355.00
368.00,369.00,517.00
568.00,535.00,569.00
587.00,568.00,569.00
771.00,408.00,674.00
557.00,866.00,719.00
587.00,730.00,586.00
878.00,877.00,879.00
911.00,742.00,894.00
922.00,736.00,737.00
921.00,736.00,922.00
953.00,922.00,908.00
985.00,984.00,5618.00
785.00,1002.00,786.00
1005.00,789.00,1003.00
1005.00,1014.00,789.00
1018.00,1020.00,810.00
1215.00,1042.00,846.00
878.00,1050.00,877.00
5242.00,1411.00,1417.00
985.00,1117.00,984.00
1124.00,1125.00,995.00
1127.00,1003.00,1002.00
1148.00,1125.00,1130.00
1148.00,1149.00,1005.00
1024.00,1156.00,1007.00
1034.00,1178.00,1019.00
1226.00,1184.00,1208.00
1206.00,1220.00,1221.00
1208.00,1225.00,1226.00
1221.00,1045.00,1037.00
1220.00,1411.00,1044.00
1315.00,1078.00,1294.00
1326.00,1317.00,1316.00
1349.00,1348.00,1112.00
1358.00,1360.00,1124.00
1391.00,1679.00,1182.00
1709.00,1732.00,1222.00
1421.00,1268.00,1270.00
1421.00,1420.00,1268.00
1481.00,1479.00,1480.00
1468.00,1470.00,1493.00
1542.00,1519.00,1518.00
1529.00,1555.00,1554.00
1365.00,1558.00,1364.00
1594.00,1554.00,1555.00
1614.00,1594.00,1595.00
1623.00,1622.00,1624.00
1650.00,1381.00,1644.00
1558.00,1658.00,1598.00
1623.00,1624.00,1676.00
1768.00,1755.00,1754.00
1764.00,1414.00,1416.00
1818.00,1811.00,1810.00
1300.00,1444.00,1435.00
1883.00,1542.00,1544.00
1883.00,2121.00,1542.00
1883.00,1544.00,1884.00
1578.00,1908.00,1580.00
1598.00,1944.00,1889.00
1915.00,2187.00,1602.00
1598.00,1658.00,1944.00
1962.00,1740.00,2284.00
1969.00,1768.00,1770.00
1969.00,1968.00,1768.00
1973.00,1778.00,1781.00
2029.00,2028.00,2030.00
1481.00,1480.00,2094.00
1883.00,2122.00,2121.00
1884.00,2122.00,1883.00
2131.00,2129.00,2130.00
2152.00,2118.00,2154.00
1884.00,1910.00,2122.00
2182.00,2152.00,2154.00
2192.00,2189.00,2161.00
1636.00,2200.00,1640.00
5888.00,2200.00,1636.00
2241.00,2189.00,1923.00
1956.00,2241.00,1923.00
2243.00,2227.00,2244.00
2252.00,2237.00,2236.00
2252.00,2236.00,2239.00
1698.00,1960.00,2260.00
2287.00,2289.00,2286.00
2306.00,2295.00,2294.00
1969.00,1974.00,1968.00
2305.00,1973.00,1764.00
1979.00,2336.00,1976.00
2343.00,1984.00,2324.00
2354.00,2364.00,2365.00
2358.00,2369.00,2361.00
2358.00,2368.00,2369.00
2370.00,2365.00,2364.00
2637.00,2094.00,2428.00
2451.00,2182.00,2184.00
2451.00,2450.00,2182.00
2491.00,2244.00,2489.00
2507.00,2506.00,2286.00
2511.00,2306.00,2308.00
2569.00,2568.00,2397.00
2411.00,2601.00,2419.00
2593.00,2602.00,2603.00
2612.00,2603.00,2602.00
2621.00,2620.00,2622.00
2663.00,2661.00,2662.00
2672.00,2664.00,2666.00
2672.00,2666.00,2674.00
2666.00,2675.00,2674.00
2686.00,2448.00,2450.00
2161.00,2683.00,2192.00
2473.00,2708.00,2709.00
2725.00,2489.00,2488.00
2748.00,2490.00,2492.00
2745.00,2770.00,2491.00
2748.00,2492.00,2772.00
2748.00,2772.00,2773.00
2784.00,2799.00,2506.00
2790.00,2502.00,2800.00
2790.00,2800.00,2801.00
2511.00,2814.00,2510.00
2514.00,2814.00,2511.00
2831.00,2515.00,2509.00
2832.00,2823.00,2822.00
2328.00,2833.00,2514.00
2831.00,2527.00,2515.00
2856.00,2849.00,2848.00
2530.00,2857.00,2528.00
2933.00,2932.00,2612.00
2940.00,2942.00,2620.00
2969.00,2672.00,2674.00
2969.00,2968.00,2672.00
2977.00,2684.00,2686.00
2977.00,2976.00,2684.00
2996.00,2998.00,2708.00
2748.00,3002.00,2746.00
3024.00,3020.00,2790.00
3031.00,2826.00,2816.00
3081.00,3080.00,3082.00
3081.00,3082.00,3094.00
2909.00,3102.00,2908.00
2922.00,3108.00,2920.00
3124.00,3123.00,3121.00
3124.00,3121.00,3115.00
2933.00,3166.00,3120.00
3173.00,2619.00,3151.00
3172.00,3173.00,3151.00
3172.00,3151.00,3152.00
3176.00,3152.00,3153.00
3178.00,2940.00,2941.00
2940.00,3180.00,2942.00
3187.00,3185.00,3186.00
3192.00,3176.00,2941.00
3191.00,3176.00,3192.00
3202.00,3172.00,2959.00
2960.00,3191.00,3192.00
2961.00,3183.00,3194.00
2663.00,2662.00,3200.00
3208.00,2966.00,2968.00
3208.00,2968.00,3214.00
2977.00,3222.00,2976.00
2991.00,3234.00,3235.00
3243.00,2998.00,2996.00
3243.00,2999.00,2998.00
3256.00,3245.00,3244.00
3002.00,3257.00,3000.00
3279.00,3014.00,3012.00
3279.00,3015.00,3014.00
3281.00,3267.00,3282.00
3282.00,3299.00,3281.00
3281.00,3299.00,3300.00
3324.00,3313.00,3312.00
3026.00,3325.00,3024.00
3353.00,3031.00,3323.00
3033.00,3354.00,3343.00
3045.00,3580.00,3928.00
3391.00,3059.00,3043.00
3441.00,3080.00,3081.00
3466.00,3468.00,3126.00
3199.00,3502.00,3200.00
3503.00,3200.00,3502.00
3235.00,3531.00,3261.00
3545.00,3282.00,3543.00
3282.00,3545.00,3299.00
3565.00,3346.00,3334.00
3605.00,3604.00,3606.00
3643.00,3641.00,3637.00
3673.00,3669.00,3665.00
4020.00,3675.00,3704.00
3187.00,3186.00,4024.00
3721.00,3714.00,3712.00
3719.00,3503.00,3502.00
3724.00,3731.00,3723.00
3723.00,3731.00,3732.00
3740.00,3747.00,3739.00
3739.00,3747.00,3748.00
3519.00,3750.00,3751.00
3751.00,3520.00,3519.00
3533.00,3776.00,3763.00
5484.00,3841.00,3545.00
3862.00,4088.00,3863.00
3604.00,4127.00,3612.00
3631.00,3961.00,3605.00
3441.00,3978.00,3631.00
3973.00,4164.00,3637.00
4006.00,3992.00,3668.00
4020.00,3996.00,3675.00
4010.00,4006.00,3694.00
3740.00,4041.00,3747.00
3748.00,4048.00,3750.00
4062.00,4054.00,3778.00
4150.00,4143.00,4142.00
4159.00,4157.00,4158.00
4203.00,4241.00,4205.00
4205.00,4244.00,4207.00
4213.00,4232.00,4007.00
4258.00,4237.00,4020.00
4249.00,4027.00,4024.00
4259.00,4269.00,4270.00
4289.00,4518.00,4044.00
4295.00,4296.00,4294.00
4312.00,4303.00,4054.00
4321.00,4322.00,4320.00
4387.00,4073.00,4072.00
4384.00,4410.00,4387.00
4384.00,4423.00,4410.00
4387.00,4410.00,4411.00
4410.00,4423.00,4088.00
4576.00,4150.00,4152.00
4465.00,4179.00,4173.00
4244.00,4502.00,4009.00
4258.00,4508.00,4493.00
4505.00,4510.00,4269.00
4294.00,4296.00,4524.00
4527.00,4308.00,4298.00
4152.00,4460.00,4576.00
4777.00,4461.00,4159.00
4461.00,4777.00,4588.00
4478.00,4612.00,4476.00
4616.00,4627.00,4635.00
4635.00,4229.00,4485.00
4645.00,4503.00,4502.00
4727.00,4517.00,4697.00
4739.00,4527.00,4727.00
4738.00,4745.00,4534.00
4739.00,4535.00,4527.00
4783.00,4588.00,4777.00
4797.00,4616.00,4610.00
4817.00,4696.00,4693.00
4825.00,4824.00,4826.00
4840.00,4826.00,4753.00
4838.00,4826.00,4840.00
4772.00,4852.00,4840.00
4773.00,4957.00,4864.00
4970.00,4872.00,4586.00
4878.00,4893.00,4903.00
4915.00,4797.00,4903.00
4923.00,4928.00,4811.00
4962.00,4860.00,4862.00
4970.00,4968.00,4872.00
4971.00,4878.00,4874.00
4984.00,4937.00,4980.00
5025.00,4957.00,4956.00
5034.00,5050.00,5051.00
5085.00,5088.00,5001.00
5088.00,5096.00,5020.00
5077.00,5108.00,5076.00
5113.00,5083.00,5082.00
4.00,68.00,23.00
21.00,1.00,26.00
33.00,5834.00,48.00
464.00,462.00,468.00
649.00,921.00,763.00
667.00,649.00,763.00
853.00,830.00,719.00
569.00,858.00,587.00
894.00,742.00,743.00
1112.00,780.00,781.00
1127.00,1125.00,1148.00
1044.00,1045.00,1221.00
1220.00,1044.00,1221.00
1358.00,1121.00,1514.00
1358.00,1124.00,1103.00
1121.00,1358.00,1103.00
1636.00,5171.00,5265.00
1790.00,1429.00,1791.00
1910.00,1585.00,1602.00
2187.00,1910.00,1602.00
1710.00,1675.00,1955.00
1956.00,1710.00,1955.00
2029.00,2030.00,2056.00
2074.00,2043.00,2075.00
2118.00,1880.00,2121.00
2154.00,2118.00,2121.00
2336.00,1988.00,2344.00
2368.00,2026.00,2369.00
2208.00,2708.00,2473.00
2338.00,2524.00,2529.00
2361.00,1996.00,2539.00
2354.00,2365.00,2533.00
2433.00,2442.00,2675.00
2492.00,2751.00,2772.00
2786.00,2772.00,2751.00
2814.00,2514.00,2822.00
2816.00,2826.00,2828.00
2822.00,2514.00,2833.00
2832.00,2822.00,2833.00
2840.00,2528.00,2848.00
3121.00,2601.00,3115.00
2816.00,3023.00,3323.00
3031.00,2816.00,3323.00
2838.00,2849.00,3042.00
2841.00,3040.00,3043.00
2852.00,2841.00,3043.00
2852.00,3043.00,3059.00
2867.00,3054.00,3061.00
2959.00,3172.00,3191.00
3222.00,3000.00,3244.00
3020.00,3024.00,3312.00
3513.00,3750.00,3519.00
3346.00,3565.00,3577.00
3631.00,3605.00,3606.00
3492.00,3689.00,3703.00
3714.00,4030.00,4028.00
4068.00,3831.00,4074.00
4209.00,4195.00,4010.00
4009.00,4005.00,4207.00
4244.00,4009.00,4207.00
4249.00,4247.00,4259.00
4270.00,4249.00,4259.00
4212.00,4198.00,4485.00
4212.00,4485.00,4229.00
4527.00,4298.00,4727.00
4296.00,4305.00,4526.00
4524.00,4296.00,4526.00
4327.00,4534.00,4537.00
4576.00,4460.00,4580.00
4589.00,4588.00,4598.00
4537.00,4534.00,4745.00
4751.00,4537.00,4745.00
4746.00,5890.00,4751.00
4610.00,4789.00,4903.00
4797.00,4610.00,4903.00
4825.00,4826.00,4838.00
4783.00,4777.00,4865.00
4991.00,4989.00,4995.00
5007.00,4948.00,5020.00
5050.00,5034.00,4962.00
4984.00,4980.00,5076.00
1996.00,5174.00,1998.00
177.00,5229.00,349.00
2828.00,5292.00,2816.00
3164.00,5302.00,3145.00
4086.00,5200.00,5488.00
4915.00,5342.00,4800.00
48.00,60.00,5209.00
984.00,1117.00,5486.00
1206.00,1221.00,5246.00
1377.00,1206.00,5246.00
1358.00,1514.00,1578.00
1636.00,1640.00,5171.00
5174.00,1996.00,2027.00
1888.00,2215.00,2216.00
2412.00,2076.00,5281.00
2488.00,2485.00,2725.00
3243.00,2996.00,3543.00
5664.00,3334.00,3346.00
5679.00,3386.00,5487.00
3797.00,4063.00,5312.00
4337.00,4060.00,5323.00
4227.00,4229.00,4635.00
4610.00,4616.00,5333.00
4789.00,4783.00,4874.00
3.00,2.00,4.00
83.00,82.00,84.00
82.00,88.00,81.00
81.00,128.00,125.00
136.00,144.00,143.00
167.00,166.00,159.00
161.00,167.00,159.00
185.00,183.00,175.00
177.00,185.00,175.00
275.00,297.00,296.00
421.00,410.00,448.00
542.00,556.00,539.00
568.00,587.00,586.00
567.00,568.00,586.00
586.00,601.00,383.00
502.00,501.00,709.00
708.00,502.00,709.00
780.00,414.00,781.00
908.00,922.00,737.00
774.00,772.00,992.00
1018.00,810.00,1019.00
587.00,858.00,5242.00
1079.00,1078.00,953.00
1349.00,1112.00,1146.00
995.00,1125.00,1127.00
1002.00,995.00,1127.00
781.00,1146.00,1112.00
1225.00,1224.00,1226.00
2027.00,5252.00,5174.00
1124.00,1360.00,1125.00
1364.00,1132.00,1365.00
1377.00,1403.00,1206.00
1480.00,1479.00,5259.00
1518.00,1519.00,1491.00
1492.00,1518.00,1491.00
1584.00,1585.00,1544.00
1595.00,1594.00,1555.00
1403.00,1583.00,1660.00
1699.00,1720.00,1698.00
1741.00,1754.00,1740.00
1797.00,1810.00,1811.00
1491.00,1519.00,1875.00
1585.00,1910.00,1884.00
1544.00,1585.00,1884.00
1922.00,1622.00,1923.00
1663.00,1694.00,1950.00
1946.00,1663.00,1950.00
1755.00,1768.00,1968.00
1988.00,1811.00,1818.00
2161.00,2160.00,2129.00
2185.00,2236.00,2184.00
1955.00,2241.00,1956.00
2028.00,2029.00,2397.00
2420.00,2084.00,2430.00
2237.00,2252.00,2492.00
2490.00,2237.00,2492.00
2508.00,2295.00,2510.00
2514.00,2319.00,2328.00
2515.00,2527.00,2343.00
2324.00,2515.00,2343.00
2582.00,2583.00,2569.00
2588.00,2582.00,2408.00
2653.00,2652.00,2654.00
2659.00,2660.00,2662.00
2661.00,2659.00,2662.00
2664.00,2966.00,2651.00
2652.00,2664.00,2651.00
2675.00,2680.00,2674.00
2442.00,2448.00,2675.00
2448.00,2686.00,2684.00
2490.00,2748.00,2746.00
2499.00,2771.00,2785.00
2501.00,2499.00,2785.00
2506.00,2507.00,2784.00
2568.00,2569.00,2909.00
2908.00,2568.00,2909.00
2583.00,2920.00,2909.00
2569.00,2583.00,2909.00
2920.00,2583.00,2922.00
3114.00,2922.00,2588.00
2601.00,3121.00,3151.00
2603.00,2612.00,2932.00
3200.00,2662.00,3199.00
2651.00,2966.00,2959.00
2708.00,2998.00,2709.00
2790.00,2801.00,3024.00
3024.00,2801.00,3026.00
2812.00,2823.00,3028.00
2823.00,2832.00,3032.00
3033.00,3032.00,2832.00
2833.00,3033.00,2832.00
2849.00,2856.00,3044.00
3042.00,2849.00,3044.00
3045.00,3044.00,2856.00
2857.00,3045.00,2856.00
2908.00,3102.00,3103.00
3102.00,2909.00,2920.00
3108.00,3102.00,2920.00
3102.00,3108.00,3103.00
3152.00,3151.00,3121.00
3123.00,3152.00,3121.00
3153.00,3152.00,3123.00
3358.00,3037.00,3042.00
3665.00,3669.00,3125.00
3180.00,3492.00,3467.00
3215.00,3512.00,3508.00
3217.00,3513.00,3519.00
3245.00,3532.00,3516.00
3220.00,3245.00,3516.00
3529.00,3531.00,3235.00
3245.00,3256.00,3532.00
3257.00,3533.00,3256.00
3257.00,3002.00,3260.00
3296.00,3313.00,3548.00
3313.00,3324.00,3556.00
3557.00,3556.00,3324.00
3325.00,3557.00,3324.00
3673.00,3689.00,3671.00
3502.00,3499.00,3719.00
3737.00,3727.00,3512.00
4130.00,4137.00,3613.00
3612.00,4130.00,3613.00
4164.00,4169.00,3643.00
3989.00,3995.00,3673.00
4149.00,4148.00,4139.00
4141.00,4149.00,4139.00
4000.00,4203.00,4205.00
4002.00,4000.00,4205.00
4002.00,4205.00,4207.00
4198.00,4212.00,4213.00
4028.00,4227.00,4026.00
4271.00,3724.00,4027.00
4298.00,4308.00,5853.00
4073.00,4387.00,4411.00
4172.00,4464.00,4173.00
5200.00,5891.00,4080.00
4551.00,4558.00,4546.00
4776.00,4777.00,4159.00
4158.00,4776.00,4159.00
4478.00,4479.00,4612.00
4746.00,4751.00,5336.00
4816.00,4703.00,4818.00
4840.00,4852.00,4838.00
4773.00,4864.00,4865.00
4809.00,4919.00,4923.00
4811.00,4809.00,4923.00
5076.00,4980.00,5077.00
5269.00,1741.00,5267.00
5034.00,5051.00,5102.00
1133.00,1152.00,1020.00
1676.00,1624.00,1391.00
1381.00,1388.00,1402.00
1690.00,1381.00,1402.00
1416.00,1767.00,5271.00
1764.00,1416.00,5271.00
2864.00,3052.00,3049.00
3002.00,2748.00,2773.00
3260.00,3002.00,2773.00
3080.00,3441.00,3631.00
4127.00,3604.00,3605.00
220.00,225.00,5214.00
209.00,497.00,369.00
812.00,810.00,1020.00
4149.00,4141.00,4158.00
4513.00,4696.00,4697.00
5287.00,3217.00,2691.00
2683.00,5287.00,2691.00
1042.00,853.00,848.00
1317.00,1300.00,1316.00
1443.00,1315.00,1294.00
1431.00,1443.00,1294.00
2411.00,2419.00,2075.00
3703.00,3689.00,4007.00
4148.00,4137.00,4139.00
4794.00,4796.00,4910.00
4904.00,4794.00,4910.00
1278.00,1424.00,1431.00
2263.00,2499.00,2501.00
2752.00,2790.00,3020.00
2961.00,3194.00,2660.00
32.00,150.00,40.00
410.00,329.00,448.00
161.00,160.00,786.00
422.00,414.00,5413.00
708.00,1034.00,811.00
1316.00,1300.00,1062.00
1348.00,5416.00,1112.00
2336.00,1979.00,1811.00
1988.00,2336.00,1811.00
1996.00,1998.00,2348.00
2539.00,1996.00,2348.00
2659.00,2110.00,2660.00
2527.00,2831.00,2524.00
3790.00,3818.00,3819.00
4384.00,4063.00,4406.00
5487.00,3386.00,3054.00
4776.00,4158.00,4141.00
4698.00,4656.00,4518.00
2045.00,5296.00,2411.00
2075.00,2045.00,2411.00
812.00,712.00,811.00
810.00,812.00,811.00
1103.00,993.00,992.00
1692.00,1715.00,1737.00
1841.00,1838.00,1444.00
1999.00,1998.00,1831.00
2151.00,1909.00,1908.00
2149.00,2151.00,1908.00
1950.00,2268.00,2256.00
1946.00,1950.00,2256.00
2100.00,2645.00,2434.00
2610.00,5181.00,2598.00
3522.00,3520.00,3779.00
3775.00,5312.00,3818.00
3790.00,3775.00,3818.00
3973.00,4149.00,4158.00
4157.00,3973.00,4158.00
4465.00,4589.00,5433.00
4518.00,4289.00,4520.00
4698.00,4518.00,4520.00
4596.00,4788.00,4594.00
4610.00,5333.00,4598.00
4789.00,4610.00,4598.00
4823.00,4817.00,4935.00
26.00,28.00,83.00
115.00,65.00,59.00
778.00,773.00,785.00
2028.00,2034.00,2030.00
1999.00,2348.00,1998.00
1996.00,2361.00,2027.00
2491.00,2770.00,2771.00
2753.00,3001.00,2756.00
3371.00,3365.00,3433.00
3503.00,3719.00,3505.00
3522.00,3779.00,5323.00
4060.00,3522.00,5323.00
4073.00,3819.00,3818.00
4072.00,4073.00,3818.00
4460.00,4462.00,4580.00
5142.00,5143.00,5096.00
1270.00,1271.00,1286.00
1494.00,1493.00,1492.00
1809.00,1790.00,1975.00
1987.00,1809.00,1975.00
2076.00,2412.00,2067.00
3675.00,3468.00,3466.00
3467.00,3492.00,3703.00
4182.00,4174.00,3978.00
5267.00,1741.00,1722.00
2661.00,2663.00,2677.00
2670.00,2661.00,2677.00
3194.00,3185.00,3199.00
3398.00,5317.00,3052.00
3049.00,5317.00,5197.00
1420.00,1810.00,1797.00
3009.00,3274.00,3276.00
4816.00,4934.00,4916.00
2657.00,2110.00,2108.00
2648.00,2657.00,2108.00
4212.00,4229.00,5442.00
3751.00,3750.00,4048.00
312.00,327.00,130.00
5171.00,5350.00,5570.00
1058.00,1429.00,1809.00
3919.00,5384.00,3884.00
1000.00,5413.00,780.00
780.00,5413.00,414.00
1000.00,5416.00,1352.00
2328.00,3037.00,2833.00
1809.00,1278.00,1058.00
763.00,921.00,1078.00
5350.00,5171.00,5377.00
2280.00,2268.00,2259.00
2820.00,2828.00,2524.00
2831.00,2820.00,2524.00
5296.00,3649.00,3459.00
4435.00,4103.00,3919.00
1690.00,5377.00,1644.00
1381.00,1690.00,1644.00
2708.00,2208.00,5406.00
2996.00,2708.00,5406.00
1348.00,1570.00,5416.00
1640.00,1644.00,5377.00
5171.00,1640.00,5377.00
3140.00,4000.00,4002.00
1078.00,1315.00,763.00
736.00,622.00,737.00
780.00,1112.00,5416.00
1000.00,780.00,5416.00
1604.00,1586.00,5392.00
3302.00,3270.00,3300.00
3552.00,3302.00,3300.00
4384.00,4406.00,4423.00
1818.00,1810.00,1992.00
1000.00,985.00,5413.00
3590.00,3954.00,5384.00
3919.00,3590.00,5384.00
3049.00,3052.00,5317.00
2328.00,2331.00,3037.00
1133.00,1020.00,1018.00
1192.00,5570.00,5350.00
3459.00,3115.00,5296.00
2309.00,2296.00,2284.00
826.00,812.00,818.00
812.00,826.00,712.00
709.00,844.00,836.00
1156.00,1134.00,1140.00
1007.00,1156.00,1140.00
1904.00,1578.00,1514.00
2492.00,2252.00,2751.00
2524.00,2828.00,2529.00
3612.00,4127.00,4119.00
4130.00,3612.00,4119.00
4205.00,4241.00,4498.00
4244.00,4205.00,4498.00
115.00,207.00,193.00
212.00,210.00,489.00
216.00,212.00,489.00
1151.00,1149.00,1377.00
3015.00,2763.00,2721.00
4454.00,4856.00,4452.00
4334.00,5323.00,3779.00
4051.00,4334.00,3779.00
1999.00,1831.00,1816.00
2030.00,2034.00,5828.00
4080.00,4538.00,4388.00
5197.00,5385.00,3582.00
581.00,296.00,297.00
383.00,581.00,297.00
2213.00,1944.00,1658.00
2448.00,2442.00,2152.00
2122.00,1910.00,2185.00
2648.00,2108.00,2435.00
3499.00,3502.00,3187.00
3080.00,3631.00,3606.00
3630.00,3080.00,3606.00
3354.00,3566.00,3876.00
5903.00,4227.00,4627.00
5098.00,5016.00,5726.00
1709.00,1676.00,1732.00
5025.00,4956.00,4953.00
3928.00,3582.00,5385.00
4928.00,4923.00,4934.00
1797.00,1786.00,5273.00
3281.00,3300.00,3270.00
858.00,569.00,555.00
1221.00,1037.00,5246.00
4074.00,3831.00,4076.00
3978.00,4174.00,4154.00
2966.00,3202.00,2959.00
4051.00,3751.00,4048.00
4175.00,4462.00,4460.00
4303.00,4312.00,4295.00
1544.00,1520.00,1584.00
2582.00,2569.00,2397.00
3103.00,3108.00,5386.00
1975.00,2327.00,1987.00
1790.00,1809.00,1429.00
66.00,74.00,60.00
557.00,556.00,727.00
1421.00,1270.00,1287.00
1841.00,1444.00,5464.00
1969.00,1770.00,1974.00
4048.00,4301.00,4051.00
502.00,708.00,811.00
712.00,502.00,811.00
1771.00,1754.00,1741.00
5269.00,1771.00,1741.00
2118.00,2101.00,1880.00
2226.00,2488.00,2144.00
983.00,5892.00,5252.00
312.00,130.00,133.00
489.00,210.00,5220.00
1024.00,462.00,818.00
1414.00,1419.00,1050.00
2334.00,2344.00,2350.00
2485.00,2488.00,2226.00
2622.00,2653.00,2654.00
2621.00,2622.00,2654.00
3103.00,5386.00,3441.00
3081.00,3103.00,3441.00
3479.00,3125.00,3669.00
3687.00,3479.00,3669.00
4272.00,4273.00,4262.00
4486.00,4482.00,4209.00
4776.00,4773.00,4865.00
4777.00,4776.00,4865.00
4800.00,5342.00,4910.00
2610.00,2419.00,2601.00
2620.00,2942.00,2628.00
2857.00,2856.00,2848.00
2528.00,2857.00,2848.00
4054.00,4303.00,4302.00
4904.00,4910.00,5342.00
4893.00,4904.00,5342.00
1692.00,1737.00,1403.00
5336.00,4751.00,4745.00
2411.00,5296.00,3115.00
2601.00,2411.00,3115.00
5229.00,177.00,176.00
953.00,908.00,1058.00
1079.00,953.00,1058.00
1058.00,908.00,911.00
1429.00,1058.00,911.00
2118.00,2152.00,2442.00
2101.00,2118.00,2442.00
2785.00,2771.00,2770.00
3743.00,4040.00,3737.00
5336.00,4817.00,4823.00
4935.00,4929.00,4928.00
1184.00,5247.00,1208.00
3049.00,5197.00,3582.00
1690.00,1402.00,1028.00
4212.00,5442.00,4232.00
4213.00,4212.00,4232.00
629.00,743.00,742.00
1721.00,1962.00,1960.00
3570.00,3566.00,3358.00
2408.00,2029.00,2056.00
4009.00,4502.00,4247.00
327.00,312.00,399.00
5368.00,5412.00,5217.00
1296.00,1432.00,1287.00
2285.00,2509.00,2300.00
2287.00,2285.00,2300.00
4165.00,4172.00,4169.00
4598.00,4588.00,4783.00
4789.00,4598.00,4783.00
2268.00,1950.00,2259.00
2533.00,2365.00,2542.00
160.00,778.00,785.00
786.00,160.00,785.00
2222.00,5483.00,5559.00
373.00,5644.00,511.00
2420.00,5492.00,2084.00
5418.00,5518.00,946.00
5217.00,5511.00,5154.00
4915.00,5543.00,4797.00
630.00,650.00,5554.00
5543.00,4486.00,4627.00
299.00,314.00,5533.00
1674.00,5269.00,5267.00
5323.00,4334.00,5539.00
4337.00,5323.00,5539.00
648.00,667.00,5518.00
3959.00,3592.00,5508.00
3391.00,5679.00,5487.00
5412.00,314.00,5521.00
5217.00,5412.00,5521.00
5519.00,3203.00,3504.00
3091.00,3105.00,3100.00
1950.00,1694.00,2259.00
3078.00,5552.00,3079.00
3094.00,3082.00,5480.00
2152.00,2182.00,2450.00
2448.00,2152.00,2450.00
2838.00,2521.00,2840.00
2867.00,3061.00,3079.00
2884.00,2867.00,3079.00
3202.00,3203.00,5519.00
5154.00,395.00,648.00
5209.00,204.00,178.00
4516.00,3732.00,3731.00
4789.00,4874.00,4878.00
4903.00,4789.00,4878.00
1767.00,1411.00,1220.00
5377.00,1690.00,5729.00
5350.00,5377.00,5729.00
1692.00,1403.00,1660.00
2251.00,1692.00,1660.00
2336.00,2344.00,2334.00
3797.00,3757.00,4060.00
3505.00,3719.00,3723.00
3732.00,3505.00,3723.00
3513.00,3735.00,3739.00
601.00,733.00,743.00
629.00,601.00,743.00
2999.00,2709.00,2998.00
5199.00,4127.00,3605.00
3961.00,5199.00,3605.00
2593.00,2067.00,2602.00
993.00,1103.00,1124.00
995.00,993.00,1124.00
4086.00,5488.00,3570.00
1316.00,1302.00,1326.00
1079.00,1058.00,1278.00
1391.00,1182.00,1404.00
2369.00,2027.00,2361.00
2450.00,2490.00,2746.00
2884.00,3079.00,5552.00
4594.00,4462.00,4175.00
4148.00,3629.00,3619.00
4598.00,5333.00,5433.00
5.00,16.00,3.00
1294.00,1078.00,1079.00
384.00,5533.00,5517.00
4589.00,4598.00,5433.00
3136.00,3140.00,5302.00
1184.00,1226.00,1404.00
1182.00,1184.00,1404.00
2511.00,2308.00,2319.00
2514.00,2511.00,2319.00
2977.00,2686.00,2727.00
3629.00,3091.00,3619.00
4269.00,4259.00,4503.00
4505.00,4269.00,4503.00
4995.00,4989.00,5083.00
5001.00,4995.00,5083.00
5085.00,5001.00,5083.00
1583.00,1403.00,1377.00
3276.00,3274.00,5571.00
2691.00,3217.00,5603.00
204.00,119.00,189.00
178.00,204.00,189.00
5604.00,4024.00,3186.00
2067.00,2412.00,2602.00
421.00,351.00,416.00
3217.00,3519.00,5603.00
1152.00,1134.00,1156.00
5220.00,210.00,5527.00
5611.00,970.00,5554.00
2.00,3.00,1.00
5339.00,4951.00,5685.00
175.00,183.00,166.00
3186.00,3184.00,5604.00
532.00,5527.00,210.00
772.00,774.00,771.00
674.00,772.00,771.00
1002.00,785.00,995.00
1349.00,1374.00,1569.00
1348.00,1349.00,1569.00
1584.00,1586.00,1602.00
1585.00,1584.00,1602.00
2510.00,2295.00,2306.00
2511.00,2510.00,2306.00
3202.00,2966.00,3208.00
3203.00,3202.00,3208.00
4142.00,4144.00,4150.00
4198.00,4213.00,3995.00
567.00,586.00,383.00
1737.00,1767.00,1220.00
2663.00,3205.00,2677.00
4249.00,4270.00,4027.00
4772.00,4452.00,4856.00
1679.00,1391.00,1624.00
5265.00,1679.00,1624.00
1479.00,1481.00,1489.00
1488.00,1479.00,1489.00
3989.00,3673.00,3665.00
5009.00,4954.00,5016.00
5151.00,5143.00,5142.00
5150.00,5151.00,5142.00
2178.00,2149.00,1904.00
1614.00,1674.00,5267.00
1594.00,1614.00,5267.00
3382.00,3574.00,3947.00
3415.00,3382.00,3947.00
3272.00,3302.00,3303.00
3274.00,3272.00,3303.00
4036.00,4273.00,4272.00
3727.00,4036.00,4272.00
4948.00,5339.00,4837.00
5154.00,5511.00,5461.00
395.00,5154.00,5461.00
4612.00,4613.00,4604.00
4278.00,4518.00,4656.00
5730.00,5753.00,5700.00
622.00,649.00,395.00
130.00,327.00,5461.00
4460.00,4152.00,4174.00
4175.00,4460.00,4174.00
4266.00,4508.00,4258.00
1710.00,1623.00,1676.00
1709.00,1710.00,1676.00
2160.00,2161.00,2189.00
3775.00,3790.00,3531.00
3529.00,3775.00,3531.00
4249.00,4024.00,4247.00
1919.00,1620.00,1614.00
422.00,421.00,416.00
414.00,422.00,416.00
846.00,847.00,1039.00
1215.00,846.00,1039.00
2683.00,2691.00,2192.00
5154.00,648.00,5368.00
5217.00,5154.00,5368.00
4857.00,4856.00,4860.00
5543.00,4915.00,4800.00
3710.00,3700.00,3173.00
5519.00,3710.00,3173.00
1224.00,1222.00,1226.00
1732.00,1676.00,1391.00
1404.00,1732.00,1391.00
2154.00,2185.00,2184.00
2182.00,2154.00,2184.00
4289.00,4302.00,4303.00
4520.00,4289.00,4303.00
2327.00,2324.00,1984.00
1987.00,2327.00,1984.00
2949.00,5565.00,3164.00
3164.00,5565.00,5302.00
1014.00,5567.00,5229.00
4474.00,5606.00,4476.00
5901.00,5611.00,746.00
364.00,5621.00,441.00
441.00,5621.00,440.00
2263.00,5622.00,5361.00
5361.00,5622.00,1958.00
1404.00,1226.00,1222.00
1732.00,1404.00,1222.00
5565.00,2949.00,5492.00
3154.00,5565.00,5492.00
5565.00,3154.00,3136.00
5302.00,5565.00,3136.00
5567.00,1014.00,1151.00
5568.00,5269.00,1708.00
5265.00,5171.00,5570.00
1679.00,5265.00,5570.00
5273.00,1786.00,5568.00
1037.00,483.00,5567.00
5611.00,5554.00,650.00
746.00,5611.00,650.00
216.00,489.00,5621.00
3082.00,3080.00,3630.00
5368.00,5418.00,5578.00
5412.00,5368.00,5578.00
3519.00,3520.00,5603.00
5587.00,511.00,512.00
5413.00,985.00,5618.00
422.00,5413.00,5618.00
464.00,5527.00,5587.00
4247.00,4024.00,5604.00
4009.00,4247.00,5604.00
4586.00,4462.00,4594.00
3299.00,3545.00,3841.00
1915.00,1602.00,1586.00
1604.00,1915.00,1586.00
4517.00,4041.00,3740.00
4019.00,4266.00,4258.00
1294.00,1079.00,1278.00
1431.00,1294.00,1278.00
572.00,630.00,631.00
1888.00,2216.00,1892.00
2269.00,2256.00,2268.00
4258.00,4493.00,4237.00
1050.00,1419.00,877.00
3164.00,3145.00,2428.00
4524.00,4701.00,4698.00
3520.00,3227.00,5603.00
2933.00,3120.00,2932.00
3203.00,3208.00,3508.00
3954.00,3598.00,5665.00
1151.00,1377.00,5246.00
3511.00,3205.00,3503.00
5151.00,5099.00,5028.00
441.00,416.00,351.00
3439.00,3407.00,3603.00
1710.00,1956.00,1623.00
5083.00,5113.00,5085.00
3205.00,2663.00,3200.00
3503.00,3205.00,3200.00
33.00,48.00,5209.00
101.00,33.00,5209.00
2489.00,2725.00,2745.00
2491.00,2489.00,2745.00
2336.00,2334.00,1976.00
1790.00,1778.00,1972.00
1771.00,1792.00,1770.00
125.00,225.00,122.00
3433.00,3061.00,3371.00
3566.00,3570.00,5488.00
3876.00,3566.00,5488.00
4266.00,4656.00,4508.00
2826.00,3031.00,3040.00
1614.00,1595.00,1919.00
5143.00,5151.00,5028.00
5021.00,5143.00,5028.00
5384.00,3954.00,5665.00
1432.00,1296.00,1435.00
225.00,366.00,122.00
2284.00,1755.00,2309.00
2259.00,1694.00,2260.00
3892.00,3577.00,3565.00
3191.00,2960.00,2959.00
3079.00,3061.00,3433.00
3078.00,3079.00,3433.00
3779.00,3520.00,3751.00
4051.00,3779.00,3751.00
5142.00,5096.00,5088.00
992.00,772.00,5660.00
3257.00,3256.00,3244.00
3000.00,3257.00,3244.00
88.00,130.00,128.00
3002.00,3000.00,2727.00
2746.00,3002.00,2727.00
4198.00,3995.00,3989.00
3733.00,3732.00,4516.00
3012.00,3276.00,5303.00
3279.00,3012.00,5303.00
1117.00,985.00,1000.00
1352.00,1117.00,1000.00
4278.00,4040.00,4044.00
4518.00,4278.00,4044.00
5151.00,5150.00,5099.00
380.00,135.00,296.00
4262.00,4273.00,4274.00
5442.00,4262.00,4274.00
5416.00,1570.00,1352.00
5546.00,1208.00,5247.00
622.00,395.00,5461.00
327.00,622.00,5461.00
395.00,649.00,667.00
648.00,395.00,667.00
4152.00,4154.00,4174.00
4656.00,4266.00,4274.00
5464.00,1444.00,1317.00
1326.00,5464.00,1317.00
2149.00,5361.00,2151.00
5220.00,474.00,489.00
3529.00,3528.00,3761.00
3775.00,3529.00,3761.00
4852.00,4772.00,4856.00
4857.00,4852.00,4856.00
4923.00,4919.00,4916.00
4934.00,4923.00,4916.00
4302.00,3763.00,3776.00
1005.00,1149.00,1151.00
1014.00,1005.00,1151.00
1520.00,1518.00,1492.00
1493.00,1520.00,1492.00
1908.00,1909.00,1580.00
2237.00,2451.00,2184.00
2236.00,2237.00,2184.00
3032.00,3033.00,3343.00
4114.00,4119.00,4127.00
3023.00,2816.00,5292.00
2763.00,3023.00,5292.00
4072.00,3818.00,5312.00
4063.00,4072.00,5312.00
5386.00,4182.00,3978.00
3441.00,5386.00,3978.00
4337.00,5539.00,4406.00
5529.00,212.00,216.00
5214.00,5529.00,216.00
4860.00,4856.00,4454.00
5543.00,4627.00,4616.00
4797.00,5543.00,4616.00
5519.00,3504.00,3712.00
3710.00,5519.00,3712.00
122.00,84.00,125.00
4076.00,3831.00,3557.00
4576.00,4580.00,4454.00
4692.00,4929.00,4693.00
5333.00,4616.00,4635.00
4485.00,5333.00,4635.00
3199.00,3185.00,3187.00
3502.00,3199.00,3187.00
556.00,541.00,727.00
3173.00,3700.00,5184.00
2619.00,3173.00,5184.00
5181.00,2610.00,2619.00
5184.00,5181.00,2619.00
5632.00,5359.00,5677.00
489.00,474.00,5621.00
2227.00,2243.00,2178.00
1380.00,1388.00,1381.00
1650.00,1380.00,1381.00
4139.00,4137.00,4140.00
3689.00,3673.00,3995.00
5894.00,5630.00,2200.00
5549.00,5632.00,983.00
211.00,5650.00,250.00
314.00,5650.00,5521.00
5359.00,5669.00,5677.00
3065.00,5671.00,2895.00
3031.00,3353.00,3040.00
3714.00,3721.00,4032.00
4030.00,3714.00,4032.00
3522.00,5629.00,3227.00
1698.00,2260.00,1694.00
511.00,5644.00,5648.00
74.00,72.00,119.00
204.00,74.00,119.00
3603.00,3959.00,5665.00
3876.00,5488.00,4080.00
2244.00,2227.00,2144.00
2651.00,2959.00,2960.00
3192.00,2941.00,2621.00
3126.00,3468.00,3154.00
5359.00,5531.00,5669.00
5612.00,1841.00,5671.00
3065.00,5612.00,5671.00
522.00,5221.00,5648.00
772.00,674.00,5660.00
3675.00,3996.00,3677.00
3468.00,3675.00,3677.00
1583.00,1377.00,1149.00
3689.00,3492.00,3671.00
3631.00,3978.00,4154.00
3961.00,3631.00,4154.00
4005.00,4009.00,5604.00
4036.00,3727.00,3737.00
597.00,581.00,629.00
2350.00,2530.00,2528.00
1003.00,1127.00,1148.00
1005.00,1003.00,1148.00
3220.00,2976.00,3222.00
4635.00,4627.00,4227.00
2593.00,3114.00,2588.00
4144.00,5199.00,3961.00
4154.00,4144.00,3961.00
483.00,1037.00,537.00
355.00,483.00,537.00
3124.00,3115.00,3459.00
777.00,771.00,774.00
773.00,777.00,774.00
248.00,211.00,250.00
5700.00,5632.00,5677.00
1494.00,1468.00,1493.00
5836.00,5113.00,5082.00
1972.00,1975.00,1790.00
3499.00,4027.00,3724.00
2746.00,2727.00,2686.00
2450.00,2746.00,2686.00
3643.00,3637.00,4164.00
2451.00,2237.00,2490.00
2450.00,2451.00,2490.00
4970.00,4788.00,4882.00
3973.00,4157.00,4164.00
3522.00,3757.00,5629.00
5034.00,5102.00,5144.00
4796.00,4794.00,4613.00
4068.00,4341.00,4338.00
2828.00,2820.00,5292.00
4271.00,4516.00,3731.00
3724.00,4271.00,3731.00
1778.00,1790.00,1791.00
1781.00,1778.00,1791.00
2619.00,2610.00,2601.00
3151.00,2619.00,2601.00
4968.00,4964.00,4872.00
4817.00,5336.00,4745.00
2251.00,1958.00,1692.00
1493.00,1470.00,5403.00
3028.00,3328.00,3026.00
5254.00,1308.00,5397.00
4024.00,4027.00,3499.00
3187.00,4024.00,3499.00
5246.00,1037.00,5567.00
1151.00,5246.00,5567.00
448.00,329.00,348.00
440.00,5621.00,474.00
3467.00,3703.00,3466.00
57.00,63.00,62.00
261.00,297.00,275.00
5211.00,261.00,275.00
1663.00,1662.00,1694.00
1987.00,1984.00,1424.00
2941.00,3176.00,3178.00
3511.00,3735.00,3513.00
3217.00,3511.00,3513.00
3334.00,5664.00,3303.00
4044.00,4040.00,3743.00
3763.00,4044.00,3743.00
4517.00,4727.00,4298.00
4041.00,4517.00,4298.00
3778.00,3776.00,3260.00
4527.00,4535.00,4308.00
4882.00,4788.00,4790.00
3606.00,3604.00,3611.00
3522.00,4060.00,3757.00
629.00,742.00,626.00
597.00,629.00,626.00
1317.00,1444.00,1300.00
5287.00,2683.00,2131.00
3114.00,3116.00,5308.00
3533.00,3763.00,3532.00
3256.00,3533.00,3532.00
1045.00,555.00,537.00
1037.00,1045.00,537.00
3466.00,3126.00,3467.00
2857.00,2530.00,3580.00
3045.00,2857.00,3580.00
5045.00,5345.00,5028.00
5099.00,5045.00,5028.00
4232.00,5442.00,4274.00
4266.00,4232.00,4274.00
5028.00,5345.00,5021.00
4478.00,3666.00,3992.00
5214.00,216.00,220.00
128.00,130.00,5461.00
5511.00,128.00,5461.00
1944.00,2215.00,1888.00
1889.00,1944.00,1888.00
5554.00,970.00,954.00
920.00,5554.00,954.00
145.00,408.00,413.00
136.00,328.00,144.00
2712.00,2756.00,5792.00
464.00,468.00,5220.00
5527.00,464.00,5220.00
4262.00,4030.00,4032.00
4272.00,4262.00,4032.00
4954.00,4838.00,4852.00
4857.00,4954.00,4852.00
4545.00,4753.00,4752.00
2135.00,1895.00,1892.00
2751.00,2752.00,3020.00
2786.00,2751.00,3020.00
128.00,81.00,88.00
531.00,5587.00,5527.00
532.00,531.00,5527.00
207.00,208.00,231.00
4752.00,4824.00,5768.00
1.00,3.00,16.00
3033.00,2833.00,3037.00
5269.00,5568.00,1771.00
249.00,250.00,299.00
4238.00,4203.00,5722.00
1764.00,1973.00,1781.00
1414.00,1764.00,1781.00
1674.00,1614.00,1620.00
517.00,535.00,533.00
5839.00,5852.00,3184.00
2960.00,3192.00,2621.00
2654.00,2960.00,2621.00
5090.00,5009.00,5016.00
1770.00,1792.00,1976.00
1974.00,1770.00,1976.00
83.00,84.00,72.00
4247.00,4502.00,4503.00
4259.00,4247.00,4503.00
84.00,122.00,119.00
72.00,84.00,119.00
2941.00,2940.00,2620.00
2621.00,2941.00,2620.00
4935.00,4817.00,4693.00
4929.00,4935.00,4693.00
2881.00,3060.00,3052.00
2864.00,2881.00,3052.00
4655.00,4809.00,4811.00
2659.00,2661.00,2670.00
2117.00,2659.00,2670.00
3673.00,3671.00,3669.00
2149.00,1908.00,1578.00
1904.00,2149.00,1578.00
5630.00,3234.00,2991.00
5783.00,5630.00,2991.00
2286.00,2289.00,2501.00
2588.00,2408.00,2067.00
2593.00,2588.00,2067.00
177.00,349.00,185.00
3580.00,3582.00,3928.00
3166.00,3694.00,3120.00
3227.00,3520.00,3522.00
4006.00,3668.00,3694.00
5007.00,5021.00,4953.00
4465.00,5433.00,4179.00
2083.00,2598.00,5281.00
1569.00,5559.00,5483.00
122.00,366.00,5840.00
1767.00,1416.00,1417.00
1411.00,1767.00,1417.00
4271.00,4027.00,4270.00
4513.00,4510.00,4696.00
3353.00,5682.00,3040.00
5464.00,5784.00,1841.00
5252.00,5687.00,983.00
3439.00,5691.00,3407.00
1480.00,5692.00,2094.00
5648.00,5706.00,522.00
4121.00,5708.00,5685.00
4000.00,5722.00,4203.00
248.00,532.00,211.00
3014.00,3015.00,2482.00
5174.00,5252.00,5678.00
3346.00,3386.00,5679.00
5664.00,3346.00,5679.00
3140.00,4002.00,3147.00
2428.00,2094.00,5692.00
5682.00,3353.00,5787.00
5252.00,2027.00,5687.00
5085.00,5113.00,5704.00
5747.00,159.00,166.00
5682.00,5664.00,5679.00
3391.00,5682.00,5679.00
5648.00,5644.00,5702.00
1698.00,1694.00,1662.00
1699.00,1698.00,1662.00
5598.00,5163.00,5700.00
5677.00,5598.00,5700.00
3049.00,3582.00,5694.00
5648.00,5702.00,5706.00
5708.00,4119.00,4114.00
5434.00,918.00,930.00
2864.00,3049.00,5694.00
2533.00,2864.00,5694.00
5549.00,983.00,5687.00
2530.00,2351.00,5694.00
3996.00,4238.00,5722.00
3677.00,3996.00,5722.00
1570.00,1573.00,1352.00
3712.00,3504.00,3721.00
3714.00,4028.00,3710.00
3712.00,3714.00,3710.00
5221.00,502.00,712.00
4696.00,4738.00,4697.00
3892.00,3574.00,3364.00
3577.00,3892.00,3364.00
2881.00,2542.00,2543.00
2129.00,2123.00,2130.00
1206.00,1403.00,1737.00
1220.00,1206.00,1737.00
3152.00,3176.00,3191.00
3172.00,3152.00,3191.00
1619.00,2241.00,1955.00
1675.00,1619.00,1955.00
690.00,440.00,5780.00
3466.00,3703.00,3704.00
3675.00,3466.00,3704.00
2397.00,2568.00,2028.00
2771.00,2499.00,2262.00
4030.00,4262.00,5442.00
2364.00,2356.00,2370.00
5287.00,3511.00,3217.00
3361.00,3358.00,3042.00
3398.00,3052.00,3060.00
4195.00,3992.00,4006.00
4010.00,4195.00,4006.00
5598.00,5517.00,5533.00
4840.00,4753.00,4772.00
581.00,380.00,296.00
63.00,113.00,62.00
3562.00,3328.00,3343.00
5359.00,5632.00,5549.00
4227.00,4028.00,4229.00
3343.00,3354.00,3876.00
1657.00,1658.00,1558.00
3042.00,3044.00,3361.00
4790.00,4794.00,4897.00
4882.00,4790.00,4897.00
1125.00,1360.00,1130.00
2568.00,2908.00,3094.00
2028.00,2568.00,3094.00
3045.00,3928.00,3361.00
3044.00,3045.00,3361.00
4594.00,4175.00,4596.00
4974.00,4897.00,5370.00
597.00,399.00,312.00
2131.00,2677.00,5287.00
5754.00,5533.00,314.00
4486.00,5543.00,4800.00
4482.00,4486.00,4800.00
3094.00,5480.00,2034.00
2028.00,3094.00,2034.00
3205.00,3511.00,5287.00
2677.00,3205.00,5287.00
421.00,448.00,186.00
5576.00,5549.00,5687.00
2026.00,5576.00,5687.00
4327.00,4308.00,4535.00
4534.00,4327.00,4535.00
4289.00,4044.00,3763.00
4302.00,4289.00,3763.00
3353.00,3323.00,5787.00
408.00,771.00,413.00
2527.00,2524.00,2338.00
1.00,16.00,26.00
5578.00,5418.00,5163.00
1888.00,1892.00,5763.00
3668.00,3666.00,3118.00
28.00,133.00,130.00
88.00,28.00,130.00
59.00,65.00,58.00
5747.00,59.00,58.00
522.00,5706.00,541.00
542.00,522.00,541.00
597.00,626.00,399.00
3123.00,3124.00,3125.00
4513.00,4516.00,4271.00
2044.00,5179.00,5725.00
5181.00,5184.00,3166.00
2933.00,5181.00,3166.00
3508.00,3721.00,3504.00
3203.00,3508.00,3504.00
3611.00,3613.00,3619.00
3618.00,3611.00,3619.00
3727.00,4272.00,4032.00
3721.00,3727.00,4032.00
3776.00,3778.00,4054.00
4302.00,3776.00,4054.00
4278.00,4656.00,4274.00
4273.00,4278.00,4274.00
4062.00,4338.00,4312.00
4054.00,4062.00,4312.00
4897.00,4794.00,4904.00
4974.00,5068.00,4882.00
4897.00,4974.00,4882.00
4476.00,4612.00,4604.00
4474.00,4476.00,4604.00
5457.00,3700.00,4026.00
4152.00,4150.00,4144.00
4154.00,4152.00,4144.00
3001.00,3272.00,2756.00
384.00,249.00,299.00
5533.00,384.00,299.00
5273.00,1223.00,1258.00
2161.00,2129.00,2131.00
2683.00,2161.00,2131.00
4596.00,4790.00,4788.00
3303.00,5664.00,5571.00
3274.00,3303.00,5571.00
2351.00,2354.00,2533.00
5694.00,2351.00,2533.00
1296.00,1286.00,1290.00
1435.00,1296.00,1290.00
4019.00,4258.00,4020.00
3704.00,4019.00,4020.00
1365.00,1132.00,1133.00
1178.00,1162.00,1168.00
3996.00,4020.00,4237.00
4238.00,3996.00,4237.00
5368.00,648.00,5518.00
5418.00,5368.00,5518.00
178.00,101.00,5209.00
4948.00,4945.00,5020.00
531.00,532.00,248.00
1419.00,1414.00,1781.00
1791.00,1419.00,1781.00
4320.00,4341.00,4321.00
4478.00,3992.00,4479.00
380.00,133.00,135.00
2993.00,2991.00,5761.00
125.00,84.00,82.00
81.00,125.00,82.00
83.00,28.00,88.00
82.00,83.00,88.00
3737.00,4040.00,4036.00
2187.00,1915.00,1946.00
101.00,137.00,149.00
1770.00,1768.00,1754.00
1771.00,1770.00,1754.00
3533.00,3257.00,3260.00
3776.00,3533.00,3260.00
5333.00,4485.00,4198.00
5433.00,5333.00,4198.00
2645.00,2100.00,2433.00
1755.00,2284.00,1740.00
1754.00,1755.00,1740.00
3761.00,3797.00,5312.00
3775.00,3761.00,5312.00
3033.00,3037.00,3354.00
208.00,207.00,196.00
730.00,733.00,601.00
586.00,730.00,601.00
59.00,5747.00,166.00
3580.00,2530.00,5694.00
3582.00,3580.00,5694.00
3865.00,3863.00,3884.00
4114.00,4558.00,4561.00
5708.00,4114.00,4561.00
3028.00,2823.00,3032.00
1880.00,1519.00,1542.00
2121.00,1880.00,1542.00
4693.00,4696.00,4510.00
4838.00,4954.00,4825.00
5096.00,5143.00,5021.00
1972.00,1778.00,2304.00
4127.00,5199.00,5845.00
4114.00,4127.00,5845.00
5345.00,5025.00,4953.00
5021.00,5345.00,4953.00
18.00,133.00,28.00
26.00,18.00,28.00
4962.00,5726.00,4860.00
4823.00,5727.00,5336.00
5336.00,5727.00,4746.00
946.00,5730.00,5418.00
225.00,5732.00,5214.00
1266.00,5741.00,5546.00
5546.00,5741.00,1208.00
5702.00,5743.00,5706.00
5686.00,5747.00,40.00
5163.00,5754.00,5578.00
4916.00,5757.00,4816.00
2612.00,5764.00,2933.00
5359.00,5766.00,5531.00
5901.00,5770.00,5611.00
1902.00,5771.00,2227.00
2227.00,5771.00,2144.00
777.00,683.00,413.00
771.00,777.00,413.00
1360.00,1580.00,1130.00
5001.00,5088.00,5020.00
1838.00,1432.00,1435.00
1444.00,1838.00,1435.00
4195.00,4194.00,4479.00
3992.00,4195.00,4479.00
4860.00,5726.00,4857.00
1889.00,1888.00,5763.00
225.00,125.00,5732.00
5598.00,5533.00,5754.00
5163.00,5598.00,5754.00
970.00,5611.00,5770.00
5585.00,970.00,5770.00
4701.00,5390.00,5737.00
4698.00,4701.00,5737.00
650.00,630.00,5743.00
572.00,5706.00,5743.00
630.00,572.00,5743.00
5737.00,4508.00,4656.00
4698.00,5737.00,4656.00
1215.00,5350.00,5729.00
5693.00,5464.00,1326.00
5686.00,159.00,5747.00
5632.00,5700.00,5753.00
983.00,5632.00,5753.00
2160.00,1620.00,1919.00
364.00,441.00,351.00
128.00,5511.00,5732.00
125.00,128.00,5732.00
4198.00,3989.00,5433.00
1690.00,1028.00,5729.00
1778.00,1973.00,2304.00
5370.00,4897.00,4904.00
4893.00,5370.00,4904.00
5412.00,5578.00,5754.00
314.00,5412.00,5754.00
421.00,186.00,351.00
5549.00,5576.00,5766.00
5359.00,5549.00,5766.00
3959.00,5508.00,3884.00
312.00,133.00,380.00
5144.00,5098.00,5726.00
3081.00,3094.00,2908.00
3103.00,3081.00,2908.00
3862.00,4411.00,4410.00
4088.00,3862.00,4410.00
3643.00,4169.00,3652.00
3641.00,3643.00,3652.00
225.00,220.00,366.00
3302.00,3552.00,3334.00
3303.00,3302.00,3334.00
5757.00,5390.00,4703.00
4816.00,5757.00,4703.00
5730.00,5700.00,5163.00
5418.00,5730.00,5163.00
3194.00,3183.00,3185.00
3761.00,3757.00,3797.00
2521.00,2838.00,2331.00
5181.00,2933.00,5764.00
2598.00,5181.00,5764.00
1974.00,1976.00,2521.00
848.00,846.00,1042.00
533.00,535.00,568.00
567.00,533.00,568.00
4645.00,4655.00,4505.00
4503.00,4645.00,4505.00
879.00,743.00,733.00
4857.00,5726.00,5016.00
4954.00,4857.00,5016.00
597.00,312.00,380.00
581.00,597.00,380.00
231.00,368.00,230.00
3532.00,3763.00,3743.00
5303.00,3276.00,5571.00
2753.00,2756.00,2712.00
2259.00,2260.00,2294.00
3562.00,4076.00,3328.00
1007.00,5655.00,790.00
2356.00,2364.00,1992.00
4692.00,4505.00,4655.00
4811.00,4692.00,4655.00
4655.00,4645.00,4809.00
1174.00,1034.00,708.00
4005.00,3147.00,4002.00
4207.00,4005.00,4002.00
5790.00,4645.00,4502.00
4229.00,4028.00,4030.00
5442.00,4229.00,4030.00
1034.00,1174.00,1178.00
1968.00,1974.00,2318.00
5902.00,3819.00,3834.00
4581.00,4586.00,4872.00
178.00,348.00,101.00
1374.00,1349.00,1146.00
5947.00,1082.00,1333.00
1042.00,1215.00,5729.00
1468.00,5816.00,1470.00
4753.00,4545.00,4104.00
4772.00,4753.00,4104.00
2296.00,2294.00,2260.00
5793.00,5677.00,5669.00
135.00,133.00,18.00
19.00,135.00,18.00
1598.00,1364.00,1558.00
2305.00,1764.00,5271.00
1715.00,2305.00,5271.00
3863.00,3865.00,3862.00
4182.00,4596.00,4175.00
4174.00,4182.00,4175.00
4945.00,4948.00,4837.00
4943.00,4945.00,4837.00
4865.00,4864.00,4874.00
4783.00,4865.00,4874.00
5242.00,878.00,730.00
587.00,5242.00,730.00
3649.00,5296.00,5179.00
1519.00,1880.00,1875.00
3710.00,4028.00,4026.00
3700.00,3710.00,4026.00
1018.00,1168.00,1386.00
2712.00,2213.00,2473.00
4194.00,4482.00,4796.00
366.00,220.00,364.00
351.00,366.00,364.00
4526.00,4728.00,4701.00
4524.00,4526.00,4701.00
4613.00,4612.00,4479.00
3668.00,3992.00,3666.00
2709.00,2753.00,2712.00
2473.00,2709.00,2712.00
3023.00,2763.00,3015.00
3279.00,3023.00,3015.00
3516.00,3215.00,3220.00
1268.00,1420.00,1258.00
5606.00,4474.00,4182.00
5386.00,5606.00,4182.00
4604.00,4613.00,4794.00
4790.00,4604.00,4794.00
2999.00,3001.00,2753.00
2709.00,2999.00,2753.00
542.00,501.00,522.00
920.00,954.00,918.00
4322.00,4343.00,4731.00
4752.00,4753.00,4826.00
4824.00,4752.00,4826.00
541.00,5706.00,572.00
727.00,541.00,572.00
3334.00,3552.00,3565.00
786.00,789.00,161.00
4080.00,5488.00,5200.00
1623.00,1956.00,1923.00
1622.00,1623.00,1923.00
1529.00,1503.00,2107.00
3015.00,2721.00,2482.00
3516.00,3737.00,3512.00
3215.00,3516.00,3512.00
3592.00,3959.00,3603.00
3407.00,3592.00,3603.00
149.00,32.00,33.00
101.00,149.00,33.00
1062.00,1056.00,913.00
1028.00,1402.00,1030.00
828.00,1028.00,1030.00
4957.00,4773.00,5332.00
4956.00,4957.00,5332.00
1134.00,1132.00,1140.00
1133.00,1132.00,1134.00
1152.00,1133.00,1134.00
3267.00,3281.00,3270.00
5390.00,5757.00,4662.00
3557.00,3325.00,4076.00
2135.00,1892.00,2216.00
250.00,5650.00,314.00
299.00,250.00,314.00
2358.00,2852.00,2368.00
4452.00,4143.00,4150.00
1662.00,1663.00,1604.00
5392.00,1662.00,1604.00
539.00,844.00,542.00
1895.00,5559.00,1569.00
2976.00,3220.00,3210.00
2976.00,3210.00,2680.00
2684.00,2976.00,2680.00
2151.00,2251.00,1660.00
1909.00,2151.00,1660.00
5361.00,1958.00,2251.00
2151.00,5361.00,2251.00
1430.00,2356.00,1992.00
1352.00,1573.00,5827.00
1424.00,1278.00,1809.00
1987.00,1424.00,1809.00
1982.00,1816.00,1802.00
5082.00,5083.00,4989.00
5768.00,5082.00,4989.00
5904.00,3009.00,3276.00
3382.00,3430.00,3365.00
555.00,536.00,537.00
531.00,373.00,511.00
5587.00,531.00,511.00
4237.00,4493.00,4636.00
4238.00,4237.00,4636.00
879.00,877.00,894.00
743.00,879.00,894.00
1791.00,1429.00,1419.00
5529.00,5650.00,211.00
212.00,5529.00,211.00
4068.00,3810.00,3831.00
5406.00,5774.00,2996.00
2996.00,5774.00,3543.00
400.00,5778.00,328.00
328.00,5778.00,144.00
5197.00,5779.00,5385.00
792.00,5780.00,474.00
474.00,5780.00,440.00
1640.00,5783.00,1644.00
4241.00,5785.00,4662.00
4919.00,5790.00,4498.00
3937.00,5797.00,5317.00
5317.00,5797.00,5197.00
1503.00,5802.00,1488.00
3261.00,5810.00,3795.00
1480.00,5816.00,5692.00
5292.00,5822.00,2763.00
2763.00,5823.00,2721.00
5585.00,1082.00,970.00
4809.00,4645.00,5790.00
4919.00,4809.00,5790.00
5774.00,5761.00,3261.00
5774.00,5406.00,2993.00
5761.00,5774.00,2993.00
5778.00,400.00,5376.00
408.00,144.00,5778.00
674.00,408.00,5778.00
5779.00,5197.00,5797.00
5363.00,5779.00,5797.00
690.00,5780.00,5830.00
2200.00,5630.00,5783.00
1640.00,2200.00,5783.00
1117.00,1352.00,5827.00
5486.00,1117.00,5827.00
2820.00,2799.00,5822.00
5292.00,2820.00,5822.00
2213.00,2712.00,5792.00
5671.00,1841.00,5784.00
5664.00,5682.00,5787.00
5571.00,5664.00,5787.00
5797.00,3937.00,4103.00
5363.00,5797.00,4103.00
5303.00,5571.00,5787.00
3323.00,5303.00,5787.00
3884.00,5508.00,3865.00
4971.00,5206.00,5824.00
1503.00,1529.00,5802.00
2725.00,2485.00,5823.00
5906.00,5927.00,5864.00
137.00,101.00,348.00
329.00,137.00,348.00
3531.00,3790.00,5810.00
3261.00,3531.00,5810.00
4244.00,4498.00,5790.00
4502.00,4244.00,5790.00
4406.00,5539.00,5813.00
5259.00,1470.00,5816.00
1480.00,5259.00,5816.00
5639.00,1488.00,5802.00
4545.00,4546.00,5819.00
4104.00,4545.00,5819.00
2763.00,5822.00,5823.00
746.00,5517.00,5793.00
3795.00,3543.00,5774.00
3261.00,3795.00,5774.00
5828.00,2038.00,5815.00
5484.00,5907.00,3841.00
5221.00,712.00,512.00
2208.00,5820.00,5773.00
2084.00,1865.00,2430.00
2756.00,3009.00,5792.00
5793.00,5517.00,5598.00
5677.00,5793.00,5598.00
3235.00,3261.00,5761.00
2991.00,3235.00,5761.00
3516.00,3532.00,3743.00
3737.00,3516.00,3743.00
1146.00,781.00,690.00
65.00,115.00,63.00
1721.00,1720.00,1722.00
1909.00,1660.00,1583.00
4.00,23.00,5.00
4406.00,4063.00,4337.00
4182.00,4474.00,4596.00
541.00,556.00,542.00
5546.00,1039.00,1266.00
4832.00,4553.00,4551.00
5606.00,5308.00,3666.00
48.00,5834.00,57.00
2826.00,3040.00,2841.00
1792.00,1786.00,1979.00
1976.00,1792.00,1979.00
536.00,535.00,517.00
5384.00,5665.00,3959.00
3884.00,5384.00,3959.00
1657.00,1386.00,5908.00
2473.00,1657.00,5908.00
1380.00,1650.00,5773.00
4092.00,5884.00,5385.00
1692.00,1958.00,1715.00
3687.00,3669.00,3671.00
1488.00,1489.00,1503.00
5576.00,2026.00,5909.00
818.00,462.00,826.00
876.00,866.00,557.00
727.00,876.00,557.00
5376.00,984.00,5486.00
5395.00,5376.00,5486.00
3364.00,3574.00,3382.00
3365.00,3364.00,3382.00
501.00,542.00,844.00
709.00,501.00,844.00
3834.00,4411.00,3862.00
3865.00,3834.00,3862.00
4088.00,4423.00,4435.00
1364.00,1598.00,1889.00
5832.00,2691.00,5603.00
1489.00,1481.00,2435.00
4327.00,4537.00,4397.00
5060.00,5099.00,5150.00
4474.00,4604.00,4790.00
4596.00,4474.00,4790.00
3863.00,4088.00,4435.00
5910.00,5922.00,5813.00
3166.00,5184.00,5850.00
5878.00,5841.00,5098.00
3125.00,3124.00,3665.00
5147.00,5704.00,5878.00
1699.00,5911.00,1554.00
517.00,533.00,230.00
368.00,517.00,230.00
1421.00,1287.00,1430.00
2318.00,2331.00,2328.00
2319.00,2318.00,2328.00
2637.00,2639.00,2648.00
2435.00,2637.00,2648.00
3404.00,3423.00,3590.00
5001.00,5020.00,4945.00
4995.00,5001.00,4945.00
413.00,683.00,155.00
145.00,413.00,155.00
1910.00,2187.00,2185.00
1386.00,1657.00,1558.00
1365.00,1386.00,1558.00
1698.00,1720.00,1721.00
1960.00,1698.00,1721.00
4165.00,4169.00,4164.00
4157.00,4165.00,4164.00
3919.00,4103.00,3937.00
2043.00,5725.00,2045.00
2075.00,2043.00,2045.00
3032.00,3343.00,3328.00
3028.00,3032.00,3328.00
5455.00,5880.00,5881.00
5332.00,4773.00,4776.00
4141.00,5332.00,4776.00
5612.00,2002.00,1838.00
1841.00,5612.00,1838.00
364.00,220.00,216.00
5621.00,364.00,216.00
369.00,497.00,536.00
517.00,369.00,536.00
1657.00,2473.00,2213.00
1658.00,1657.00,2213.00
2344.00,1988.00,2351.00
3220.00,3215.00,3214.00
3210.00,3220.00,3214.00
5308.00,3108.00,2922.00
3114.00,5308.00,2922.00
3215.00,3508.00,3208.00
3214.00,3215.00,3208.00
3543.00,3795.00,3545.00
3668.00,3118.00,3120.00
3694.00,3668.00,3120.00
3243.00,3267.00,2999.00
5345.00,5045.00,5206.00
5271.00,1767.00,1737.00
1715.00,5271.00,1737.00
5392.00,1586.00,5639.00
3415.00,3407.00,5691.00
5455.00,3415.00,5691.00
3928.00,5385.00,5884.00
83.00,72.00,21.00
26.00,83.00,21.00
2026.00,2368.00,5909.00
818.00,812.00,1020.00
1152.00,818.00,1020.00
4452.00,4772.00,4104.00
4143.00,4452.00,4104.00
2567.00,2368.00,2852.00
3059.00,2567.00,2852.00
40.00,150.00,155.00
5686.00,40.00,155.00
858.00,555.00,1045.00
1044.00,858.00,1045.00
3513.00,3739.00,3748.00
3750.00,3513.00,3748.00
3733.00,3740.00,3739.00
3735.00,3733.00,3739.00
4937.00,4984.00,4824.00
4825.00,4937.00,4824.00
3618.00,3630.00,3606.00
3611.00,3618.00,3606.00
3562.00,4080.00,4388.00
2433.00,2675.00,2666.00
2653.00,2433.00,2666.00
1030.00,1402.00,1388.00
1161.00,1030.00,1388.00
993.00,995.00,785.00
773.00,993.00,785.00
2622.00,2620.00,2628.00
2645.00,2622.00,2628.00
3834.00,3819.00,4073.00
4411.00,3834.00,4073.00
5618.00,400.00,422.00
5570.00,1192.00,1679.00
3841.00,3552.00,3300.00
3299.00,3841.00,3300.00
1708.00,1675.00,1710.00
1709.00,1708.00,1710.00
5768.00,4824.00,4984.00
5082.00,5768.00,4984.00
2030.00,5828.00,5815.00
4179.00,3652.00,4173.00
2521.00,1976.00,2334.00
2840.00,2521.00,2334.00
159.00,5686.00,160.00
161.00,159.00,160.00
4788.00,4970.00,4586.00
4594.00,4788.00,4586.00
1222.00,1224.00,1223.00
448.00,348.00,186.00
1816.00,1831.00,1443.00
512.00,712.00,826.00
2256.00,2269.00,2752.00
353.00,355.00,497.00
209.00,353.00,497.00
4837.00,4553.00,4832.00
4943.00,4837.00,4832.00
4072.00,4063.00,4384.00
4387.00,4072.00,4384.00
3641.00,3105.00,3637.00
4338.00,4062.00,3548.00
3276.00,3012.00,5904.00
2771.00,2262.00,2491.00
1741.00,1740.00,1722.00
3611.00,3604.00,3612.00
3613.00,3611.00,3612.00
4140.00,5332.00,4141.00
4139.00,4140.00,4141.00
4951.00,5007.00,4953.00
150.00,143.00,145.00
155.00,150.00,145.00
2026.00,5687.00,2027.00
2369.00,2026.00,2027.00
2800.00,2502.00,2508.00
4464.00,4589.00,4465.00
4173.00,4464.00,4465.00
1162.00,1178.00,1174.00
1161.00,1162.00,1174.00
2583.00,2582.00,2588.00
2922.00,2583.00,2588.00
468.00,792.00,474.00
5220.00,468.00,474.00
2280.00,2502.00,2269.00
2268.00,2280.00,2269.00
60.00,62.00,68.00
66.00,60.00,68.00
4558.00,4551.00,4553.00
4561.00,4558.00,4553.00
5376.00,400.00,5618.00
984.00,5376.00,5618.00
2331.00,2318.00,1974.00
2521.00,2331.00,1974.00
4462.00,4586.00,4581.00
4580.00,4462.00,4581.00
209.00,208.00,196.00
353.00,209.00,196.00
912.00,5913.00,913.00
3562.00,3343.00,3876.00
4080.00,3562.00,3876.00
2075.00,2419.00,2083.00
2074.00,2075.00,2083.00
416.00,5831.00,414.00
414.00,5831.00,781.00
3757.00,5835.00,5629.00
5108.00,5836.00,5076.00
1468.00,5837.00,5816.00
1333.00,5838.00,5715.00
5914.00,5918.00,5552.00
3145.00,5839.00,2428.00
2428.00,5839.00,2637.00
189.00,5840.00,186.00
3630.00,5842.00,3082.00
3082.00,5842.00,5480.00
930.00,5846.00,5434.00
3147.00,5852.00,3145.00
3145.00,5852.00,5839.00
5917.00,5853.00,5885.00
5390.00,5858.00,5737.00
830.00,5866.00,828.00
828.00,5866.00,1028.00
5546.00,5868.00,1039.00
1039.00,5868.00,1215.00
5.00,5872.00,16.00
5766.00,5874.00,5531.00
5531.00,5874.00,5770.00
5573.00,3865.00,5508.00
4308.00,5885.00,5853.00
410.00,422.00,400.00
328.00,410.00,400.00
5831.00,416.00,441.00
440.00,5831.00,441.00
5833.00,2529.00,2828.00
2826.00,5833.00,2828.00
58.00,57.00,5834.00
5831.00,440.00,690.00
781.00,5831.00,690.00
1962.00,1721.00,1722.00
1740.00,1962.00,1722.00
853.00,1042.00,5866.00
830.00,853.00,5866.00
5836.00,5082.00,4984.00
5076.00,5836.00,4984.00
3147.00,4005.00,5852.00
3552.00,3841.00,3892.00
3565.00,3552.00,3892.00
667.00,763.00,5916.00
4051.00,4301.00,5853.00
5917.00,4051.00,5853.00
4558.00,4114.00,5845.00
3091.00,3637.00,3105.00
5604.00,3184.00,5852.00
4005.00,5604.00,5852.00
5838.00,1333.00,1082.00
5585.00,5838.00,1082.00
3100.00,5480.00,5842.00
3091.00,3100.00,5842.00
4092.00,5789.00,5884.00
5585.00,5843.00,5838.00
5833.00,2826.00,2841.00
178.00,189.00,186.00
348.00,178.00,186.00
2993.00,5406.00,5919.00
5729.00,1028.00,5866.00
1042.00,5729.00,5866.00
5350.00,1215.00,5868.00
1192.00,5350.00,5868.00
3810.00,4068.00,4338.00
3548.00,3810.00,4338.00
5880.00,5455.00,5691.00
5858.00,5390.00,4662.00
5785.00,5858.00,4662.00
5846.00,912.00,5806.00
1722.00,1720.00,5941.00
3430.00,5455.00,5881.00
3078.00,3430.00,5881.00
2192.00,2691.00,5832.00
1922.00,2192.00,5832.00
3694.00,3166.00,5850.00
4010.00,3694.00,5850.00
1388.00,1380.00,1162.00
1161.00,1388.00,1162.00
5247.00,1192.00,5868.00
5546.00,5247.00,5868.00
119.00,122.00,5840.00
189.00,119.00,5840.00
5603.00,3227.00,5832.00
3234.00,5630.00,5835.00
3528.00,3234.00,5835.00
5671.00,5784.00,5867.00
2895.00,5671.00,5867.00
5692.00,5816.00,5837.00
2949.00,5692.00,5837.00
5872.00,5211.00,275.00
19.00,5872.00,275.00
5813.00,5922.00,5363.00
3700.00,5457.00,5850.00
5184.00,3700.00,5850.00
5552.00,3078.00,5881.00
2639.00,2637.00,5839.00
4508.00,5737.00,5858.00
4493.00,4508.00,5858.00
3665.00,3124.00,3459.00
5098.00,5144.00,5878.00
5585.00,5770.00,5874.00
5843.00,5585.00,5874.00
3954.00,3590.00,3423.00
351.00,186.00,5840.00
366.00,351.00,5840.00
5397.00,5693.00,5254.00
4308.00,4327.00,5885.00
539.00,719.00,830.00
844.00,539.00,830.00
1161.00,1174.00,836.00
4479.00,4194.00,4613.00
2296.00,2260.00,1960.00
3618.00,3091.00,5842.00
3630.00,3618.00,5842.00
2187.00,1946.00,2239.00
1148.00,1130.00,1149.00
913.00,1056.00,912.00
848.00,5806.00,847.00
846.00,848.00,847.00
1583.00,1149.00,1130.00
733.00,730.00,878.00
879.00,733.00,878.00
231.00,230.00,205.00
4953.00,4956.00,4951.00
4796.00,4613.00,4194.00
32.00,40.00,5834.00
5952.00,2117.00,5925.00
1258.00,1223.00,1224.00
1225.00,1258.00,1224.00
5926.00,4934.00,4816.00
4818.00,5926.00,4816.00
4142.00,4143.00,5921.00
167.00,161.00,176.00
1624.00,1622.00,5265.00
1333.00,5397.00,1308.00
3795.00,5484.00,3545.00
2932.00,3120.00,3118.00
1875.00,1865.00,1494.00
4144.00,4142.00,5199.00
5397.00,1333.00,5715.00
866.00,853.00,719.00
160.00,5686.00,778.00
3091.00,3618.00,3619.00
5693.00,5784.00,5464.00
3629.00,4148.00,4149.00
3973.00,3629.00,4149.00
5735.00,5548.00,5789.00
196.00,183.00,353.00
1468.00,1494.00,1865.00
4588.00,4589.00,4464.00
4461.00,4588.00,4464.00
1290.00,1062.00,1300.00
1435.00,1290.00,1300.00
2305.00,1715.00,1958.00
5622.00,2305.00,1958.00
4074.00,4388.00,4358.00
1797.00,1811.00,1979.00
1786.00,1797.00,1979.00
4878.00,4971.00,5824.00
261.00,230.00,533.00
567.00,261.00,533.00
3116.00,2603.00,2932.00
3118.00,3116.00,2932.00
5085.00,5704.00,5147.00
5392.00,5639.00,5802.00
2123.00,1919.00,1595.00
2117.00,2123.00,1595.00
1432.00,1838.00,2002.00
2370.00,1432.00,2002.00
4731.00,4343.00,5727.00
2044.00,5930.00,3100.00
5897.00,5068.00,4974.00
5933.00,5217.00,5521.00
3009.00,5935.00,2215.00
5792.00,3009.00,2215.00
683.00,778.00,5686.00
155.00,683.00,5686.00
1014.00,5229.00,176.00
3065.00,3423.00,3060.00
1432.00,2370.00,2356.00
1326.00,1302.00,5254.00
5693.00,1326.00,5254.00
2539.00,5833.00,2841.00
5938.00,5940.00,5864.00
5939.00,5938.00,5864.00
5893.00,5843.00,5874.00
5882.00,2884.00,5923.00
5914.00,5552.00,5881.00
3184.00,3183.00,2639.00
5839.00,3184.00,2639.00
1922.00,5832.00,5928.00
5889.00,1024.00,1007.00
5827.00,1902.00,5942.00
5773.00,5820.00,1380.00
5943.00,5888.00,1636.00
4910.00,4796.00,4482.00
4800.00,4910.00,4482.00
5910.00,5813.00,5539.00
5912.00,5259.00,1479.00
3629.00,3973.00,3637.00
3091.00,3629.00,3637.00
1003.00,789.00,786.00
1002.00,1003.00,786.00
1708.00,5269.00,1674.00
1675.00,1708.00,1674.00
3210.00,3214.00,2968.00
2969.00,3210.00,2968.00
4951.00,5339.00,4948.00
5007.00,4951.00,4948.00
4968.00,5051.00,5050.00
4964.00,4968.00,5050.00
2721.00,5823.00,2485.00
2222.00,2721.00,2485.00
4962.00,4862.00,4964.00
5050.00,4962.00,4964.00
196.00,59.00,166.00
183.00,196.00,166.00
1133.00,1018.00,1386.00
1365.00,1133.00,1386.00
4476.00,5606.00,3666.00
4478.00,4476.00,3666.00
3178.00,3492.00,3180.00
2940.00,3178.00,3180.00
4103.00,4435.00,5931.00
4991.00,4995.00,4945.00
4943.00,4991.00,4945.00
5147.00,5878.00,5144.00
5102.00,5147.00,5144.00
3590.00,3919.00,3937.00
3404.00,3590.00,3937.00
836.00,1174.00,708.00
709.00,836.00,708.00
2308.00,2309.00,2318.00
2319.00,2308.00,2318.00
2135.00,2482.00,5946.00
1895.00,2135.00,5559.00
3433.00,3365.00,3430.00
3078.00,3433.00,3430.00
2306.00,2294.00,2296.00
2672.00,2968.00,2966.00
2664.00,2672.00,2966.00
4862.00,4860.00,4454.00
3810.00,3548.00,3313.00
3556.00,3810.00,3313.00
1082.00,5947.00,954.00
970.00,1082.00,954.00
4305.00,4312.00,4338.00
4341.00,4305.00,4338.00
3040.00,5682.00,3391.00
3043.00,3040.00,3391.00
1699.00,1662.00,5911.00
4561.00,4553.00,4837.00
5339.00,4561.00,4837.00
5483.00,2226.00,1573.00
1570.00,5483.00,1573.00
2045.00,5725.00,5179.00
5296.00,2045.00,5179.00
5434.00,866.00,876.00
918.00,5434.00,876.00
5403.00,1584.00,1520.00
1493.00,5403.00,1520.00
68.00,4.00,2.00
66.00,68.00,2.00
21.00,72.00,74.00
66.00,21.00,74.00
2239.00,1946.00,2256.00
778.00,683.00,777.00
773.00,778.00,777.00
4295.00,4294.00,4520.00
4303.00,4295.00,4520.00
4823.00,4935.00,4928.00
4934.00,4823.00,4928.00
1892.00,1895.00,5655.00
5763.00,1892.00,5655.00
4498.00,4241.00,4662.00
4919.00,4498.00,4662.00
4832.00,4551.00,4752.00
5768.00,4832.00,4752.00
5806.00,912.00,1056.00
847.00,5806.00,1056.00
3180.00,3467.00,2942.00
3834.00,3865.00,5573.00
5902.00,3834.00,5573.00
1786.00,1792.00,1771.00
5568.00,1786.00,1771.00
2351.00,1988.00,1818.00
2354.00,2351.00,1818.00
2002.00,2543.00,2370.00
836.00,844.00,830.00
828.00,836.00,830.00
4517.00,3740.00,3733.00
4516.00,4517.00,3733.00
373.00,249.00,384.00
5644.00,373.00,384.00
4121.00,4130.00,4119.00
5708.00,4121.00,4119.00
3054.00,2867.00,5295.00
5487.00,3054.00,5295.00
5660.00,5395.00,1121.00
2510.00,2814.00,2812.00
2508.00,2510.00,2812.00
3026.00,2801.00,2812.00
3028.00,3026.00,2812.00
3398.00,3060.00,3423.00
3404.00,3398.00,3423.00
3505.00,3732.00,3733.00
3735.00,3505.00,3733.00
1416.00,1414.00,1050.00
1417.00,1416.00,1050.00
2660.00,3194.00,3199.00
2662.00,2660.00,3199.00
5722.00,4000.00,3677.00
1358.00,1578.00,1580.00
1360.00,1358.00,1580.00
1992.00,2364.00,2354.00
1818.00,1992.00,2354.00
1816.00,1982.00,2338.00
1999.00,1816.00,2338.00
2593.00,2603.00,3116.00
3114.00,2593.00,3116.00
4980.00,4937.00,5077.00
1984.00,2343.00,1982.00
1802.00,1984.00,1982.00
2602.00,2412.00,5764.00
2612.00,2602.00,5764.00
2784.00,2770.00,2745.00
4301.00,4041.00,4298.00
5853.00,4301.00,4298.00
5773.00,5919.00,5406.00
2208.00,5773.00,5406.00
5655.00,1895.00,5948.00
790.00,5655.00,5830.00
5778.00,5376.00,674.00
5815.00,2038.00,2043.00
2074.00,5815.00,2043.00
4172.00,4173.00,3652.00
4169.00,4172.00,3652.00
5789.00,4092.00,5528.00
5735.00,5789.00,5528.00
3296.00,3778.00,3260.00
2773.00,3296.00,3260.00
5102.00,5051.00,5060.00
5150.00,5102.00,5060.00
1270.00,1268.00,1271.00
1421.00,1430.00,1420.00
4203.00,4238.00,4636.00
2628.00,2942.00,3128.00
4703.00,5390.00,4701.00
4728.00,4703.00,4701.00
5295.00,2867.00,2884.00
5882.00,5295.00,2884.00
2745.00,2725.00,5823.00
5822.00,2745.00,5823.00
1619.00,1620.00,2160.00
2294.00,2295.00,2280.00
2259.00,2294.00,2280.00
3270.00,3302.00,3272.00
3001.00,3270.00,3272.00
4864.00,4963.00,4874.00
4963.00,5025.00,5345.00
5206.00,4963.00,5345.00
5242.00,858.00,1044.00
1411.00,5242.00,1044.00
2652.00,2651.00,2960.00
2654.00,2652.00,2960.00
2489.00,2244.00,2144.00
2488.00,2489.00,2144.00
59.00,196.00,207.00
115.00,59.00,207.00
2677.00,2131.00,2130.00
2670.00,2677.00,2130.00
3371.00,3386.00,3346.00
3577.00,3371.00,3346.00
4019.00,3704.00,3703.00
4007.00,4019.00,3703.00
4738.00,4739.00,4727.00
4697.00,4738.00,4727.00
1266.00,1290.00,5741.00
4728.00,4526.00,4305.00
4713.00,4728.00,4305.00
3153.00,3123.00,3125.00
3479.00,3153.00,3125.00
1902.00,2227.00,2178.00
1904.00,1902.00,2178.00
626.00,908.00,737.00
399.00,626.00,737.00
811.00,1034.00,1019.00
810.00,811.00,1019.00
4903.00,4893.00,5342.00
4915.00,4903.00,5342.00
2848.00,2849.00,2838.00
2840.00,2848.00,2838.00
1429.00,911.00,1419.00
193.00,205.00,113.00
4388.00,4074.00,4076.00
3562.00,4388.00,4076.00
930.00,1308.00,5949.00
1443.00,1831.00,1315.00
5872.00,19.00,18.00
2296.00,1960.00,1962.00
2284.00,2296.00,1962.00
2083.00,5281.00,2074.00
4731.00,4818.00,4713.00
5492.00,2420.00,3154.00
3778.00,3296.00,3548.00
4062.00,3778.00,3548.00
2289.00,2304.00,2501.00
5837.00,2084.00,5492.00
2949.00,5837.00,5492.00
483.00,349.00,5229.00
5567.00,483.00,5229.00
5098.00,5841.00,5090.00
5016.00,5098.00,5090.00
2949.00,3164.00,2428.00
5692.00,2949.00,2428.00
3649.00,5179.00,3105.00
3641.00,3649.00,3105.00
690.00,5830.00,1374.00
1146.00,690.00,1374.00
4165.00,4461.00,4464.00
4172.00,4165.00,4464.00
2107.00,2108.00,2110.00
3312.00,3313.00,3296.00
2786.00,3296.00,2773.00
2772.00,2786.00,2773.00
2067.00,2408.00,2056.00
2076.00,2067.00,2056.00
5524.00,2300.00,2324.00
2327.00,5524.00,2324.00
2408.00,2582.00,2397.00
2029.00,2408.00,2397.00
2200.00,5888.00,5894.00
468.00,5889.00,792.00
5200.00,5890.00,5891.00
4080.00,5891.00,4538.00
946.00,5892.00,5730.00
5552.00,5893.00,2884.00
5629.00,5894.00,5888.00
4751.00,5895.00,4537.00
4537.00,5895.00,4397.00
5685.00,5896.00,4121.00
4121.00,5896.00,4140.00
5099.00,5897.00,5045.00
5045.00,5897.00,5932.00
848.00,5898.00,5806.00
5806.00,5898.00,5846.00
5702.00,5899.00,5743.00
5743.00,5899.00,650.00
2482.00,5900.00,3014.00
3819.00,5902.00,5920.00
4486.00,5903.00,4627.00
3009.00,5904.00,5935.00
5548.00,5905.00,5789.00
5789.00,5905.00,5884.00
3598.00,5906.00,5665.00
5665.00,5906.00,3603.00
5528.00,5910.00,5735.00
5403.00,5912.00,5639.00
5838.00,5914.00,5715.00
2993.00,5915.00,2991.00
2991.00,5915.00,5783.00
5678.00,5916.00,5950.00
5843.00,5918.00,5838.00
5838.00,5918.00,5914.00
1650.00,5919.00,5773.00
5484.00,5920.00,5902.00
5845.00,5921.00,5819.00
5528.00,5922.00,5910.00
5766.00,5923.00,5874.00
3574.00,5924.00,3947.00
3947.00,5924.00,3592.00
2107.00,5925.00,1529.00
1529.00,5925.00,1555.00
3598.00,5927.00,5906.00
5265.00,5928.00,1636.00
5273.00,5929.00,1223.00
1223.00,5929.00,1222.00
2034.00,5930.00,5828.00
5813.00,5931.00,4406.00
4974.00,5932.00,5897.00
5214.00,5933.00,5529.00
4179.00,5934.00,3652.00
2215.00,5935.00,2216.00
5088.00,5936.00,5142.00
5142.00,5936.00,5150.00
3060.00,5937.00,3065.00
3065.00,5937.00,5612.00
5715.00,5938.00,5397.00
5397.00,5938.00,5693.00
5938.00,5939.00,5693.00
5693.00,5939.00,5784.00
5880.00,5940.00,5715.00
5715.00,5940.00,5938.00
1594.00,5941.00,1554.00
3227.00,5943.00,5832.00
5884.00,5944.00,3928.00
5878.00,5945.00,5841.00
5841.00,5945.00,5108.00
2135.00,5946.00,5559.00
5559.00,5946.00,2222.00
1308.00,5947.00,1333.00
5655.00,5948.00,5830.00
5830.00,5948.00,1374.00
912.00,5949.00,5913.00
1831.00,5950.00,1315.00
5281.00,5951.00,2074.00
2074.00,5951.00,5815.00
2110.00,5952.00,2107.00
2107.00,5952.00,5925.00
2881.00,2543.00,5937.00
3060.00,2881.00,5937.00
4746.00,4538.00,5891.00
5890.00,4746.00,5891.00
1103.00,992.00,5660.00
1121.00,1103.00,5660.00
5102.00,5150.00,5936.00
5147.00,5102.00,5936.00
1302.00,913.00,5913.00
5254.00,1302.00,5913.00
5893.00,5552.00,5918.00
5843.00,5893.00,5918.00
4334.00,4051.00,5917.00
5735.00,4334.00,5917.00
5895.00,4751.00,5890.00
5200.00,5895.00,5890.00
5896.00,4956.00,5332.00
4140.00,5896.00,5332.00
3570.00,3358.00,5944.00
3361.00,3928.00,5944.00
3358.00,3361.00,5944.00
5678.00,5252.00,5892.00
946.00,5678.00,5892.00
5896.00,5685.00,4951.00
4956.00,5896.00,4951.00
789.00,1014.00,176.00
161.00,789.00,176.00
5897.00,5099.00,5060.00
5068.00,5897.00,5060.00
5898.00,848.00,853.00
866.00,5898.00,853.00
5925.00,2117.00,1595.00
1555.00,5925.00,1595.00
4026.00,4227.00,5903.00
5457.00,4026.00,5903.00
2076.00,2056.00,5951.00
5281.00,2076.00,5951.00
5517.00,5899.00,384.00
5900.00,2482.00,2135.00
2216.00,5900.00,2135.00
3989.00,3665.00,5934.00
4397.00,4086.00,5905.00
5548.00,4397.00,5905.00
2038.00,5828.00,5930.00
2044.00,2038.00,5930.00
3439.00,3603.00,5906.00
5864.00,3439.00,5906.00
5214.00,5732.00,5933.00
1904.00,1514.00,5942.00
1902.00,1904.00,5942.00
5766.00,5576.00,5923.00
4731.00,5727.00,5926.00
4818.00,4731.00,5926.00
2567.00,5882.00,5909.00
2368.00,2567.00,5909.00
5548.00,5735.00,5917.00
5885.00,5548.00,5917.00
1308.00,930.00,5947.00
5779.00,5363.00,5922.00
3892.00,3841.00,5907.00
3574.00,3892.00,5907.00
5836.00,5108.00,5945.00
5113.00,5836.00,5945.00
4823.00,4934.00,5926.00
5727.00,4823.00,5926.00
5915.00,2993.00,5919.00
1650.00,5915.00,5919.00
5915.00,1650.00,1644.00
5783.00,5915.00,1644.00
5518.00,667.00,5916.00
5486.00,5827.00,5942.00
5395.00,5486.00,5942.00
3795.00,5810.00,5920.00
5484.00,3795.00,5920.00
5704.00,5113.00,5945.00
5878.00,5704.00,5945.00
5946.00,2482.00,2721.00
2222.00,5946.00,2721.00
1121.00,5395.00,5942.00
1514.00,1121.00,5942.00
5884.00,5905.00,5944.00
5531.00,5770.00,5901.00
5669.00,5531.00,5901.00
2208.00,2473.00,5908.00
5820.00,2208.00,5908.00
1168.00,5820.00,5908.00
1386.00,1168.00,5908.00
1699.00,1554.00,5941.00
1720.00,1699.00,5941.00
5921.00,5845.00,5199.00
4142.00,5921.00,5199.00
5835.00,5630.00,5894.00
5629.00,5835.00,5894.00
946.00,5518.00,5916.00
5678.00,946.00,5916.00
5924.00,3574.00,5907.00
5573.00,5924.00,5907.00
23.00,113.00,205.00
5211.00,23.00,205.00
2820.00,2831.00,2509.00
2799.00,2820.00,2509.00
5951.00,2056.00,2030.00
5815.00,5951.00,2030.00
5907.00,5484.00,5902.00
5573.00,5907.00,5902.00
2263.00,2501.00,2304.00
5622.00,2263.00,2304.00
1810.00,1420.00,1430.00
1992.00,1810.00,1430.00
2659.00,2117.00,5952.00
2110.00,2659.00,5952.00
4746.00,5727.00,4343.00
4538.00,4746.00,4343.00
1622.00,1922.00,5928.00
5265.00,1622.00,5928.00
5363.00,4103.00,5931.00
5813.00,5363.00,5931.00
5480.00,3100.00,5930.00
2034.00,5480.00,5930.00
5370.00,5824.00,5932.00
4974.00,5370.00,5932.00
5085.00,5147.00,5936.00
5088.00,5085.00,5936.00
5568.00,1708.00,5929.00
5273.00,5568.00,5929.00
5650.00,5529.00,5933.00
5521.00,5650.00,5933.00
1132.00,1364.00,1140.00
1889.00,5763.00,1140.00
1364.00,1889.00,1140.00
5784.00,5939.00,5867.00
5880.00,5715.00,5914.00
5881.00,5880.00,5914.00
790.00,792.00,5889.00
1007.00,790.00,5889.00
5949.00,1308.00,5254.00
5913.00,5949.00,5254.00
5940.00,5880.00,5691.00
5941.00,1594.00,5267.00
1722.00,5941.00,5267.00
5943.00,1636.00,5928.00
5832.00,5943.00,5928.00
4334.00,5735.00,5910.00
5539.00,4334.00,5910.00
5934.00,3665.00,3459.00
3649.00,5934.00,3459.00
1488.00,5639.00,5912.00
1479.00,1488.00,5912.00
3687.00,3178.00,3479.00
5924.00,5573.00,5508.00
3592.00,5924.00,5508.00
4423.00,4406.00,5931.00
4435.00,4423.00,5931.00
2961.00,2657.00,3183.00
5392.00,5802.00,5911.00
1662.00,5392.00,5911.00
3128.00,2942.00,3467.00
3126.00,3128.00,3467.00
5174.00,5678.00,5950.00
3439.00,5864.00,5940.00
5691.00,3439.00,5940.00
5898.00,866.00,5434.00
5846.00,5898.00,5434.00
5846.00,930.00,5949.00
912.00,5846.00,5949.00
5629.00,5888.00,5943.00
3227.00,5629.00,5943.00
5909.00,5882.00,5923.00
5576.00,5909.00,5923.00
719.00,539.00,556.00
557.00,719.00,556.00
462.00,1024.00,5889.00
468.00,462.00,5889.00
2499.00,2263.00,2178.00
3118.00,3666.00,5308.00
3116.00,3118.00,5308.00
4213.00,4007.00,3689.00
3995.00,4213.00,3689.00
746.00,650.00,5899.00
5517.00,746.00,5899.00
497.00,355.00,537.00
536.00,497.00,537.00
2637.00,2435.00,1481.00
2094.00,2637.00,1481.00
5385.00,5779.00,4092.00
5753.00,5730.00,5892.00
983.00,5753.00,5892.00
5929.00,1708.00,1709.00
1222.00,5929.00,1709.00
368.00,231.00,208.00
369.00,368.00,208.00
3065.00,2895.00,3423.00
4041.00,4301.00,3747.00
5893.00,5874.00,5923.00
2884.00,5893.00,5923.00
3312.00,3296.00,2786.00
3020.00,3312.00,2786.00
167.00,176.00,177.00
175.00,167.00,177.00
296.00,135.00,19.00
275.00,296.00,19.00
512.00,826.00,5587.00
1802.00,1816.00,1443.00
1431.00,1802.00,1443.00
2189.00,2192.00,1922.00
1923.00,2189.00,1922.00
2100.00,2434.00,2101.00
2434.00,2430.00,1865.00
1875.00,2434.00,1865.00
3274.00,3009.00,2756.00
3272.00,3274.00,2756.00
3282.00,3267.00,3243.00
3543.00,3282.00,3243.00
4322.00,4321.00,4358.00
4343.00,4322.00,4358.00
4341.00,4068.00,4321.00
4461.00,4165.00,4157.00
4159.00,4461.00,4157.00
3042.00,3037.00,2331.00
2838.00,3042.00,2331.00
3358.00,3566.00,3354.00
3037.00,3358.00,3354.00
4074.00,4358.00,4321.00
4068.00,4074.00,4321.00
5068.00,5060.00,5051.00
4968.00,5068.00,5051.00
5007.00,5020.00,5096.00
5021.00,5007.00,5096.00
3001.00,2999.00,3267.00
3270.00,3001.00,3267.00
4538.00,4343.00,4358.00
4388.00,4538.00,4358.00
5273.00,1258.00,1420.00
1797.00,5273.00,1420.00
2680.00,3210.00,2969.00
2674.00,2680.00,2969.00
1584.00,5403.00,5639.00
1586.00,1584.00,5639.00
908.00,626.00,742.00
911.00,908.00,742.00
1225.00,1271.00,1268.00
1258.00,1225.00,1268.00
1182.00,1679.00,1192.00
3184.00,3186.00,3185.00
3183.00,3184.00,3185.00
2129.00,2160.00,1919.00
2123.00,2129.00,1919.00
2670.00,2130.00,2123.00
2117.00,2670.00,2123.00
2309.00,2308.00,2306.00
2296.00,2309.00,2306.00
2852.00,2358.00,2841.00
3919.00,3884.00,3863.00
4435.00,3919.00,3863.00
2002.00,5612.00,5937.00
2543.00,2002.00,5937.00
877.00,1419.00,911.00
894.00,877.00,911.00
2243.00,2262.00,2499.00
2178.00,2243.00,2499.00
4580.00,4581.00,4862.00
4454.00,4580.00,4862.00
5395.00,5660.00,674.00
5376.00,5395.00,674.00
2241.00,1619.00,2160.00
2189.00,2241.00,2160.00
3641.00,3652.00,5934.00
3649.00,3641.00,5934.00
4086.00,4397.00,5895.00
5200.00,4086.00,5895.00
2263.00,5361.00,2149.00
2178.00,2263.00,2149.00
4818.00,4703.00,4728.00
4713.00,4818.00,4728.00
1944.00,2213.00,5792.00
2215.00,1944.00,5792.00
1018.00,1019.00,1178.00
1168.00,1018.00,1178.00
4048.00,3748.00,3747.00
4301.00,4048.00,3747.00
1007.00,1140.00,5763.00
5655.00,1007.00,5763.00
3059.00,5295.00,5882.00
2567.00,3059.00,5882.00
1287.00,1432.00,2356.00
1430.00,1287.00,2356.00
3404.00,3937.00,5317.00
3398.00,3404.00,5317.00
4266.00,4019.00,4007.00
4232.00,4266.00,4007.00
828.00,1030.00,1161.00
836.00,828.00,1161.00
4964.00,4862.00,4581.00
4872.00,4964.00,4581.00
2350.00,2528.00,2840.00
2334.00,2350.00,2840.00
1489.00,2435.00,1503.00
2108.00,2107.00,1503.00
2435.00,2108.00,1503.00
1470.00,5259.00,5912.00
5403.00,1470.00,5912.00
2645.00,2628.00,2430.00
2434.00,2645.00,2430.00
1620.00,1619.00,1675.00
1674.00,1620.00,1675.00
5725.00,2043.00,2038.00
2044.00,5725.00,2038.00
631.00,920.00,918.00
876.00,631.00,918.00
5606.00,5386.00,3108.00
5308.00,5606.00,3108.00
66.00,2.00,1.00
21.00,66.00,1.00
847.00,1056.00,1266.00
1039.00,847.00,1266.00
65.00,63.00,57.00
58.00,65.00,57.00
5455.00,3430.00,3382.00
3415.00,5455.00,3382.00
2653.00,2666.00,2664.00
2652.00,2653.00,2664.00
992.00,993.00,773.00
774.00,992.00,773.00
4991.00,4943.00,4989.00
1569.00,1374.00,5948.00
1895.00,1569.00,5948.00
193.00,207.00,231.00
205.00,193.00,231.00
3790.00,3819.00,5920.00
5810.00,3790.00,5920.00
1529.00,1554.00,5911.00
5802.00,1529.00,5911.00
3831.00,3810.00,3556.00
3557.00,3831.00,3556.00
5793.00,5669.00,5901.00
746.00,5793.00,5901.00
1909.00,1583.00,1130.00
1580.00,1909.00,1130.00
3687.00,3671.00,3492.00
3178.00,3687.00,3492.00
4551.00,4546.00,4545.00
4752.00,4551.00,4545.00
1999.00,2338.00,2529.00
2348.00,1999.00,2529.00
2289.00,5524.00,1972.00
2304.00,2289.00,1972.00
1975.00,1972.00,5524.00
2327.00,1975.00,5524.00
3126.00,3154.00,2420.00
3128.00,3126.00,2420.00
2430.00,2628.00,3128.00
2420.00,2430.00,3128.00
5708.00,4561.00,5339.00
5685.00,5708.00,5339.00
2344.00,2351.00,2530.00
2350.00,2344.00,2530.00
4516.00,4513.00,4697.00
4517.00,4516.00,4697.00
2222.00,2485.00,2226.00
5483.00,2222.00,2226.00
5644.00,384.00,5899.00
5702.00,5644.00,5899.00
5211.00,205.00,230.00
261.00,5211.00,230.00
4209.00,4482.00,4194.00
4195.00,4209.00,4194.00
5757.00,4916.00,4919.00
4662.00,5757.00,4919.00
4745.00,4738.00,4696.00
4817.00,4745.00,4696.00
2285.00,2506.00,2799.00
2509.00,2285.00,2799.00
2508.00,2812.00,2801.00
2800.00,2508.00,2801.00
3735.00,3511.00,3503.00
3505.00,3735.00,3503.00
2110.00,2657.00,2961.00
2660.00,2110.00,2961.00
1062.00,1290.00,1266.00
1056.00,1062.00,1266.00
2823.00,2812.00,2814.00
2822.00,2823.00,2814.00
3325.00,3026.00,3328.00
4076.00,3325.00,3328.00
4130.00,4121.00,4140.00
4137.00,4130.00,4140.00
3061.00,3054.00,3386.00
3371.00,3061.00,3386.00
3468.00,3677.00,3136.00
3154.00,3468.00,3136.00
2287.00,2286.00,2506.00
2285.00,2287.00,2506.00
918.00,954.00,5947.00
930.00,918.00,5947.00
5009.00,5090.00,5077.00
4937.00,5009.00,5077.00
5622.00,2304.00,1973.00
2305.00,5622.00,1973.00
2412.00,5281.00,2598.00
5764.00,2412.00,2598.00
878.00,5242.00,1417.00
1050.00,878.00,1417.00
5768.00,4989.00,4943.00
4832.00,5768.00,4943.00
4294.00,4524.00,4698.00
4520.00,4294.00,4698.00
2226.00,2144.00,5771.00
1573.00,2226.00,5771.00
1518.00,1520.00,1544.00
1542.00,1518.00,1544.00
4341.00,4320.00,4713.00
4305.00,4341.00,4713.00
204.00,5209.00,60.00
74.00,204.00,60.00
2300.00,2509.00,2515.00
2324.00,2300.00,2515.00
2752.00,2751.00,2252.00
5034.00,5144.00,5726.00
4962.00,5034.00,5726.00
5487.00,5295.00,3059.00
3391.00,5487.00,3059.00
5780.00,792.00,790.00
5830.00,5780.00,790.00
2262.00,2243.00,2244.00
2491.00,2262.00,2244.00
2502.00,2280.00,2295.00
2508.00,2502.00,2295.00
2083.00,2419.00,2610.00
2598.00,2083.00,2610.00
3024.00,3325.00,3324.00
3312.00,3024.00,3324.00
5833.00,2539.00,2348.00
2529.00,5833.00,2348.00
58.00,5834.00,40.00
5747.00,58.00,40.00
5457.00,4209.00,4010.00
5850.00,5457.00,4010.00
3757.00,3761.00,3528.00
5835.00,3757.00,3528.00
5211.00,5872.00,5.00
23.00,5211.00,5.00
4493.00,5858.00,5785.00
4636.00,4493.00,5785.00
4312.00,4305.00,4296.00
4295.00,4312.00,4296.00
2084.00,5837.00,1468.00
1865.00,2084.00,1468.00
4271.00,4270.00,4513.00
763.00,1315.00,5950.00
5916.00,763.00,5950.00
5090.00,5841.00,5108.00
5077.00,5090.00,5108.00
2044.00,3100.00,3105.00
5179.00,2044.00,3105.00
5511.00,5217.00,5933.00
5732.00,5511.00,5933.00
5927.00,5867.00,5939.00
5864.00,5927.00,5939.00
3365.00,3371.00,3577.00
3364.00,3365.00,3577.00
63.00,115.00,193.00
113.00,63.00,193.00
464.00,5587.00,826.00
462.00,464.00,826.00
297.00,261.00,567.00
383.00,297.00,567.00
4452.00,4150.00,4576.00
4454.00,4452.00,4576.00
4893.00,4878.00,5824.00
5370.00,4893.00,5824.00
5932.00,5824.00,5206.00
5045.00,5932.00,5206.00
3570.00,5944.00,5905.00
4086.00,3570.00,5905.00
532.00,210.00,212.00
211.00,532.00,212.00
3797.00,4060.00,4337.00
4063.00,3797.00,4337.00
1915.00,1604.00,1663.00
1946.00,1915.00,1663.00
3529.00,3235.00,3234.00
3528.00,3529.00,3234.00
329.00,328.00,136.00
137.00,329.00,136.00
535.00,536.00,555.00
569.00,535.00,555.00
137.00,136.00,143.00
149.00,137.00,143.00
3954.00,3423.00,2895.00
3598.00,3954.00,2895.00
5885.00,4327.00,4397.00
5548.00,5885.00,4397.00
2639.00,3183.00,2657.00
2648.00,2639.00,2657.00
3947.00,3592.00,3407.00
3415.00,3947.00,3407.00
1152.00,1156.00,1024.00
818.00,1152.00,1024.00
3613.00,4137.00,4148.00
3619.00,3613.00,4148.00
5009.00,4937.00,4825.00
4954.00,5009.00,4825.00
1998.00,5174.00,5950.00
1831.00,1998.00,5950.00
2653.00,2622.00,2645.00
2433.00,2653.00,2645.00
2442.00,2433.00,2100.00
2101.00,2442.00,2100.00
4534.00,4535.00,4739.00
4738.00,4534.00,4739.00
2187.00,2239.00,2236.00
2185.00,2187.00,2236.00
5827.00,1573.00,5771.00
1902.00,5827.00,5771.00
2784.00,2745.00,5822.00
2799.00,2784.00,5822.00
1162.00,1380.00,5820.00
1168.00,1162.00,5820.00
349.00,355.00,185.00
4636.00,5785.00,4241.00
4203.00,4636.00,4241.00
5221.00,522.00,501.00
502.00,5221.00,501.00
3222.00,3244.00,3245.00
3220.00,3222.00,3245.00
631.00,876.00,727.00
572.00,631.00,727.00
3279.00,5303.00,3323.00
3023.00,3279.00,3323.00
4040.00,4278.00,4273.00
4036.00,4040.00,4273.00
5068.00,4968.00,4970.00
4882.00,5068.00,4970.00
3721.00,3508.00,3512.00
3727.00,3721.00,3512.00
5519.00,3173.00,3172.00
3202.00,5519.00,3172.00
327.00,399.00,737.00
622.00,327.00,737.00
1982.00,2343.00,2527.00
2338.00,1982.00,2527.00
630.00,5554.00,920.00
631.00,630.00,920.00
4811.00,4928.00,4929.00
4692.00,4811.00,4929.00
2864.00,2533.00,2542.00
2881.00,2864.00,2542.00
649.00,622.00,736.00
921.00,649.00,736.00
921.00,922.00,953.00
1078.00,921.00,953.00
3724.00,3723.00,3719.00
3499.00,3724.00,3719.00
5302.00,3140.00,3147.00
3145.00,5302.00,3147.00
2154.00,2121.00,2122.00
2185.00,2154.00,2122.00
1424.00,1984.00,1802.00
1431.00,1424.00,1802.00
1968.00,2318.00,2309.00
1755.00,1968.00,2309.00
4546.00,4558.00,5845.00
5819.00,4546.00,5845.00
5483.00,1570.00,1348.00
1569.00,5483.00,1348.00
5524.00,2289.00,2287.00
2300.00,5524.00,2287.00
1491.00,1875.00,1494.00
1492.00,1491.00,1494.00
5903.00,4486.00,4209.00
5457.00,5903.00,4209.00
5935.00,5904.00,5900.00
2216.00,5935.00,5900.00
3989.00,5934.00,4179.00
5433.00,3989.00,4179.00
5922.00,5528.00,4092.00
5779.00,5922.00,4092.00
4971.00,4874.00,4963.00
5206.00,4971.00,4963.00
5819.00,5921.00,4143.00
4104.00,5819.00,4143.00
5867.00,5927.00,3598.00
2895.00,5867.00,3598.00
5741.00,1290.00,1286.00
1271.00,5741.00,1286.00
3479.00,3178.00,3176.00
3153.00,3479.00,3176.00
16.00,5872.00,18.00
26.00,16.00,18.00
5904.00,3012.00,3014.00
5900.00,5904.00,3014.00
1316.00,1062.00,913.00
1302.00,1316.00,913.00
2790.00,2752.00,2269.00
2502.00,2790.00,2269.00
512.00,511.00,5648.00
5221.00,512.00,5648.00
2365.00,2370.00,2543.00
2542.00,2365.00,2543.00
2675.00,2448.00,2684.00
2680.00,2675.00,2684.00
2507.00,2785.00,2770.00
2784.00,2507.00,2770.00
383.00,601.00,629.00
581.00,383.00,629.00
4864.00,4957.00,5025.00
4963.00,4864.00,5025.00
2286.00,2501.00,2785.00
2507.00,2286.00,2785.00
1296.00,1287.00,1270.00
1286.00,1296.00,1270.00
1208.00,5741.00,1271.00
1225.00,1208.00,1271.00
2977.00,2727.00,3000.00
3222.00,2977.00,3000.00
3140.00,3136.00,3677.00
4000.00,3140.00,3677.00
4692.00,4693.00,4510.00
4505.00,4692.00,4510.00
4269.00,4510.00,4513.00
4270.00,4269.00,4513.00
353.00,183.00,185.00
355.00,353.00,185.00
2239.00,2256.00,2752.00
2252.00,2239.00,2752.00
5247.00,1184.00,1182.00
1192.00,5247.00,1182.00
2539.00,2841.00,2358.00
2361.00,2539.00,2358.00
4731.00,4713.00,4320.00
4322.00,4731.00,4320.00
2101.00,2434.00,1875.00
1880.00,2101.00,1875.00
