77.97,84.42,38.28
78.03,84.44,38.07
78.13,84.25,38.17
78.08,84.27,38.36
78.01,84.42,38.46
78.16,84.31,38.50
77.91,84.70,38.19
78.03,84.71,37.96
77.95,84.66,38.44
78.14,84.53,38.59
77.92,85.03,38.12
78.06,85.07,37.91
77.93,85.00,38.38
78.12,84.88,38.60
78.00,85.30,38.08
78.19,85.37,37.96
77.98,85.31,38.30
78.12,85.23,38.54
78.16,85.48,38.22
78.17,85.45,38.44
78.28,84.35,37.93
78.30,84.15,38.11
78.29,84.15,38.32
78.42,84.27,38.58
78.23,84.77,37.77
78.42,84.64,38.70
78.27,85.15,37.76
78.40,85.01,38.70
78.41,85.41,37.85
78.40,85.33,38.60
78.48,85.54,38.12
78.42,85.52,38.40
78.58,82.52,38.23
78.67,82.58,38.00
78.79,82.37,38.09
78.75,82.31,38.42
78.53,82.51,38.56
78.73,82.32,38.76
78.56,82.52,38.87
78.71,82.37,38.99
78.64,82.52,39.07
78.79,82.42,39.15
78.52,82.80,38.14
78.69,82.83,37.93
78.44,82.80,38.43
78.46,82.81,38.77
78.57,82.77,39.04
78.75,82.65,39.22
78.55,83.11,38.11
78.73,83.16,37.93
78.45,83.12,38.36
78.46,83.14,38.68
78.55,83.10,38.99
78.72,82.97,39.21
78.61,83.42,38.14
78.77,83.48,37.97
78.51,83.37,38.31
78.55,83.47,38.60
78.63,83.40,38.91
78.74,83.30,39.15
78.63,83.72,38.16
78.78,83.77,37.97
78.59,83.68,38.41
78.70,83.74,38.65
78.79,83.65,38.86
78.81,83.52,39.06
78.53,84.02,38.07
78.79,84.00,37.88
78.52,83.97,38.37
78.70,83.99,38.61
78.68,84.38,37.61
78.75,84.48,37.45
78.86,84.29,37.54
78.82,84.16,37.72
78.60,84.22,37.81
78.73,84.34,38.71
78.57,84.70,37.46
78.73,84.66,37.28
78.45,84.53,37.68
78.72,84.70,38.75
78.68,85.04,36.94
78.77,85.11,36.77
78.83,84.93,36.84
78.76,84.82,37.06
78.60,84.97,37.21
78.50,85.03,37.43
78.40,84.91,37.60
78.70,85.06,38.72
78.69,85.22,36.85
78.81,85.29,36.77
78.63,85.24,37.06
78.58,85.26,37.34
78.49,85.28,37.62
78.70,85.35,38.59
78.74,85.40,36.96
78.72,85.46,37.25
78.74,85.49,37.56
78.72,85.53,37.89
78.82,85.58,38.18
78.74,85.52,38.39
78.87,82.55,37.84
78.94,82.28,37.97
79.00,82.18,38.32
79.02,82.20,38.72
78.97,82.28,39.06
78.98,82.46,39.30
78.90,82.90,37.77
78.92,82.78,39.37
78.93,83.25,37.80
78.89,83.13,39.34
78.95,83.56,37.83
78.92,83.43,39.25
78.94,83.82,37.83
78.98,83.78,38.91
78.89,83.86,38.76
78.96,83.65,39.08
78.93,84.00,37.77
78.95,84.09,38.74
78.90,84.42,37.31
78.98,84.21,37.43
78.97,84.10,37.62
78.97,84.39,38.77
78.87,84.62,37.14
78.96,84.74,38.79
78.91,85.09,36.67
78.96,84.84,36.73
78.92,84.71,36.93
78.94,85.09,38.74
78.94,85.38,36.70
78.96,85.36,38.62
78.90,85.53,36.89
78.88,85.62,37.18
78.93,85.64,37.50
79.06,85.61,37.84
79.09,85.58,38.15
79.08,85.51,38.46
79.24,81.87,37.60
79.33,81.95,37.38
79.46,81.73,37.50
79.39,81.68,37.82
79.18,81.85,37.91
79.33,81.72,38.16
79.19,81.88,38.24
79.31,81.79,38.39
79.28,81.91,38.47
79.42,81.85,38.53
79.19,82.13,37.49
79.35,82.20,37.30
79.11,82.04,37.71
79.07,82.07,38.03
79.20,82.03,38.42
79.48,82.01,38.63
79.21,82.44,37.46
79.40,82.53,37.31
79.05,82.31,37.70
79.35,82.13,38.73
79.35,82.19,39.07
79.30,82.30,39.38
79.15,82.56,39.54
79.36,82.37,39.61
79.32,82.51,39.72
79.48,82.41,39.74
79.25,82.78,37.47
79.43,82.87,37.35
79.07,82.67,37.63
79.04,82.94,39.54
79.20,82.80,39.79
79.48,82.61,39.90
79.27,83.11,37.50
79.43,83.17,37.36
79.10,83.01,37.63
79.01,83.28,39.47
79.09,83.16,39.73
79.35,82.87,40.08
79.19,83.11,40.06
79.29,83.04,40.26
79.26,83.18,40.30
79.38,83.12,40.39
79.24,83.46,37.49
79.41,83.42,37.29
79.10,83.35,37.67
79.06,83.60,39.35
79.09,83.44,39.61
79.18,83.45,39.90
79.27,83.37,40.22
79.42,83.29,40.41
79.31,83.81,37.02
79.39,83.89,36.82
79.49,83.69,36.91
79.43,83.57,37.12
79.24,83.71,37.30
79.13,83.76,37.54
79.08,83.65,37.70
79.06,83.93,38.86
79.11,83.83,39.09
79.18,83.83,39.35
79.20,83.71,39.63
79.30,83.73,39.89
79.39,83.64,40.15
79.46,83.49,40.36
79.22,84.09,36.90
79.39,84.05,36.67
79.17,83.97,37.16
79.08,83.99,37.42
79.03,83.90,37.67
79.12,84.16,38.84
79.17,84.03,38.98
79.26,84.06,39.22
79.32,83.97,39.51
79.37,83.92,39.75
79.28,84.40,34.49
79.37,84.45,34.29
79.47,84.27,34.38
79.41,84.20,34.65
79.23,84.36,34.78
79.38,84.18,34.95
79.21,84.36,35.10
79.38,84.19,35.28
79.21,84.38,35.43
79.39,84.21,35.62
79.23,84.40,35.76
79.41,84.24,35.94
79.24,84.42,36.07
79.42,84.24,36.23
79.25,84.40,36.35
79.40,84.19,36.47
79.22,84.32,36.64
79.12,84.35,36.90
79.07,84.22,37.17
79.13,84.48,38.87
79.25,84.29,39.02
79.38,84.29,39.23
79.45,84.20,39.45
79.46,84.08,39.65
79.18,84.69,34.37
79.37,84.62,34.14
79.12,84.64,34.67
79.09,84.62,34.98
79.09,84.63,35.31
79.10,84.65,35.64
79.11,84.66,35.95
79.13,84.64,36.25
79.14,84.57,36.49
79.07,84.60,36.75
79.00,84.49,37.05
79.12,84.83,38.87
79.26,84.64,39.01
79.39,84.52,39.17
79.26,85.03,33.87
79.35,85.11,33.68
79.48,84.90,33.75
79.41,84.78,33.95
79.18,84.94,34.15
79.06,85.03,34.42
79.04,84.98,34.66
79.03,84.96,34.96
79.03,84.97,35.27
79.04,84.98,35.59
79.05,84.98,35.91
79.06,84.96,36.21
79.04,84.85,36.51
79.12,85.16,38.82
79.26,84.98,39.00
79.40,84.83,39.17
79.19,85.32,33.77
79.36,85.35,33.58
79.09,85.30,34.04
79.03,85.31,34.35
79.02,85.33,34.66
79.03,85.32,34.96
79.03,85.32,35.28
79.04,85.33,35.60
79.05,85.34,35.91
79.05,85.32,36.21
79.02,85.28,36.50
79.16,85.37,38.73
79.28,85.27,38.94
79.42,85.15,39.15
79.22,85.61,33.70
79.40,85.65,33.54
79.10,85.62,33.96
79.06,85.63,34.29
79.07,85.65,34.63
79.09,85.65,34.95
79.10,85.65,35.27
79.10,85.66,35.59
79.10,85.66,35.90
79.10,85.66,36.20
79.10,85.65,36.48
79.05,85.66,36.78
79.04,85.78,37.12
79.08,85.80,37.44
79.19,85.75,37.73
79.33,85.68,37.95
79.39,85.61,38.16
79.36,85.56,38.46
79.36,85.48,38.79
79.45,85.38,39.07
79.31,85.84,33.68
79.46,85.92,33.62
79.21,85.88,33.89
79.17,85.90,34.21
79.18,85.92,34.56
79.21,85.92,34.89
79.23,85.91,35.21
79.23,85.92,35.53
79.22,85.92,35.84
79.21,85.93,36.15
79.21,85.93,36.44
79.21,85.93,36.73
79.19,85.97,37.04
79.21,85.98,37.37
79.29,85.92,37.66
79.40,85.82,37.89
79.39,86.05,33.84
79.35,86.10,34.14
79.35,86.12,34.47
79.37,86.11,34.81
79.39,86.10,35.13
79.39,86.10,35.44
79.37,86.11,35.75
79.37,86.11,36.06
79.39,86.11,36.37
79.40,86.10,36.66
79.40,86.12,36.96
79.40,86.13,37.28
79.43,86.09,37.59
79.47,85.98,37.82
79.53,81.92,37.23
79.76,81.62,37.41
79.68,81.56,37.77
79.61,81.60,38.11
79.51,81.72,38.38
79.67,81.86,38.56
79.53,82.28,37.15
79.83,82.06,38.69
79.57,82.63,37.19
79.74,82.16,38.84
79.70,82.20,39.09
79.66,82.23,39.38
79.57,82.30,39.61
79.71,82.43,39.80
79.59,82.95,37.23
79.83,82.61,39.98
79.58,83.21,37.22
79.64,82.79,40.14
79.49,82.98,40.30
79.61,83.15,40.44
79.55,83.39,37.16
79.73,83.40,40.50
79.56,83.83,36.69
79.64,83.60,36.80
79.60,83.48,36.99
79.57,83.82,40.20
79.46,83.87,39.99
79.64,83.66,40.37
79.54,84.01,36.54
79.54,84.06,39.86
79.54,84.39,34.15
79.61,84.19,34.28
79.59,84.10,34.52
79.56,84.06,34.82
79.55,84.05,35.14
79.56,84.07,35.47
79.58,84.09,35.80
79.59,84.10,36.11
79.58,84.07,36.36
79.59,84.36,39.52
79.51,84.43,39.35
79.58,84.23,39.69
79.54,84.59,34.00
79.53,84.69,39.32
79.55,85.08,33.54
79.63,84.83,33.64
79.59,84.70,33.83
79.56,85.01,39.32
79.55,85.42,33.44
79.67,85.37,39.31
79.57,85.75,33.46
79.60,85.66,38.26
79.52,85.71,38.08
79.58,85.63,38.47
79.58,85.62,38.77
79.61,85.56,39.06
79.61,86.02,33.57
79.59,85.90,38.00
79.56,86.16,33.78
79.53,86.25,34.07
79.53,86.27,34.39
79.54,86.26,34.72
79.55,86.25,35.04
79.55,86.24,35.35
79.54,86.25,35.66
79.53,86.25,35.97
79.57,86.25,36.28
79.67,86.22,36.61
79.67,86.19,36.90
79.66,86.21,37.19
79.66,86.21,37.52
79.68,86.11,37.86
79.85,81.86,36.92
79.97,81.93,36.74
80.11,81.72,36.88
80.00,81.62,37.17
79.73,81.79,37.11
80.07,81.51,37.50
80.02,81.50,37.77
79.96,81.54,38.10
79.83,81.68,38.38
80.00,81.88,38.58
79.80,82.19,36.81
79.99,82.13,36.61
79.67,82.06,37.01
80.09,82.08,38.69
79.83,82.52,35.71
79.91,82.53,35.48
80.06,82.35,35.62
80.01,82.33,35.90
79.80,82.53,36.03
80.00,82.33,36.19
79.82,82.54,36.35
80.00,82.28,36.43
79.82,82.47,36.65
79.75,82.53,36.89
79.67,82.40,37.01
80.02,82.20,38.83
80.02,82.23,39.09
79.98,82.26,39.38
79.88,82.31,39.63
80.03,82.46,39.84
79.76,82.83,35.57
79.94,82.71,35.32
79.71,82.81,35.92
79.72,82.82,36.27
79.75,82.82,36.60
79.75,82.79,36.87
79.69,82.73,37.06
80.18,82.63,40.01
79.89,83.19,35.09
79.98,83.25,34.91
80.11,83.03,34.98
80.02,82.89,35.15
79.80,83.09,35.35
79.72,83.20,35.64
79.70,83.14,35.90
79.70,83.12,36.22
79.72,83.12,36.55
79.73,83.09,36.85
79.69,83.02,37.08
80.00,82.79,40.17
79.81,82.97,40.33
79.96,83.16,40.48
79.84,83.51,35.03
79.99,83.42,34.78
79.77,83.46,35.32
79.73,83.46,35.62
79.72,83.47,35.93
79.73,83.43,36.23
79.73,83.36,36.49
79.71,83.38,36.79
79.67,83.27,37.05
80.09,83.34,40.57
79.88,83.79,33.26
79.97,83.83,33.04
80.11,83.64,33.16
80.04,83.58,33.41
79.83,83.77,33.56
80.00,83.58,33.72
79.83,83.78,33.88
79.99,83.60,34.04
79.85,83.79,34.19
80.01,83.61,34.34
79.86,83.78,34.50
80.01,83.56,34.59
79.84,83.71,34.80
79.76,83.78,35.08
79.75,83.74,35.32
79.74,83.74,35.63
79.74,83.75,35.95
79.74,83.72,36.25
79.71,83.62,36.56
79.63,84.00,40.11
79.77,83.87,40.35
80.00,83.62,40.54
79.81,84.11,33.13
79.97,84.02,32.89
79.75,84.05,33.45
79.73,84.01,33.77
79.75,83.96,34.04
79.72,84.00,34.33
79.72,83.93,34.67
79.69,83.92,34.98
79.68,83.93,35.28
79.68,83.94,35.59
79.70,83.95,35.91
79.71,83.94,36.21
79.67,83.89,36.46
79.68,84.24,39.99
79.81,84.12,40.30
80.03,83.94,40.53
79.87,84.39,31.37
79.96,84.43,31.17
80.11,84.26,31.29
80.04,84.19,31.54
79.82,84.36,31.66
80.00,84.18,31.83
79.81,84.38,31.98
79.98,84.20,32.15
79.82,84.42,32.30
79.98,84.21,32.44
79.84,84.42,32.61
79.98,84.16,32.69
79.82,84.36,32.91
79.75,84.43,33.17
79.72,84.36,33.40
79.70,84.30,33.70
79.67,84.20,34.03
79.63,84.56,39.49
79.68,84.45,39.73
79.75,84.49,40.01
79.83,84.39,40.26
80.02,84.25,40.50
79.78,84.69,31.23
79.95,84.61,31.00
79.72,84.63,31.54
79.71,84.63,31.86
79.72,84.66,32.19
79.75,84.69,32.52
79.76,84.69,32.84
79.75,84.67,33.13
79.72,84.61,33.35
79.69,84.61,33.62
79.64,84.48,33.90
79.66,84.83,39.48
79.72,84.69,39.63
79.81,84.73,39.89
79.88,84.65,40.20
80.03,84.54,40.45
79.92,85.04,30.70
80.03,85.11,30.54
80.06,84.92,30.58
79.99,84.78,30.78
79.81,84.95,30.98
79.70,85.02,31.27
79.68,84.96,31.51
79.67,84.95,31.82
79.69,84.96,32.15
79.71,84.99,32.48
79.73,84.99,32.80
79.74,84.96,33.10
79.70,84.86,33.40
79.72,85.14,39.48
79.80,84.98,39.67
79.93,85.00,39.89
80.04,84.91,40.13
80.07,84.76,40.36
79.96,85.22,30.63
80.11,85.28,30.53
79.85,85.28,30.88
79.71,85.29,31.22
79.66,85.29,31.53
79.67,85.28,31.84
79.68,85.29,32.16
79.71,85.31,32.49
79.73,85.31,32.80
79.73,85.27,33.08
79.68,85.19,33.31
79.81,85.34,39.48
79.88,85.28,39.60
79.99,85.20,39.78
80.03,85.39,30.70
79.94,85.52,30.91
79.78,85.62,31.19
79.97,85.74,31.03
79.66,85.62,31.54
79.66,85.63,31.87
79.68,85.63,32.20
79.70,85.64,32.52
79.72,85.64,32.83
79.73,85.62,33.10
79.68,85.53,33.30
79.68,85.81,38.20
79.73,85.77,38.45
79.75,85.77,38.74
79.79,85.76,39.03
79.87,85.67,39.25
80.01,85.51,39.47
80.07,85.38,39.68
79.81,85.97,31.26
80.01,86.00,31.08
79.69,85.95,31.54
79.65,85.96,31.87
79.68,85.97,32.20
79.70,85.97,32.53
79.71,85.97,32.84
79.73,85.96,33.13
79.69,85.93,33.38
79.75,86.00,38.11
79.84,85.97,38.35
79.89,85.95,38.67
79.93,85.93,38.96
80.01,85.89,39.16
79.87,86.25,31.25
80.05,86.27,31.09
79.74,86.26,31.50
79.70,86.27,31.82
79.71,86.28,32.16
79.73,86.28,32.48
79.75,86.28,32.80
79.76,86.28,33.10
79.76,86.27,33.38
79.72,86.27,33.67
79.70,86.38,34.00
79.69,86.41,34.32
79.70,86.40,34.64
79.70,86.39,34.95
79.69,86.39,35.26
79.68,86.39,35.57
79.68,86.40,35.89
79.71,86.39,36.19
79.79,86.35,36.47
79.91,86.31,36.69
79.99,86.24,36.92
79.98,86.22,37.17
79.97,86.25,37.47
79.97,86.24,37.80
79.97,86.16,38.16
80.06,86.11,38.52
80.09,86.06,38.84
80.10,86.02,39.06
79.95,86.45,31.22
80.09,86.53,31.15
79.86,86.50,31.43
79.81,86.53,31.74
79.82,86.54,32.07
79.84,86.54,32.40
79.85,86.53,32.72
79.85,86.53,33.03
79.86,86.53,33.33
79.86,86.52,33.63
79.85,86.54,33.93
79.85,86.55,34.24
79.85,86.55,34.56
79.85,86.54,34.86
79.84,86.54,35.16
79.83,86.55,35.47
79.82,86.57,35.80
79.84,86.57,36.12
79.89,86.53,36.40
79.99,86.45,36.64
80.01,86.66,31.35
79.98,86.72,31.64
79.98,86.73,31.98
79.99,86.73,32.31
80.00,86.72,32.62
80.01,86.72,32.93
80.01,86.72,33.24
80.01,86.71,33.55
80.00,86.71,33.86
80.01,86.71,34.18
80.02,86.70,34.49
80.04,86.69,34.79
80.03,86.69,35.08
80.02,86.71,35.38
80.01,86.73,35.70
80.02,86.75,36.04
80.05,86.71,36.35
80.07,86.62,36.58
80.20,81.87,36.67
80.43,81.68,36.86
80.34,81.57,37.13
80.32,81.51,37.46
80.35,81.49,37.79
80.34,81.52,38.12
80.25,81.66,38.45
80.27,81.89,38.68
80.26,82.04,36.52
80.25,82.07,38.75
80.14,82.46,35.41
80.37,82.29,35.61
80.31,82.22,35.87
80.28,82.21,36.14
80.28,82.17,36.36
80.19,82.18,38.80
80.28,82.21,39.04
80.28,82.28,39.37
80.19,82.35,39.64
80.36,82.50,39.85
80.23,82.64,35.25
80.51,82.66,40.00
80.17,83.18,34.79
80.41,82.96,34.93
80.32,82.82,35.11
80.36,82.80,40.17
80.18,82.97,40.35
80.32,83.16,40.50
80.12,83.36,34.64
80.37,83.40,40.60
80.18,83.78,32.92
80.42,83.58,33.10
80.28,83.51,33.31
80.29,83.43,33.57
80.19,83.43,33.88
80.17,83.44,34.19
80.16,83.42,34.45
80.35,83.70,40.63
80.12,83.96,32.75
80.33,84.04,40.64
80.17,84.39,31.05
80.42,84.20,31.23
80.29,84.13,31.45
80.30,84.05,31.70
80.19,84.04,32.02
80.16,84.05,32.31
80.15,84.02,32.57
80.30,84.37,40.61
80.10,84.57,30.87
80.30,84.66,40.52
80.18,85.09,30.42
80.19,84.82,30.48
80.15,84.68,30.67
80.38,85.03,40.16
80.15,85.13,39.97
80.32,84.87,40.35
80.25,85.35,30.46
80.25,85.31,39.83
80.22,85.48,30.62
80.13,85.59,30.82
80.19,85.80,30.91
80.42,85.62,39.40
80.19,85.78,39.24
80.31,85.46,39.66
80.21,86.06,30.95
80.19,85.96,39.13
80.21,86.36,31.00
80.25,86.30,37.04
80.11,86.36,36.85
80.33,86.24,37.23
80.32,86.24,37.48
80.30,86.27,37.79
80.28,86.25,38.11
80.24,86.19,38.38
80.34,86.09,38.67
80.27,86.03,38.95
80.21,86.63,31.09
80.20,86.55,36.78
80.17,86.78,31.29
80.15,86.86,31.57
80.15,86.89,31.89
80.16,86.88,32.22
80.17,86.87,32.54
80.17,86.86,32.85
80.17,86.86,33.15
80.16,86.86,33.46
80.15,86.87,33.78
80.15,86.87,34.10
80.19,86.86,34.42
80.29,86.84,34.74
80.29,86.79,35.02
80.28,86.81,35.31
80.28,86.85,35.63
80.28,86.88,35.97
80.30,86.86,36.31
80.31,86.75,36.65
80.52,81.85,36.67
80.76,81.72,36.89
80.68,81.61,37.14
80.63,81.56,37.46
80.65,81.55,37.80
80.67,81.56,38.14
80.65,81.60,38.47
80.59,81.73,38.76
80.45,81.94,38.88
80.64,81.80,39.00
80.61,81.91,39.09
80.75,81.84,39.14
80.59,82.02,36.54
80.32,82.12,38.88
80.49,82.07,39.08
80.76,82.02,39.24
80.47,82.45,35.40
80.73,82.29,35.62
80.65,82.19,35.89
80.63,82.16,36.18
80.62,82.13,36.40
80.59,82.23,39.36
80.49,82.38,39.64
80.65,82.53,39.83
80.57,82.64,35.26
80.80,82.69,39.95
80.52,83.14,33.89
80.61,83.19,33.68
80.74,83.04,33.78
80.67,82.98,34.06
80.47,83.11,34.18
80.64,82.96,34.40
80.43,83.10,34.49
80.61,82.96,34.75
80.37,83.08,34.71
80.71,82.89,35.01
80.65,82.81,35.14
80.69,82.82,40.13
80.53,82.97,40.33
80.64,83.18,40.48
80.42,83.29,33.76
80.58,83.32,33.55
80.34,83.28,34.03
80.30,83.27,34.32
80.26,83.23,34.57
80.68,83.45,40.58
80.54,83.78,32.05
80.62,83.82,31.84
80.75,83.68,31.91
80.69,83.62,32.17
80.49,83.76,32.34
80.66,83.60,32.49
80.47,83.74,32.64
80.62,83.58,32.85
80.41,83.70,32.86
80.67,83.51,33.13
80.56,83.44,33.35
80.66,83.78,40.63
80.42,83.92,31.91
80.59,83.94,31.69
80.35,83.91,32.19
80.32,83.90,32.47
80.29,83.85,32.71
80.64,84.14,40.63
80.52,84.40,30.13
80.59,84.46,29.92
80.74,84.28,30.05
80.68,84.22,30.31
80.48,84.36,30.43
80.65,84.20,30.63
80.45,84.34,30.74
80.62,84.19,30.99
80.40,84.31,30.99
80.67,84.13,31.26
80.57,84.07,31.48
80.61,84.47,40.58
80.43,84.69,29.99
80.59,84.64,29.76
80.38,84.56,30.25
80.31,84.58,30.52
80.27,84.47,30.82
80.61,84.73,40.46
80.52,85.02,28.87
80.61,85.07,28.67
80.70,84.88,28.75
80.65,84.83,29.02
80.47,85.01,29.16
80.62,84.81,29.31
80.45,85.01,29.46
80.60,84.77,29.56
80.44,84.96,29.76
80.36,85.02,30.03
80.30,84.86,30.26
80.74,85.00,40.14
80.49,85.17,40.00
80.65,84.90,40.30
80.45,85.27,28.78
80.61,85.31,28.59
80.36,85.26,29.06
80.34,85.29,29.38
80.35,85.30,29.70
80.36,85.30,30.00
80.32,85.27,30.27
80.58,85.33,39.86
80.42,85.59,28.75
80.62,85.64,28.56
80.30,85.58,29.02
80.26,85.60,29.34
80.29,85.62,29.68
80.34,85.63,30.00
80.37,85.61,30.30
80.35,85.59,30.54
80.29,85.66,30.74
80.58,85.76,38.92
80.81,85.68,38.87
80.68,85.79,38.75
80.45,85.74,39.13
80.69,85.65,39.15
80.72,85.58,39.46
80.64,85.49,39.67
80.43,85.94,28.74
80.63,85.98,28.56
80.30,85.93,29.00
80.25,85.94,29.33
80.27,85.95,29.67
80.32,85.95,30.02
80.37,85.94,30.33
80.39,85.89,30.59
80.34,85.85,30.78
80.49,85.92,38.82
80.66,85.94,38.64
80.37,85.88,39.03
80.48,86.25,28.72
80.66,86.28,28.57
80.36,86.26,28.97
80.31,86.27,29.30
80.32,86.27,29.65
80.35,86.27,30.01
80.36,86.27,30.34
80.36,86.23,30.63
80.33,86.15,30.83
80.33,86.45,37.00
80.46,86.36,37.18
80.60,86.31,37.32
80.68,86.25,37.51
80.65,86.25,37.82
80.63,86.24,38.12
80.58,86.14,38.42
80.56,86.47,28.71
80.71,86.54,28.64
80.47,86.51,28.92
80.44,86.54,29.24
80.45,86.53,29.59
80.46,86.53,29.94
80.44,86.59,30.30
80.36,86.57,30.62
80.30,86.54,30.90
80.40,86.63,36.92
80.54,86.55,37.11
80.67,86.45,37.26
80.63,86.67,28.86
80.61,86.72,29.16
80.62,86.73,29.50
80.64,86.71,29.83
80.61,86.72,30.13
80.56,86.81,30.34
80.44,86.89,30.58
80.62,86.99,30.43
80.35,86.89,30.87
80.30,86.91,31.17
80.29,87.01,31.50
80.30,87.04,31.82
80.32,87.03,32.14
80.32,87.02,32.46
80.32,87.01,32.77
80.32,87.01,33.07
80.31,87.01,33.38
80.30,87.02,33.69
80.29,87.04,34.03
80.32,87.03,34.35
80.40,87.00,34.63
80.54,86.95,34.83
80.63,86.87,35.02
80.60,86.85,35.29
80.60,86.89,35.60
80.61,86.93,35.93
80.60,86.94,36.26
80.62,86.88,36.59
80.64,86.73,36.93
80.73,86.61,37.16
80.53,87.13,30.60
80.73,87.20,30.50
80.45,87.16,30.82
80.42,87.18,31.11
80.43,87.20,31.42
80.45,87.21,31.74
80.47,87.20,32.06
80.47,87.19,32.37
80.47,87.18,32.68
80.47,87.17,32.98
80.46,87.17,33.29
80.45,87.19,33.60
80.44,87.21,33.93
80.46,87.21,34.27
80.51,87.17,34.56
80.63,87.09,34.77
80.65,87.31,30.73
80.61,87.37,31.02
80.62,87.38,31.34
80.64,87.37,31.66
80.66,87.36,31.97
80.66,87.34,32.28
80.66,87.33,32.59
80.65,87.33,32.89
80.65,87.33,33.20
80.64,87.35,33.51
80.64,87.37,33.84
80.65,87.38,34.19
80.67,87.34,34.50
80.71,87.24,34.71
80.84,81.89,36.74
80.99,81.81,36.94
80.95,81.72,37.15
80.91,81.68,37.45
80.90,81.68,37.79
80.94,81.68,38.13
80.95,81.68,38.46
80.90,81.70,38.77
80.82,81.76,39.01
80.93,81.89,39.16
80.91,82.04,36.65
80.97,82.03,39.26
80.83,82.46,35.42
81.08,82.30,35.64
81.00,82.19,35.91
80.97,82.16,36.22
81.00,82.15,36.55
80.98,82.25,39.38
80.78,82.41,39.63
80.90,82.59,39.78
80.92,82.66,35.29
80.97,82.71,39.87
80.80,83.18,33.54
81.02,82.94,33.68
80.93,82.87,34.00
80.90,82.85,34.33
80.91,82.87,34.68
80.95,82.86,34.97
80.96,82.80,35.17
81.01,82.87,40.01
80.84,83.00,40.28
80.92,83.23,40.42
80.76,83.34,33.41
80.95,83.52,40.49
80.81,83.80,31.68
81.02,83.59,31.80
80.90,83.54,32.03
80.92,83.45,32.30
80.83,83.45,32.65
80.82,83.45,32.98
80.80,83.41,33.24
80.94,83.86,40.52
80.76,83.96,31.54
80.91,84.22,40.50
80.81,84.41,29.81
81.05,84.22,29.98
80.91,84.15,30.20
80.92,84.07,30.46
80.84,84.07,30.80
80.82,84.06,31.11
80.81,84.02,31.36
80.88,84.53,40.44
80.74,84.58,29.63
80.85,84.74,40.36
80.78,85.05,28.52
80.84,84.80,28.64
80.82,84.71,28.89
80.80,84.67,29.19
80.78,84.64,29.45
81.03,84.87,40.10
80.92,85.09,40.01
80.94,84.81,40.22
80.81,85.39,28.44
80.95,85.33,39.88
80.82,85.73,28.44
81.08,85.64,38.84
80.88,85.77,38.70
81.01,85.61,39.08
80.97,85.58,39.40
80.97,85.49,39.69
80.83,86.06,28.45
80.92,85.95,38.57
80.82,86.37,28.49
81.06,86.25,37.52
80.85,86.35,37.34
80.98,86.23,37.83
80.97,86.21,38.13
80.95,86.12,38.39
80.83,86.63,28.59
80.84,86.52,37.24
80.79,86.78,28.79
80.77,86.87,29.08
80.79,86.88,29.42
80.82,86.86,29.74
80.80,86.84,30.02
80.73,86.88,30.23
80.82,87.06,30.30
81.02,86.88,35.11
80.80,86.98,34.93
80.95,86.85,35.31
80.94,86.88,35.60
80.95,86.91,35.93
80.95,86.91,36.24
80.89,86.90,36.50
80.98,86.75,36.79
80.90,86.63,37.07
80.94,87.24,30.38
80.90,87.15,34.85
80.97,87.38,30.62
80.89,87.46,30.94
80.88,87.48,31.25
80.90,87.48,31.58
80.91,87.46,31.89
80.92,87.44,32.20
80.91,87.44,32.51
80.91,87.43,32.82
80.90,87.44,33.12
80.90,87.46,33.44
80.90,87.48,33.77
80.91,87.50,34.11
80.93,87.45,34.44
80.93,87.32,34.70
81.08,81.96,36.88
81.14,81.89,37.13
81.12,81.85,37.43
81.10,81.85,37.75
81.13,81.86,38.08
81.15,81.85,38.42
81.11,81.83,38.76
81.01,81.81,38.99
81.15,82.09,36.81
81.26,82.07,37.07
81.28,82.04,37.37
81.26,82.03,37.69
81.27,82.04,38.01
81.29,82.04,38.33
81.28,82.03,38.68
81.14,82.03,39.07
81.18,82.49,35.45
81.40,82.36,35.66
81.32,82.24,35.91
81.28,82.21,36.24
81.28,82.22,36.58
81.33,82.21,36.92
81.41,82.21,37.29
81.40,82.21,37.61
81.40,82.21,37.92
81.42,82.21,38.23
81.43,82.20,38.56
81.38,82.22,38.89
81.27,82.32,39.20
81.19,82.49,39.45
81.38,82.52,39.27
81.01,82.49,39.61
81.24,82.67,35.33
81.31,82.64,39.46
81.48,82.69,39.33
81.13,82.69,39.70
81.15,83.12,32.61
81.22,83.15,32.42
81.37,83.03,32.54
81.33,82.95,32.79
81.10,83.10,32.91
81.28,82.92,33.11
81.06,83.10,33.21
81.23,82.89,33.46
80.99,83.08,33.43
81.31,82.81,33.77
81.25,82.79,34.01
81.22,82.78,34.32
81.22,82.80,34.65
81.26,82.82,34.97
81.27,82.79,35.19
81.38,82.80,39.55
81.27,82.93,39.81
81.20,83.10,40.05
81.37,83.17,39.88
81.05,83.07,40.22
81.03,83.28,32.48
81.20,83.28,32.29
80.97,83.29,32.78
80.95,83.29,33.08
80.90,83.26,33.32
81.28,83.37,40.10
81.41,83.45,39.94
81.12,83.29,40.28
81.14,83.77,30.76
81.22,83.81,30.56
81.36,83.66,30.65
81.29,83.60,30.93
81.10,83.75,31.05
81.26,83.58,31.25
81.07,83.74,31.34
81.24,83.57,31.59
81.01,83.71,31.56
81.31,83.49,31.89
81.19,83.43,32.09
81.29,83.69,40.13
81.42,83.76,39.96
81.15,83.60,40.32
81.04,83.93,30.64
81.20,83.94,30.42
80.98,83.93,30.92
80.96,83.91,31.21
80.92,83.87,31.45
81.28,84.02,40.14
81.42,84.09,39.97
81.14,83.95,40.34
81.15,84.41,27.01
81.23,84.45,26.80
81.33,84.27,26.90
81.27,84.20,27.16
81.09,84.39,27.30
81.24,84.19,27.47
81.08,84.40,27.63
81.24,84.21,27.79
81.09,84.42,27.95
81.25,84.23,28.11
81.10,84.41,28.27
81.26,84.23,28.43
81.11,84.40,28.58
81.27,84.24,28.75
81.12,84.40,28.91
81.28,84.24,29.09
81.13,84.39,29.24
81.29,84.24,29.42
81.12,84.37,29.54
81.27,84.21,29.75
81.05,84.33,29.74
81.31,84.13,30.01
81.19,84.07,30.22
81.26,84.34,40.13
81.40,84.41,39.98
81.11,84.28,40.32
81.06,84.69,26.87
81.24,84.62,26.64
81.00,84.66,27.19
80.98,84.67,27.51
80.98,84.67,27.84
80.99,84.64,28.15
81.01,84.57,28.41
80.97,84.60,28.70
80.97,84.55,29.06
80.97,84.52,29.36
80.92,84.48,29.60
81.18,84.63,40.12
81.30,84.77,40.00
81.06,84.57,40.27
81.14,85.02,26.36
81.23,85.10,26.17
81.34,84.90,26.25
81.28,84.77,26.45
81.06,84.93,26.63
80.96,85.01,26.90
80.95,84.98,27.15
80.95,84.98,27.47
80.96,84.98,27.79
80.96,84.94,28.09
80.93,84.82,28.39
81.29,85.09,39.96
81.07,85.30,26.28
81.24,85.33,26.09
80.97,85.27,26.54
80.92,85.28,26.85
80.92,85.30,27.17
80.95,85.31,27.49
80.98,85.31,27.81
80.98,85.27,28.08
80.92,85.17,28.30
81.28,85.35,39.86
81.09,85.59,26.23
81.29,85.63,26.07
80.95,85.60,26.50
80.88,85.61,26.83
80.89,85.62,27.18
80.94,85.64,27.52
81.00,85.63,27.84
81.01,85.60,28.10
80.96,85.51,28.29
81.37,85.61,38.82
81.17,85.76,38.69
81.30,85.57,39.04
81.28,85.55,39.34
81.27,85.50,39.65
81.19,85.82,26.21
81.36,85.90,26.14
81.05,85.93,26.47
80.92,85.95,26.81
80.89,85.96,27.17
80.93,85.96,27.53
80.99,85.95,27.86
81.01,85.91,28.13
80.97,85.83,28.31
81.23,85.94,38.55
81.25,86.05,26.33
81.17,86.19,26.53
81.06,86.27,26.79
81.25,86.38,26.67
80.96,86.27,27.14
80.96,86.27,27.50
80.98,86.27,27.85
80.98,86.24,28.14
80.95,86.16,28.33
81.22,86.36,37.09
81.44,86.30,36.99
81.33,86.42,36.89
81.08,86.32,37.28
81.32,86.26,37.29
81.33,86.23,37.57
81.28,86.21,37.81
81.27,86.18,38.11
81.25,86.10,38.37
81.19,86.49,26.87
81.36,86.56,26.78
81.11,86.50,27.10
81.07,86.52,27.43
81.05,86.59,27.80
80.99,86.57,28.12
80.92,86.54,28.40
81.14,86.54,36.97
81.30,86.58,36.76
81.01,86.46,37.18
81.30,86.65,27.03
81.25,86.69,27.33
81.21,86.73,27.62
81.17,86.81,27.84
81.07,86.88,28.08
81.24,87.00,27.93
80.98,86.89,28.37
80.92,86.91,28.67
80.92,87.01,29.01
80.94,87.04,29.33
80.97,87.02,29.66
80.96,86.99,29.94
80.89,86.97,30.14
81.36,86.88,35.14
81.12,86.99,34.98
81.29,86.84,35.34
81.26,86.85,35.61
81.28,86.86,35.91
81.29,86.83,36.22
81.23,86.77,36.53
81.17,87.12,28.11
81.36,87.20,28.01
81.09,87.15,28.32
81.05,87.18,28.61
81.05,87.20,28.93
81.08,87.21,29.25
81.11,87.20,29.57
81.11,87.17,29.87
81.04,87.16,30.16
81.20,87.18,34.86
81.29,87.31,28.24
81.24,87.36,28.52
81.24,87.38,28.84
81.26,87.38,29.16
81.29,87.36,29.48
81.30,87.34,29.79
81.29,87.33,30.08
81.22,87.37,30.39
81.29,87.45,30.66
81.23,87.48,30.90
81.21,87.50,31.21
81.21,87.50,31.53
81.22,87.49,31.85
81.23,87.48,32.16
81.22,87.48,32.47
81.22,87.48,32.78
81.21,87.48,33.09
81.22,87.50,33.41
81.22,87.53,33.74
81.24,87.54,34.08
81.25,87.50,34.41
81.24,87.37,34.67
81.47,82.53,35.50
81.61,82.44,35.69
81.58,82.35,35.91
81.54,82.31,36.22
81.52,82.33,36.56
81.53,82.36,36.89
81.55,82.37,37.22
81.55,82.38,37.53
81.54,82.38,37.84
81.55,82.37,38.14
81.56,82.36,38.46
81.54,82.36,38.76
81.47,82.41,39.03
81.55,82.58,39.13
81.54,82.69,35.41
81.60,82.70,39.21
81.41,83.15,32.38
81.57,83.07,32.52
81.63,82.95,32.76
81.58,82.84,33.07
81.56,82.79,33.40
81.57,82.78,33.74
81.58,82.77,34.05
81.57,82.77,34.35
81.57,82.79,34.67
81.59,82.81,34.99
81.63,82.80,35.30
81.63,82.86,39.37
81.47,83.01,39.66
81.52,83.25,39.75
81.47,83.31,32.28
81.55,83.52,39.80
81.42,83.79,30.41
81.64,83.57,30.57
81.56,83.50,30.88
81.52,83.47,31.20
81.52,83.47,31.53
81.56,83.46,31.86
81.59,83.42,32.17
81.56,83.84,39.81
81.38,83.95,30.28
81.57,84.16,39.82
81.40,84.39,26.66
81.46,84.18,26.78
81.43,84.08,27.02
81.41,84.04,27.32
81.40,84.04,27.64
81.41,84.06,27.96
81.41,84.07,28.27
81.41,84.07,28.59
81.42,84.08,28.90
81.43,84.09,29.23
81.45,84.09,29.56
81.46,84.07,29.87
81.44,84.02,30.11
81.57,84.50,39.83
81.40,84.59,26.51
81.58,84.83,39.86
81.42,85.08,26.04
81.50,84.84,26.16
81.46,84.70,26.34
81.57,85.15,39.86
81.43,85.41,25.95
81.52,85.37,39.78
81.46,85.73,25.98
81.56,85.54,38.80
81.52,85.70,38.66
81.55,85.48,38.95
81.54,85.46,39.22
81.54,85.44,39.55
81.50,85.99,26.09
81.46,85.94,38.50
81.44,86.14,26.26
81.34,86.27,26.46
81.44,86.45,26.58
81.71,86.25,36.87
81.52,86.39,36.74
81.62,86.23,37.20
81.57,86.22,37.51
81.52,86.20,37.75
81.60,86.13,38.03
81.52,86.05,38.32
81.50,86.58,26.68
81.47,86.56,36.61
81.53,86.74,26.86
81.44,86.82,27.22
81.39,86.85,27.51
81.33,86.90,27.74
81.44,87.08,27.81
81.69,86.88,35.15
81.46,87.00,35.00
81.61,86.82,35.35
81.57,86.81,35.61
81.53,86.82,35.86
81.62,86.73,36.14
81.54,86.65,36.42
81.57,87.25,27.89
81.54,87.19,34.85
81.60,87.38,28.13
81.52,87.45,28.44
81.50,87.48,28.76
81.52,87.48,29.08
81.54,87.46,29.40
81.55,87.45,29.71
81.55,87.44,30.01
81.54,87.44,30.31
81.55,87.46,30.61
81.55,87.48,30.90
81.55,87.49,31.20
81.55,87.49,31.53
81.56,87.48,31.85
81.56,87.48,32.17
81.56,87.48,32.48
81.55,87.49,32.79
81.55,87.49,33.10
81.55,87.50,33.42
81.56,87.52,33.74
81.58,87.53,34.07
81.59,87.49,34.39
81.58,87.38,34.66
81.72,81.89,21.36
81.79,81.93,21.14
81.95,81.73,21.27
81.90,81.66,21.54
81.69,81.85,21.64
81.88,81.64,21.86
81.67,81.84,21.97
81.87,81.64,22.21
81.66,81.86,22.32
81.83,81.69,22.53
81.68,81.88,22.64
81.81,81.75,22.75
81.76,81.89,22.86
81.92,81.81,22.89
81.64,82.21,21.24
81.80,82.12,20.99
81.59,82.15,21.54
81.58,82.14,21.85
81.57,82.14,22.18
81.57,82.15,22.53
81.67,82.15,22.89
81.95,82.01,23.03
81.79,82.55,20.72
81.89,82.59,20.56
81.94,82.40,20.61
81.85,82.29,20.79
81.67,82.47,21.00
81.56,82.55,21.30
81.55,82.49,21.54
81.55,82.47,21.83
81.56,82.47,22.14
81.54,82.47,22.47
81.56,82.47,22.82
81.86,82.25,23.20
81.66,82.48,23.18
81.82,82.41,23.36
81.75,82.55,23.44
81.91,82.48,23.51
81.70,82.59,35.62
81.75,82.51,35.88
81.74,82.47,36.18
81.72,82.47,36.51
81.71,82.50,36.84
81.71,82.52,37.15
81.70,82.53,37.46
81.69,82.53,37.76
81.70,82.52,38.06
81.71,82.51,38.38
81.68,82.50,38.69
81.61,82.50,38.92
81.81,82.73,20.64
81.95,82.77,20.54
81.72,82.81,20.89
81.59,82.81,21.23
81.53,82.82,21.56
81.54,82.81,21.87
81.57,82.80,22.17
81.57,82.81,22.47
81.55,82.80,22.79
81.57,82.80,23.14
81.67,82.80,23.49
81.89,82.65,23.65
81.76,82.72,35.55
81.87,82.68,35.80
81.90,82.65,36.11
81.89,82.64,36.44
81.87,82.65,36.76
81.86,82.66,37.07
81.85,82.67,37.37
81.85,82.67,37.67
81.85,82.67,37.97
81.87,82.65,38.29
81.85,82.65,38.62
81.74,82.68,39.00
81.87,82.92,20.70
81.81,83.04,20.91
81.70,83.12,21.19
81.90,83.23,21.05
81.56,83.14,21.54
81.53,83.14,21.89
81.56,83.14,22.21
81.59,83.13,22.52
81.58,83.13,22.81
81.56,83.12,23.12
81.58,83.12,23.46
81.84,82.89,23.80
81.68,83.14,23.81
81.85,83.07,23.97
81.79,83.23,24.05
81.95,83.14,24.12
81.64,83.22,32.45
81.77,83.12,32.64
81.89,83.04,32.84
81.93,82.92,33.09
81.89,82.82,33.40
81.88,82.80,33.74
81.89,82.81,34.07
81.89,82.83,34.38
81.90,82.84,34.70
81.90,82.86,35.01
81.92,82.87,35.33
81.96,82.83,35.65
82.04,82.81,36.02
82.04,82.80,36.35
82.03,82.80,36.66
82.03,82.80,36.97
82.02,82.80,37.27
82.01,82.80,37.57
82.02,82.80,37.88
82.04,82.79,38.20
82.05,82.79,38.53
82.00,82.81,38.86
81.90,82.92,39.18
81.80,83.10,39.44
82.01,83.15,39.30
81.63,83.09,39.57
81.82,83.35,21.26
82.00,83.43,21.18
81.68,83.44,21.52
81.56,83.46,21.87
81.55,83.47,22.21
81.58,83.46,22.54
81.59,83.45,22.84
81.58,83.44,23.14
81.56,83.43,23.44
81.59,83.43,23.77
81.71,83.44,24.10
81.94,83.32,24.24
81.71,83.36,32.39
81.87,83.31,32.59
81.99,83.22,32.79
81.86,83.37,39.50
82.05,83.45,39.37
81.68,83.31,39.63
81.89,83.55,21.39
81.80,83.68,21.57
81.68,83.77,21.82
81.86,83.88,21.68
81.60,83.77,22.16
81.59,83.77,22.50
81.59,83.77,22.83
81.58,83.76,23.15
81.57,83.75,23.45
81.57,83.74,23.75
81.60,83.73,24.07
81.87,83.49,24.39
81.67,83.72,24.43
81.83,83.57,24.66
81.66,83.78,24.81
81.83,83.61,24.99
81.69,83.81,25.13
81.82,83.67,25.23
81.78,83.83,25.34
81.93,83.73,25.39
81.75,83.77,26.37
81.85,83.85,26.16
81.97,83.63,26.27
81.89,83.56,26.55
81.70,83.73,26.66
81.87,83.55,26.87
81.69,83.73,26.98
81.88,83.57,27.20
81.70,83.73,27.31
81.90,83.58,27.52
81.71,83.74,27.63
81.90,83.59,27.83
81.71,83.74,27.94
81.90,83.59,28.13
81.71,83.74,28.25
81.90,83.58,28.44
81.70,83.74,28.55
81.89,83.58,28.75
81.70,83.74,28.86
81.89,83.58,29.06
81.70,83.75,29.18
81.89,83.59,29.37
81.71,83.76,29.50
81.89,83.60,29.69
81.72,83.77,29.81
81.89,83.60,30.01
81.70,83.75,30.10
81.86,83.57,30.34
81.63,83.71,30.31
81.92,83.47,30.65
81.87,83.44,30.89
81.84,83.41,31.20
81.84,83.41,31.53
81.86,83.43,31.86
81.90,83.45,32.19
81.96,83.43,32.49
82.06,83.37,32.73
81.88,83.69,39.51
82.04,83.78,39.36
81.71,83.60,39.66
81.80,84.00,21.87
81.98,84.06,21.76
81.73,84.01,22.10
81.69,84.03,22.42
81.68,84.09,22.78
81.60,84.08,23.13
81.57,84.07,23.45
81.56,84.06,23.75
81.57,84.04,24.05
81.58,84.03,24.36
81.58,84.04,24.70
81.59,84.06,25.05
81.71,84.07,25.38
81.93,83.94,25.52
81.70,84.08,26.26
81.87,84.06,26.01
81.63,83.94,26.51
81.56,83.96,26.80
81.55,83.90,27.15
81.56,83.89,27.48
81.56,83.90,27.79
81.56,83.91,28.10
81.56,83.91,28.41
81.55,83.91,28.72
81.56,83.92,29.03
81.57,83.93,29.36
81.59,83.94,29.68
81.59,83.92,29.97
81.54,83.87,30.20
81.86,84.07,39.44
82.00,84.08,39.24
81.72,83.93,39.65
81.92,84.16,22.01
81.87,84.20,22.31
81.84,84.23,22.60
81.83,84.31,22.82
81.72,84.37,23.08
81.92,84.47,22.94
81.60,84.38,23.42
81.56,84.38,23.75
81.56,84.37,24.06
81.57,84.36,24.36
81.57,84.36,24.67
81.56,84.37,25.00
81.60,84.38,25.34
81.89,84.14,25.65
81.71,84.37,25.69
81.88,84.19,25.83
81.72,84.35,26.03
81.62,84.37,26.30
81.56,84.21,26.54
81.91,84.48,38.93
82.04,84.37,38.82
81.97,84.54,38.76
81.89,84.37,39.21
82.00,84.27,39.03
81.82,84.39,39.46
81.73,84.27,39.64
81.84,84.59,23.12
82.01,84.65,23.04
81.71,84.68,23.38
81.58,84.69,23.73
81.55,84.69,24.07
81.56,84.68,24.38
81.58,84.68,24.69
81.58,84.69,25.00
81.59,84.69,25.32
81.61,84.67,25.64
81.64,84.60,25.91
81.59,84.63,26.18
81.52,84.49,26.44
81.89,84.72,38.87
81.99,84.75,38.71
81.87,84.69,39.11
81.84,84.66,39.40
81.75,84.59,39.65
81.91,84.78,23.23
81.83,84.91,23.43
81.70,85.00,23.69
81.90,85.10,23.55
81.57,85.01,24.05
81.54,85.01,24.39
81.56,85.01,24.71
81.59,85.01,25.02
81.60,85.00,25.32
81.60,84.97,25.62
81.57,84.87,25.92
81.87,85.01,38.84
81.99,85.04,38.69
81.83,84.99,39.08
81.83,84.97,39.38
81.76,84.91,39.66
81.81,85.23,23.75
81.98,85.30,23.67
81.68,85.32,24.01
81.56,85.33,24.36
81.55,85.33,24.71
81.57,85.33,25.04
81.60,85.32,25.34
81.60,85.28,25.60
81.55,85.20,25.83
81.76,85.37,38.77
82.00,85.31,38.61
81.73,85.28,39.03
81.73,85.26,39.34
81.71,85.22,39.65
81.87,85.42,23.87
81.78,85.56,24.06
81.67,85.64,24.31
81.86,85.77,24.17
81.59,85.64,24.66
81.58,85.65,25.01
81.60,85.65,25.34
81.60,85.62,25.62
81.55,85.53,25.82
81.91,85.74,38.39
82.12,85.66,38.27
82.00,85.85,38.22
81.82,85.58,38.57
82.04,85.51,38.46
81.80,85.88,24.36
82.01,85.96,24.27
81.72,85.89,24.59
81.67,85.91,24.92
81.66,85.97,25.30
81.62,85.96,25.63
81.58,85.92,25.90
81.78,85.95,38.26
81.94,86.01,38.06
81.68,85.84,38.46
81.94,86.04,24.51
81.87,86.07,24.79
81.82,86.12,25.10
81.77,86.21,25.34
81.71,86.27,25.60
81.85,86.39,25.44
81.65,86.25,25.90
81.59,86.25,26.18
81.51,86.34,26.40
81.84,86.35,36.45
82.05,86.29,36.36
81.95,86.41,36.28
81.72,86.31,36.62
81.93,86.23,36.62
81.97,86.19,36.89
81.90,86.19,37.14
81.87,86.19,37.45
81.83,86.15,37.79
81.81,86.50,25.64
81.98,86.57,25.52
81.76,86.51,25.86
81.73,86.52,26.15
81.62,86.55,26.49
81.77,86.52,36.34
81.92,86.56,36.14
81.66,86.45,36.53
81.93,86.66,25.76
81.89,86.70,26.04
81.84,86.73,26.34
81.75,86.81,26.63
81.69,86.97,26.87
81.85,87.00,26.69
81.60,86.98,27.14
81.55,87.00,27.43
81.49,86.99,27.64
82.01,86.89,35.11
81.79,87.02,34.98
81.93,86.82,35.33
81.88,86.77,35.59
81.83,86.72,35.89
81.80,87.13,26.87
81.97,87.20,26.76
81.73,87.16,27.07
81.70,87.17,27.35
81.64,87.17,27.65
81.86,87.19,34.82
81.92,87.29,26.99
81.89,87.33,27.27
81.88,87.34,27.57
81.84,87.37,27.89
81.92,87.45,28.17
81.86,87.48,28.41
81.83,87.50,28.71
81.84,87.50,29.04
81.85,87.50,29.36
81.85,87.49,29.67
81.85,87.48,29.98
81.85,87.47,30.28
81.85,87.47,30.59
81.86,87.47,30.90
81.87,87.47,31.22
81.88,87.47,31.54
81.88,87.47,31.87
81.89,87.47,32.19
81.89,87.48,32.51
81.89,87.49,32.82
81.90,87.50,33.14
81.90,87.50,33.46
81.89,87.51,33.76
81.91,87.49,34.07
81.92,87.44,34.37
81.90,87.35,34.63
82.00,81.86,21.01
82.27,81.65,21.22
82.19,81.58,21.53
82.17,81.54,21.84
82.16,81.54,22.18
82.12,81.59,22.51
82.02,81.68,22.76
82.17,81.83,22.95
81.96,82.07,20.84
82.31,82.03,23.10
82.08,82.52,20.46
82.07,82.31,20.56
82.03,82.19,20.68
82.18,82.19,23.24
82.09,82.34,23.46
82.11,82.49,23.68
82.08,82.83,20.46
82.08,82.63,23.80
82.02,82.99,20.61
81.97,83.12,20.82
82.07,83.32,20.97
82.00,82.76,23.84
82.12,82.90,24.06
82.15,83.15,24.27
82.10,83.11,33.00
82.19,83.04,33.21
82.17,82.95,33.42
82.16,82.92,33.73
82.16,82.93,34.06
82.16,82.95,34.39
82.17,82.96,34.70
82.16,82.97,35.01
82.17,82.98,35.32
82.17,82.98,35.63
82.19,82.97,35.95
82.19,82.97,36.27
82.19,82.97,36.58
82.19,82.96,36.89
82.19,82.95,37.19
82.19,82.95,37.50
82.20,82.95,37.81
82.23,82.95,38.14
82.24,82.94,38.46
82.21,82.93,38.77
82.13,83.00,39.05
82.21,83.24,39.18
82.14,83.51,21.12
82.13,83.31,24.37
82.20,83.31,32.93
82.23,83.54,39.24
82.08,83.63,21.30
81.97,83.75,21.49
82.06,83.95,21.57
82.04,83.41,24.40
82.03,83.44,24.57
82.03,83.45,24.86
82.11,83.50,25.28
82.13,83.75,25.55
82.06,83.81,26.01
82.28,83.56,26.19
82.18,83.47,26.51
82.13,83.45,26.83
82.14,83.46,27.15
82.15,83.48,27.47
82.16,83.49,27.78
82.16,83.48,28.09
82.16,83.48,28.40
82.16,83.47,28.71
82.15,83.46,29.02
82.15,83.46,29.33
82.15,83.47,29.64
82.15,83.48,29.96
82.15,83.47,30.28
82.17,83.45,30.61
82.18,83.42,30.92
82.18,83.40,31.23
82.18,83.40,31.55
82.19,83.42,31.88
82.21,83.45,32.20
82.24,83.47,32.52
82.28,83.44,32.83
82.19,83.86,39.21
82.12,84.08,21.66
82.13,83.92,25.65
82.02,84.02,25.88
82.12,84.08,39.11
82.16,84.25,21.84
82.06,84.32,22.22
82.02,84.35,22.50
81.99,84.38,22.73
82.09,84.54,22.85
82.06,84.04,25.67
82.05,84.08,25.76
82.22,84.29,38.72
82.15,84.51,38.64
82.17,84.18,38.92
82.14,84.72,22.98
82.17,84.80,38.58
82.08,84.85,23.16
81.99,84.98,23.35
82.07,85.18,23.48
82.17,85.09,38.56
82.12,85.38,23.61
82.16,85.31,38.50
82.06,85.51,23.79
81.96,85.63,23.97
82.08,85.84,24.06
82.28,85.57,38.12
82.19,85.81,38.03
82.23,85.43,38.32
82.23,86.00,24.17
82.11,86.01,37.88
82.24,86.11,24.42
82.09,86.15,24.68
82.08,86.22,24.95
81.94,86.29,25.22
82.05,86.45,25.30
82.34,86.25,36.27
82.14,86.40,36.14
82.19,86.20,36.51
82.22,86.11,36.78
82.16,86.10,37.06
82.14,86.10,37.34
82.13,86.07,37.64
82.18,86.61,25.38
82.07,86.57,35.98
82.19,86.74,25.63
82.08,86.78,25.90
82.08,86.86,26.18
81.95,86.90,26.47
82.05,87.08,26.55
82.35,86.87,35.02
82.12,87.02,34.89
82.20,86.82,35.26
82.23,86.72,35.51
82.12,86.64,35.78
82.17,87.26,26.63
82.10,87.19,34.75
82.21,87.40,26.89
82.15,87.44,27.20
82.15,87.45,27.51
82.16,87.44,27.81
82.18,87.46,28.11
82.18,87.48,28.40
82.17,87.49,28.71
82.17,87.49,29.03
82.18,87.49,29.35
82.18,87.48,29.67
82.18,87.48,29.98
82.17,87.48,30.29
82.17,87.48,30.60
82.18,87.47,30.92
82.18,87.47,31.24
82.19,87.47,31.57
82.20,87.47,31.89
82.21,87.47,32.20
82.21,87.47,32.52
82.22,87.48,32.83
82.23,87.49,33.15
82.23,87.50,33.48
82.22,87.49,33.78
82.17,87.47,34.02
82.25,87.37,34.29
82.17,87.28,34.57
82.31,80.01,15.77
82.39,80.07,15.55
82.56,79.86,15.68
82.52,79.80,15.97
82.28,79.99,16.06
82.51,79.80,16.27
82.27,80.00,16.36
82.51,79.79,16.57
82.27,79.99,16.67
82.52,79.77,16.89
82.27,79.99,17.00
82.51,79.77,17.22
82.27,80.00,17.35
82.47,79.81,17.55
82.29,80.02,17.67
82.44,79.87,17.79
82.37,80.03,17.89
82.53,79.93,17.95
82.25,80.30,15.66
82.42,80.34,15.45
82.17,80.29,15.93
82.16,80.30,16.24
82.16,80.30,16.56
82.15,80.31,16.87
82.15,80.32,17.21
82.18,80.32,17.56
82.30,80.29,17.86
82.51,80.16,18.04
82.30,80.61,15.60
82.48,80.66,15.44
82.21,80.61,15.86
82.18,80.63,16.17
82.18,80.63,16.50
82.18,80.64,16.81
82.16,80.65,17.14
82.17,80.67,17.48
82.26,80.63,17.81
82.48,80.51,18.05
82.40,80.84,15.59
82.57,80.93,15.52
82.33,80.88,15.81
82.31,80.90,16.12
82.31,80.91,16.45
82.32,80.92,16.77
82.30,80.93,17.09
82.28,80.96,17.42
82.32,80.95,17.73
82.49,80.86,18.00
82.49,81.05,15.75
82.47,81.10,16.05
82.49,81.11,16.38
82.50,81.11,16.71
82.49,81.13,17.03
82.47,81.15,17.35
82.47,81.16,17.66
82.53,81.09,17.90
82.38,81.85,20.75
82.49,81.94,20.56
82.65,81.77,20.73
82.53,81.67,21.03
82.25,81.77,20.94
82.59,81.59,21.34
82.52,81.57,21.57
82.51,81.54,21.87
82.51,81.53,22.20
82.47,81.56,22.52
82.35,81.67,22.79
82.50,81.87,22.99
82.25,82.14,20.55
82.49,82.11,20.38
82.14,81.96,20.78
82.59,82.06,23.11
82.41,82.52,20.11
82.48,82.62,19.94
82.58,82.40,20.00
82.53,82.27,20.19
82.33,82.37,20.31
82.50,82.18,23.24
82.46,82.26,23.46
82.43,82.36,23.76
82.30,82.54,23.89
82.52,82.43,23.99
82.45,82.54,24.06
82.61,82.47,24.13
82.34,82.82,20.05
82.48,82.86,19.86
82.22,82.75,20.29
82.16,82.71,23.92
82.31,82.67,24.03
82.51,82.67,24.22
82.35,83.12,20.02
82.51,83.15,19.84
82.24,83.11,20.27
82.15,83.11,20.54
82.10,83.20,20.76
82.44,82.93,24.40
82.30,83.18,24.52
82.53,82.99,24.73
82.35,83.13,24.85
82.52,82.99,25.05
82.36,83.11,25.15
82.48,83.02,25.27
82.41,83.12,25.34
82.55,83.07,25.40
82.30,83.22,33.15
82.36,83.14,33.41
82.37,83.10,33.70
82.37,83.10,34.02
82.36,83.12,34.35
82.36,83.13,34.66
82.36,83.13,34.97
82.35,83.13,35.27
82.35,83.13,35.58
82.35,83.12,35.89
82.34,83.14,36.21
82.33,83.15,36.53
82.33,83.16,36.84
82.34,83.15,37.15
82.36,83.15,37.46
82.37,83.16,37.78
82.39,83.16,38.11
82.40,83.15,38.44
82.37,83.12,38.75
82.29,83.09,38.97
82.42,83.34,20.00
82.59,83.40,19.88
82.32,83.44,20.26
82.23,83.45,20.57
82.18,83.44,20.87
82.16,83.35,24.49
82.19,83.31,24.70
82.21,83.28,25.02
82.29,83.24,25.27
82.51,83.28,25.49
82.38,83.37,33.08
82.48,83.33,33.33
82.52,83.29,33.63
82.52,83.28,33.95
82.51,83.29,34.27
82.51,83.30,34.58
82.50,83.29,34.88
82.50,83.29,35.19
82.50,83.28,35.50
82.50,83.27,35.82
82.49,83.29,36.14
82.46,83.37,36.50
82.42,83.40,36.83
82.43,83.41,37.14
82.46,83.42,37.45
82.49,83.43,37.78
82.51,83.44,38.11
82.51,83.43,38.45
82.46,83.39,38.77
82.37,83.32,39.02
82.49,83.56,20.09
82.40,83.70,20.32
82.33,83.77,20.58
82.47,83.89,20.44
82.28,83.75,20.89
82.22,83.75,21.19
82.14,83.82,21.41
82.43,83.55,25.68
82.27,83.79,25.76
82.49,83.57,25.99
82.27,83.72,25.94
82.57,83.47,26.28
82.50,83.44,26.53
82.45,83.42,26.84
82.44,83.43,27.16
82.46,83.45,27.48
82.47,83.45,27.79
82.47,83.44,28.10
82.48,83.43,28.41
82.48,83.42,28.72
82.48,83.41,29.04
82.48,83.41,29.34
82.47,83.41,29.65
82.47,83.41,29.96
82.48,83.42,30.28
82.50,83.41,30.60
82.51,83.41,30.93
82.50,83.41,31.24
82.51,83.44,31.56
82.52,83.46,31.88
82.52,83.48,32.21
82.53,83.51,32.53
82.54,83.52,32.84
82.57,83.48,33.17
82.65,83.46,33.53
82.66,83.45,33.85
82.65,83.45,34.17
82.65,83.45,34.48
82.65,83.44,34.78
82.65,83.43,35.09
82.66,83.42,35.40
82.66,83.41,35.72
82.65,83.41,36.04
82.61,83.46,36.34
82.57,83.56,36.58
82.63,83.74,36.73
82.49,83.65,36.84
82.46,83.70,37.14
82.49,83.73,37.46
82.53,83.75,37.79
82.55,83.75,38.11
82.53,83.75,38.44
82.47,83.71,38.77
82.37,83.63,39.05
82.43,84.00,20.65
82.57,84.07,20.53
82.39,84.00,20.87
82.36,84.01,21.16
82.26,84.05,21.48
82.17,83.98,25.73
82.17,83.91,25.83
82.56,83.87,36.93
82.72,83.95,36.88
82.50,83.98,37.17
82.49,84.05,37.48
82.51,84.07,37.81
82.52,84.06,38.13
82.51,84.00,38.39
82.39,84.05,38.70
82.30,83.94,39.00
82.54,84.16,20.79
82.52,84.20,21.08
82.48,84.23,21.36
82.41,84.31,21.62
82.35,84.46,21.89
82.54,84.48,21.70
82.22,84.48,22.17
82.16,84.49,22.47
82.13,84.47,22.67
82.62,84.07,37.08
82.56,84.22,37.26
82.60,84.45,37.36
82.51,84.36,37.49
82.49,84.38,37.82
82.47,84.36,38.14
82.38,84.29,38.47
82.46,84.60,21.89
82.64,84.64,21.77
82.35,84.70,22.15
82.25,84.71,22.48
82.20,84.68,22.77
82.52,84.75,37.53
82.62,84.69,37.32
82.49,84.70,37.83
82.44,84.67,38.14
82.34,84.60,38.42
82.53,84.77,21.98
82.43,84.91,22.20
82.34,84.99,22.47
82.49,85.10,22.32
82.25,84.98,22.80
82.20,84.97,23.08
82.13,85.05,23.29
82.54,85.09,37.06
82.68,84.97,36.96
82.60,85.16,36.90
82.52,85.00,37.32
82.63,84.85,37.16
82.49,85.06,37.57
82.48,85.02,37.82
82.43,84.98,38.13
82.33,84.89,38.40
82.42,85.22,22.54
82.58,85.29,22.41
82.32,85.30,22.80
82.24,85.30,23.11
82.19,85.30,23.39
82.51,85.35,37.00
82.62,85.39,36.86
82.48,85.32,37.23
82.47,85.30,37.51
82.46,85.26,37.75
82.39,85.30,38.06
82.30,85.18,38.36
82.48,85.41,22.63
82.39,85.55,22.85
82.31,85.63,23.09
82.44,85.77,22.94
82.26,85.63,23.39
82.21,85.63,23.67
82.13,85.71,23.89
82.49,85.64,36.99
82.61,85.68,36.85
82.44,85.63,37.20
82.43,85.61,37.48
82.39,85.55,37.82
82.39,85.89,23.13
82.56,85.98,23.02
82.35,85.90,23.34
82.34,85.90,23.63
82.29,85.91,23.93
82.40,85.91,36.95
82.55,85.94,36.78
82.34,85.91,37.17
82.33,85.90,37.44
82.31,85.86,37.74
82.53,86.07,23.27
82.52,86.09,23.55
82.52,86.09,23.85
82.48,86.11,24.17
82.51,86.19,24.44
82.35,86.23,24.70
82.31,86.35,24.96
82.51,86.37,24.80
82.14,86.35,25.12
82.50,86.38,35.85
82.72,86.30,35.74
82.60,86.45,35.68
82.37,86.34,36.03
82.61,86.24,36.02
82.61,86.17,36.31
82.49,86.12,36.56
82.45,86.47,24.98
82.63,86.55,24.89
82.30,86.51,25.17
82.39,86.55,35.72
82.56,86.59,35.53
82.27,86.48,35.92
82.56,86.64,25.11
82.45,86.72,25.39
82.49,86.82,25.66
82.35,86.87,25.91
82.31,87.00,26.17
82.55,87.00,26.04
82.14,86.99,26.36
82.50,86.99,34.59
82.69,86.88,34.47
82.60,87.03,34.41
82.38,86.96,34.79
82.59,86.84,34.74
82.61,86.78,35.01
82.50,86.74,35.28
82.47,87.12,26.19
82.64,87.14,26.13
82.30,87.16,26.39
82.41,87.17,34.48
82.57,87.19,34.29
82.30,87.10,34.69
82.56,87.26,26.32
82.47,87.38,26.63
82.54,87.51,26.94
82.48,87.53,27.19
82.46,87.51,27.49
82.46,87.49,27.79
82.48,87.47,28.10
82.49,87.46,28.40
82.50,87.46,28.72
82.50,87.47,29.05
82.51,87.47,29.37
82.51,87.47,29.70
82.51,87.48,30.01
82.51,87.49,30.32
82.51,87.49,30.64
82.51,87.49,30.95
82.51,87.49,31.28
82.51,87.49,31.60
82.51,87.48,31.90
82.51,87.46,32.19
82.52,87.44,32.49
82.51,87.44,32.78
82.53,87.45,33.10
82.54,87.46,33.43
82.53,87.44,33.75
82.49,87.38,34.06
82.64,80.06,15.40
82.87,79.79,15.60
82.81,79.73,15.94
82.80,79.72,16.25
82.81,79.72,16.55
82.83,79.69,16.86
82.83,79.67,17.19
82.78,79.70,17.53
82.67,79.79,17.80
82.77,79.97,18.02
82.72,80.46,15.30
82.79,80.28,18.14
82.71,80.77,15.37
82.79,80.64,18.16
82.86,81.03,15.44
82.83,80.98,18.07
82.68,81.19,15.67
82.63,81.25,15.97
82.65,81.26,16.30
82.67,81.26,16.63
82.67,81.26,16.95
82.66,81.29,17.27
82.66,81.30,17.59
82.72,81.23,17.87
82.70,81.91,20.46
82.93,81.72,20.66
82.87,81.65,20.99
82.84,81.61,21.30
82.84,81.60,21.60
82.84,81.59,21.90
82.84,81.57,22.22
82.83,81.58,22.54
82.76,81.69,22.86
82.78,81.91,23.08
82.65,82.08,20.27
82.77,82.07,23.15
82.63,82.59,19.79
82.70,82.31,19.90
82.69,82.18,20.09
82.69,82.17,23.20
82.76,82.20,23.41
82.78,82.26,23.74
82.76,82.35,24.06
82.77,82.48,24.29
82.63,82.93,19.70
82.74,82.63,24.39
82.69,83.24,19.71
82.66,82.76,24.42
82.75,82.82,24.68
82.75,82.90,25.01
82.66,82.98,25.27
82.77,83.10,25.46
82.73,83.43,19.78
82.91,83.29,25.61
82.75,83.62,19.93
82.57,83.77,20.21
82.65,83.95,20.33
82.80,83.43,25.74
82.78,83.50,25.95
82.81,83.47,26.24
82.81,83.43,26.54
82.79,83.42,26.86
82.78,83.44,27.18
82.79,83.45,27.49
82.80,83.45,27.81
82.81,83.44,28.12
82.82,83.43,28.43
82.82,83.42,28.75
82.83,83.42,29.07
82.83,83.42,29.38
82.83,83.41,29.69
82.83,83.41,29.99
82.84,83.40,30.30
82.85,83.40,30.62
82.85,83.41,30.95
82.82,83.44,31.26
82.76,83.47,31.51
82.82,83.56,31.84
82.78,83.59,32.19
82.78,83.60,32.51
82.78,83.61,32.83
82.78,83.62,33.14
82.79,83.61,33.45
82.80,83.61,33.77
82.80,83.60,34.08
82.80,83.60,34.39
82.80,83.59,34.70
82.81,83.59,35.01
82.82,83.58,35.32
82.84,83.57,35.64
82.83,83.56,35.96
82.79,83.57,36.26
82.72,83.64,36.51
82.82,83.84,36.67
82.70,84.08,20.42
82.89,84.05,36.82
82.75,84.26,20.60
82.69,84.34,20.98
82.67,84.36,21.27
82.62,84.39,21.50
82.73,84.54,21.60
82.81,84.17,37.02
82.70,84.28,37.21
82.74,84.49,37.26
82.77,84.66,21.68
82.74,84.67,37.21
82.78,84.84,21.82
82.60,84.98,22.09
82.67,85.17,22.21
82.87,84.89,36.85
82.79,85.14,36.77
82.81,84.77,37.05
82.71,85.31,22.29
82.81,85.45,36.73
82.73,85.49,22.43
82.55,85.63,22.71
82.64,85.85,22.80
82.80,85.76,36.72
82.78,86.04,22.89
82.73,85.97,36.66
82.84,86.17,23.16
82.79,86.21,23.48
82.76,86.20,23.78
82.71,86.19,24.03
82.74,86.24,24.30
82.61,86.28,24.58
82.70,86.44,24.68
82.89,86.20,35.59
82.79,86.41,35.51
82.86,86.13,35.82
82.83,86.10,36.14
82.79,86.05,36.45
82.81,86.61,24.76
82.73,86.60,35.36
82.85,86.76,25.02
82.79,86.81,25.33
82.77,86.83,25.62
82.74,86.89,25.90
82.80,87.00,26.09
82.82,86.79,34.40
82.81,86.95,34.28
82.81,86.73,34.57
82.79,86.69,34.85
82.77,86.66,35.13
82.80,87.13,26.16
82.73,87.20,34.13
82.73,87.24,26.24
82.80,87.34,26.48
82.82,87.48,26.85
82.82,87.55,27.18
82.80,87.54,27.50
82.79,87.51,27.81
82.80,87.48,28.12
82.80,87.47,28.43
82.81,87.46,28.74
82.82,87.46,29.07
82.82,87.47,29.39
82.83,87.47,29.71
82.84,87.47,30.02
82.84,87.48,30.33
82.84,87.49,30.65
82.84,87.50,30.97
82.85,87.51,31.30
82.85,87.51,31.62
82.83,87.49,31.93
82.77,87.46,32.16
82.85,87.37,32.42
82.78,87.34,32.69
82.77,87.34,32.98
82.78,87.36,33.30
82.79,87.35,33.62
82.77,87.30,33.92
83.03,80.01,15.08
83.18,80.08,14.93
83.24,79.93,15.06
83.10,79.80,15.34
82.87,79.94,15.29
83.12,79.70,15.65
83.08,79.69,15.92
83.08,79.70,16.23
83.09,79.71,16.54
83.12,79.69,16.86
83.15,79.67,17.20
83.13,79.69,17.54
83.00,79.79,17.83
83.11,80.02,18.06
83.09,80.19,14.97
83.27,80.24,14.91
82.91,80.21,15.14
83.15,80.33,18.17
83.17,80.36,15.02
83.03,80.47,15.16
83.04,80.70,15.28
83.15,80.65,18.17
83.19,80.94,15.35
83.19,80.90,18.12
82.88,81.35,15.61
83.14,81.25,15.44
82.78,81.42,15.88
82.78,81.42,16.21
82.81,81.41,16.54
82.82,81.40,16.86
82.82,81.42,17.19
82.82,81.44,17.51
82.89,81.39,17.79
83.08,81.19,18.02
83.04,81.52,15.57
83.23,81.53,15.51
82.95,81.59,15.79
82.93,81.61,16.11
82.95,81.59,16.45
82.97,81.57,16.78
82.97,81.57,17.10
82.98,81.59,17.42
83.01,81.57,17.71
83.14,81.47,17.94
83.15,81.68,15.69
83.13,81.75,16.00
83.14,81.76,16.35
83.16,81.74,16.69
83.17,81.73,17.01
83.17,81.73,17.33
83.16,81.71,17.62
83.18,81.65,17.84
83.01,81.91,19.54
83.08,81.96,19.33
83.22,81.78,19.42
83.16,81.72,19.68
82.97,81.88,19.82
83.13,81.70,19.99
82.94,81.86,20.13
83.09,81.70,20.37
82.89,81.83,20.38
83.16,81.64,20.67
83.13,81.63,20.94
83.11,81.62,21.25
83.11,81.62,21.56
83.11,81.62,21.87
83.12,81.62,22.18
83.13,81.60,22.51
83.12,81.62,22.84
83.08,81.75,23.14
82.94,81.97,23.25
83.13,81.83,23.35
83.08,81.95,23.42
83.22,81.87,23.50
82.93,82.18,19.41
83.08,82.14,19.17
82.88,82.07,19.67
82.82,82.08,19.93
82.79,81.98,20.22
82.82,82.13,23.26
82.97,82.09,23.42
83.19,82.02,23.60
83.05,82.55,18.89
83.12,82.62,18.71
83.18,82.43,18.76
83.12,82.30,18.97
82.96,82.46,19.16
82.84,82.50,19.41
82.78,82.34,19.66
83.08,82.17,23.72
83.09,82.24,24.07
83.06,82.35,24.40
82.93,82.53,24.54
83.11,82.41,24.65
83.09,82.52,24.74
83.23,82.45,24.80
83.06,82.74,18.80
83.18,82.79,18.66
82.98,82.81,19.04
82.86,82.78,19.33
82.75,82.70,19.56
82.81,82.69,24.54
82.98,82.66,24.74
83.27,82.60,24.93
83.11,82.93,18.84
83.06,83.05,19.06
82.96,83.11,19.31
83.13,83.24,19.20
82.79,83.04,19.53
83.06,82.80,25.03
82.94,82.96,25.29
83.10,83.13,25.49
83.07,83.35,19.40
83.23,83.43,19.30
82.89,83.39,19.62
83.26,83.30,25.63
83.14,83.54,19.51
83.02,83.67,19.76
82.94,83.84,19.99
83.14,83.87,19.84
82.76,83.85,20.14
83.14,83.42,25.77
83.10,83.47,25.96
83.11,83.46,26.23
83.13,83.43,26.54
83.12,83.42,26.87
83.12,83.43,27.19
83.12,83.45,27.50
83.14,83.45,27.82
83.15,83.44,28.13
83.15,83.43,28.45
83.14,83.44,28.76
83.14,83.46,29.07
83.15,83.48,29.39
83.15,83.48,29.71
83.16,83.47,30.02
83.17,83.46,30.32
83.19,83.44,30.64
83.19,83.44,30.96
83.15,83.48,31.27
83.05,83.56,31.60
83.07,83.73,31.90
83.25,83.76,31.76
82.98,83.74,32.15
82.96,83.75,32.46
82.97,83.75,32.78
82.96,83.75,33.09
82.96,83.76,33.39
82.96,83.76,33.70
82.95,83.75,34.01
82.95,83.76,34.33
82.94,83.77,34.65
82.95,83.77,34.96
82.97,83.78,35.27
82.99,83.78,35.59
83.01,83.77,35.92
82.97,83.76,36.24
82.88,83.74,36.45
83.08,83.99,20.02
83.27,84.05,19.91
82.88,84.05,20.24
83.19,83.89,31.93
83.34,83.97,31.86
83.13,83.91,32.11
83.11,83.91,32.37
83.11,83.91,32.69
83.12,83.90,33.00
83.12,83.91,33.31
83.11,83.91,33.62
83.12,83.90,33.93
83.11,83.91,34.26
83.09,83.98,34.63
83.05,84.01,34.95
83.06,84.03,35.26
83.10,84.05,35.58
83.13,84.05,35.92
83.12,84.04,36.25
83.01,84.01,36.57
83.15,84.16,20.12
83.00,84.30,20.35
82.93,84.49,20.60
83.11,84.50,20.42
82.85,84.50,20.90
82.82,84.51,21.21
82.77,84.49,21.42
83.28,84.05,32.05
83.25,84.07,32.29
83.26,84.06,32.58
83.27,84.05,32.90
83.27,84.05,33.21
83.28,84.05,33.53
83.29,84.05,33.85
83.29,84.04,34.17
83.26,84.07,34.48
83.21,84.17,34.74
83.24,84.39,34.88
83.12,84.29,34.98
83.10,84.33,35.27
83.13,84.36,35.59
83.17,84.37,35.92
83.18,84.37,36.25
83.12,84.35,36.57
82.98,84.31,36.90
82.85,84.36,37.13
83.05,84.64,20.60
83.24,84.67,20.51
82.99,84.67,20.83
82.97,84.68,21.15
82.89,84.67,21.50
83.12,84.65,35.09
83.25,84.68,34.96
83.09,84.65,35.30
83.12,84.69,35.60
83.15,84.70,35.93
83.16,84.68,36.26
83.14,84.61,36.52
83.01,84.65,36.83
82.88,84.55,37.11
83.15,84.78,20.74
83.13,84.82,21.03
83.11,84.85,21.35
83.03,84.92,21.64
82.95,85.06,21.87
83.14,85.11,21.71
82.78,85.07,22.02
83.12,84.97,35.12
83.25,85.00,34.99
83.08,84.99,35.32
83.11,85.02,35.61
83.14,85.03,35.94
83.12,85.00,36.27
83.03,84.90,36.59
83.07,85.23,21.89
83.25,85.30,21.77
82.89,85.28,22.11
83.12,85.29,35.13
83.26,85.34,35.00
83.07,85.31,35.32
83.10,85.34,35.61
83.13,85.35,35.95
83.11,85.32,36.27
82.99,85.23,36.55
83.16,85.41,21.99
83.03,85.54,22.22
82.93,85.72,22.42
83.16,85.74,22.30
82.74,85.73,22.60
83.13,85.62,35.11
83.26,85.67,34.97
83.07,85.61,35.30
83.07,85.64,35.59
83.09,85.66,35.94
83.09,85.64,36.28
82.99,85.56,36.55
83.07,85.88,22.43
83.25,85.90,22.38
82.90,85.93,22.64
83.12,85.98,35.07
83.26,85.96,34.87
83.07,85.87,35.25
83.00,85.94,35.53
83.00,85.92,35.89
82.99,85.91,36.24
82.94,85.84,36.53
83.17,86.02,22.56
83.09,86.15,22.88
83.19,86.27,23.21
83.13,86.28,23.46
83.08,86.26,23.76
82.98,86.27,24.05
82.95,86.36,24.31
83.18,86.37,24.19
82.79,86.35,24.48
83.14,86.37,34.58
83.33,86.26,34.50
83.21,86.44,34.40
83.11,86.26,34.85
83.27,86.14,34.70
83.04,86.29,35.10
82.99,86.18,35.33
83.09,86.48,24.32
83.26,86.51,24.27
82.93,86.52,24.52
83.00,86.65,34.40
83.22,86.61,34.24
82.97,86.54,34.69
82.95,86.51,34.98
82.91,86.47,35.25
83.17,86.62,24.44
83.09,86.75,24.76
83.17,86.89,25.08
83.12,86.90,25.34
83.11,86.88,25.64
83.11,86.86,25.93
82.99,87.04,26.27
83.10,86.89,26.19
83.16,87.02,26.46
83.19,86.92,26.39
83.31,86.95,26.55
83.15,87.01,32.72
83.33,86.89,32.59
83.22,87.06,32.55
83.12,87.01,32.97
83.28,86.85,32.82
83.13,87.03,33.28
83.27,86.87,33.12
83.14,87.03,33.61
83.29,86.89,33.46
83.12,86.97,33.91
83.29,86.86,33.78
83.06,86.83,34.15
83.26,86.76,34.04
82.87,87.21,26.29
83.04,87.19,26.47
83.30,87.13,26.66
83.03,87.19,32.61
83.18,87.22,32.43
82.97,87.18,32.84
82.96,87.19,33.13
82.98,87.21,33.45
82.98,87.18,33.77
82.93,87.08,34.04
83.14,87.35,26.77
83.14,87.48,27.12
83.14,87.50,27.47
83.14,87.50,27.82
83.13,87.50,28.15
83.13,87.49,28.46
83.13,87.48,28.78
83.13,87.48,29.10
83.13,87.47,29.40
83.14,87.46,29.69
83.14,87.44,29.99
83.14,87.44,30.29
83.14,87.45,30.60
83.15,87.47,30.92
83.17,87.48,31.25
83.18,87.49,31.58
83.17,87.47,31.90
83.11,87.40,32.20
83.36,80.10,14.93
83.45,79.98,15.06
83.43,79.81,15.28
83.29,79.69,15.53
83.30,79.65,15.81
83.29,79.65,16.13
83.29,79.67,16.45
83.32,79.67,16.77
83.42,79.67,17.16
83.44,79.72,17.53
83.35,79.82,17.84
83.46,80.04,18.05
83.45,80.26,14.93
83.49,80.33,18.13
83.38,80.37,14.97
83.34,80.49,15.11
83.47,80.63,15.27
83.48,80.62,18.13
83.46,80.96,15.38
83.45,80.92,18.10
83.47,81.28,15.49
83.43,81.23,18.10
83.41,81.54,15.55
83.38,81.62,18.04
83.31,81.67,15.62
83.39,81.75,15.88
83.40,81.84,16.26
83.41,81.86,16.61
83.43,81.84,16.94
83.43,81.82,17.25
83.39,81.80,17.56
83.32,81.75,17.79
83.28,81.90,19.18
83.52,81.70,19.33
83.39,81.64,19.56
83.41,81.56,19.81
83.31,81.56,20.15
83.29,81.56,20.49
83.30,81.57,20.82
83.30,81.57,21.13
83.31,81.58,21.44
83.31,81.59,21.75
83.31,81.59,22.06
83.32,81.57,22.38
83.39,81.55,22.78
83.41,81.61,23.15
83.37,81.72,23.44
83.38,81.86,23.67
83.23,82.09,19.02
83.36,82.02,23.77
83.27,82.60,18.56
83.31,82.35,18.65
83.28,82.20,18.84
83.29,82.11,23.80
83.38,82.17,24.06
83.37,82.26,24.40
83.31,82.35,24.66
83.47,82.46,24.86
83.30,82.81,18.53
83.63,82.64,25.03
83.34,83.02,18.65
83.21,83.14,18.95
83.30,83.33,19.09
83.45,82.80,25.17
83.27,82.96,25.33
83.43,83.16,25.51
83.35,83.46,19.18
83.59,83.32,25.62
83.38,83.63,19.32
83.23,83.76,19.61
83.33,83.96,19.70
83.47,83.42,25.77
83.43,83.47,25.96
83.43,83.47,26.23
83.46,83.44,26.55
83.47,83.43,26.87
83.46,83.43,27.19
83.47,83.44,27.50
83.48,83.44,27.82
83.49,83.43,28.14
83.49,83.43,28.46
83.45,83.45,28.77
83.38,83.48,29.02
83.44,83.57,29.35
83.40,83.59,29.69
83.41,83.59,30.01
83.44,83.57,30.33
83.46,83.56,30.65
83.46,83.56,30.97
83.43,83.56,31.26
83.34,83.63,31.53
83.45,83.85,31.68
83.46,84.11,19.80
83.50,84.07,31.79
83.46,84.23,20.01
83.27,84.35,20.23
83.39,84.52,20.34
83.45,84.18,31.98
83.41,84.23,32.22
83.42,84.22,32.50
83.43,84.21,32.81
83.44,84.20,33.13
83.45,84.21,33.44
83.47,84.21,33.77
83.47,84.19,34.10
83.43,84.18,34.41
83.35,84.24,34.67
83.41,84.46,34.79
83.53,84.69,20.47
83.44,84.75,34.84
83.39,84.83,20.68
83.30,84.90,20.90
83.32,84.98,21.18
83.23,85.02,21.48
83.32,85.20,21.56
83.45,85.09,34.87
83.44,85.37,21.64
83.43,85.43,34.87
83.47,85.50,21.90
83.36,85.60,22.18
83.40,85.76,22.34
83.41,85.73,34.83
83.41,85.90,22.41
83.38,85.95,34.75
83.35,86.01,22.49
83.43,86.10,22.74
83.46,86.24,23.11
83.47,86.29,23.45
83.45,86.27,23.75
83.38,86.28,24.04
83.43,86.39,24.23
83.49,86.17,34.39
83.41,86.39,34.28
83.44,86.05,34.58
83.42,86.52,24.30
83.38,86.59,34.13
83.34,86.62,24.37
83.41,86.72,24.61
83.44,86.87,24.98
83.46,86.93,25.33
83.46,86.91,25.65
83.46,86.87,25.97
83.45,86.83,26.25
83.45,86.86,26.51
83.50,86.97,26.74
83.49,86.78,32.45
83.41,87.01,32.38
83.45,86.71,32.66
83.43,86.70,32.95
83.45,86.73,33.28
83.46,86.73,33.62
83.44,86.68,33.92
83.49,87.13,26.84
83.37,87.23,32.27
83.39,87.26,26.85
83.39,87.35,27.05
83.41,87.38,27.37
83.47,87.39,27.76
83.47,87.47,28.14
83.47,87.51,28.48
83.47,87.51,28.81
83.47,87.50,29.12
83.45,87.48,29.42
83.39,87.45,29.65
83.47,87.37,29.91
83.40,87.34,30.19
83.39,87.34,30.48
83.41,87.36,30.80
83.43,87.37,31.12
83.45,87.38,31.45
83.46,87.37,31.77
83.43,87.32,32.06
83.66,79.42,15.79
83.77,79.43,15.57
83.86,79.28,15.67
83.78,79.26,15.94
83.61,79.42,16.11
83.75,79.25,16.27
83.59,79.42,16.45
83.73,79.26,16.62
83.59,79.43,16.77
83.74,79.28,16.93
83.61,79.44,17.04
83.73,79.34,17.14
83.67,79.45,17.22
83.80,79.38,17.29
83.56,79.61,15.58
83.83,79.56,15.46
83.47,79.56,15.96
83.45,79.57,16.30
83.45,79.58,16.62
83.49,79.58,16.93
83.60,79.57,17.22
83.80,79.54,17.41
83.54,80.17,15.01
83.62,80.04,15.17
83.78,79.82,15.35
83.71,79.68,17.52
83.66,79.83,17.82
83.77,80.03,18.02
83.51,80.35,15.02
83.59,80.33,15.14
83.79,80.24,15.29
83.77,80.31,18.10
83.78,80.63,15.35
83.75,80.61,18.10
83.80,80.96,15.46
83.76,80.89,18.11
83.76,81.20,15.63
83.60,81.42,15.68
83.75,81.42,15.87
83.78,81.29,15.79
83.88,81.33,15.91
83.73,81.10,18.22
83.55,81.39,18.28
83.74,81.20,18.36
83.67,81.35,18.44
83.81,81.23,18.48
83.64,81.24,20.12
83.72,81.28,19.93
83.87,81.16,20.05
83.81,81.08,20.30
83.58,81.23,20.42
83.76,81.04,20.62
83.56,81.24,20.75
83.75,81.05,20.94
83.56,81.26,21.07
83.77,81.06,21.26
83.58,81.27,21.38
83.79,81.06,21.57
83.59,81.26,21.69
83.80,81.04,21.89
83.58,81.25,22.01
83.77,81.05,22.23
83.56,81.25,22.34
83.72,81.10,22.55
83.57,81.27,22.64
83.68,81.17,22.76
83.64,81.29,22.85
83.78,81.22,22.91
83.46,81.63,15.69
83.63,81.60,15.88
83.90,81.54,16.03
83.49,81.67,18.30
83.59,81.59,18.53
83.78,81.42,18.62
83.53,81.40,19.99
83.71,81.40,19.82
83.44,81.41,20.28
83.42,81.42,20.61
83.43,81.44,20.94
83.44,81.46,21.26
83.45,81.47,21.56
83.45,81.47,21.87
83.44,81.45,22.19
83.46,81.44,22.53
83.57,81.42,22.84
83.83,81.38,23.03
83.72,81.78,16.20
83.71,81.89,16.57
83.74,81.89,16.90
83.75,81.85,17.21
83.69,81.84,17.50
83.56,81.83,17.82
83.52,81.89,18.16
83.73,81.99,17.92
83.49,81.86,18.48
83.74,81.61,18.81
83.54,81.81,18.80
83.74,81.68,19.12
83.49,81.81,19.07
83.83,81.62,19.43
83.71,81.55,19.62
83.72,81.52,23.15
83.71,81.59,23.48
83.67,81.70,23.78
83.54,81.91,23.92
83.73,81.77,24.03
83.71,81.90,24.12
83.86,81.81,24.17
83.57,82.18,18.14
83.79,82.23,17.94
83.47,82.09,18.37
83.42,82.10,18.65
83.38,81.98,18.94
83.44,82.07,23.93
83.61,82.05,24.13
83.89,82.02,24.30
83.60,82.49,18.11
83.82,82.51,17.94
83.43,82.38,18.40
83.70,82.21,24.41
83.61,82.34,24.68
83.78,82.51,24.87
83.67,82.73,18.07
83.86,82.77,18.00
83.48,82.78,18.34
83.93,82.70,24.99
83.75,82.92,18.18
83.65,83.08,18.44
83.55,83.26,18.68
83.81,83.27,18.55
83.38,83.25,18.87
83.79,82.84,25.17
83.61,83.00,25.35
83.74,83.19,25.48
83.70,83.40,18.72
83.89,83.41,18.65
83.51,83.45,18.97
83.90,83.33,25.57
83.78,83.52,18.84
83.66,83.67,19.08
83.56,83.87,19.31
83.79,83.88,19.17
83.39,83.86,19.50
83.79,83.42,25.74
83.73,83.48,25.95
83.74,83.51,26.23
83.76,83.49,26.55
83.78,83.47,26.88
83.79,83.46,27.20
83.79,83.46,27.51
83.80,83.46,27.82
83.82,83.45,28.13
83.81,83.44,28.46
83.76,83.48,28.77
83.66,83.56,29.10
83.67,83.74,29.40
83.86,83.76,29.26
83.59,83.75,29.65
83.59,83.75,29.96
83.61,83.74,30.28
83.63,83.74,30.62
83.63,83.76,30.96
83.60,83.75,31.26
83.53,83.74,31.48
83.69,84.03,19.33
83.87,84.06,19.27
83.55,84.05,19.55
83.80,83.89,29.43
83.97,83.96,29.36
83.74,83.91,29.60
83.73,83.91,29.87
83.75,83.90,30.19
83.76,83.91,30.54
83.75,84.00,30.92
83.69,84.02,31.25
83.60,84.00,31.56
83.81,84.15,19.47
83.74,84.22,19.78
83.76,84.32,20.04
83.59,84.39,20.19
83.73,84.54,20.32
83.89,84.05,29.54
83.88,84.07,29.78
83.90,84.05,30.09
83.91,84.04,30.42
83.87,84.09,30.75
83.82,84.21,30.99
83.85,84.40,31.11
83.74,84.30,31.23
83.68,84.31,31.52
83.61,84.32,31.84
83.57,84.40,32.17
83.57,84.42,32.46
83.58,84.40,32.77
83.60,84.39,33.08
83.61,84.40,33.40
83.63,84.41,33.73
83.64,84.40,34.07
83.60,84.36,34.38
83.51,84.33,34.60
83.89,84.71,20.47
83.80,84.52,31.28
83.94,84.60,31.22
83.76,84.53,31.47
83.73,84.55,31.76
83.71,84.62,32.12
83.67,84.65,32.45
83.68,84.65,32.76
83.70,84.65,33.08
83.72,84.66,33.40
83.75,84.67,33.73
83.76,84.67,34.07
83.71,84.62,34.38
83.59,84.54,34.63
83.73,84.86,20.66
83.56,84.99,20.92
83.54,85.14,21.17
83.78,85.15,21.05
83.39,85.13,21.36
83.89,84.68,31.42
83.87,84.70,31.67
83.85,84.72,31.97
83.82,84.81,32.23
83.87,85.01,32.38
83.74,84.92,32.48
83.71,84.95,32.78
83.74,84.96,33.09
83.76,84.98,33.41
83.79,84.99,33.74
83.80,84.99,34.08
83.76,84.94,34.41
83.63,84.85,34.67
83.70,85.26,21.19
83.88,85.28,21.14
83.55,85.29,21.40
83.77,85.26,32.60
83.90,85.30,32.48
83.72,85.26,32.81
83.73,85.29,33.10
83.76,85.32,33.42
83.79,85.33,33.76
83.79,85.33,34.10
83.74,85.29,34.42
83.63,85.20,34.69
83.79,85.39,21.32
83.72,85.49,21.64
83.80,85.61,21.96
83.73,85.61,22.20
83.60,85.79,22.52
83.70,85.65,22.44
83.78,85.77,22.71
83.80,85.67,22.64
83.93,85.69,22.80
83.78,85.61,32.64
83.90,85.65,32.50
83.72,85.60,32.84
83.73,85.63,33.11
83.75,85.65,33.43
83.77,85.66,33.75
83.75,85.65,34.08
83.70,85.62,34.41
83.59,85.53,34.68
83.49,85.96,22.54
83.66,85.94,22.73
83.92,85.87,22.91
83.76,86.00,32.59
83.88,85.96,32.39
83.72,85.95,32.85
83.73,85.96,33.13
83.74,85.98,33.45
83.74,85.96,33.77
83.72,85.90,34.03
83.63,85.94,34.35
83.54,85.82,34.63
83.77,86.10,23.03
83.79,86.22,23.38
83.79,86.23,23.72
83.75,86.19,24.02
83.61,86.43,24.41
83.73,86.23,24.30
83.78,86.42,24.59
83.82,86.29,24.51
83.94,86.32,24.67
83.78,86.39,31.43
83.91,86.26,31.34
83.84,86.42,31.25
83.76,86.37,31.70
83.87,86.23,31.58
83.75,86.33,32.00
83.86,86.21,31.87
83.74,86.26,32.33
83.86,86.14,32.17
83.67,86.32,32.58
83.67,86.27,32.83
83.69,86.27,33.13
83.71,86.28,33.45
83.69,86.26,33.78
83.63,86.18,34.11
83.48,86.60,24.42
83.65,86.59,24.60
83.91,86.52,24.78
83.76,86.65,31.32
83.86,86.59,31.11
83.73,86.59,31.59
83.70,86.55,31.89
83.68,86.49,32.15
83.61,86.55,32.44
83.58,86.52,32.75
83.58,86.52,33.07
83.60,86.54,33.40
83.60,86.52,33.73
83.55,86.46,34.03
83.75,86.74,24.90
83.77,86.86,25.25
83.78,86.87,25.60
83.79,86.84,25.94
83.78,86.80,26.25
83.77,86.78,26.53
83.66,87.03,27.02
83.77,86.82,26.84
83.72,87.01,27.35
83.86,86.83,27.18
83.74,87.01,27.61
83.86,86.83,27.47
83.80,87.01,27.77
83.84,86.88,27.67
83.90,86.91,27.79
83.77,87.03,30.23
83.96,86.92,30.13
83.84,87.07,30.06
83.74,87.01,30.48
83.91,86.87,30.36
83.74,86.98,30.77
83.89,86.83,30.63
83.75,86.89,31.08
83.87,86.75,30.90
83.72,86.95,31.35
83.71,86.89,31.57
83.68,86.83,31.86
83.61,86.76,32.18
83.53,87.22,26.98
83.58,87.21,27.22
83.61,87.20,27.53
83.71,87.19,27.80
83.91,87.12,27.94
83.65,87.20,30.11
83.80,87.22,29.93
83.59,87.18,30.34
83.59,87.18,30.63
83.61,87.17,30.95
83.63,87.18,31.26
83.64,87.17,31.55
83.62,87.13,31.84
83.56,87.07,32.12
83.78,87.35,28.09
83.79,87.47,28.43
83.80,87.50,28.77
83.81,87.50,29.10
83.79,87.46,29.41
83.73,87.39,29.70
84.03,79.35,15.48
84.07,79.15,15.58
83.97,79.10,15.78
83.91,79.09,16.08
83.88,79.10,16.43
83.89,79.11,16.79
83.98,79.17,17.19
83.99,79.39,17.44
84.08,79.62,15.40
83.98,79.55,17.55
84.09,79.95,15.36
83.92,79.64,17.60
84.02,79.76,17.85
84.01,80.05,18.09
84.09,80.30,15.36
83.97,80.34,18.13
84.08,80.63,15.39
83.95,80.62,18.12
84.16,80.90,15.47
83.97,80.80,18.13
84.01,81.09,15.63
83.94,81.22,15.80
84.07,81.35,15.95
83.91,80.93,18.19
84.00,81.02,18.42
83.98,81.24,18.65
83.92,81.28,19.90
84.06,81.18,20.04
84.11,81.07,20.27
84.07,80.96,20.58
84.04,80.92,20.90
84.04,80.93,21.22
84.06,80.93,21.54
84.09,80.92,21.86
84.07,80.92,22.20
84.00,80.97,22.53
83.88,81.09,22.78
84.03,81.23,22.98
84.21,81.55,16.10
83.95,81.39,18.76
83.98,81.43,19.81
84.20,81.41,23.13
84.10,81.74,16.29
84.05,81.88,16.57
84.06,81.91,16.91
84.08,81.87,17.22
84.04,81.84,17.48
83.90,81.87,17.70
84.03,82.00,17.81
83.88,81.51,18.81
84.00,81.57,19.07
84.07,81.62,19.41
84.10,81.57,19.71
84.09,81.51,23.27
84.05,81.55,23.50
84.01,81.60,23.80
83.94,81.69,24.04
84.09,81.84,24.24
84.08,82.22,17.87
84.22,82.15,24.38
84.11,82.52,17.96
84.02,82.29,24.50
83.90,82.40,24.67
84.04,82.59,24.81
84.03,82.78,18.03
84.10,82.74,24.89
83.94,82.91,18.11
84.04,83.02,18.37
84.07,83.26,18.60
84.10,82.91,25.01
83.91,83.05,25.29
84.01,83.23,25.39
84.06,83.40,18.68
84.14,83.34,25.47
83.97,83.50,18.76
84.04,83.62,19.00
84.04,83.90,19.21
84.13,83.44,25.69
83.99,83.50,25.90
84.03,83.59,26.19
84.01,83.60,26.54
84.04,83.58,26.88
84.05,83.56,27.20
84.06,83.56,27.52
84.07,83.57,27.82
84.09,83.56,28.14
84.09,83.54,28.46
84.05,83.55,28.76
83.96,83.62,29.02
84.08,83.83,29.17
84.04,84.07,19.30
84.14,84.05,29.29
83.97,84.16,19.39
84.05,84.20,19.64
84.04,84.30,19.96
83.92,84.41,20.17
84.09,84.54,20.32
84.08,84.17,29.48
84.05,84.22,29.72
84.06,84.21,30.01
84.07,84.19,30.33
84.03,84.19,30.65
83.95,84.27,30.90
84.02,84.47,31.02
84.26,84.71,20.47
84.12,84.68,31.15
84.11,84.86,20.66
83.99,85.00,20.90
84.04,85.16,21.10
84.10,84.80,31.36
84.07,84.84,31.62
84.03,84.83,31.89
83.97,84.87,32.15
84.04,85.08,32.30
84.04,85.29,21.19
84.08,85.39,32.37
83.96,85.38,21.25
84.04,85.48,21.51
84.07,85.61,21.88
84.08,85.65,22.22
84.06,85.62,22.51
84.05,85.62,22.76
84.12,85.72,22.99
84.07,85.72,32.36
84.11,85.87,23.09
84.01,85.96,32.27
84.02,86.01,23.10
84.03,86.10,23.30
84.06,86.12,23.61
84.04,86.09,23.94
84.02,86.06,24.25
84.10,86.10,24.61
84.12,86.34,24.84
84.09,86.17,31.23
84.00,86.36,31.12
84.06,86.11,31.45
84.04,86.09,31.75
84.03,86.05,32.05
84.10,86.52,24.95
83.98,86.56,30.98
84.00,86.64,24.97
84.02,86.73,25.17
84.04,86.75,25.48
84.05,86.74,25.82
84.05,86.71,26.14
84.04,86.69,26.44
84.03,86.68,26.73
84.03,86.67,27.03
84.03,86.66,27.34
84.01,86.74,27.64
84.06,86.90,27.88
84.14,86.81,29.99
84.04,87.02,29.91
84.10,86.75,30.21
84.07,86.71,30.50
84.04,86.65,30.78
84.10,87.11,28.05
83.99,87.23,29.80
84.02,87.27,28.13
84.04,87.36,28.33
84.08,87.40,28.63
84.10,87.41,28.97
84.09,87.38,29.30
84.05,87.33,29.59
84.27,78.18,15.77
84.37,78.24,15.57
84.44,78.03,15.63
84.36,77.96,15.91
84.19,78.16,16.07
84.32,77.97,16.24
84.19,78.19,16.38
84.32,78.04,16.48
84.26,78.20,16.58
84.40,78.09,16.64
84.24,78.43,15.69
84.40,78.47,15.50
84.13,78.42,15.97
84.10,78.43,16.31
84.19,78.44,16.65
84.39,78.30,16.79
84.23,78.70,15.66
84.39,78.77,15.48
84.11,78.68,15.92
84.05,78.69,16.25
84.07,78.71,16.61
84.36,78.53,16.95
84.19,78.74,16.95
84.36,78.69,17.13
84.29,78.83,17.19
84.44,78.77,17.28
84.18,78.95,15.62
84.32,79.09,15.46
84.07,78.91,15.86
84.00,78.91,16.19
83.98,78.92,16.54
84.04,78.94,16.89
84.16,78.94,17.14
84.35,78.96,17.38
84.33,79.40,15.40
84.28,79.22,17.55
84.17,79.46,17.64
84.37,79.33,17.74
84.32,79.47,17.80
84.48,79.37,17.88
84.37,79.72,15.38
84.06,79.61,17.68
84.20,79.58,17.78
84.39,79.56,17.98
84.37,80.03,15.38
84.28,79.82,18.17
84.16,80.13,18.28
84.32,79.94,18.40
84.28,80.09,18.49
84.41,79.97,18.56
84.36,80.33,15.37
84.10,80.44,18.25
84.23,80.31,18.47
84.41,80.17,18.63
84.39,80.63,15.38
84.08,80.69,18.21
84.21,80.59,18.42
84.41,80.46,18.64
84.49,80.91,15.46
84.04,80.85,18.22
84.14,80.79,18.36
84.39,80.81,18.65
84.33,81.09,15.63
84.20,81.22,15.81
84.36,81.38,15.99
84.29,81.09,18.80
84.16,81.29,18.91
84.36,81.18,19.01
84.35,81.29,19.10
84.49,81.23,19.14
84.15,81.33,19.98
84.27,81.23,20.17
84.38,81.15,20.37
84.41,81.04,20.61
84.37,80.94,20.92
84.36,80.92,21.24
84.37,80.93,21.56
84.40,80.93,21.88
84.41,80.92,22.21
84.35,80.96,22.54
84.21,81.07,22.81
84.37,81.26,23.00
84.48,81.54,16.13
84.03,81.46,18.91
84.23,81.44,19.11
84.51,81.41,19.27
84.22,81.47,19.93
84.37,81.42,20.12
84.50,81.34,20.32
84.54,81.44,23.11
84.40,81.71,16.28
84.38,81.85,16.56
84.38,81.92,16.91
84.41,81.89,17.24
84.39,81.85,17.51
84.26,81.87,17.69
84.38,81.99,17.83
84.36,81.59,19.42
84.39,81.66,19.74
84.44,81.60,20.02
84.57,81.52,20.25
84.43,81.53,23.28
84.38,81.58,23.50
84.34,81.60,23.79
84.24,81.68,24.06
84.38,81.89,24.25
84.43,82.19,17.94
84.48,82.14,24.32
84.42,82.41,18.08
84.25,82.67,18.14
84.41,82.67,18.32
84.47,82.53,18.24
84.56,82.57,18.38
84.24,82.47,24.52
84.45,82.43,24.38
84.11,82.50,24.65
84.09,82.87,18.17
84.26,82.82,18.30
84.49,82.78,18.51
84.37,82.64,24.49
84.55,82.67,24.40
84.23,82.72,24.70
84.26,83.29,18.78
84.39,83.06,18.70
84.42,83.29,18.97
84.48,83.17,18.90
84.57,83.20,19.05
84.44,82.82,24.56
84.34,82.96,24.78
84.27,83.12,25.01
84.46,83.13,24.86
84.12,83.13,25.20
84.11,83.45,18.80
84.26,83.41,18.93
84.47,83.41,19.15
84.40,83.25,25.04
84.59,83.31,24.98
84.26,83.28,25.25
84.23,83.96,19.41
84.36,83.70,19.32
84.41,83.95,19.59
84.45,83.82,19.51
84.57,83.85,19.67
84.50,83.39,25.18
84.41,83.43,25.46
84.43,83.51,25.72
84.28,83.58,25.97
84.29,83.74,26.27
84.48,83.76,26.12
84.21,83.75,26.52
84.22,83.74,26.83
84.24,83.72,27.17
84.24,83.74,27.50
84.24,83.76,27.82
84.25,83.77,28.14
84.27,83.76,28.46
84.25,83.74,28.76
84.16,83.71,28.97
84.12,84.12,19.44
84.29,84.09,19.62
84.54,84.00,19.79
84.43,83.88,26.31
84.59,83.95,26.24
84.36,83.91,26.49
84.36,83.91,26.76
84.38,83.89,27.08
84.38,83.91,27.42
84.35,84.00,27.79
84.32,84.04,28.12
84.33,84.05,28.44
84.34,84.03,28.76
84.25,83.99,29.07
84.37,84.20,19.90
84.26,84.38,20.14
84.43,84.52,20.32
84.52,84.04,26.44
84.50,84.06,26.68
84.52,84.05,26.98
84.53,84.04,27.31
84.49,84.09,27.63
84.43,84.21,27.87
84.47,84.40,27.99
84.35,84.30,28.09
84.34,84.32,28.39
84.36,84.33,28.73
84.33,84.33,29.06
84.25,84.32,29.37
84.21,84.41,29.68
84.22,84.41,29.97
84.23,84.39,30.29
84.20,84.36,30.60
84.10,84.35,30.83
84.57,84.69,20.48
84.41,84.52,28.16
84.56,84.60,28.10
84.38,84.54,28.35
84.38,84.56,28.65
84.38,84.63,29.03
84.33,84.65,29.36
84.31,84.67,29.66
84.32,84.68,29.96
84.35,84.66,30.28
84.33,84.64,30.60
84.23,84.61,30.91
84.45,84.83,20.64
84.38,84.92,20.87
84.25,85.20,21.30
84.35,85.01,21.16
84.43,85.18,21.49
84.46,85.05,21.39
84.58,85.07,21.55
84.51,84.68,28.31
84.50,84.71,28.58
84.48,84.74,28.88
84.45,84.83,29.13
84.48,85.04,29.25
84.37,84.95,29.37
84.34,84.97,29.67
84.35,84.98,29.98
84.39,84.98,30.29
84.41,84.97,30.61
84.39,84.96,30.94
84.30,84.96,31.26
84.27,85.03,31.60
84.22,85.00,31.88
84.13,84.96,32.09
84.11,85.36,21.32
84.30,85.35,21.51
84.57,85.26,21.68
84.37,85.33,29.42
84.49,85.27,29.23
84.34,85.29,29.69
84.36,85.30,29.99
84.38,85.31,30.31
84.41,85.32,30.63
84.42,85.33,30.95
84.41,85.33,31.28
84.39,85.33,31.61
84.34,85.28,31.91
84.22,85.18,32.15
84.40,85.51,21.82
84.41,85.62,22.17
84.41,85.61,22.50
84.39,85.56,22.79
84.29,85.79,23.26
84.39,85.59,23.09
84.39,85.79,23.60
84.50,85.61,23.43
84.39,85.76,23.94
84.53,85.60,23.76
84.35,85.73,24.25
84.51,85.59,24.08
84.34,85.73,24.50
84.48,85.59,24.38
84.39,85.75,24.65
84.45,85.64,24.57
84.52,85.69,24.68
84.39,85.72,28.96
84.57,85.61,28.88
84.45,85.80,28.77
84.36,85.59,29.22
84.51,85.46,29.08
84.32,85.67,29.46
84.34,85.63,29.70
84.36,85.64,30.00
84.38,85.64,30.33
84.39,85.64,30.64
84.38,85.65,30.94
84.37,85.67,31.27
84.38,85.66,31.61
84.35,85.61,31.93
84.25,85.51,32.19
84.16,85.97,23.23
84.23,85.97,23.46
84.25,85.95,23.79
84.22,85.91,24.11
84.21,85.88,24.41
84.28,85.86,24.61
84.47,85.89,24.79
84.35,86.00,28.80
84.45,85.97,28.60
84.32,85.93,29.09
84.32,85.92,29.38
84.34,85.95,29.69
84.36,85.97,30.01
84.37,85.97,30.35
84.36,85.95,30.66
84.34,85.89,30.90
84.25,85.96,31.21
84.24,85.93,31.55
84.23,85.90,31.88
84.19,85.82,32.16
84.28,86.42,25.12
84.41,86.17,24.98
84.38,86.42,25.46
84.52,86.26,25.30
84.39,86.40,25.79
84.55,86.26,25.63
84.38,86.39,26.11
84.54,86.25,25.96
84.37,86.39,26.42
84.52,86.25,26.28
84.37,86.39,26.73
84.52,86.25,26.58
84.36,86.38,27.03
84.52,86.25,26.89
84.35,86.37,27.34
84.52,86.24,27.20
84.35,86.38,27.65
84.51,86.24,27.52
84.38,86.37,27.95
84.51,86.23,27.83
84.39,86.33,28.25
84.50,86.19,28.12
84.37,86.24,28.55
84.47,86.11,28.38
84.34,86.30,28.81
84.33,86.24,29.04
84.33,86.22,29.33
84.33,86.24,29.64
84.33,86.27,29.99
84.33,86.28,30.34
84.30,86.24,30.67
84.23,86.16,30.98
84.15,86.60,25.09
84.21,86.60,25.32
84.24,86.58,25.64
84.24,86.56,25.97
84.23,86.55,26.29
84.22,86.54,26.59
84.22,86.53,26.88
84.20,86.51,27.18
84.19,86.52,27.48
84.22,86.62,27.82
84.33,86.60,28.15
84.37,86.57,28.46
84.38,86.56,28.76
84.36,86.56,29.06
84.34,86.53,29.35
84.33,86.48,29.59
84.27,86.57,29.93
84.24,86.54,30.29
84.21,86.51,30.61
84.14,86.43,30.89
84.23,86.94,28.12
84.34,86.91,28.42
84.37,86.89,28.75
84.37,86.89,29.08
84.34,86.86,29.39
84.26,86.78,29.71
84.16,87.21,28.20
84.23,87.20,28.41
84.28,87.20,28.72
84.29,87.19,29.06
84.27,87.16,29.39
84.20,87.09,29.67
84.53,78.20,15.42
84.58,77.93,15.52
84.53,77.82,15.76
84.51,77.79,16.11
84.59,77.86,16.55
84.59,78.11,16.82
84.56,78.54,15.36
84.58,78.28,16.93
84.56,78.87,15.35
84.51,78.41,16.98
84.62,78.53,17.22
84.61,78.76,17.45
84.56,79.18,15.34
84.58,78.91,17.56
84.59,79.50,15.33
84.50,79.04,17.60
84.64,79.14,17.84
84.65,79.35,18.07
84.66,79.83,15.33
84.61,79.50,18.18
84.60,80.11,15.36
84.50,79.64,18.22
84.51,79.77,18.43
84.68,79.92,18.65
84.65,80.35,15.34
84.68,80.26,18.75
84.71,80.64,15.35
84.71,80.59,18.77
84.82,80.92,15.44
84.84,80.92,18.81
84.68,81.11,15.63
84.59,81.25,15.88
84.66,81.40,16.10
84.62,81.04,18.89
84.53,81.14,19.03
84.66,81.30,19.18
84.60,81.23,20.52
84.68,81.16,20.73
84.65,81.07,20.94
84.64,81.04,21.26
84.65,81.05,21.58
84.68,81.05,21.90
84.69,81.04,22.23
84.66,81.05,22.54
84.54,81.12,22.80
84.68,81.32,22.94
84.68,81.52,16.19
84.73,81.52,19.32
84.78,81.50,20.46
84.81,81.47,23.01
84.60,81.64,16.25
84.68,81.74,16.49
84.71,81.87,16.87
84.73,81.90,17.23
84.74,81.87,17.55
84.67,81.87,17.79
84.71,81.98,17.98
84.67,81.66,19.51
84.63,81.77,19.76
84.65,81.77,20.02
84.72,81.69,20.25
84.78,81.57,23.21
84.64,81.61,23.43
84.67,81.67,23.73
84.53,81.74,24.04
84.64,81.97,24.18
84.70,82.10,18.05
84.72,82.27,24.24
84.61,82.23,18.08
84.65,82.37,18.27
84.72,82.53,18.52
84.68,82.53,24.31
84.73,82.70,18.69
84.83,82.69,24.36
84.64,82.87,18.75
84.66,83.02,18.95
84.71,83.18,19.18
84.69,82.83,24.50
84.56,82.98,24.67
84.70,83.15,24.82
84.70,83.36,19.33
84.86,83.41,24.98
84.61,83.52,19.39
84.73,83.64,19.61
84.75,83.84,19.85
84.72,83.52,25.14
84.68,83.56,25.37
84.65,83.58,25.63
84.58,83.64,25.89
84.70,83.83,26.03
84.73,83.98,19.96
84.76,84.04,26.16
84.62,84.10,19.97
84.60,84.27,20.16
84.71,84.46,20.39
84.71,84.16,26.36
84.67,84.21,26.61
84.68,84.21,26.89
84.69,84.19,27.22
84.65,84.19,27.53
84.56,84.27,27.78
84.65,84.47,27.91
84.76,84.65,20.54
84.76,84.69,28.03
84.68,84.78,20.62
84.66,84.83,20.80
84.65,84.84,21.07
84.66,84.90,21.40
84.73,85.04,21.67
84.73,84.81,28.25
84.69,84.86,28.52
84.65,84.86,28.81
84.59,84.90,29.06
84.64,85.08,29.15
84.75,85.24,21.83
84.64,85.26,29.12
84.67,85.41,21.88
84.67,85.50,22.08
84.68,85.52,22.38
84.67,85.48,22.70
84.66,85.45,23.00
84.66,85.45,23.29
84.68,85.45,23.60
84.68,85.43,23.91
84.66,85.43,24.23
84.64,85.51,24.53
84.70,85.67,24.78
84.76,85.54,28.77
84.64,85.76,28.65
84.71,85.39,28.96
84.72,85.87,24.94
84.59,85.95,28.48
84.64,86.02,25.00
84.68,86.10,25.19
84.72,86.11,25.48
84.72,86.10,25.80
84.69,86.10,26.13
84.68,86.10,26.44
84.68,86.10,26.75
84.68,86.11,27.06
84.68,86.11,27.37
84.68,86.11,27.69
84.68,86.09,28.00
84.65,86.04,28.28
84.85,77.57,14.50
84.95,77.59,14.28
85.06,77.37,14.36
84.97,77.35,14.64
84.80,77.56,14.81
84.96,77.35,14.98
84.81,77.54,15.13
85.00,77.35,15.33
84.83,77.51,15.44
85.03,77.33,15.67
84.83,77.48,15.77
85.03,77.32,16.01
84.82,77.47,16.12
85.00,77.35,16.33
84.83,77.49,16.42
84.97,77.41,16.54
84.90,77.52,16.62
85.05,77.46,16.68
84.79,77.84,14.41
84.99,77.82,14.21
84.72,77.82,14.71
84.71,77.78,15.02
84.72,77.70,15.28
84.68,77.71,15.56
84.66,77.64,15.93
84.68,77.63,16.29
84.78,77.63,16.55
85.01,77.67,16.78
84.83,78.13,14.37
85.04,78.11,14.20
84.72,78.14,14.66
84.67,78.08,14.97
84.65,77.96,15.28
84.90,77.96,16.96
84.78,78.18,17.05
84.97,78.08,17.15
84.94,78.19,17.22
85.08,78.12,17.27
84.91,78.34,14.36
85.12,78.38,14.27
84.81,78.45,14.64
84.71,78.42,14.95
84.65,78.32,15.20
84.65,78.35,17.07
84.80,78.31,17.19
85.05,78.30,17.38
84.98,78.56,14.49
84.91,78.69,14.72
84.80,78.74,14.97
84.96,78.89,14.84
84.68,78.65,15.20
84.92,78.57,17.58
84.78,78.79,17.68
84.97,78.67,17.78
84.93,78.78,17.85
85.09,78.71,17.91
84.84,79.06,15.05
85.00,79.15,14.88
84.71,78.97,15.21
84.66,78.96,17.70
84.81,78.91,17.82
85.07,78.93,18.02
84.88,79.35,15.05
85.04,79.41,14.89
84.73,79.28,15.22
84.96,79.19,18.21
84.81,79.40,18.33
85.02,79.30,18.44
84.96,79.43,18.53
85.11,79.38,18.56
84.95,79.57,15.03
85.12,79.64,14.93
84.81,79.60,15.20
84.65,79.57,18.34
84.78,79.61,18.51
85.03,79.64,18.64
85.02,79.76,15.11
84.91,79.85,15.25
84.90,80.07,15.31
84.99,80.02,18.73
84.98,80.36,15.32
84.99,80.36,18.76
85.04,80.65,15.36
85.03,80.66,18.76
85.11,80.91,15.47
85.12,80.92,18.74
85.00,81.10,15.63
84.96,81.21,15.90
84.87,81.42,16.30
84.96,81.29,16.20
85.03,81.40,16.49
85.06,81.31,16.42
85.18,81.34,16.58
84.88,81.22,18.93
85.10,81.23,18.76
84.73,81.21,19.05
84.81,81.34,20.67
84.85,81.26,20.91
84.86,81.22,21.22
84.86,81.23,21.55
84.87,81.24,21.87
84.89,81.24,22.19
84.87,81.22,22.51
84.78,81.22,22.75
84.75,81.59,16.32
84.92,81.56,16.50
85.16,81.49,16.68
85.02,81.59,18.86
85.17,81.57,18.63
84.86,81.48,19.14
84.93,81.48,20.64
84.99,81.44,20.83
85.01,81.40,21.13
85.01,81.41,21.46
85.01,81.43,21.79
85.03,81.43,22.11
85.03,81.42,22.43
84.93,81.40,22.77
85.01,81.72,16.80
85.03,81.84,17.15
85.05,81.85,17.50
85.05,81.83,17.81
84.92,81.99,18.24
85.04,81.84,18.09
85.04,81.90,18.60
85.15,81.77,18.41
85.02,81.95,18.88
84.98,81.86,19.12
84.87,81.81,19.42
84.83,81.92,19.72
84.83,81.95,19.98
84.88,81.88,20.21
84.97,81.76,20.41
85.10,81.64,20.68
85.16,81.57,21.03
85.16,81.56,21.37
85.14,81.58,21.70
85.15,81.59,22.01
85.16,81.59,22.32
85.15,81.57,22.64
85.06,81.58,22.97
85.07,81.64,23.23
84.93,81.69,23.49
84.93,81.83,23.80
85.15,81.86,23.65
84.75,81.82,23.99
84.77,82.17,18.19
84.87,82.24,18.47
84.98,82.22,18.80
85.00,82.21,19.09
84.97,82.16,19.38
84.93,82.11,19.63
84.97,82.18,19.87
85.01,82.07,20.12
85.09,81.96,20.32
85.08,81.98,23.86
85.26,82.07,23.77
84.90,82.04,24.05
84.88,82.55,18.78
84.96,82.54,19.07
84.99,82.51,19.35
85.00,82.43,19.63
85.08,82.43,19.83
85.16,82.28,20.04
85.18,82.12,20.23
85.13,82.17,23.97
84.98,82.28,24.13
84.97,82.51,24.23
84.79,82.80,18.86
84.86,82.88,19.09
84.96,82.86,19.34
85.03,82.79,19.55
85.12,82.68,19.73
85.15,82.72,24.35
84.86,83.20,19.38
85.01,83.14,19.55
85.15,83.02,19.70
85.01,82.84,24.50
84.85,82.98,24.66
85.00,83.17,24.84
84.77,83.44,19.47
84.90,83.39,19.56
85.11,83.40,19.76
85.12,83.39,24.94
84.90,83.90,20.13
85.04,83.67,19.97
84.98,83.89,20.46
85.12,83.71,20.30
85.00,83.88,20.73
85.11,83.71,20.60
85.04,83.88,20.91
85.08,83.75,20.80
85.14,83.80,20.93
84.90,83.75,25.13
85.08,83.71,24.99
84.85,83.76,25.34
84.83,83.75,25.60
84.77,83.73,25.81
84.76,84.07,20.09
84.85,84.15,20.34
84.95,84.12,20.67
85.02,84.11,20.98
85.16,84.00,21.08
84.97,84.09,25.06
85.10,84.06,24.89
84.94,84.05,25.32
84.94,84.02,25.60
84.87,83.99,25.91
84.87,84.45,20.62
84.94,84.39,20.95
85.14,84.20,21.27
84.99,84.40,21.33
84.99,84.48,21.71
85.13,84.31,21.56
84.99,84.50,21.99
85.10,84.34,21.85
85.04,84.50,22.14
85.07,84.37,22.04
85.13,84.41,22.16
85.03,84.48,24.58
85.18,84.38,24.49
85.10,84.56,24.40
84.98,84.36,24.84
85.12,84.25,24.70
84.94,84.41,25.07
84.95,84.36,25.30
84.98,84.34,25.59
84.97,84.33,25.91
84.89,84.31,26.24
84.84,84.40,26.56
84.84,84.41,26.85
84.85,84.39,27.16
84.82,84.37,27.48
84.73,84.36,27.71
84.80,84.71,20.69
84.83,84.66,20.89
84.85,84.65,21.22
84.87,84.74,21.60
84.94,84.74,21.94
85.01,84.75,22.24
85.16,84.61,22.31
84.99,84.76,24.45
85.11,84.73,24.25
84.96,84.67,24.72
84.95,84.65,24.99
84.96,84.67,25.28
84.98,84.67,25.59
85.00,84.67,25.92
84.99,84.66,26.24
84.96,84.66,26.54
84.96,84.67,26.84
84.98,84.66,27.15
84.97,84.64,27.48
84.87,84.62,27.80
84.86,85.07,21.92
84.93,85.05,22.22
85.14,84.85,22.51
85.00,85.07,22.59
85.01,85.16,22.98
85.16,84.99,22.82
85.00,85.18,23.32
85.17,85.04,23.16
84.99,85.16,23.63
85.17,85.04,23.49
84.98,85.10,23.92
85.15,84.99,23.80
84.97,84.99,24.22
85.13,84.90,24.05
84.92,85.05,24.46
84.95,85.00,24.68
84.98,84.97,24.96
84.98,84.98,25.28
84.99,85.00,25.61
85.01,85.01,25.94
85.01,85.00,26.26
85.01,85.00,26.57
85.01,84.99,26.87
85.04,84.99,27.18
85.06,84.99,27.50
85.03,84.98,27.82
84.93,84.96,28.13
84.87,85.04,28.47
84.81,85.03,28.77
84.73,84.99,28.99
84.80,85.34,21.98
84.84,85.33,22.19
84.86,85.31,22.50
84.86,85.31,22.84
84.84,85.31,23.16
84.84,85.31,23.46
84.83,85.29,23.76
84.82,85.25,24.06
84.82,85.25,24.36
84.86,85.35,24.68
84.97,85.32,24.98
85.01,85.32,25.30
85.01,85.33,25.64
85.00,85.34,25.97
85.00,85.34,26.29
85.00,85.34,26.60
85.01,85.34,26.90
85.03,85.34,27.21
85.05,85.35,27.53
85.06,85.34,27.86
85.03,85.31,28.16
84.98,85.25,28.41
84.88,85.29,28.72
84.78,85.16,28.99
84.88,85.69,25.01
84.97,85.65,25.31
84.98,85.65,25.65
84.96,85.65,25.98
84.95,85.65,26.30
84.95,85.65,26.61
84.95,85.65,26.91
84.96,85.66,27.22
84.98,85.67,27.54
84.99,85.67,27.87
84.97,85.64,28.18
84.90,85.55,28.50
84.79,85.95,25.09
84.86,85.93,25.29
84.88,85.92,25.60
84.86,85.91,25.93
84.84,85.91,26.25
84.84,85.91,26.56
84.84,85.91,26.86
84.84,85.92,27.18
84.85,85.93,27.50
84.86,85.93,27.82
84.84,85.91,28.13
84.78,85.84,28.40
85.23,77.48,14.17
85.28,77.23,14.28
85.18,77.18,14.49
85.12,77.18,14.82
85.20,77.19,15.24
85.28,77.23,15.62
85.30,77.22,15.96
85.26,77.25,16.28
85.16,77.35,16.54
85.29,77.47,16.74
85.28,77.81,14.11
85.43,77.65,16.91
85.33,78.13,14.14
85.26,77.84,17.04
85.16,78.00,17.18
85.30,78.11,17.33
85.40,78.47,14.22
85.45,78.26,17.50
85.18,78.63,14.40
85.06,78.76,14.62
85.14,78.98,14.69
85.29,78.43,17.65
85.18,78.59,17.81
85.33,78.73,17.98
85.24,79.25,14.72
85.50,79.01,18.14
85.24,79.50,14.80
85.29,79.14,18.28
85.19,79.26,18.44
85.27,79.46,18.57
85.39,79.69,14.87
85.28,79.78,18.63
85.28,79.83,15.04
85.14,79.95,15.20
85.25,80.14,15.28
85.27,80.12,18.65
85.33,80.36,15.34
85.26,80.44,18.65
85.38,80.64,15.46
85.28,80.74,18.63
85.30,80.92,15.55
85.30,81.04,18.63
85.20,81.06,15.61
85.29,81.15,15.88
85.31,81.23,16.23
85.31,81.27,16.53
85.36,81.37,16.75
85.31,81.36,18.59
85.35,81.50,16.84
85.29,81.59,18.50
85.25,81.62,16.85
85.26,81.72,17.06
85.29,81.76,17.37
85.31,81.75,17.71
85.31,81.72,18.02
85.31,81.67,18.30
85.22,81.86,20.53
85.34,81.81,20.74
85.34,81.74,20.97
85.32,81.71,21.29
85.30,81.72,21.61
85.28,81.73,21.92
85.30,81.73,22.23
85.32,81.72,22.54
85.31,81.71,22.86
85.28,81.72,23.14
85.22,81.76,23.39
85.35,81.96,23.54
85.31,82.06,20.42
85.41,82.17,23.68
85.23,82.53,19.90
85.34,82.41,20.09
85.34,82.24,20.27
85.33,82.30,23.88
85.19,82.40,24.07
85.29,82.62,24.18
85.31,82.83,19.84
85.40,82.81,24.32
85.35,83.16,19.85
85.32,82.90,24.51
85.17,83.01,24.69
85.29,83.23,24.83
85.37,83.40,19.92
85.33,83.52,24.89
85.28,83.54,19.97
85.31,83.58,20.18
85.32,83.57,20.47
85.27,83.63,20.78
85.31,83.80,21.04
85.29,83.84,24.86
85.32,84.00,21.20
85.25,84.07,24.77
85.26,84.13,21.26
85.28,84.20,21.45
85.28,84.21,21.72
85.24,84.26,22.02
85.29,84.40,22.27
85.35,84.30,24.38
85.27,84.51,24.27
85.30,84.19,24.58
85.32,84.59,22.42
85.25,84.71,24.12
85.26,84.74,22.49
85.30,84.84,22.68
85.33,84.88,22.98
85.35,84.88,23.31
85.34,84.86,23.64
85.30,84.80,23.92
85.51,76.85,14.52
85.59,76.92,14.29
85.75,76.73,14.43
85.67,76.68,14.75
85.43,76.85,14.85
85.59,76.73,15.07
85.42,76.89,15.16
85.55,76.81,15.29
85.51,76.92,15.38
85.66,76.86,15.44
85.40,77.04,14.37
85.53,77.18,14.17
85.30,77.01,14.65
85.28,77.03,15.00
85.41,77.04,15.34
85.71,77.01,15.56
85.56,77.52,14.08
85.58,77.14,15.65
85.61,77.18,15.96
85.58,77.21,16.28
85.47,77.31,16.55
85.64,77.46,16.77
85.58,77.85,14.08
85.79,77.64,16.93
85.60,78.18,14.11
85.61,77.81,17.07
85.45,77.96,17.21
85.62,78.11,17.36
85.65,78.45,14.13
85.80,78.29,17.53
85.39,78.78,14.37
85.63,78.75,14.22
85.23,78.83,14.52
85.64,78.43,17.69
85.49,78.57,17.85
85.65,78.78,17.99
85.55,78.95,14.37
85.77,79.02,14.29
85.38,79.03,14.53
85.77,79.01,18.06
85.64,79.15,14.45
85.50,79.26,14.59
85.52,79.48,14.71
85.52,79.32,18.32
85.74,79.33,18.14
85.38,79.32,18.44
85.74,79.72,14.85
85.63,79.63,18.32
85.79,79.71,18.13
85.46,79.56,18.48
85.62,79.88,15.03
85.47,80.00,15.19
85.61,80.15,15.32
85.64,79.96,18.30
85.78,80.04,18.12
85.49,79.88,18.49
85.69,80.32,15.45
85.63,80.28,18.29
85.78,80.36,18.13
85.48,80.21,18.48
85.67,80.52,15.59
85.51,80.81,15.67
85.67,80.82,15.86
85.71,80.66,15.75
85.81,80.70,15.89
85.63,80.61,18.29
85.78,80.69,18.13
85.47,80.52,18.47
85.36,81.02,15.71
85.55,81.00,15.90
85.81,80.91,16.07
85.62,80.99,18.26
85.78,80.98,18.05
85.47,80.85,18.47
85.65,81.13,16.22
85.65,81.21,16.54
85.53,81.44,17.03
85.66,81.27,16.86
85.63,81.45,17.38
85.77,81.29,17.23
85.65,81.41,17.71
85.80,81.26,17.56
85.64,81.30,18.05
85.79,81.18,17.85
85.54,81.31,18.29
85.46,81.18,18.46
85.39,81.59,16.98
85.46,81.61,17.21
85.50,81.61,17.54
85.50,81.57,17.88
85.48,81.53,18.18
85.42,81.46,18.42
85.43,81.99,20.68
85.48,81.94,20.96
85.47,81.90,21.24
85.45,81.90,21.54
85.44,81.89,21.84
85.44,81.88,22.15
85.46,81.89,22.48
85.47,81.90,22.81
85.45,81.89,23.11
85.39,81.86,23.32
85.50,82.25,20.60
85.55,82.19,20.94
85.56,82.15,21.23
85.55,82.09,21.46
85.59,82.13,21.73
85.60,82.04,22.06
85.60,82.03,22.40
85.59,82.11,22.77
85.55,82.14,23.11
85.49,82.12,23.43
85.44,82.64,20.04
85.52,82.48,20.35
85.60,82.53,20.69
85.60,82.49,20.94
85.60,82.47,21.22
85.62,82.38,21.49
85.71,82.38,21.69
85.79,82.25,21.94
85.77,82.16,22.29
85.73,82.19,22.61
85.69,82.31,22.86
85.75,82.50,23.01
85.63,82.41,23.12
85.57,82.44,23.43
85.50,82.44,23.76
85.39,82.51,24.00
85.50,82.96,20.03
85.60,82.81,20.30
85.64,82.77,20.63
85.63,82.79,20.96
85.61,82.81,21.22
85.64,82.76,21.43
85.73,82.65,21.59
85.69,82.64,23.20
85.83,82.71,23.15
85.64,82.74,23.44
85.60,82.77,23.76
85.51,82.76,24.08
85.50,83.27,20.05
85.59,83.14,20.29
85.62,83.09,20.62
85.63,83.12,20.96
85.62,83.15,21.25
85.66,83.12,21.45
85.76,83.00,21.57
85.75,82.83,23.34
85.70,82.98,23.53
85.73,83.21,23.63
85.65,83.11,23.76
85.62,83.10,24.10
85.54,83.05,24.43
85.42,83.09,24.67
85.43,83.47,20.07
85.49,83.41,20.27
85.50,83.38,20.57
85.51,83.47,20.95
85.58,83.49,21.28
85.65,83.51,21.58
85.79,83.37,21.67
85.66,83.51,23.81
85.75,83.46,23.60
85.65,83.45,24.11
85.61,83.40,24.44
85.50,83.32,24.71
85.46,83.84,21.28
85.54,83.81,21.59
85.76,83.62,21.87
85.61,83.83,21.94
85.63,83.90,22.33
85.76,83.73,22.18
85.64,83.89,22.65
85.77,83.75,22.51
85.65,83.88,22.97
85.77,83.74,22.84
85.65,83.85,23.29
85.76,83.71,23.16
85.65,83.77,23.60
85.75,83.63,23.43
85.62,83.83,23.86
85.61,83.78,24.10
85.58,83.74,24.42
85.50,83.65,24.71
85.38,84.09,21.34
85.42,84.06,21.54
85.44,84.05,21.84
85.47,84.13,22.20
85.56,84.12,22.54
85.60,84.11,22.85
85.61,84.10,23.17
85.61,84.08,23.50
85.59,84.07,23.80
85.58,84.02,24.04
85.50,84.06,24.35
85.42,83.95,24.66
85.45,84.44,22.50
85.55,84.39,22.79
85.57,84.38,23.12
85.57,84.37,23.45
85.54,84.35,23.77
85.48,84.29,24.10
85.38,84.69,22.56
85.45,84.67,22.76
85.49,84.66,23.07
85.49,84.65,23.40
85.47,84.63,23.72
85.40,84.57,24.01
85.81,76.92,14.15
86.04,76.63,14.34
85.97,76.58,14.70
85.88,76.62,15.04
85.76,76.73,15.31
85.91,76.86,15.50
85.79,77.26,14.04
86.09,77.04,15.65
85.80,77.59,14.03
85.98,77.15,15.79
85.95,77.19,16.00
85.92,77.22,16.29
85.81,77.30,16.56
85.99,77.47,16.77
85.80,77.93,14.05
86.14,77.66,16.92
85.81,78.26,14.05
85.95,77.81,17.07
85.78,77.96,17.22
85.96,78.14,17.37
85.88,78.61,14.07
86.13,78.41,17.52
85.89,78.88,14.16
85.93,78.52,17.68
85.79,78.63,17.84
85.89,78.86,17.93
86.07,79.06,14.23
85.94,79.14,17.97
85.94,79.21,14.38
85.77,79.35,14.55
85.92,79.55,14.68
85.94,79.47,17.97
86.11,79.74,14.85
85.93,79.81,17.96
85.99,79.89,15.05
85.89,80.01,15.27
85.95,80.13,15.47
85.93,80.12,17.97
85.95,80.21,15.56
85.93,80.44,17.98
85.86,80.33,15.58
85.88,80.48,15.76
85.97,80.67,16.02
85.93,80.75,17.97
86.01,80.88,16.21
85.90,80.97,17.91
85.92,81.04,16.29
85.92,81.10,16.48
85.94,81.12,16.76
85.96,81.12,17.07
85.97,81.11,17.40
85.94,81.06,17.70
85.87,82.51,21.76
85.99,82.40,21.96
85.98,82.31,22.21
85.92,82.29,22.52
85.84,82.37,22.78
85.94,82.59,22.94
85.92,82.82,21.70
86.01,82.80,23.10
85.95,83.16,21.72
85.93,82.93,23.29
85.82,83.04,23.47
85.86,83.26,23.54
85.96,83.40,21.79
85.86,83.44,23.50
85.89,83.53,21.84
85.92,83.61,22.05
85.95,83.62,22.35
85.96,83.61,22.69
85.95,83.58,23.03
85.91,83.53,23.32
86.12,76.86,13.87
86.20,76.96,13.70
86.34,76.73,13.80
86.26,76.63,14.11
86.02,76.79,14.05
86.32,76.53,14.43
86.27,76.54,14.69
86.21,76.59,15.03
86.08,76.70,15.32
86.24,76.89,15.51
86.08,77.14,13.79
86.20,77.21,13.64
85.96,77.05,13.95
86.40,77.09,15.62
86.09,77.46,13.80
86.21,77.55,13.63
85.96,77.36,13.93
86.32,77.20,15.79
86.28,77.24,16.02
86.25,77.26,16.29
86.16,77.33,16.55
86.33,77.50,16.75
86.08,77.79,13.80
86.22,77.89,13.63
85.96,77.69,13.95
86.46,77.70,16.90
86.08,78.11,13.78
86.26,78.19,13.62
85.95,78.02,13.94
86.29,77.84,17.06
86.12,77.98,17.21
86.27,78.18,17.36
86.15,78.34,13.75
86.35,78.44,13.67
86.01,78.37,13.91
86.39,78.40,17.44
86.24,78.55,13.84
86.13,78.65,13.97
86.19,78.86,14.10
86.14,78.71,17.68
86.37,78.71,17.54
85.99,78.72,17.80
86.38,79.04,14.22
86.23,79.01,17.69
86.41,79.10,17.56
86.07,78.95,17.82
86.26,79.20,14.34
86.11,79.37,14.51
86.28,79.53,14.68
86.24,79.35,17.67
86.40,79.44,17.52
86.09,79.25,17.82
86.43,79.71,14.86
86.23,79.72,17.60
86.38,79.73,17.41
86.09,79.59,17.80
86.32,79.87,15.04
86.28,79.96,15.28
86.15,80.14,15.74
86.28,80.01,15.58
86.26,80.14,16.08
86.39,80.00,15.95
86.28,80.13,16.40
86.40,79.99,16.27
86.28,80.14,16.72
86.39,79.99,16.59
86.28,80.12,17.05
86.38,79.97,16.90
86.26,80.02,17.39
86.37,79.90,17.19
86.18,80.03,17.63
86.08,79.91,17.79
86.01,80.28,15.69
86.10,80.37,15.96
86.21,80.36,16.28
86.24,80.36,16.60
86.24,80.36,16.93
86.23,80.34,17.28
86.18,80.29,17.58
86.08,80.22,17.80
86.12,80.69,16.27
86.20,80.65,16.56
86.22,80.64,16.88
86.21,80.63,17.22
86.16,80.60,17.54
86.07,80.53,17.80
86.05,80.96,16.38
86.10,80.93,16.56
86.13,80.92,16.85
86.13,80.91,17.18
86.10,80.88,17.50
86.04,80.82,17.77
86.08,82.64,21.90
86.16,82.53,22.18
86.12,82.48,22.49
86.01,82.47,22.72
86.12,82.98,21.89
86.25,82.84,22.17
86.27,82.77,22.51
86.15,82.74,22.84
86.09,83.29,21.91
86.22,83.19,22.17
86.29,83.12,22.51
86.25,83.08,22.87
86.11,83.06,23.19
85.97,83.12,23.42
86.01,83.49,21.93
86.09,83.46,22.14
86.16,83.42,22.47
86.16,83.39,22.83
86.11,83.36,23.16
86.00,83.31,23.41
86.39,76.92,13.54
86.66,76.63,13.71
86.58,76.57,14.07
86.55,76.54,14.40
86.51,76.54,14.66
86.54,76.64,14.99
86.40,76.75,15.30
86.52,76.96,15.46
86.34,77.29,13.45
86.58,77.11,15.54
86.38,77.67,13.44
86.62,77.27,15.66
86.55,77.34,15.98
86.52,77.35,16.27
86.46,77.39,16.53
86.60,77.58,16.70
86.48,78.03,13.45
86.68,77.79,16.85
86.48,78.30,13.54
86.57,77.91,17.03
86.42,78.03,17.21
86.53,78.25,17.31
86.67,78.48,13.61
86.59,78.53,17.38
86.57,78.62,13.80
86.48,78.75,14.02
86.56,78.90,14.21
86.59,78.87,17.41
86.60,79.01,14.29
86.58,79.21,17.41
86.50,79.12,14.32
86.47,79.28,14.50
86.58,79.47,14.75
86.55,79.52,17.37
86.63,79.66,14.93
86.50,79.73,17.28
86.54,79.81,15.02
86.55,79.86,15.21
86.56,79.88,15.49
86.58,79.87,15.81
86.58,79.85,16.14
86.56,79.85,16.46
86.54,79.85,16.77
86.52,79.81,17.07
86.73,76.82,13.20
86.84,76.91,13.02
86.98,76.72,13.16
86.90,76.63,13.46
86.61,76.77,13.41
86.97,76.56,13.81
86.91,76.56,14.07
86.86,76.58,14.40
86.79,76.65,14.75
86.80,76.84,15.08
87.02,76.87,14.93
86.63,76.84,15.27
86.67,77.12,13.09
86.88,77.17,12.96
86.51,77.04,13.30
86.95,77.01,15.13
87.12,77.09,15.03
86.75,77.07,15.35
86.72,77.47,13.06
86.96,77.49,12.95
86.51,77.40,13.25
86.99,77.20,15.22
86.85,77.33,15.43
86.81,77.50,15.67
86.97,77.52,15.49
86.73,77.52,15.94
86.71,77.52,16.25
86.66,77.49,16.48
86.83,77.72,13.05
87.05,77.76,13.01
86.64,77.78,13.23
86.92,77.64,15.69
87.09,77.71,15.62
86.86,77.74,15.93
86.82,77.77,16.26
86.77,77.74,16.59
86.91,77.92,13.15
86.78,78.03,13.30
86.81,78.25,13.45
87.00,77.81,15.83
86.95,77.95,16.03
86.98,78.20,16.13
86.89,78.08,16.26
86.86,78.07,16.60
86.77,78.05,16.92
86.64,78.11,17.16
87.02,78.46,13.61
86.91,78.50,16.31
86.99,78.46,16.11
86.89,78.43,16.60
86.84,78.38,16.92
86.73,78.33,17.18
86.92,78.62,13.77
86.87,78.71,14.01
86.78,78.92,14.47
86.88,78.77,14.32
86.89,78.89,14.82
87.00,78.75,14.69
86.91,78.87,15.15
87.02,78.73,15.02
86.89,78.87,15.48
87.01,78.73,15.35
86.88,78.84,15.80
87.00,78.70,15.66
86.89,78.77,16.11
86.99,78.62,15.94
86.88,78.85,16.37
86.88,78.78,16.62
86.85,78.73,16.92
86.76,78.64,17.19
86.65,79.08,14.42
86.74,79.15,14.68
86.84,79.11,15.03
86.86,79.09,15.36
86.84,79.09,15.68
86.85,79.09,16.00
86.86,79.11,16.32
86.87,79.11,16.62
86.84,79.06,16.93
86.75,78.98,17.20
86.75,79.46,15.00
86.82,79.39,15.31
86.83,79.37,15.64
86.82,79.39,15.96
86.82,79.40,16.29
86.82,79.41,16.61
86.80,79.38,16.93
86.72,79.31,17.20
86.68,79.73,15.08
86.73,79.69,15.29
86.75,79.66,15.60
86.74,79.65,15.92
86.73,79.66,16.25
86.71,79.67,16.57
86.70,79.65,16.89
86.65,79.60,17.17
87.06,76.90,12.99
87.20,76.75,13.16
87.19,76.66,13.41
87.18,76.64,13.75
87.18,76.64,14.09
87.14,76.67,14.39
87.08,76.74,14.67
87.23,76.97,14.83
87.13,77.20,12.95
87.29,77.19,14.94
87.20,77.53,12.98
87.20,77.31,15.11
87.07,77.41,15.30
87.18,77.62,15.42
87.23,77.77,13.03
87.26,77.82,15.58
87.13,77.91,13.09
87.09,78.04,13.28
87.20,78.24,13.51
87.19,77.92,15.79
87.08,78.03,15.98
87.12,78.26,16.05
87.26,78.43,13.68
87.11,78.44,16.01
87.17,78.57,13.75
87.16,78.62,13.95
87.17,78.64,14.23
87.18,78.63,14.57
87.19,78.62,14.90
87.19,78.61,15.22
87.18,78.59,15.54
87.16,78.53,15.83
87.29,76.96,13.11
87.37,76.84,13.38
87.38,76.82,13.73
87.38,76.84,14.08
87.35,76.85,14.40
87.28,76.85,14.62
87.37,77.30,13.10
87.47,77.14,13.38
87.51,77.10,13.72
87.50,77.12,14.08
87.48,77.15,14.42
87.40,77.13,14.72
87.37,77.65,13.14
87.50,77.52,13.39
87.56,77.45,13.73
87.56,77.46,14.09
87.55,77.49,14.42
87.51,77.50,14.74
87.39,77.47,15.02
87.26,77.52,15.23
87.28,77.87,13.16
87.39,77.91,13.41
87.53,77.84,13.75
87.56,77.82,14.11
87.55,77.84,14.44
87.54,77.86,14.76
87.50,77.85,15.06
87.38,77.80,15.35
87.41,78.24,13.77
87.49,78.17,14.10
87.50,78.17,14.44
87.49,78.18,14.77
87.49,78.19,15.08
87.45,78.15,15.39
87.35,78.09,15.69
87.23,78.12,15.93
87.32,78.50,13.84
87.36,78.46,14.06
87.38,78.44,14.39
87.37,78.44,14.71
87.37,78.44,15.03
87.36,78.44,15.35
87.33,78.39,15.66
87.25,78.32,15.92
