63.45,107.70,50.16
63.64,105.95,50.94
61.26,103.08,44.71
62.85,96.19,41.05
62.78,108.65,49.45
62.71,94.81,37.27
62.31,93.73,32.80
62.52,108.85,49.18
62.79,96.09,40.77
62.13,109.05,48.73
61.42,99.81,51.12
61.05,103.53,44.83
63.62,105.66,51.03
61.02,108.83,47.25
59.75,96.49,50.67
60.83,108.60,46.93
60.58,108.18,46.48
59.97,96.96,50.99
59.66,96.42,50.59
59.43,96.56,50.47
59.39,96.67,50.47
59.34,97.05,50.52
59.36,96.81,50.48
59.37,97.33,50.56
59.40,97.43,50.58
59.35,97.14,50.53
59.36,97.23,50.55
59.43,97.53,50.60
59.51,97.74,50.64
59.35,96.88,50.49
59.34,96.96,50.50
59.47,97.63,50.62
59.41,96.61,50.47
59.37,96.74,50.48
59.51,96.45,50.49
59.48,96.48,50.48
59.45,96.52,50.48
59.57,97.84,50.66
59.60,96.41,50.54
59.57,96.41,50.52
59.54,96.43,50.51
59.63,97.94,50.69
60.02,98.40,50.77
60.36,107.19,45.82
60.35,106.95,45.71
60.42,107.63,46.06
60.46,107.83,46.20
60.52,108.01,46.33
59.95,96.87,50.94
59.71,98.04,50.70
59.99,97.06,51.04
60.38,107.42,45.94
60.36,106.70,45.61
60.00,97.19,51.09
60.38,106.44,45.51
59.63,96.41,50.56
59.69,96.43,50.61
59.72,96.46,50.64
60.65,108.34,46.63
59.92,96.80,50.89
60.41,106.16,45.43
59.84,96.62,50.78
59.78,96.53,50.70
60.26,98.66,50.84
60.74,108.47,46.78
59.81,96.57,50.74
59.90,96.73,50.85
60.73,104.62,45.04
60.46,105.87,45.35
60.61,105.24,45.18
60.52,105.56,45.27
59.87,96.67,50.81
60.67,104.93,45.10
60.51,98.91,50.90
60.80,104.32,44.98
61.13,108.92,47.41
61.36,109.05,47.74
60.92,108.72,47.09
60.97,103.79,44.88
60.88,104.04,44.93
61.24,108.99,47.58
61.48,109.09,47.91
61.21,99.60,51.08
61.15,103.30,44.78
61.37,102.89,44.64
61.01,99.38,51.04
61.60,100.01,51.15
60.77,99.17,50.98
61.61,109.12,48.08
61.50,102.71,44.57
61.86,102.04,44.42
61.74,102.27,44.47
61.62,102.50,44.52
61.74,109.12,48.24
62.33,94.25,34.94
61.98,101.79,44.39
61.77,100.23,51.15
62.32,94.23,34.65
61.87,109.12,48.41
61.95,100.48,51.14
62.36,94.28,35.22
62.00,109.09,48.57
62.11,101.51,44.37
62.14,100.77,51.14
62.33,94.22,34.37
62.42,94.36,35.79
62.14,93.07,31.82
62.38,94.31,35.50
62.75,96.01,40.50
62.72,95.93,40.24
62.36,100.86,44.35
62.47,94.42,36.07
62.34,94.18,34.10
62.23,101.19,44.37
62.26,109.00,48.88
62.65,108.76,49.32
62.39,108.93,49.03
62.35,94.13,33.83
62.69,95.85,39.97
62.55,94.50,36.35
62.32,101.06,51.16
62.20,93.27,32.06
62.48,100.54,44.31
62.35,94.06,33.57
62.68,95.76,39.70
62.71,95.55,39.15
62.73,95.42,38.85
62.69,95.66,39.43
62.24,93.44,32.30
62.34,93.96,33.31
62.67,101.63,51.21
62.28,93.60,32.55
62.32,93.85,33.05
62.72,94.94,37.59
62.68,94.69,36.96
62.62,94.59,36.66
62.73,95.06,37.91
62.72,95.19,38.23
62.73,95.31,38.55
62.50,101.34,51.17
62.90,108.53,49.58
63.02,108.39,49.71
62.90,96.32,41.34
62.59,100.22,44.26
62.83,101.94,51.24
62.95,96.47,41.63
62.77,99.59,44.10
62.99,96.64,41.91
63.01,96.83,42.19
63.04,97.05,42.46
63.05,97.28,42.72
63.05,97.53,42.96
63.04,97.80,43.18
63.02,98.08,43.38
62.99,98.37,43.56
62.95,98.67,43.71
62.89,98.97,43.85
62.84,99.27,43.98
62.69,99.90,44.19
62.98,102.25,51.25
63.14,108.24,49.82
63.61,105.37,51.11
63.44,103.79,51.25
63.12,102.57,51.25
63.23,102.86,51.25
63.31,103.16,51.25
63.38,103.48,51.25
63.49,104.12,51.24
63.52,104.46,51.24
63.56,104.77,51.22
63.65,106.24,50.84
63.53,107.49,50.27
63.25,108.07,49.94
63.59,105.08,51.17
63.67,106.52,50.73
63.59,107.27,50.38
63.66,106.78,50.61
63.35,107.89,50.05
63.64,107.03,50.49
59.80,98.14,50.72
