77.00,84.58,36.76
76.77,84.95,37.66
68.39,75.26,23.80
77.02,83.68,35.15
76.81,82.74,33.35
76.69,85.01,37.86
76.55,82.04,31.97
76.12,81.24,30.32
75.92,85.50,39.71
75.57,80.53,28.66
75.23,80.22,28.10
74.77,79.90,27.58
74.69,86.01,43.23
74.02,79.31,26.61
75.28,85.91,41.94
73.53,81.57,56.01
71.68,77.50,24.31
73.66,78.97,26.19
72.63,78.22,25.13
73.00,78.49,25.52
73.07,82.04,54.47
72.98,82.82,53.40
72.06,77.73,24.60
73.17,81.83,54.90
73.12,84.80,49.15
73.65,85.39,46.70
73.28,78.67,25.80
72.87,83.46,52.35
68.62,75.45,23.71
68.86,75.65,23.64
69.10,75.85,23.60
69.33,76.04,23.57
69.55,76.22,23.56
69.77,76.40,23.57
69.99,76.56,23.60
70.21,76.72,23.63
70.42,76.86,23.67
70.62,77.00,23.73
70.82,77.12,23.81
71.20,77.31,24.00
71.01,77.22,23.90
71.37,77.39,24.11
71.54,77.45,24.21
71.81,77.57,24.41
71.94,77.65,24.50
72.17,77.83,24.70
72.29,77.92,24.80
72.40,78.02,24.91
72.51,78.12,25.02
72.82,83.83,51.64
72.75,78.31,25.26
72.99,82.47,53.84
72.99,82.65,53.63
72.91,83.31,52.63
72.84,83.65,52.01
72.88,84.17,50.96
72.97,84.43,50.36
72.92,84.31,50.66
72.84,84.00,51.29
73.03,82.17,54.26
73.12,81.94,54.69
72.95,83.15,52.89
72.87,78.40,25.39
73.14,78.58,25.67
73.00,82.31,54.05
73.18,84.87,48.86
73.08,84.73,49.46
73.23,81.74,55.12
73.29,81.67,55.34
72.96,82.99,53.15
73.05,84.65,49.77
73.39,85.07,48.04
73.32,85.00,48.29
73.24,84.94,48.57
73.01,84.55,50.07
73.41,78.76,25.94
73.44,85.13,47.79
73.54,85.24,47.29
73.53,78.87,26.06
73.70,81.59,56.48
73.37,81.62,55.56
73.78,79.08,26.31
73.72,85.45,46.37
73.59,85.31,47.02
73.49,85.19,47.55
73.62,81.57,56.25
73.45,81.59,55.78
74.13,85.73,44.81
73.90,79.19,26.45
73.80,85.50,46.05
73.88,85.55,45.73
74.06,85.65,45.12
74.21,85.80,44.50
74.16,79.43,26.79
73.96,85.59,45.43
74.30,79.56,26.98
74.44,79.68,27.18
74.29,85.88,44.22
74.37,85.93,43.95
74.47,85.97,43.70
74.58,86.00,43.46
74.61,79.79,27.38
74.81,86.03,42.99
74.93,86.02,42.76
74.94,80.01,27.78
75.05,86.00,42.50
75.11,80.12,27.95
75.35,80.32,28.27
75.17,85.96,42.21
75.37,85.85,41.66
75.46,80.43,28.45
75.45,85.79,41.36
75.66,85.64,40.48
75.51,85.74,41.04
75.83,85.54,39.95
75.74,85.58,40.21
75.58,85.69,40.75
75.68,80.63,28.87
75.95,80.95,29.61
75.78,80.74,29.10
75.87,80.85,29.35
76.02,81.05,29.88
76.03,85.45,39.46
76.13,85.39,39.20
76.25,81.46,30.73
76.33,85.25,38.69
76.23,85.33,38.95
76.06,81.14,30.09
76.19,81.35,30.55
76.30,81.57,30.95
76.66,82.30,32.52
76.49,81.92,31.71
76.61,82.17,32.24
76.34,81.68,31.17
76.60,85.06,38.06
76.42,85.17,38.46
76.41,81.81,31.45
76.51,85.11,38.25
76.86,82.88,33.60
76.76,82.60,33.11
76.91,83.14,34.11
76.89,83.02,33.85
76.71,82.45,32.81
76.95,83.26,34.35
77.03,83.80,35.37
77.03,83.92,35.59
76.92,84.79,37.23
76.85,84.88,37.45
76.99,83.45,34.69
77.04,84.46,36.53
77.05,84.33,36.29
77.01,83.56,34.92
77.04,84.05,35.81
77.05,84.19,36.04
76.97,84.69,37.00
