98.19,91.67,36.64
85.69,102.92,25.43
84.84,98.79,26.24
84.89,102.31,26.02
84.69,98.99,26.25
90.51,94.25,33.26
84.37,99.99,26.25
90.21,106.71,24.47
85.77,96.26,21.96
92.73,92.30,34.66
90.24,108.58,29.21
91.22,108.38,26.14
91.53,108.72,26.57
91.15,93.26,34.05
91.13,108.22,25.90
90.94,107.71,25.00
90.54,107.16,24.64
91.17,108.96,28.25
85.65,97.51,25.60
86.05,95.96,18.95
85.81,97.33,25.39
90.09,108.45,29.45
90.12,106.59,24.41
90.03,95.05,32.81
89.61,94.39,9.01
89.09,107.02,30.50
89.41,95.62,32.61
89.30,105.39,24.20
88.37,96.83,31.99
88.64,106.00,30.87
88.57,104.79,24.11
88.11,103.41,31.39
88.11,98.34,31.57
87.64,103.95,24.53
87.91,102.81,31.67
86.91,103.64,24.98
86.75,95.33,14.80
86.50,95.63,17.20
90.58,94.12,33.38
92.03,92.56,34.38
84.38,100.20,26.26
84.38,100.65,26.25
84.51,99.32,26.25
84.56,99.20,26.25
84.63,99.09,26.25
84.46,99.43,26.25
84.40,99.68,26.25
84.42,99.55,26.25
84.38,99.79,26.25
84.37,99.90,26.25
84.37,100.09,26.26
84.40,101.27,26.24
84.43,101.38,26.24
84.54,101.64,26.24
84.38,100.30,26.26
84.40,101.09,26.25
84.40,100.83,26.25
84.42,101.34,26.24
84.41,101.31,26.24
84.40,101.17,26.25
84.40,101.22,26.25
84.38,100.48,26.26
84.40,100.97,26.25
84.57,101.73,26.23
84.44,101.42,26.24
84.45,101.46,26.24
84.50,101.56,26.24
84.48,101.51,26.24
84.62,101.82,26.22
84.77,102.12,26.12
84.66,101.92,26.20
84.83,102.22,26.08
84.72,102.02,26.16
85.10,102.55,25.83
85.03,102.47,25.90
84.96,102.40,25.96
85.18,102.61,25.77
85.21,98.35,26.16
84.76,98.88,26.24
85.00,98.63,26.23
85.06,98.56,26.21
84.93,98.70,26.24
85.12,98.49,26.20
85.16,98.42,26.18
85.32,98.12,26.06
85.47,97.79,25.86
85.43,97.88,25.92
85.36,98.04,26.02
85.39,97.96,25.98
85.25,98.27,26.13
85.28,98.20,26.10
85.26,102.67,25.70
85.34,102.73,25.64
85.78,96.29,22.28
85.77,96.25,21.64
85.81,96.33,22.58
85.80,96.25,21.31
85.59,97.59,25.68
85.77,97.38,25.46
85.52,97.70,25.78
85.71,97.44,25.53
85.84,96.37,22.88
85.43,102.78,25.58
85.77,102.96,25.39
85.51,102.83,25.53
85.87,96.42,23.16
86.01,103.06,25.31
86.09,103.11,25.28
85.86,102.99,25.36
85.60,102.87,25.48
85.93,103.03,25.33
85.86,96.25,20.98
86.04,96.02,19.13
85.94,96.65,24.27
86.00,96.96,24.80
85.98,96.85,24.64
86.14,95.82,18.57
86.11,95.85,18.65
86.05,96.05,19.23
86.05,96.09,19.39
86.09,95.87,18.72
86.07,95.90,18.79
86.04,95.99,19.03
86.02,96.21,20.15
85.98,96.23,20.41
85.93,96.24,20.69
85.91,96.48,23.42
85.94,96.71,24.41
85.94,96.63,24.20
85.95,96.75,24.48
85.94,96.59,24.07
85.92,96.52,23.61
85.99,96.91,24.72
85.96,96.79,24.55
85.94,96.67,24.34
86.06,95.93,18.87
85.94,96.56,23.89
85.94,96.58,23.99
85.93,96.55,23.79
85.94,96.61,24.14
85.86,97.28,25.32
86.27,103.23,25.20
86.18,103.17,25.24
85.93,97.18,25.18
85.89,97.23,25.25
85.96,97.14,25.11
85.99,97.05,24.96
86.00,97.01,24.88
86.35,103.30,25.16
85.98,97.10,25.03
86.04,96.19,19.92
86.06,96.12,19.54
86.06,96.16,19.72
86.56,95.62,16.93
86.53,95.62,17.07
86.47,95.62,17.65
86.61,95.62,16.76
86.48,95.62,17.54
86.28,95.73,18.32
86.18,95.79,18.49
86.32,95.70,18.22
86.23,95.76,18.41
86.39,95.66,18.03
86.46,95.63,17.74
86.36,95.68,18.13
86.48,95.62,17.43
86.42,95.65,17.94
86.44,95.64,17.84
86.49,95.62,17.31
86.75,95.33,14.74
86.79,95.32,14.42
86.79,95.36,15.05
86.44,103.36,25.12
86.69,95.59,16.47
86.76,95.32,14.55
86.76,95.33,14.87
86.76,95.33,14.61
86.77,95.32,14.48
86.80,95.32,14.35
86.83,95.46,15.59
86.80,95.38,15.16
86.82,95.40,15.28
86.77,95.34,14.95
86.83,95.43,15.43
86.51,103.42,25.08
86.75,95.33,14.67
86.87,95.32,14.11
86.84,95.32,14.24
86.58,103.47,25.06
86.97,95.31,13.81
87.03,95.30,13.66
86.92,95.31,13.96
86.80,95.53,15.98
86.76,95.56,16.22
87.04,103.68,24.93
87.19,95.28,13.36
86.64,103.52,25.04
86.71,103.56,25.02
86.77,103.59,25.01
86.97,103.66,24.96
87.18,103.72,24.87
86.84,103.62,24.99
87.11,103.70,24.90
87.48,103.86,24.66
87.26,103.74,24.82
86.82,95.50,15.77
87.31,95.27,13.16
87.33,103.78,24.77
87.41,103.81,24.71
87.44,95.24,12.94
87.10,95.29,13.51
87.56,103.90,24.60
87.68,95.23,12.49
87.57,95.23,12.70
87.78,95.24,12.29
87.91,102.71,31.69
87.91,102.76,31.68
87.95,102.48,31.69
87.96,103.09,31.56
88.01,103.22,31.50
87.98,103.15,31.53
87.95,103.03,31.59
87.91,102.87,31.65
87.88,104.16,24.34
87.79,104.08,24.40
87.97,104.24,24.28
87.71,104.01,24.47
87.97,102.40,31.67
87.92,102.66,31.69
87.94,102.54,31.69
87.92,102.92,31.64
87.93,102.60,31.69
87.93,102.97,31.62
88.12,98.74,31.57
88.13,98.96,31.56
88.11,101.68,31.57
88.26,95.43,10.96
88.32,96.96,31.94
88.28,97.11,31.88
88.23,97.28,31.82
88.13,99.73,31.55
88.13,99.89,31.56
88.13,99.60,31.55
88.14,100.29,31.56
88.14,100.08,31.56
88.13,101.07,31.57
88.12,98.03,31.61
88.12,100.65,31.57
88.27,95.43,10.85
88.22,95.41,11.17
88.32,95.41,10.66
88.20,95.40,11.28
88.11,98.19,31.59
88.19,97.46,31.76
88.16,97.65,31.70
88.14,97.84,31.65
88.10,98.46,31.56
88.13,99.07,31.56
88.11,98.55,31.56
88.13,99.51,31.55
88.11,98.65,31.56
88.12,99.41,31.55
88.13,99.16,31.55
88.13,99.28,31.54
88.12,98.86,31.57
88.12,101.42,31.56
88.12,100.85,31.57
88.13,101.28,31.56
88.11,101.60,31.56
88.12,101.51,31.56
88.08,101.90,31.59
88.06,102.02,31.61
88.10,101.78,31.58
88.00,102.30,31.66
88.03,102.16,31.63
88.37,95.37,10.46
88.29,95.42,10.75
88.17,95.38,11.39
88.24,95.42,11.06
88.16,103.50,31.34
88.19,104.45,24.15
88.04,104.31,24.23
88.25,104.51,24.13
88.34,95.39,10.56
88.21,103.58,31.31
88.05,103.31,31.44
88.35,103.78,31.23
87.87,95.26,12.12
88.41,103.86,31.21
88.51,104.05,31.14
88.29,103.70,31.26
88.25,103.64,31.28
88.03,95.30,11.79
88.14,95.35,11.51
87.96,95.28,11.94
88.32,103.75,31.24
88.38,103.82,31.22
88.12,104.38,24.19
88.09,95.33,11.64
88.41,95.33,10.37
88.47,103.97,31.17
88.44,103.91,31.19
88.37,104.61,24.10
88.62,105.73,30.91
88.45,95.30,10.28
88.49,95.25,10.19
88.61,96.43,32.18
88.74,104.95,24.15
88.31,104.56,24.11
88.65,104.87,24.12
88.82,105.02,24.17
88.43,104.67,24.10
88.66,106.10,30.85
88.49,104.73,24.10
88.64,105.47,30.93
88.68,106.20,30.83
88.72,106.31,30.80
88.82,106.54,30.72
88.77,106.42,30.76
88.46,96.64,32.07
88.78,96.24,32.27
88.56,96.49,32.15
88.42,96.73,32.03
88.71,96.32,32.23
88.65,96.37,32.21
88.65,105.39,30.94
88.62,105.64,30.92
88.62,105.81,30.90
88.69,105.22,30.94
88.68,105.27,30.94
88.63,105.91,30.88
88.63,105.55,30.93
88.67,105.32,30.94
88.70,105.13,30.94
88.70,105.18,30.94
88.55,95.20,10.10
88.69,104.87,30.96
88.70,104.95,30.95
88.68,104.77,30.97
88.70,105.03,30.94
88.64,104.52,31.01
88.67,104.66,30.98
88.60,104.36,31.05
88.89,96.10,32.34
88.51,96.57,32.11
88.70,105.10,30.94
88.60,95.14,10.01
88.56,104.19,31.09
88.94,106.78,30.62
88.88,106.66,30.68
88.73,95.01,9.85
88.66,95.08,9.93
88.79,94.94,9.78
89.17,105.29,24.21
88.90,94.83,9.67
88.85,94.88,9.73
89.20,94.59,9.38
89.29,95.73,32.54
89.47,95.55,32.66
89.19,95.81,32.49
89.24,95.77,32.51
89.10,95.88,32.45
89.04,95.94,32.42
89.40,94.46,9.21
88.98,96.00,32.39
89.34,95.69,32.57
89.02,106.90,30.56
89.38,107.35,30.30
89.43,107.40,30.29
88.90,105.09,24.19
89.42,105.51,24.20
89.11,105.25,24.21
89.04,105.20,24.21
89.12,94.64,9.45
89.26,94.55,9.33
89.05,94.70,9.53
88.97,94.76,9.60
89.15,95.85,32.47
89.49,94.42,9.14
89.51,107.49,30.26
89.34,107.31,30.32
89.47,105.57,24.20
89.31,94.51,9.28
89.34,94.49,9.26
88.97,105.14,24.20
89.15,107.10,30.45
89.62,107.65,30.20
89.56,107.57,30.23
89.22,107.18,30.40
89.28,107.25,30.36
89.47,107.44,30.27
89.43,94.44,9.19
89.36,105.45,24.20
89.53,105.63,24.21
89.59,105.71,24.21
89.24,105.34,24.21
89.30,94.69,7.42
89.71,105.86,24.21
89.65,105.78,24.21
89.52,94.41,9.11
89.37,94.47,9.24
89.67,107.73,30.16
89.72,107.81,30.12
89.55,94.40,9.08
89.46,94.43,9.16
89.73,94.37,8.81
89.76,105.94,24.20
89.80,106.01,24.20
89.58,94.39,9.04
89.81,94.36,8.63
89.71,94.37,8.85
89.66,94.38,8.93
89.78,94.36,8.73
89.82,94.38,8.30
89.39,94.64,7.51
89.69,94.37,8.89
89.54,95.47,32.69
89.68,95.33,32.74
89.61,95.40,32.72
89.75,94.43,8.05
89.82,94.36,8.58
89.79,94.41,8.18
89.83,94.36,8.48
89.81,94.39,8.24
89.80,94.36,8.68
89.83,94.37,8.36
89.83,94.36,8.53
89.64,94.38,8.97
89.83,94.37,8.42
89.97,95.09,32.80
89.82,95.20,32.78
89.75,95.27,32.76
90.08,95.00,32.82
89.76,94.36,8.77
89.47,94.60,7.60
89.64,94.50,7.83
89.53,94.56,7.68
89.59,94.53,7.76
89.69,94.48,7.91
90.07,106.53,24.37
89.72,94.45,7.98
90.03,108.38,29.62
90.04,106.46,24.33
89.94,106.27,24.25
90.16,106.65,24.44
89.77,107.89,30.07
89.77,94.42,8.11
89.86,108.05,29.98
89.90,108.12,29.92
89.82,107.97,30.03
89.99,108.28,29.76
90.05,108.40,29.57
90.18,108.53,29.30
89.91,106.21,24.24
89.84,106.07,24.21
90.00,106.40,24.30
89.97,106.34,24.27
89.87,106.14,24.22
89.94,108.18,29.87
90.01,108.32,29.71
90.02,108.35,29.66
90.12,108.49,29.39
89.97,108.24,29.82
90.07,108.43,29.51
89.89,95.15,32.79
90.13,94.96,32.84
90.22,94.86,32.87
90.18,94.91,32.85
90.29,94.77,32.92
90.47,107.07,24.59
90.41,106.98,24.56
90.30,108.62,29.13
90.44,94.44,33.10
90.46,94.38,33.15
90.48,94.32,33.20
90.42,94.50,33.06
90.35,106.90,24.53
90.38,94.61,33.00
90.32,94.72,32.94
90.25,106.77,24.49
90.30,106.83,24.51
90.47,108.72,28.92
90.70,108.78,28.69
90.36,108.66,29.05
90.42,108.69,28.98
90.35,94.66,32.97
90.40,94.56,33.03
90.98,108.87,28.42
90.75,108.79,28.64
90.81,108.81,28.57
90.57,108.75,28.82
90.52,108.74,28.86
90.54,94.19,33.32
90.63,94.05,33.45
90.76,93.90,33.61
90.69,93.97,33.53
90.74,107.45,24.84
90.67,107.35,24.76
90.80,107.55,24.92
90.61,107.26,24.69
90.61,108.76,28.78
90.25,94.82,32.89
90.89,108.83,28.50
90.65,108.77,28.75
90.94,107.81,25.00
90.86,107.64,25.00
90.94,107.81,24.95
90.91,107.72,25.08
90.93,93.64,33.84
91.21,93.19,34.08
91.04,93.42,33.97
91.10,93.32,34.02
90.95,93.59,33.88
90.97,93.56,33.90
91.01,93.47,33.95
91.28,93.11,34.12
90.87,93.75,33.76
90.90,93.69,33.81
90.82,93.82,33.69
90.99,93.52,33.92
91.07,93.37,33.99
91.11,108.16,25.77
91.38,93.02,34.17
91.12,108.19,25.83
91.10,108.09,25.61
91.17,108.29,26.02
91.15,108.25,25.96
91.07,108.00,25.44
91.11,108.13,25.72
91.11,108.12,25.67
90.96,107.79,25.16
91.34,108.52,26.33
91.05,107.96,25.38
91.10,108.06,25.56
91.08,108.03,25.50
91.00,107.86,25.24
91.03,107.91,25.31
91.33,109.01,28.12
91.19,108.33,26.08
91.39,108.58,26.39
91.29,108.47,26.27
91.25,108.42,26.21
91.08,108.92,28.33
91.52,109.04,27.93
91.49,108.67,26.50
91.62,108.81,26.72
91.44,108.63,26.44
91.56,109.04,27.87
91.40,109.02,28.05
91.26,108.99,28.18
91.66,108.85,26.80
91.58,108.77,26.64
91.67,109.05,27.70
91.61,109.05,27.81
91.46,109.03,27.99
91.77,109.04,27.48
91.75,109.04,27.53
91.71,109.05,27.64
91.73,109.04,27.59
91.87,92.63,34.36
91.82,92.66,34.35
91.73,92.72,34.33
91.68,92.76,34.31
91.49,92.93,34.23
91.57,92.86,34.26
91.63,92.80,34.29
91.70,108.89,26.87
91.76,108.96,27.08
91.79,109.01,27.31
91.74,108.94,27.01
91.72,108.91,26.94
91.78,109.03,27.42
91.79,109.02,27.37
91.64,109.05,27.76
91.78,108.98,27.14
91.79,109.00,27.25
91.78,108.99,27.20
92.11,92.54,34.40
91.91,92.61,34.37
91.97,92.59,34.38
91.77,92.69,34.34
92.20,92.51,34.42
92.30,92.47,34.45
92.51,92.40,34.53
92.62,92.35,34.59
92.40,92.44,34.49
93.01,92.20,34.89
93.06,92.19,34.94
92.89,92.23,34.78
92.95,92.21,34.84
92.82,92.26,34.72
93.15,92.18,35.02
93.19,92.17,35.05
93.10,92.18,34.98
93.24,92.15,35.08
93.29,92.14,35.11
93.47,92.05,35.22
93.41,92.09,35.18
93.71,91.91,35.36
93.91,91.80,35.48
93.55,92.00,35.26
93.34,92.11,35.15
94.12,91.71,35.62
94.35,91.62,35.77
94.57,91.55,35.93
94.79,91.50,36.08
94.91,91.11,36.08
95.01,91.47,36.23
95.21,91.45,36.37
95.41,91.45,36.49
95.77,91.48,36.70
95.93,91.51,36.79
95.59,91.46,36.60
96.37,91.64,36.97
96.09,91.55,36.86
97.00,91.89,37.08
96.23,91.59,36.92
96.79,91.81,37.08
96.71,91.77,37.07
96.61,91.73,37.04
96.49,91.68,37.01
96.93,91.87,37.08
97.12,91.93,37.08
97.06,91.91,37.08
96.86,91.84,37.08
97.38,91.96,37.02
97.17,91.94,37.07
97.57,91.93,36.94
97.28,91.96,37.05
97.33,91.96,37.03
97.67,91.90,36.89
97.83,91.86,36.80
97.43,91.95,37.00
98.05,91.75,36.69
97.49,91.94,36.98
97.91,91.83,36.76
97.23,91.95,37.06
97.76,91.88,36.85
98.26,91.62,36.62
98.33,91.56,36.60
98.12,91.71,36.66
98.61,91.34,36.58
97.98,91.79,36.72
98.40,91.50,36.59
98.78,91.23,36.58
98.50,91.43,36.59
99.01,91.07,36.56
99.16,90.98,36.55
99.44,90.78,36.55
99.30,90.88,36.55
