66.98,103.16,38.64
66.37,95.95,40.87
65.76,103.95,37.93
64.50,96.81,33.62
64.30,95.91,33.43
64.87,104.10,37.36
64.30,98.54,33.65
64.23,94.71,41.65
63.86,95.02,32.90
63.71,100.09,33.68
63.88,103.90,36.56
63.48,100.50,33.76
63.42,103.60,36.05
63.00,101.50,34.17
62.83,102.25,34.66
62.88,102.76,35.09
62.02,91.83,23.60
58.05,94.30,44.06
66.41,103.63,38.30
58.32,94.27,44.08
58.62,94.23,44.08
58.90,94.19,44.06
59.18,94.14,44.01
59.45,94.10,43.95
60.00,94.01,43.75
60.28,93.98,43.62
60.84,93.95,43.33
59.73,94.05,43.86
60.56,93.96,43.48
61.13,93.96,43.17
61.41,93.97,43.01
61.70,94.00,42.85
62.04,91.77,23.31
62.02,91.90,23.90
61.99,94.04,42.69
62.04,91.97,24.20
62.07,91.73,23.04
62.09,91.70,22.76
62.07,92.06,24.50
62.28,94.11,42.53
62.09,91.67,22.49
61.93,91.56,21.15
62.22,92.36,25.44
62.11,92.15,24.81
62.16,92.25,25.12
62.28,92.50,25.77
62.93,102.92,35.24
62.33,92.63,26.09
63.00,103.07,35.40
63.08,103.22,35.56
62.08,91.64,22.22
62.39,92.76,26.41
61.99,91.58,21.41
62.56,94.20,42.38
62.67,93.66,28.85
62.63,93.56,28.48
62.56,93.35,27.77
62.04,91.60,21.68
62.45,92.89,26.73
62.50,93.05,27.06
62.53,93.21,27.41
62.83,102.43,34.80
62.85,102.60,34.94
62.07,91.62,21.95
62.60,93.47,28.12
62.85,94.30,42.24
62.71,93.73,29.22
62.88,101.89,34.40
62.79,93.82,29.95
62.83,93.87,30.26
62.87,93.93,30.55
62.94,93.99,30.82
63.35,94.40,32.01
63.08,94.13,31.34
63.01,94.06,31.09
63.26,94.31,31.79
63.17,94.22,31.57
62.85,102.07,34.53
62.75,93.79,29.62
62.93,101.69,34.28
63.08,101.30,34.07
63.18,103.35,35.72
63.13,94.39,42.11
63.45,94.50,32.22
63.16,101.10,33.97
63.29,103.48,35.89
63.56,103.71,36.22
63.55,94.62,32.41
63.26,100.90,33.89
63.37,100.70,33.82
63.41,94.49,41.99
63.65,94.74,32.59
63.82,99.87,33.66
63.60,100.30,33.71
64.06,103.97,36.72
63.71,103.81,36.39
63.96,95.17,33.04
63.76,94.87,32.75
63.92,99.64,33.66
64.01,99.38,33.67
64.80,94.93,41.42
63.69,94.57,41.88
64.20,98.82,33.64
64.38,98.28,33.66
64.44,98.03,33.67
64.10,99.10,33.67
63.96,94.64,41.77
64.52,94.81,41.53
64.23,95.71,33.35
64.65,104.10,37.21
64.44,104.07,37.05
64.25,104.03,36.89
65.09,104.09,37.51
64.14,95.52,33.26
64.05,95.34,33.16
64.37,96.12,33.50
64.48,97.78,33.67
64.43,96.34,33.55
64.47,96.57,33.59
64.51,97.53,33.67
65.06,95.06,41.31
64.52,97.04,33.65
64.52,97.29,33.66
65.31,104.06,37.66
65.33,95.22,41.22
65.54,104.01,37.80
65.59,95.37,41.12
65.98,103.86,38.06
66.20,103.76,38.18
65.85,95.54,41.05
66.61,96.17,40.77
66.12,95.74,40.96
66.61,103.49,38.42
66.80,103.33,38.53
66.83,96.40,40.67
67.04,96.64,40.58
67.15,102.97,38.75
67.24,96.89,40.49
67.31,102.77,38.85
67.58,102.33,39.03
67.43,97.14,40.39
67.45,102.55,38.94
67.60,97.39,40.31
67.71,102.10,39.11
67.76,97.66,40.22
67.89,97.93,40.14
67.92,101.61,39.26
67.82,101.86,39.19
68.01,101.36,39.33
68.10,98.48,39.99
68.08,101.09,39.39
68.14,100.82,39.44
68.19,100.52,39.49
68.00,98.21,40.07
68.22,99.05,39.84
68.17,98.77,39.92
68.26,99.63,39.69
68.26,99.92,39.62
68.23,100.22,39.55
68.25,99.34,39.77
