0.00,1.00,2.00
2.00,3.00,0.00
4.00,1.00,0.00
5.00,1.00,4.00
6.00,0.00,3.00
4.00,0.00,6.00
4.00,7.00,5.00
6.00,7.00,4.00
8.00,9.00,10.00
10.00,11.00,8.00
2.00,9.00,8.00
2.00,1.00,9.00
1.00,12.00,9.00
8.00,3.00,2.00
8.00,11.00,3.00
11.00,13.00,3.00
1.00,5.00,12.00
12.00,5.00,14.00
3.00,13.00,6.00
13.00,15.00,6.00
16.00,5.00,7.00
16.00,17.00,5.00
17.00,14.00,5.00
7.00,18.00,16.00
7.00,6.00,18.00
6.00,15.00,18.00
19.00,17.00,16.00
20.00,17.00,19.00
21.00,16.00,18.00
19.00,16.00,21.00
19.00,22.00,20.00
21.00,22.00,19.00
10.00,23.00,24.00
9.00,23.00,10.00
24.00,11.00,10.00
25.00,11.00,24.00
9.00,12.00,23.00
23.00,12.00,26.00
11.00,25.00,13.00
25.00,27.00,13.00
12.00,14.00,26.00
26.00,14.00,28.00
13.00,27.00,15.00
27.00,29.00,15.00
14.00,17.00,28.00
28.00,17.00,30.00
15.00,29.00,18.00
29.00,31.00,18.00
17.00,20.00,30.00
30.00,20.00,32.00
18.00,31.00,21.00
31.00,33.00,21.00
20.00,34.00,32.00
22.00,34.00,20.00
33.00,22.00,21.00
34.00,22.00,33.00
35.00,36.00,37.00
37.00,38.00,35.00
24.00,36.00,35.00
24.00,23.00,36.00
23.00,39.00,36.00
35.00,25.00,24.00
35.00,38.00,25.00
38.00,40.00,25.00
23.00,26.00,39.00
39.00,26.00,41.00
25.00,40.00,27.00
40.00,42.00,27.00
26.00,28.00,41.00
41.00,28.00,43.00
27.00,42.00,29.00
42.00,44.00,29.00
28.00,30.00,43.00
43.00,30.00,45.00
29.00,44.00,31.00
44.00,46.00,31.00
30.00,32.00,45.00
45.00,32.00,47.00
31.00,46.00,33.00
46.00,48.00,33.00
49.00,32.00,34.00
49.00,50.00,32.00
50.00,47.00,32.00
34.00,51.00,49.00
34.00,33.00,51.00
33.00,48.00,51.00
49.00,52.00,50.00
51.00,52.00,49.00
37.00,53.00,54.00
36.00,53.00,37.00
54.00,38.00,37.00
55.00,38.00,54.00
36.00,39.00,53.00
53.00,39.00,56.00
38.00,55.00,40.00
55.00,57.00,40.00
39.00,41.00,56.00
56.00,41.00,58.00
40.00,57.00,42.00
57.00,59.00,42.00
41.00,43.00,58.00
58.00,43.00,60.00
42.00,59.00,44.00
59.00,61.00,44.00
43.00,45.00,60.00
60.00,45.00,62.00
44.00,61.00,46.00
61.00,63.00,46.00
45.00,47.00,62.00
62.00,47.00,64.00
46.00,63.00,48.00
63.00,65.00,48.00
47.00,50.00,64.00
64.00,50.00,66.00
48.00,65.00,51.00
65.00,67.00,51.00
50.00,68.00,66.00
52.00,68.00,50.00
67.00,52.00,51.00
68.00,52.00,67.00
54.00,69.00,70.00
53.00,69.00,54.00
70.00,55.00,54.00
71.00,55.00,70.00
53.00,56.00,69.00
69.00,56.00,72.00
55.00,71.00,57.00
71.00,73.00,57.00
56.00,58.00,72.00
72.00,58.00,74.00
57.00,73.00,59.00
73.00,75.00,59.00
58.00,60.00,74.00
74.00,60.00,76.00
59.00,75.00,61.00
75.00,77.00,61.00
60.00,62.00,76.00
76.00,62.00,78.00
61.00,77.00,63.00
77.00,79.00,63.00
62.00,64.00,78.00
78.00,64.00,80.00
63.00,79.00,65.00
79.00,81.00,65.00
64.00,66.00,80.00
80.00,66.00,82.00
65.00,81.00,67.00
81.00,83.00,67.00
66.00,84.00,82.00
68.00,84.00,66.00
83.00,68.00,67.00
84.00,68.00,83.00
70.00,85.00,86.00
69.00,85.00,70.00
86.00,71.00,70.00
87.00,71.00,86.00
69.00,72.00,85.00
85.00,72.00,88.00
71.00,87.00,73.00
87.00,89.00,73.00
90.00,91.00,92.00
92.00,93.00,90.00
72.00,74.00,88.00
88.00,74.00,94.00
73.00,89.00,75.00
89.00,95.00,75.00
96.00,91.00,90.00
97.00,91.00,96.00
98.00,90.00,93.00
96.00,90.00,98.00
74.00,76.00,94.00
94.00,76.00,99.00
75.00,95.00,77.00
95.00,100.00,77.00
101.00,97.00,96.00
102.00,97.00,101.00
103.00,96.00,98.00
101.00,96.00,103.00
76.00,78.00,99.00
99.00,78.00,104.00
77.00,100.00,79.00
100.00,105.00,79.00
106.00,102.00,101.00
107.00,102.00,106.00
108.00,101.00,103.00
106.00,101.00,108.00
78.00,80.00,104.00
104.00,80.00,109.00
79.00,105.00,81.00
105.00,110.00,81.00
106.00,111.00,107.00
108.00,111.00,106.00
80.00,82.00,109.00
109.00,82.00,112.00
81.00,110.00,83.00
110.00,113.00,83.00
82.00,114.00,112.00
84.00,114.00,82.00
113.00,84.00,83.00
114.00,84.00,113.00
86.00,115.00,116.00
85.00,115.00,86.00
116.00,87.00,86.00
117.00,87.00,116.00
85.00,88.00,115.00
115.00,88.00,118.00
87.00,117.00,89.00
117.00,119.00,89.00
92.00,120.00,121.00
91.00,120.00,92.00
121.00,93.00,92.00
122.00,93.00,121.00
88.00,94.00,118.00
118.00,94.00,123.00
124.00,125.00,95.00
124.00,95.00,119.00
119.00,95.00,89.00
125.00,124.00,120.00
125.00,120.00,97.00
97.00,120.00,91.00
93.00,122.00,98.00
122.00,126.00,98.00
94.00,99.00,123.00
123.00,99.00,127.00
125.00,128.00,100.00
95.00,125.00,100.00
97.00,102.00,128.00
125.00,97.00,128.00
98.00,126.00,103.00
126.00,129.00,103.00
99.00,104.00,127.00
127.00,104.00,130.00
128.00,131.00,105.00
100.00,128.00,105.00
102.00,107.00,131.00
128.00,102.00,131.00
103.00,129.00,108.00
129.00,132.00,108.00
104.00,109.00,130.00
130.00,109.00,133.00
131.00,134.00,110.00
105.00,131.00,110.00
107.00,134.00,131.00
107.00,135.00,134.00
107.00,111.00,135.00
135.00,136.00,134.00
132.00,111.00,108.00
135.00,111.00,132.00
109.00,112.00,133.00
133.00,112.00,137.00
134.00,138.00,139.00
134.00,139.00,110.00
110.00,139.00,113.00
136.00,138.00,134.00
112.00,140.00,137.00
114.00,140.00,112.00
139.00,114.00,113.00
140.00,114.00,139.00
141.00,142.00,143.00
143.00,144.00,141.00
116.00,145.00,146.00
115.00,145.00,116.00
117.00,147.00,148.00
117.00,116.00,147.00
116.00,146.00,147.00
142.00,148.00,147.00
142.00,141.00,148.00
141.00,149.00,148.00
150.00,141.00,144.00
149.00,141.00,150.00
115.00,118.00,145.00
145.00,118.00,151.00
148.00,152.00,119.00
117.00,148.00,119.00
121.00,120.00,152.00
121.00,152.00,149.00
149.00,152.00,148.00
149.00,122.00,121.00
149.00,150.00,122.00
150.00,153.00,122.00
118.00,123.00,151.00
151.00,123.00,154.00
119.00,152.00,124.00
120.00,124.00,152.00
122.00,153.00,126.00
153.00,155.00,126.00
123.00,127.00,154.00
154.00,127.00,156.00
126.00,155.00,129.00
155.00,157.00,129.00
127.00,130.00,156.00
156.00,130.00,158.00
129.00,157.00,132.00
157.00,159.00,132.00
130.00,133.00,158.00
158.00,133.00,160.00
135.00,161.00,162.00
136.00,135.00,162.00
159.00,135.00,132.00
161.00,135.00,159.00
133.00,137.00,160.00
160.00,137.00,163.00
138.00,164.00,165.00
139.00,138.00,165.00
162.00,138.00,136.00
164.00,138.00,162.00
137.00,166.00,163.00
140.00,166.00,137.00
165.00,140.00,139.00
166.00,140.00,165.00
143.00,167.00,168.00
142.00,167.00,143.00
168.00,144.00,143.00
169.00,144.00,168.00
146.00,170.00,171.00
145.00,170.00,146.00
147.00,146.00,172.00
146.00,171.00,172.00
167.00,142.00,147.00
172.00,167.00,147.00
144.00,169.00,150.00
169.00,173.00,150.00
145.00,151.00,170.00
170.00,151.00,174.00
150.00,173.00,153.00
173.00,175.00,153.00
151.00,154.00,174.00
174.00,154.00,176.00
153.00,175.00,155.00
175.00,177.00,155.00
154.00,156.00,176.00
176.00,156.00,178.00
155.00,177.00,157.00
177.00,179.00,157.00
156.00,158.00,178.00
178.00,158.00,180.00
157.00,179.00,159.00
179.00,181.00,159.00
158.00,160.00,180.00
180.00,160.00,182.00
161.00,183.00,162.00
161.00,184.00,183.00
161.00,159.00,184.00
159.00,181.00,184.00
160.00,163.00,182.00
182.00,163.00,185.00
164.00,186.00,165.00
164.00,187.00,186.00
162.00,187.00,164.00
162.00,188.00,187.00
162.00,183.00,188.00
184.00,188.00,183.00
163.00,189.00,185.00
166.00,189.00,163.00
165.00,189.00,166.00
165.00,190.00,189.00
165.00,186.00,190.00
191.00,189.00,190.00
192.00,186.00,187.00
190.00,186.00,192.00
190.00,193.00,191.00
192.00,193.00,190.00
168.00,194.00,195.00
167.00,194.00,168.00
195.00,169.00,168.00
196.00,169.00,195.00
171.00,197.00,198.00
170.00,197.00,171.00
172.00,171.00,199.00
171.00,198.00,199.00
194.00,167.00,172.00
199.00,194.00,172.00
169.00,196.00,173.00
196.00,200.00,173.00
170.00,174.00,197.00
197.00,174.00,201.00
173.00,200.00,175.00
200.00,202.00,175.00
174.00,176.00,201.00
201.00,176.00,203.00
175.00,202.00,177.00
202.00,204.00,177.00
176.00,178.00,203.00
203.00,178.00,205.00
177.00,204.00,179.00
204.00,206.00,179.00
178.00,180.00,205.00
205.00,180.00,207.00
179.00,206.00,181.00
206.00,208.00,181.00
180.00,182.00,207.00
207.00,182.00,209.00
181.00,208.00,184.00
208.00,210.00,184.00
182.00,185.00,209.00
209.00,185.00,211.00
188.00,212.00,187.00
188.00,213.00,212.00
188.00,184.00,213.00
184.00,210.00,213.00
214.00,185.00,189.00
214.00,215.00,185.00
215.00,211.00,185.00
189.00,191.00,214.00
212.00,216.00,217.00
212.00,217.00,187.00
187.00,217.00,192.00
213.00,216.00,212.00
214.00,218.00,215.00
191.00,218.00,214.00
191.00,193.00,218.00
193.00,219.00,218.00
217.00,193.00,192.00
219.00,193.00,217.00
195.00,194.00,220.00
195.00,220.00,196.00
198.00,221.00,222.00
197.00,221.00,198.00
199.00,198.00,223.00
198.00,222.00,223.00
220.00,194.00,199.00
220.00,199.00,224.00
224.00,199.00,223.00
224.00,196.00,220.00
224.00,225.00,196.00
225.00,200.00,196.00
197.00,201.00,221.00
221.00,201.00,226.00
200.00,225.00,202.00
225.00,227.00,202.00
201.00,203.00,226.00
226.00,203.00,228.00
202.00,227.00,204.00
227.00,229.00,204.00
203.00,205.00,228.00
228.00,205.00,230.00
204.00,229.00,206.00
229.00,231.00,206.00
205.00,207.00,230.00
230.00,207.00,232.00
206.00,231.00,208.00
231.00,233.00,208.00
207.00,209.00,232.00
232.00,209.00,234.00
208.00,233.00,210.00
233.00,235.00,210.00
209.00,211.00,234.00
234.00,211.00,236.00
210.00,235.00,213.00
235.00,237.00,213.00
211.00,215.00,236.00
236.00,215.00,238.00
216.00,239.00,240.00
217.00,216.00,240.00
237.00,216.00,213.00
239.00,216.00,237.00
215.00,241.00,238.00
218.00,241.00,215.00
219.00,242.00,218.00
218.00,242.00,241.00
240.00,219.00,217.00
242.00,219.00,240.00
222.00,221.00,243.00
244.00,222.00,243.00
244.00,245.00,222.00
245.00,223.00,222.00
246.00,245.00,247.00
246.00,224.00,245.00
224.00,223.00,245.00
224.00,246.00,225.00
243.00,248.00,249.00
243.00,221.00,248.00
221.00,226.00,248.00
244.00,243.00,249.00
246.00,247.00,250.00
250.00,225.00,246.00
250.00,251.00,225.00
251.00,227.00,225.00
226.00,228.00,248.00
248.00,228.00,252.00
227.00,251.00,229.00
251.00,253.00,229.00
228.00,230.00,252.00
252.00,230.00,254.00
229.00,253.00,231.00
253.00,255.00,231.00
230.00,232.00,254.00
254.00,232.00,256.00
231.00,255.00,233.00
255.00,257.00,233.00
232.00,234.00,256.00
256.00,234.00,258.00
233.00,257.00,235.00
257.00,259.00,235.00
234.00,236.00,258.00
258.00,236.00,260.00
235.00,259.00,237.00
259.00,261.00,237.00
236.00,238.00,260.00
260.00,238.00,262.00
239.00,263.00,264.00
240.00,239.00,264.00
261.00,239.00,237.00
263.00,239.00,261.00
238.00,265.00,262.00
241.00,265.00,238.00
242.00,266.00,241.00
241.00,266.00,265.00
264.00,242.00,240.00
266.00,242.00,264.00
245.00,244.00,267.00
245.00,267.00,247.00
249.00,268.00,269.00
248.00,268.00,249.00
267.00,244.00,249.00
267.00,249.00,270.00
270.00,249.00,269.00
271.00,270.00,272.00
250.00,270.00,271.00
250.00,267.00,270.00
250.00,247.00,267.00
250.00,271.00,251.00
248.00,252.00,268.00
268.00,252.00,273.00
271.00,272.00,274.00
274.00,251.00,271.00
274.00,275.00,251.00
275.00,253.00,251.00
252.00,254.00,273.00
273.00,254.00,276.00
253.00,275.00,255.00
275.00,277.00,255.00
254.00,256.00,276.00
276.00,256.00,278.00
255.00,277.00,257.00
277.00,279.00,257.00
256.00,258.00,278.00
278.00,258.00,280.00
257.00,279.00,259.00
279.00,281.00,259.00
258.00,260.00,280.00
280.00,260.00,282.00
259.00,281.00,261.00
281.00,283.00,261.00
260.00,262.00,282.00
282.00,262.00,284.00
263.00,285.00,286.00
264.00,263.00,286.00
283.00,263.00,261.00
285.00,263.00,283.00
262.00,287.00,284.00
265.00,287.00,262.00
266.00,288.00,265.00
265.00,288.00,287.00
286.00,266.00,264.00
288.00,266.00,286.00
269.00,289.00,290.00
268.00,289.00,269.00
270.00,269.00,291.00
269.00,290.00,291.00
291.00,272.00,270.00
292.00,272.00,291.00
268.00,273.00,289.00
289.00,273.00,293.00
272.00,292.00,294.00
274.00,272.00,294.00
294.00,275.00,274.00
295.00,275.00,294.00
273.00,276.00,293.00
293.00,276.00,296.00
275.00,295.00,277.00
295.00,297.00,277.00
276.00,278.00,296.00
296.00,278.00,298.00
277.00,297.00,279.00
297.00,299.00,279.00
278.00,280.00,298.00
298.00,280.00,300.00
279.00,299.00,281.00
299.00,301.00,281.00
280.00,282.00,300.00
300.00,282.00,302.00
281.00,301.00,283.00
301.00,303.00,283.00
282.00,284.00,302.00
302.00,284.00,304.00
285.00,305.00,306.00
286.00,285.00,306.00
303.00,285.00,283.00
305.00,285.00,303.00
284.00,307.00,304.00
287.00,307.00,284.00
288.00,308.00,287.00
287.00,308.00,307.00
306.00,288.00,286.00
308.00,288.00,306.00
290.00,309.00,310.00
289.00,309.00,290.00
291.00,290.00,311.00
290.00,310.00,311.00
311.00,292.00,291.00
312.00,292.00,311.00
289.00,293.00,309.00
309.00,293.00,313.00
292.00,312.00,314.00
294.00,292.00,314.00
314.00,295.00,294.00
315.00,295.00,314.00
293.00,296.00,313.00
313.00,296.00,316.00
295.00,315.00,297.00
315.00,317.00,297.00
296.00,298.00,316.00
316.00,298.00,318.00
297.00,317.00,299.00
317.00,319.00,299.00
298.00,300.00,318.00
318.00,300.00,320.00
299.00,319.00,301.00
319.00,321.00,301.00
300.00,302.00,320.00
320.00,302.00,322.00
301.00,321.00,303.00
321.00,323.00,303.00
302.00,304.00,322.00
322.00,304.00,324.00
305.00,325.00,326.00
306.00,305.00,326.00
323.00,305.00,303.00
325.00,305.00,323.00
304.00,327.00,324.00
307.00,327.00,304.00
308.00,328.00,307.00
307.00,328.00,327.00
326.00,308.00,306.00
328.00,308.00,326.00
310.00,329.00,330.00
309.00,329.00,310.00
311.00,310.00,331.00
310.00,330.00,331.00
331.00,312.00,311.00
332.00,312.00,331.00
309.00,313.00,329.00
329.00,313.00,333.00
312.00,332.00,334.00
314.00,312.00,334.00
334.00,315.00,314.00
335.00,315.00,334.00
313.00,316.00,333.00
333.00,316.00,336.00
315.00,335.00,317.00
335.00,337.00,317.00
316.00,318.00,336.00
336.00,318.00,338.00
317.00,337.00,319.00
337.00,339.00,319.00
318.00,320.00,338.00
338.00,320.00,340.00
319.00,339.00,321.00
339.00,341.00,321.00
320.00,322.00,340.00
340.00,322.00,342.00
321.00,341.00,323.00
341.00,343.00,323.00
322.00,324.00,342.00
342.00,324.00,344.00
325.00,345.00,346.00
326.00,325.00,346.00
343.00,325.00,323.00
345.00,325.00,343.00
324.00,347.00,344.00
327.00,347.00,324.00
328.00,348.00,327.00
327.00,348.00,347.00
346.00,328.00,326.00
348.00,328.00,346.00
330.00,349.00,350.00
329.00,349.00,330.00
331.00,330.00,351.00
330.00,350.00,351.00
351.00,332.00,331.00
352.00,332.00,351.00
329.00,333.00,349.00
349.00,333.00,353.00
332.00,352.00,354.00
334.00,332.00,354.00
354.00,335.00,334.00
355.00,335.00,354.00
333.00,336.00,353.00
353.00,336.00,356.00
335.00,355.00,337.00
355.00,357.00,337.00
336.00,338.00,356.00
356.00,338.00,358.00
337.00,357.00,339.00
357.00,359.00,339.00
338.00,340.00,358.00
358.00,340.00,360.00
339.00,359.00,341.00
359.00,361.00,341.00
340.00,342.00,360.00
360.00,342.00,362.00
341.00,361.00,343.00
361.00,363.00,343.00
342.00,344.00,362.00
362.00,344.00,364.00
345.00,365.00,346.00
345.00,366.00,365.00
345.00,343.00,366.00
343.00,363.00,366.00
344.00,367.00,364.00
347.00,367.00,344.00
368.00,369.00,367.00
368.00,367.00,348.00
348.00,367.00,347.00
348.00,370.00,368.00
346.00,370.00,348.00
346.00,371.00,370.00
346.00,365.00,371.00
366.00,371.00,365.00
368.00,372.00,369.00
370.00,372.00,368.00
350.00,349.00,373.00
374.00,350.00,373.00
374.00,375.00,350.00
375.00,351.00,350.00
375.00,352.00,351.00
376.00,352.00,375.00
373.00,377.00,378.00
373.00,349.00,377.00
349.00,353.00,377.00
374.00,373.00,378.00
352.00,376.00,379.00
354.00,352.00,379.00
379.00,355.00,354.00
380.00,355.00,379.00
353.00,356.00,377.00
377.00,356.00,381.00
355.00,380.00,357.00
380.00,382.00,357.00
383.00,384.00,385.00
383.00,385.00,381.00
383.00,381.00,358.00
358.00,381.00,356.00
357.00,382.00,359.00
382.00,386.00,359.00
387.00,384.00,383.00
388.00,384.00,387.00
358.00,360.00,387.00
383.00,358.00,387.00
359.00,386.00,361.00
386.00,389.00,361.00
390.00,388.00,387.00
391.00,388.00,390.00
360.00,362.00,390.00
387.00,360.00,390.00
361.00,389.00,363.00
389.00,392.00,363.00
390.00,393.00,391.00
393.00,390.00,362.00
393.00,362.00,394.00
394.00,362.00,364.00
363.00,392.00,366.00
392.00,395.00,366.00
364.00,396.00,394.00
367.00,396.00,364.00
396.00,367.00,369.00
397.00,396.00,369.00
371.00,398.00,399.00
370.00,371.00,399.00
395.00,371.00,366.00
398.00,371.00,395.00
369.00,400.00,397.00
372.00,400.00,369.00
399.00,372.00,370.00
400.00,372.00,399.00
375.00,401.00,402.00
374.00,401.00,375.00
402.00,376.00,375.00
403.00,376.00,402.00
378.00,404.00,405.00
377.00,404.00,378.00
401.00,374.00,378.00
405.00,401.00,378.00
376.00,403.00,406.00
379.00,376.00,406.00
406.00,380.00,379.00
407.00,380.00,406.00
408.00,409.00,410.00
408.00,410.00,404.00
408.00,404.00,381.00
381.00,404.00,377.00
380.00,407.00,382.00
407.00,411.00,382.00
385.00,409.00,408.00
385.00,384.00,409.00
384.00,412.00,409.00
381.00,385.00,408.00
382.00,411.00,386.00
411.00,413.00,386.00
384.00,388.00,412.00
412.00,388.00,414.00
386.00,413.00,389.00
413.00,415.00,389.00
388.00,391.00,414.00
414.00,391.00,416.00
389.00,415.00,392.00
415.00,417.00,392.00
418.00,391.00,393.00
418.00,419.00,391.00
419.00,416.00,391.00
393.00,394.00,418.00
392.00,417.00,395.00
417.00,420.00,395.00
418.00,421.00,419.00
394.00,421.00,418.00
394.00,396.00,421.00
396.00,422.00,421.00
422.00,396.00,397.00
423.00,422.00,397.00
398.00,424.00,425.00
399.00,398.00,425.00
420.00,398.00,395.00
424.00,398.00,420.00
397.00,426.00,423.00
400.00,426.00,397.00
425.00,400.00,399.00
426.00,400.00,425.00
402.00,427.00,428.00
401.00,427.00,402.00
428.00,403.00,402.00
429.00,403.00,428.00
405.00,430.00,431.00
404.00,430.00,405.00
427.00,401.00,405.00
431.00,427.00,405.00
403.00,429.00,432.00
406.00,403.00,432.00
432.00,407.00,406.00
433.00,407.00,432.00
410.00,434.00,435.00
409.00,434.00,410.00
430.00,404.00,410.00
435.00,430.00,410.00
407.00,433.00,411.00
433.00,436.00,411.00
409.00,412.00,434.00
434.00,412.00,437.00
411.00,436.00,413.00
436.00,438.00,413.00
412.00,414.00,437.00
437.00,414.00,439.00
413.00,438.00,415.00
438.00,440.00,415.00
414.00,416.00,439.00
439.00,416.00,441.00
415.00,440.00,417.00
440.00,442.00,417.00
416.00,419.00,441.00
441.00,419.00,443.00
417.00,442.00,420.00
442.00,444.00,420.00
419.00,445.00,443.00
421.00,445.00,419.00
446.00,447.00,445.00
446.00,445.00,422.00
422.00,445.00,421.00
422.00,423.00,446.00
424.00,448.00,425.00
424.00,449.00,448.00
424.00,420.00,449.00
420.00,444.00,449.00
446.00,450.00,447.00
423.00,450.00,446.00
423.00,426.00,450.00
426.00,451.00,450.00
448.00,426.00,425.00
448.00,452.00,426.00
452.00,451.00,426.00
449.00,452.00,448.00
428.00,453.00,454.00
427.00,453.00,428.00
454.00,429.00,428.00
455.00,429.00,454.00
431.00,456.00,457.00
430.00,456.00,431.00
453.00,427.00,431.00
457.00,453.00,431.00
429.00,455.00,458.00
432.00,429.00,458.00
458.00,433.00,432.00
459.00,433.00,458.00
435.00,460.00,461.00
434.00,460.00,435.00
456.00,430.00,435.00
461.00,456.00,435.00
433.00,459.00,436.00
459.00,462.00,436.00
434.00,437.00,460.00
460.00,437.00,463.00
436.00,462.00,438.00
462.00,464.00,438.00
437.00,439.00,463.00
463.00,439.00,465.00
438.00,464.00,440.00
464.00,466.00,440.00
439.00,441.00,465.00
465.00,441.00,467.00
440.00,466.00,442.00
466.00,468.00,442.00
441.00,443.00,467.00
467.00,443.00,469.00
442.00,468.00,444.00
468.00,470.00,444.00
443.00,471.00,469.00
445.00,471.00,443.00
471.00,445.00,447.00
472.00,471.00,447.00
444.00,470.00,449.00
470.00,473.00,449.00
447.00,474.00,472.00
450.00,474.00,447.00
451.00,475.00,450.00
450.00,475.00,474.00
452.00,476.00,451.00
451.00,476.00,475.00
473.00,452.00,449.00
476.00,452.00,473.00
454.00,453.00,477.00
454.00,477.00,455.00
457.00,456.00,478.00
457.00,478.00,479.00
453.00,457.00,479.00
453.00,479.00,480.00
453.00,480.00,477.00
455.00,477.00,480.00
455.00,480.00,458.00
458.00,480.00,481.00
481.00,459.00,458.00
482.00,459.00,481.00
461.00,483.00,484.00
460.00,483.00,461.00
478.00,456.00,461.00
478.00,461.00,485.00
485.00,461.00,484.00
479.00,478.00,485.00
459.00,482.00,462.00
482.00,486.00,462.00
460.00,463.00,483.00
483.00,463.00,487.00
462.00,486.00,464.00
486.00,488.00,464.00
463.00,465.00,487.00
487.00,465.00,489.00
464.00,488.00,466.00
488.00,490.00,466.00
465.00,467.00,489.00
489.00,467.00,491.00
466.00,490.00,468.00
490.00,492.00,468.00
467.00,469.00,491.00
491.00,469.00,493.00
468.00,492.00,470.00
492.00,494.00,470.00
495.00,469.00,471.00
495.00,496.00,469.00
496.00,493.00,469.00
471.00,472.00,495.00
470.00,494.00,473.00
494.00,497.00,473.00
495.00,498.00,496.00
472.00,498.00,495.00
472.00,474.00,498.00
474.00,499.00,498.00
475.00,500.00,474.00
474.00,500.00,499.00
476.00,501.00,475.00
475.00,501.00,500.00
497.00,476.00,473.00
501.00,476.00,497.00
480.00,502.00,503.00
479.00,502.00,480.00
504.00,503.00,505.00
504.00,481.00,503.00
481.00,480.00,503.00
481.00,504.00,482.00
484.00,506.00,507.00
483.00,506.00,484.00
485.00,484.00,508.00
484.00,507.00,508.00
502.00,479.00,485.00
508.00,502.00,485.00
504.00,505.00,509.00
509.00,482.00,504.00
509.00,510.00,482.00
510.00,486.00,482.00
483.00,487.00,506.00
506.00,487.00,511.00
486.00,510.00,488.00
510.00,512.00,488.00
487.00,489.00,511.00
511.00,489.00,513.00
488.00,512.00,490.00
512.00,514.00,490.00
489.00,491.00,513.00
513.00,491.00,515.00
490.00,514.00,492.00
514.00,516.00,492.00
491.00,493.00,515.00
515.00,493.00,517.00
492.00,516.00,494.00
516.00,518.00,494.00
493.00,496.00,517.00
517.00,496.00,519.00
494.00,518.00,497.00
518.00,520.00,497.00
496.00,521.00,519.00
498.00,521.00,496.00
499.00,522.00,498.00
498.00,522.00,521.00
523.00,524.00,522.00
523.00,522.00,500.00
500.00,522.00,499.00
525.00,523.00,500.00
525.00,500.00,526.00
526.00,500.00,501.00
520.00,501.00,497.00
526.00,501.00,520.00
523.00,527.00,524.00
525.00,527.00,523.00
503.00,502.00,528.00
503.00,528.00,505.00
507.00,529.00,530.00
506.00,529.00,507.00
508.00,507.00,531.00
507.00,530.00,531.00
528.00,502.00,508.00
528.00,508.00,532.00
532.00,508.00,531.00
505.00,528.00,532.00
505.00,532.00,509.00
509.00,532.00,533.00
533.00,510.00,509.00
534.00,510.00,533.00
506.00,511.00,529.00
529.00,511.00,535.00
510.00,534.00,512.00
534.00,536.00,512.00
511.00,513.00,535.00
535.00,513.00,537.00
512.00,536.00,514.00
536.00,538.00,514.00
513.00,515.00,537.00
537.00,515.00,539.00
514.00,538.00,516.00
538.00,540.00,516.00
515.00,517.00,539.00
539.00,517.00,541.00
516.00,540.00,518.00
540.00,542.00,518.00
517.00,519.00,541.00
541.00,519.00,543.00
518.00,542.00,520.00
542.00,544.00,520.00
519.00,545.00,543.00
521.00,545.00,519.00
522.00,546.00,521.00
521.00,546.00,545.00
546.00,522.00,524.00
547.00,546.00,524.00
526.00,548.00,549.00
525.00,526.00,549.00
544.00,526.00,520.00
548.00,526.00,544.00
524.00,550.00,547.00
527.00,550.00,524.00
549.00,527.00,525.00
550.00,527.00,549.00
530.00,551.00,552.00
529.00,551.00,530.00
531.00,530.00,553.00
530.00,552.00,553.00
532.00,531.00,554.00
531.00,553.00,554.00
555.00,554.00,556.00
555.00,533.00,554.00
533.00,532.00,554.00
533.00,555.00,534.00
529.00,535.00,551.00
551.00,535.00,557.00
555.00,556.00,558.00
558.00,534.00,555.00
558.00,559.00,534.00
559.00,536.00,534.00
535.00,537.00,557.00
557.00,537.00,560.00
536.00,559.00,538.00
559.00,561.00,538.00
537.00,539.00,560.00
560.00,539.00,562.00
538.00,561.00,540.00
561.00,563.00,540.00
539.00,541.00,562.00
562.00,541.00,564.00
540.00,563.00,542.00
563.00,565.00,542.00
541.00,543.00,564.00
564.00,543.00,566.00
542.00,565.00,544.00
565.00,567.00,544.00
543.00,568.00,566.00
545.00,568.00,543.00
569.00,570.00,568.00
569.00,568.00,546.00
546.00,568.00,545.00
546.00,547.00,569.00
548.00,571.00,572.00
549.00,548.00,572.00
567.00,548.00,544.00
571.00,548.00,567.00
569.00,573.00,570.00
574.00,575.00,573.00
550.00,574.00,573.00
550.00,573.00,569.00
550.00,569.00,547.00
550.00,576.00,574.00
550.00,549.00,576.00
549.00,572.00,576.00
574.00,577.00,575.00
576.00,577.00,574.00
552.00,551.00,578.00
552.00,579.00,553.00
578.00,579.00,552.00
580.00,553.00,579.00
580.00,581.00,553.00
581.00,554.00,553.00
581.00,556.00,554.00
582.00,556.00,581.00
578.00,583.00,584.00
578.00,551.00,583.00
551.00,557.00,583.00
579.00,578.00,584.00
585.00,579.00,584.00
580.00,579.00,585.00
556.00,582.00,586.00
558.00,556.00,586.00
586.00,559.00,558.00
587.00,559.00,586.00
557.00,560.00,583.00
583.00,560.00,588.00
559.00,587.00,561.00
587.00,589.00,561.00
560.00,562.00,588.00
588.00,562.00,590.00
561.00,589.00,563.00
589.00,591.00,563.00
562.00,564.00,590.00
590.00,564.00,592.00
563.00,591.00,565.00
591.00,593.00,565.00
564.00,566.00,592.00
592.00,566.00,594.00
565.00,593.00,567.00
593.00,595.00,567.00
566.00,596.00,594.00
568.00,596.00,566.00
596.00,568.00,570.00
597.00,596.00,570.00
571.00,598.00,599.00
572.00,571.00,599.00
595.00,571.00,567.00
598.00,571.00,595.00
570.00,600.00,597.00
573.00,600.00,570.00
600.00,573.00,575.00
601.00,600.00,575.00
572.00,599.00,576.00
599.00,602.00,576.00
575.00,603.00,601.00
577.00,603.00,575.00
602.00,577.00,576.00
603.00,577.00,602.00
581.00,604.00,605.00
580.00,604.00,581.00
605.00,582.00,581.00
606.00,582.00,605.00
584.00,607.00,608.00
583.00,607.00,584.00
585.00,584.00,609.00
584.00,608.00,609.00
604.00,580.00,585.00
609.00,604.00,585.00
610.00,586.00,582.00
610.00,582.00,611.00
611.00,582.00,606.00
586.00,610.00,587.00
583.00,588.00,607.00
607.00,588.00,612.00
610.00,611.00,613.00
613.00,587.00,610.00
613.00,614.00,587.00
614.00,589.00,587.00
588.00,590.00,612.00
612.00,590.00,615.00
589.00,614.00,591.00
614.00,616.00,591.00
590.00,592.00,615.00
615.00,592.00,617.00
591.00,616.00,593.00
616.00,618.00,593.00
592.00,594.00,617.00
617.00,594.00,619.00
593.00,618.00,595.00
618.00,620.00,595.00
594.00,621.00,619.00
596.00,621.00,594.00
621.00,596.00,597.00
622.00,621.00,597.00
598.00,623.00,624.00
599.00,598.00,624.00
620.00,598.00,595.00
623.00,598.00,620.00
597.00,625.00,622.00
600.00,625.00,597.00
625.00,600.00,601.00
626.00,625.00,601.00
599.00,624.00,602.00
624.00,627.00,602.00
601.00,628.00,626.00
603.00,628.00,601.00
627.00,603.00,602.00
628.00,603.00,627.00
605.00,604.00,629.00
605.00,629.00,606.00
608.00,607.00,630.00
631.00,608.00,630.00
631.00,632.00,608.00
632.00,609.00,608.00
629.00,604.00,609.00
629.00,609.00,633.00
633.00,609.00,632.00
633.00,606.00,629.00
633.00,634.00,606.00
634.00,611.00,606.00
630.00,635.00,636.00
630.00,607.00,635.00
607.00,612.00,635.00
631.00,630.00,636.00
611.00,634.00,637.00
613.00,611.00,637.00
637.00,614.00,613.00
638.00,614.00,637.00
612.00,615.00,635.00
635.00,615.00,639.00
614.00,638.00,616.00
638.00,640.00,616.00
615.00,617.00,639.00
639.00,617.00,641.00
616.00,640.00,618.00
640.00,642.00,618.00
617.00,619.00,641.00
641.00,619.00,643.00
618.00,642.00,620.00
642.00,644.00,620.00
645.00,619.00,621.00
645.00,646.00,619.00
646.00,643.00,619.00
621.00,622.00,645.00
623.00,647.00,624.00
623.00,648.00,647.00
623.00,620.00,648.00
620.00,644.00,648.00
649.00,646.00,645.00
650.00,646.00,649.00
622.00,625.00,651.00
622.00,651.00,645.00
645.00,651.00,649.00
625.00,626.00,651.00
647.00,652.00,653.00
647.00,653.00,624.00
624.00,653.00,627.00
648.00,652.00,647.00
649.00,654.00,650.00
651.00,654.00,649.00
655.00,654.00,651.00
626.00,655.00,651.00
626.00,628.00,655.00
628.00,656.00,655.00
653.00,628.00,627.00
656.00,628.00,653.00
632.00,657.00,658.00
631.00,657.00,632.00
633.00,632.00,659.00
632.00,658.00,659.00
659.00,634.00,633.00
660.00,634.00,659.00
636.00,661.00,662.00
635.00,661.00,636.00
657.00,631.00,636.00
662.00,657.00,636.00
634.00,660.00,663.00
637.00,634.00,663.00
663.00,638.00,637.00
664.00,638.00,663.00
635.00,639.00,661.00
661.00,639.00,665.00
638.00,664.00,640.00
664.00,666.00,640.00
639.00,641.00,665.00
665.00,641.00,667.00
640.00,666.00,642.00
666.00,668.00,642.00
641.00,643.00,667.00
667.00,643.00,669.00
642.00,668.00,644.00
668.00,670.00,644.00
643.00,646.00,669.00
669.00,646.00,671.00
644.00,670.00,648.00
670.00,672.00,648.00
646.00,650.00,671.00
671.00,650.00,673.00
652.00,674.00,675.00
653.00,652.00,675.00
672.00,652.00,648.00
674.00,652.00,672.00
650.00,676.00,673.00
654.00,676.00,650.00
655.00,677.00,654.00
654.00,677.00,676.00
656.00,678.00,655.00
655.00,678.00,677.00
675.00,656.00,653.00
678.00,656.00,675.00
658.00,679.00,680.00
657.00,679.00,658.00
659.00,658.00,681.00
658.00,680.00,681.00
681.00,660.00,659.00
682.00,660.00,681.00
662.00,683.00,684.00
661.00,683.00,662.00
679.00,657.00,662.00
684.00,679.00,662.00
660.00,682.00,685.00
663.00,660.00,685.00
685.00,664.00,663.00
686.00,664.00,685.00
661.00,665.00,683.00
683.00,665.00,687.00
664.00,686.00,666.00
686.00,688.00,666.00
665.00,667.00,687.00
687.00,667.00,689.00
666.00,688.00,668.00
688.00,690.00,668.00
667.00,669.00,689.00
689.00,669.00,691.00
668.00,690.00,670.00
690.00,692.00,670.00
669.00,671.00,691.00
691.00,671.00,693.00
670.00,692.00,672.00
692.00,694.00,672.00
671.00,673.00,693.00
693.00,673.00,695.00
674.00,696.00,675.00
674.00,697.00,696.00
674.00,672.00,697.00
672.00,694.00,697.00
673.00,698.00,695.00
676.00,698.00,673.00
677.00,699.00,676.00
676.00,699.00,698.00
678.00,700.00,677.00
677.00,700.00,699.00
696.00,678.00,675.00
696.00,701.00,678.00
701.00,700.00,678.00
697.00,701.00,696.00
680.00,679.00,702.00
680.00,703.00,681.00
702.00,703.00,680.00
681.00,703.00,682.00
684.00,704.00,705.00
683.00,704.00,684.00
702.00,679.00,684.00
702.00,684.00,706.00
706.00,684.00,705.00
703.00,702.00,706.00
707.00,703.00,706.00
682.00,703.00,707.00
682.00,707.00,685.00
685.00,707.00,708.00
708.00,686.00,685.00
709.00,686.00,708.00
683.00,687.00,704.00
704.00,687.00,710.00
686.00,709.00,688.00
709.00,711.00,688.00
687.00,689.00,710.00
710.00,689.00,712.00
688.00,711.00,690.00
711.00,713.00,690.00
689.00,691.00,712.00
712.00,691.00,714.00
690.00,713.00,692.00
713.00,715.00,692.00
691.00,693.00,714.00
714.00,693.00,716.00
692.00,715.00,694.00
715.00,717.00,694.00
693.00,695.00,716.00
716.00,695.00,718.00
694.00,717.00,697.00
717.00,719.00,697.00
695.00,720.00,718.00
698.00,720.00,695.00
721.00,722.00,720.00
721.00,720.00,699.00
699.00,720.00,698.00
723.00,721.00,699.00
723.00,699.00,724.00
724.00,699.00,700.00
701.00,725.00,700.00
700.00,725.00,724.00
719.00,701.00,697.00
725.00,701.00,719.00
721.00,726.00,722.00
723.00,726.00,721.00
705.00,704.00,727.00
728.00,705.00,727.00
728.00,729.00,705.00
729.00,706.00,705.00
707.00,706.00,730.00
706.00,729.00,730.00
731.00,730.00,732.00
731.00,708.00,730.00
708.00,707.00,730.00
708.00,731.00,709.00
727.00,733.00,734.00
727.00,704.00,733.00
704.00,710.00,733.00
728.00,727.00,734.00
731.00,732.00,735.00
735.00,709.00,731.00
735.00,736.00,709.00
736.00,711.00,709.00
710.00,712.00,733.00
733.00,712.00,737.00
711.00,736.00,713.00
736.00,738.00,713.00
712.00,714.00,737.00
737.00,714.00,739.00
713.00,738.00,715.00
738.00,740.00,715.00
714.00,716.00,739.00
739.00,716.00,741.00
715.00,740.00,717.00
740.00,742.00,717.00
716.00,718.00,741.00
741.00,718.00,743.00
717.00,742.00,719.00
742.00,744.00,719.00
718.00,745.00,743.00
720.00,745.00,718.00
745.00,720.00,722.00
746.00,745.00,722.00
724.00,747.00,723.00
748.00,747.00,724.00
748.00,724.00,749.00
749.00,724.00,725.00
744.00,725.00,719.00
749.00,725.00,744.00
722.00,750.00,746.00
726.00,750.00,722.00
747.00,726.00,723.00
747.00,751.00,726.00
751.00,750.00,726.00
748.00,751.00,747.00
729.00,752.00,753.00
728.00,752.00,729.00
730.00,729.00,754.00
729.00,753.00,754.00
754.00,732.00,730.00
755.00,732.00,754.00
734.00,756.00,757.00
733.00,756.00,734.00
752.00,728.00,734.00
757.00,752.00,734.00
732.00,755.00,758.00
735.00,732.00,758.00
758.00,736.00,735.00
759.00,736.00,758.00
733.00,737.00,756.00
756.00,737.00,760.00
736.00,759.00,738.00
759.00,761.00,738.00
737.00,739.00,760.00
760.00,739.00,762.00
738.00,761.00,740.00
761.00,763.00,740.00
739.00,741.00,762.00
762.00,741.00,764.00
740.00,763.00,742.00
763.00,765.00,742.00
741.00,743.00,764.00
764.00,743.00,766.00
742.00,765.00,744.00
765.00,767.00,744.00
768.00,743.00,745.00
768.00,769.00,743.00
769.00,766.00,743.00
745.00,746.00,768.00
749.00,770.00,748.00
749.00,771.00,770.00
749.00,744.00,771.00
744.00,767.00,771.00
768.00,772.00,769.00
746.00,772.00,768.00
746.00,750.00,772.00
750.00,773.00,772.00
774.00,775.00,773.00
774.00,773.00,751.00
751.00,773.00,750.00
751.00,776.00,774.00
748.00,776.00,751.00
748.00,777.00,776.00
748.00,770.00,777.00
771.00,777.00,770.00
774.00,778.00,775.00
776.00,778.00,774.00
753.00,752.00,779.00
753.00,780.00,754.00
779.00,780.00,753.00
754.00,780.00,755.00
757.00,756.00,781.00
757.00,781.00,782.00
752.00,757.00,782.00
752.00,782.00,783.00
752.00,783.00,779.00
780.00,779.00,783.00
784.00,780.00,783.00
785.00,784.00,786.00
758.00,784.00,785.00
758.00,780.00,784.00
758.00,755.00,780.00
758.00,785.00,759.00
781.00,787.00,788.00
781.00,756.00,787.00
756.00,760.00,787.00
782.00,781.00,788.00
785.00,786.00,789.00
789.00,759.00,785.00
789.00,790.00,759.00
790.00,761.00,759.00
760.00,762.00,787.00
787.00,762.00,791.00
761.00,790.00,763.00
790.00,792.00,763.00
793.00,794.00,795.00
793.00,795.00,791.00
793.00,791.00,764.00
764.00,791.00,762.00
763.00,792.00,765.00
792.00,796.00,765.00
797.00,794.00,793.00
798.00,794.00,797.00
764.00,766.00,797.00
793.00,764.00,797.00
765.00,796.00,767.00
796.00,799.00,767.00
797.00,800.00,798.00
800.00,797.00,766.00
800.00,766.00,801.00
801.00,766.00,769.00
767.00,799.00,771.00
799.00,802.00,771.00
769.00,803.00,801.00
772.00,803.00,769.00
804.00,805.00,803.00
804.00,803.00,773.00
773.00,803.00,772.00
773.00,775.00,804.00
777.00,806.00,807.00
776.00,777.00,807.00
802.00,777.00,771.00
806.00,777.00,802.00
804.00,808.00,805.00
775.00,808.00,804.00
775.00,778.00,808.00
778.00,809.00,808.00
807.00,778.00,776.00
809.00,778.00,807.00
783.00,810.00,811.00
782.00,810.00,783.00
784.00,783.00,812.00
783.00,811.00,812.00
812.00,786.00,784.00
813.00,786.00,812.00
788.00,814.00,815.00
787.00,814.00,788.00
810.00,782.00,788.00
815.00,810.00,788.00
786.00,813.00,816.00
789.00,786.00,816.00
816.00,790.00,789.00
817.00,790.00,816.00
787.00,791.00,814.00
814.00,791.00,818.00
790.00,817.00,792.00
817.00,819.00,792.00
795.00,820.00,821.00
794.00,820.00,795.00
818.00,791.00,795.00
821.00,818.00,795.00
792.00,819.00,796.00
819.00,822.00,796.00
794.00,798.00,820.00
820.00,798.00,823.00
796.00,822.00,799.00
822.00,824.00,799.00
825.00,798.00,800.00
825.00,826.00,798.00
826.00,823.00,798.00
800.00,801.00,825.00
799.00,824.00,802.00
824.00,827.00,802.00
825.00,828.00,826.00
829.00,830.00,828.00
803.00,829.00,828.00
803.00,828.00,825.00
803.00,825.00,801.00
803.00,805.00,829.00
806.00,831.00,807.00
806.00,832.00,831.00
806.00,802.00,832.00
802.00,827.00,832.00
833.00,830.00,829.00
834.00,830.00,833.00
805.00,833.00,829.00
805.00,835.00,833.00
805.00,808.00,835.00
835.00,836.00,833.00
809.00,837.00,808.00
808.00,837.00,835.00
831.00,809.00,807.00
831.00,838.00,809.00
838.00,837.00,809.00
832.00,838.00,831.00
833.00,839.00,834.00
836.00,839.00,833.00
811.00,840.00,841.00
810.00,840.00,811.00
842.00,841.00,843.00
842.00,812.00,841.00
812.00,811.00,841.00
812.00,842.00,813.00
815.00,844.00,845.00
814.00,844.00,815.00
840.00,810.00,815.00
845.00,840.00,815.00
842.00,843.00,846.00
847.00,846.00,848.00
816.00,846.00,847.00
816.00,842.00,846.00
816.00,813.00,842.00
816.00,847.00,817.00
814.00,818.00,844.00
844.00,818.00,849.00
847.00,848.00,850.00
850.00,817.00,847.00
850.00,851.00,817.00
851.00,819.00,817.00
821.00,852.00,853.00
820.00,852.00,821.00
849.00,818.00,821.00
853.00,849.00,821.00
819.00,851.00,822.00
851.00,854.00,822.00
820.00,823.00,852.00
852.00,823.00,855.00
822.00,854.00,824.00
854.00,856.00,824.00
823.00,826.00,855.00
855.00,826.00,857.00
824.00,856.00,827.00
856.00,858.00,827.00
859.00,826.00,828.00
859.00,860.00,826.00
860.00,857.00,826.00
828.00,830.00,859.00
827.00,858.00,832.00
858.00,861.00,832.00
859.00,862.00,860.00
862.00,859.00,830.00
862.00,830.00,863.00
863.00,830.00,834.00
835.00,864.00,865.00
836.00,835.00,865.00
866.00,867.00,864.00
866.00,864.00,837.00
837.00,864.00,835.00
868.00,866.00,837.00
868.00,837.00,869.00
869.00,837.00,838.00
861.00,838.00,832.00
869.00,838.00,861.00
834.00,870.00,863.00
839.00,870.00,834.00
865.00,839.00,836.00
870.00,839.00,865.00
866.00,871.00,867.00
868.00,871.00,866.00
841.00,840.00,872.00
841.00,872.00,843.00
845.00,873.00,874.00
844.00,873.00,845.00
872.00,840.00,845.00
872.00,845.00,875.00
875.00,845.00,874.00
843.00,872.00,875.00
843.00,875.00,846.00
846.00,875.00,876.00
876.00,848.00,846.00
877.00,848.00,876.00
844.00,849.00,873.00
873.00,849.00,878.00
879.00,850.00,848.00
879.00,848.00,880.00
880.00,848.00,877.00
850.00,879.00,851.00
853.00,881.00,882.00
852.00,881.00,853.00
878.00,849.00,853.00
882.00,878.00,853.00
879.00,880.00,883.00
883.00,851.00,879.00
883.00,884.00,851.00
884.00,854.00,851.00
852.00,855.00,881.00
881.00,855.00,885.00
854.00,884.00,856.00
884.00,886.00,856.00
855.00,857.00,885.00
885.00,857.00,887.00
856.00,886.00,858.00
886.00,888.00,858.00
857.00,860.00,887.00
887.00,860.00,889.00
858.00,888.00,861.00
888.00,890.00,861.00
891.00,860.00,862.00
891.00,892.00,860.00
892.00,889.00,860.00
862.00,863.00,891.00
864.00,893.00,865.00
864.00,867.00,893.00
869.00,894.00,868.00
869.00,895.00,894.00
869.00,861.00,895.00
861.00,890.00,895.00
891.00,896.00,892.00
897.00,898.00,896.00
870.00,897.00,896.00
870.00,896.00,891.00
870.00,891.00,863.00
870.00,899.00,897.00
865.00,899.00,870.00
865.00,900.00,899.00
865.00,893.00,900.00
901.00,902.00,900.00
871.00,901.00,900.00
871.00,900.00,893.00
871.00,893.00,867.00
871.00,903.00,901.00
868.00,903.00,871.00
868.00,904.00,903.00
868.00,894.00,904.00
895.00,904.00,894.00
897.00,905.00,898.00
899.00,905.00,897.00
901.00,906.00,902.00
903.00,906.00,901.00
874.00,873.00,907.00
874.00,908.00,875.00
907.00,908.00,874.00
875.00,909.00,876.00
908.00,909.00,875.00
876.00,909.00,877.00
907.00,910.00,911.00
907.00,873.00,910.00
873.00,878.00,910.00
908.00,907.00,911.00
912.00,908.00,911.00
909.00,908.00,912.00
913.00,909.00,912.00
913.00,877.00,909.00
913.00,914.00,877.00
914.00,880.00,877.00
882.00,915.00,916.00
881.00,915.00,882.00
910.00,878.00,882.00
916.00,910.00,882.00
880.00,914.00,917.00
883.00,880.00,917.00
917.00,884.00,883.00
918.00,884.00,917.00
881.00,885.00,915.00
915.00,885.00,919.00
884.00,918.00,886.00
918.00,920.00,886.00
885.00,887.00,919.00
919.00,887.00,921.00
886.00,920.00,888.00
920.00,922.00,888.00
887.00,889.00,921.00
921.00,889.00,923.00
888.00,922.00,890.00
922.00,924.00,890.00
889.00,892.00,923.00
923.00,892.00,925.00
890.00,924.00,895.00
924.00,926.00,895.00
927.00,892.00,896.00
927.00,928.00,892.00
928.00,925.00,892.00
896.00,898.00,927.00
900.00,929.00,899.00
900.00,902.00,929.00
904.00,930.00,931.00
903.00,904.00,931.00
926.00,904.00,895.00
930.00,904.00,926.00
927.00,932.00,928.00
933.00,934.00,932.00
905.00,933.00,932.00
905.00,932.00,927.00
905.00,927.00,898.00
905.00,935.00,933.00
899.00,935.00,905.00
899.00,936.00,935.00
899.00,929.00,936.00
902.00,936.00,929.00
902.00,906.00,936.00
906.00,937.00,936.00
931.00,906.00,903.00
937.00,906.00,931.00
933.00,938.00,934.00
935.00,938.00,933.00
911.00,939.00,940.00
910.00,939.00,911.00
912.00,911.00,941.00
911.00,940.00,941.00
942.00,941.00,943.00
942.00,913.00,941.00
913.00,912.00,941.00
913.00,942.00,914.00
916.00,944.00,945.00
915.00,944.00,916.00
939.00,910.00,916.00
945.00,939.00,916.00
942.00,943.00,946.00
947.00,946.00,948.00
917.00,946.00,947.00
917.00,942.00,946.00
917.00,914.00,942.00
917.00,947.00,918.00
949.00,950.00,951.00
949.00,951.00,944.00
949.00,944.00,919.00
919.00,944.00,915.00
947.00,948.00,952.00
952.00,918.00,947.00
952.00,953.00,918.00
953.00,920.00,918.00
954.00,950.00,949.00
955.00,950.00,954.00
919.00,921.00,954.00
949.00,919.00,954.00
920.00,953.00,922.00
953.00,956.00,922.00
957.00,955.00,954.00
958.00,955.00,957.00
921.00,923.00,957.00
954.00,921.00,957.00
922.00,956.00,924.00
956.00,959.00,924.00
960.00,958.00,957.00
961.00,958.00,960.00
923.00,925.00,960.00
957.00,923.00,960.00
924.00,959.00,926.00
959.00,962.00,926.00
960.00,963.00,961.00
963.00,960.00,925.00
963.00,925.00,964.00
964.00,925.00,928.00
930.00,965.00,931.00
930.00,966.00,965.00
930.00,926.00,966.00
926.00,962.00,966.00
928.00,967.00,964.00
932.00,967.00,928.00
967.00,932.00,934.00
968.00,967.00,934.00
936.00,969.00,935.00
936.00,937.00,970.00
969.00,936.00,970.00
937.00,971.00,970.00
931.00,971.00,937.00
931.00,972.00,971.00
931.00,965.00,972.00
966.00,972.00,965.00
934.00,973.00,968.00
938.00,973.00,934.00
969.00,938.00,935.00
969.00,974.00,938.00
974.00,973.00,938.00
970.00,974.00,969.00
975.00,974.00,970.00
971.00,975.00,970.00
940.00,939.00,976.00
940.00,977.00,941.00
976.00,977.00,940.00
941.00,977.00,943.00
945.00,978.00,979.00
944.00,978.00,945.00
976.00,939.00,945.00
976.00,945.00,980.00
980.00,945.00,979.00
977.00,976.00,980.00
981.00,977.00,980.00
982.00,981.00,983.00
946.00,981.00,982.00
946.00,977.00,981.00
946.00,943.00,977.00
946.00,982.00,948.00
951.00,984.00,985.00
950.00,984.00,951.00
978.00,944.00,951.00
985.00,978.00,951.00
982.00,983.00,986.00
987.00,986.00,988.00
952.00,986.00,987.00
952.00,982.00,986.00
952.00,948.00,982.00
952.00,987.00,953.00
989.00,990.00,991.00
989.00,991.00,984.00
989.00,984.00,955.00
955.00,984.00,950.00
987.00,988.00,992.00
992.00,953.00,987.00
992.00,993.00,953.00
993.00,956.00,953.00
994.00,990.00,989.00
995.00,990.00,994.00
955.00,958.00,994.00
989.00,955.00,994.00
956.00,993.00,959.00
993.00,996.00,959.00
997.00,995.00,994.00
998.00,995.00,997.00
958.00,961.00,997.00
994.00,958.00,997.00
959.00,996.00,962.00
996.00,999.00,962.00
1000.00,998.00,997.00
1001.00,998.00,1000.00
961.00,963.00,1002.00
961.00,1002.00,997.00
997.00,1002.00,1000.00
963.00,964.00,1002.00
962.00,999.00,966.00
999.00,1003.00,966.00
1000.00,1004.00,1001.00
1002.00,1004.00,1000.00
1005.00,1004.00,1002.00
964.00,1005.00,1002.00
964.00,967.00,1005.00
967.00,1006.00,1005.00
1006.00,967.00,968.00
1007.00,1006.00,968.00
972.00,1008.00,971.00
972.00,1009.00,1008.00
972.00,966.00,1009.00
966.00,1003.00,1009.00
968.00,1010.00,1007.00
973.00,1010.00,968.00
1011.00,1012.00,1010.00
1011.00,1010.00,974.00
974.00,1010.00,973.00
974.00,975.00,1013.00
1011.00,974.00,1013.00
975.00,1014.00,1013.00
971.00,1014.00,975.00
971.00,1015.00,1014.00
971.00,1008.00,1015.00
1009.00,1015.00,1008.00
1011.00,1016.00,1012.00
1013.00,1016.00,1011.00
1017.00,1016.00,1013.00
1014.00,1017.00,1013.00
979.00,1018.00,1019.00
978.00,1018.00,979.00
980.00,979.00,1020.00
979.00,1019.00,1020.00
981.00,980.00,1021.00
980.00,1020.00,1021.00
1021.00,983.00,981.00
1022.00,983.00,1021.00
1023.00,1024.00,1025.00
1023.00,985.00,984.00
1023.00,1025.00,985.00
1025.00,1026.00,985.00
1018.00,978.00,985.00
1026.00,1018.00,985.00
983.00,1022.00,1027.00
986.00,983.00,1027.00
1027.00,988.00,986.00
1028.00,988.00,1027.00
991.00,1024.00,1023.00
991.00,990.00,1024.00
990.00,1029.00,1024.00
984.00,991.00,1023.00
1030.00,992.00,988.00
1030.00,988.00,1031.00
1031.00,988.00,1028.00
992.00,1030.00,993.00
990.00,995.00,1029.00
1029.00,995.00,1032.00
1030.00,1031.00,1033.00
1033.00,993.00,1030.00
1033.00,1034.00,993.00
1034.00,996.00,993.00
995.00,998.00,1032.00
1032.00,998.00,1035.00
996.00,1034.00,999.00
1034.00,1036.00,999.00
998.00,1001.00,1035.00
1035.00,1001.00,1037.00
999.00,1036.00,1003.00
1036.00,1038.00,1003.00
1001.00,1039.00,1037.00
1004.00,1039.00,1001.00
1005.00,1040.00,1004.00
1004.00,1040.00,1039.00
1006.00,1041.00,1005.00
1005.00,1041.00,1040.00
1041.00,1006.00,1007.00
1042.00,1041.00,1007.00
1003.00,1038.00,1009.00
1038.00,1043.00,1009.00
1044.00,1007.00,1010.00
1044.00,1045.00,1007.00
1045.00,1042.00,1007.00
1010.00,1012.00,1044.00
1015.00,1046.00,1014.00
1015.00,1047.00,1046.00
1015.00,1009.00,1047.00
1009.00,1043.00,1047.00
1048.00,1045.00,1044.00
1049.00,1045.00,1048.00
1012.00,1016.00,1050.00
1012.00,1050.00,1044.00
1044.00,1050.00,1048.00
1016.00,1017.00,1051.00
1050.00,1016.00,1051.00
1017.00,1052.00,1051.00
1014.00,1052.00,1017.00
1014.00,1053.00,1052.00
1014.00,1046.00,1053.00
1047.00,1053.00,1046.00
1048.00,1054.00,1049.00
1050.00,1054.00,1048.00
1055.00,1054.00,1050.00
1051.00,1055.00,1050.00
1056.00,1055.00,1051.00
1052.00,1056.00,1051.00
1019.00,1018.00,1057.00
1019.00,1058.00,1020.00
1057.00,1058.00,1019.00
1020.00,1059.00,1021.00
1058.00,1059.00,1020.00
1021.00,1059.00,1022.00
1025.00,1060.00,1061.00
1024.00,1060.00,1025.00
1026.00,1025.00,1062.00
1025.00,1061.00,1062.00
1057.00,1018.00,1026.00
1057.00,1026.00,1063.00
1063.00,1026.00,1062.00
1058.00,1057.00,1063.00
1064.00,1058.00,1063.00
1064.00,1065.00,1066.00
1064.00,1066.00,1058.00
1058.00,1066.00,1059.00
1022.00,1067.00,1027.00
1022.00,1059.00,1067.00
1059.00,1066.00,1067.00
1027.00,1067.00,1028.00
1024.00,1029.00,1060.00
1060.00,1029.00,1068.00
1066.00,1065.00,1069.00
1067.00,1066.00,1069.00
1070.00,1067.00,1069.00
1070.00,1028.00,1067.00
1070.00,1071.00,1028.00
1071.00,1031.00,1028.00
1072.00,1073.00,1074.00
1072.00,1074.00,1068.00
1072.00,1068.00,1032.00
1032.00,1068.00,1029.00
1031.00,1071.00,1075.00
1033.00,1031.00,1075.00
1075.00,1034.00,1033.00
1076.00,1034.00,1075.00
1077.00,1073.00,1072.00
1078.00,1073.00,1077.00
1032.00,1035.00,1077.00
1072.00,1032.00,1077.00
1034.00,1076.00,1036.00
1076.00,1079.00,1036.00
1080.00,1078.00,1077.00
1081.00,1078.00,1080.00
1035.00,1037.00,1080.00
1077.00,1035.00,1080.00
1036.00,1079.00,1038.00
1079.00,1082.00,1038.00
1080.00,1083.00,1081.00
1084.00,1085.00,1083.00
1039.00,1084.00,1083.00
1039.00,1083.00,1080.00
1039.00,1080.00,1037.00
1039.00,1040.00,1086.00
1084.00,1039.00,1086.00
1087.00,1086.00,1040.00
1087.00,1040.00,1088.00
1088.00,1040.00,1041.00
1088.00,1041.00,1042.00
1089.00,1088.00,1042.00
1038.00,1082.00,1043.00
1082.00,1090.00,1043.00
1084.00,1091.00,1085.00
1086.00,1091.00,1084.00
1092.00,1091.00,1086.00
1087.00,1092.00,1086.00
1042.00,1045.00,1089.00
1089.00,1045.00,1093.00
1043.00,1090.00,1047.00
1090.00,1094.00,1047.00
1045.00,1049.00,1093.00
1093.00,1049.00,1095.00
1053.00,1096.00,1097.00
1052.00,1053.00,1097.00
1094.00,1053.00,1047.00
1096.00,1053.00,1094.00
1098.00,1049.00,1054.00
1098.00,1099.00,1049.00
1099.00,1095.00,1049.00
1054.00,1055.00,1100.00
1098.00,1054.00,1100.00
1055.00,1056.00,1101.00
1100.00,1055.00,1101.00
1056.00,1102.00,1101.00
1056.00,1052.00,1102.00
1052.00,1097.00,1102.00
1103.00,1099.00,1098.00
1104.00,1099.00,1103.00
1100.00,1105.00,1098.00
1105.00,1103.00,1098.00
1101.00,1106.00,1100.00
1106.00,1105.00,1100.00
1107.00,1101.00,1102.00
1106.00,1101.00,1107.00
1108.00,1104.00,1103.00
1109.00,1104.00,1108.00
1110.00,1105.00,1111.00
1110.00,1108.00,1105.00
1108.00,1103.00,1105.00
1106.00,1111.00,1105.00
1112.00,1111.00,1106.00
1107.00,1112.00,1106.00
1108.00,1113.00,1109.00
1110.00,1113.00,1108.00
1061.00,1114.00,1115.00
1060.00,1114.00,1061.00
1062.00,1061.00,1116.00
1061.00,1115.00,1116.00
1063.00,1062.00,1117.00
1062.00,1116.00,1117.00
1118.00,1117.00,1119.00
1118.00,1064.00,1117.00
1064.00,1063.00,1117.00
1064.00,1118.00,1065.00
1120.00,1121.00,1122.00
1120.00,1122.00,1114.00
1120.00,1114.00,1068.00
1068.00,1114.00,1060.00
1118.00,1119.00,1123.00
1124.00,1123.00,1125.00
1069.00,1123.00,1124.00
1069.00,1118.00,1123.00
1069.00,1065.00,1118.00
1069.00,1126.00,1070.00
1124.00,1126.00,1069.00
1070.00,1126.00,1071.00
1074.00,1121.00,1120.00
1074.00,1073.00,1121.00
1073.00,1127.00,1121.00
1068.00,1074.00,1120.00
1124.00,1125.00,1128.00
1128.00,1129.00,1130.00
1128.00,1130.00,1124.00
1124.00,1130.00,1126.00
1071.00,1131.00,1075.00
1071.00,1126.00,1131.00
1126.00,1130.00,1131.00
1075.00,1131.00,1076.00
1132.00,1133.00,1134.00
1132.00,1134.00,1127.00
1132.00,1127.00,1078.00
1078.00,1127.00,1073.00
1130.00,1129.00,1135.00
1131.00,1130.00,1135.00
1136.00,1131.00,1135.00
1136.00,1076.00,1131.00
1136.00,1137.00,1076.00
1137.00,1079.00,1076.00
1138.00,1133.00,1132.00
1139.00,1133.00,1138.00
1078.00,1081.00,1138.00
1132.00,1078.00,1138.00
1079.00,1137.00,1082.00
1137.00,1140.00,1082.00
1141.00,1139.00,1138.00
1142.00,1139.00,1141.00
1081.00,1141.00,1138.00
1081.00,1143.00,1141.00
1081.00,1083.00,1143.00
1143.00,1144.00,1141.00
1143.00,1083.00,1085.00
1145.00,1143.00,1085.00
1088.00,1146.00,1147.00
1087.00,1088.00,1147.00
1146.00,1088.00,1089.00
1148.00,1146.00,1089.00
1082.00,1140.00,1090.00
1140.00,1149.00,1090.00
1141.00,1150.00,1142.00
1144.00,1150.00,1141.00
1085.00,1151.00,1145.00
1091.00,1151.00,1085.00
1092.00,1152.00,1091.00
1091.00,1152.00,1151.00
1147.00,1092.00,1087.00
1152.00,1092.00,1147.00
1089.00,1093.00,1148.00
1148.00,1093.00,1153.00
1090.00,1149.00,1094.00
1149.00,1154.00,1094.00
1093.00,1095.00,1153.00
1153.00,1095.00,1155.00
1096.00,1156.00,1097.00
1096.00,1157.00,1156.00
1096.00,1094.00,1157.00
1094.00,1154.00,1157.00
1095.00,1099.00,1155.00
1155.00,1099.00,1158.00
1156.00,1159.00,1102.00
1097.00,1156.00,1102.00
1160.00,1156.00,1157.00
1159.00,1156.00,1160.00
1099.00,1104.00,1158.00
1158.00,1104.00,1161.00
1159.00,1162.00,1163.00
1159.00,1163.00,1102.00
1102.00,1163.00,1107.00
1160.00,1162.00,1159.00
1104.00,1109.00,1161.00
1161.00,1109.00,1164.00
1111.00,1165.00,1110.00
1111.00,1112.00,1166.00
1165.00,1111.00,1166.00
1112.00,1167.00,1166.00
1112.00,1107.00,1167.00
1107.00,1163.00,1167.00
1168.00,1109.00,1113.00
1168.00,1169.00,1109.00
1169.00,1164.00,1109.00
1113.00,1110.00,1165.00
1113.00,1165.00,1168.00
1168.00,1165.00,1170.00
1171.00,1166.00,1172.00
1171.00,1170.00,1166.00
1170.00,1165.00,1166.00
1167.00,1172.00,1166.00
1173.00,1169.00,1168.00
1174.00,1169.00,1173.00
1170.00,1175.00,1168.00
1175.00,1173.00,1168.00
1176.00,1170.00,1171.00
1175.00,1170.00,1176.00
1177.00,1174.00,1173.00
1178.00,1174.00,1177.00
1175.00,1179.00,1173.00
1179.00,1177.00,1173.00
1180.00,1175.00,1176.00
1179.00,1175.00,1180.00
1177.00,1181.00,1178.00
1179.00,1181.00,1177.00
1182.00,1181.00,1179.00
1180.00,1182.00,1179.00
1115.00,1183.00,1184.00
1114.00,1183.00,1115.00
1116.00,1115.00,1185.00
1115.00,1184.00,1185.00
1186.00,1185.00,1187.00
1186.00,1117.00,1185.00
1117.00,1116.00,1185.00
1117.00,1186.00,1119.00
1122.00,1188.00,1189.00
1121.00,1188.00,1122.00
1183.00,1114.00,1122.00
1189.00,1183.00,1122.00
1186.00,1187.00,1190.00
1191.00,1190.00,1192.00
1123.00,1190.00,1191.00
1123.00,1186.00,1190.00
1123.00,1119.00,1186.00
1123.00,1191.00,1125.00
1193.00,1194.00,1195.00
1193.00,1195.00,1188.00
1193.00,1188.00,1127.00
1127.00,1188.00,1121.00
1191.00,1192.00,1196.00
1197.00,1196.00,1198.00
1128.00,1196.00,1197.00
1128.00,1191.00,1196.00
1128.00,1125.00,1191.00
1128.00,1197.00,1129.00
1134.00,1194.00,1193.00
1134.00,1133.00,1194.00
1133.00,1199.00,1194.00
1127.00,1134.00,1193.00
1197.00,1198.00,1200.00
1201.00,1200.00,1202.00
1135.00,1200.00,1201.00
1135.00,1197.00,1200.00
1135.00,1129.00,1197.00
1135.00,1203.00,1136.00
1201.00,1203.00,1135.00
1136.00,1203.00,1137.00
1133.00,1139.00,1199.00
1199.00,1139.00,1204.00
1205.00,1201.00,1202.00
1206.00,1205.00,1202.00
1203.00,1201.00,1207.00
1207.00,1201.00,1205.00
1137.00,1207.00,1140.00
1203.00,1207.00,1137.00
1139.00,1142.00,1204.00
1204.00,1142.00,1208.00
1143.00,1209.00,1144.00
1143.00,1145.00,1209.00
1146.00,1210.00,1211.00
1147.00,1146.00,1211.00
1210.00,1146.00,1148.00
1212.00,1210.00,1148.00
1213.00,1205.00,1206.00
1214.00,1213.00,1206.00
1215.00,1216.00,1207.00
1215.00,1207.00,1213.00
1213.00,1207.00,1205.00
1216.00,1140.00,1207.00
1216.00,1217.00,1140.00
1217.00,1149.00,1140.00
1142.00,1218.00,1208.00
1150.00,1218.00,1142.00
1209.00,1150.00,1144.00
1209.00,1219.00,1150.00
1219.00,1218.00,1150.00
1220.00,1221.00,1219.00
1151.00,1220.00,1219.00
1151.00,1219.00,1209.00
1151.00,1209.00,1145.00
1222.00,1220.00,1151.00
1222.00,1151.00,1223.00
1223.00,1151.00,1152.00
1211.00,1152.00,1147.00
1223.00,1152.00,1211.00
1148.00,1153.00,1212.00
1212.00,1153.00,1224.00
1213.00,1214.00,1225.00
1215.00,1213.00,1225.00
1149.00,1217.00,1154.00
1217.00,1226.00,1154.00
1220.00,1227.00,1221.00
1222.00,1227.00,1220.00
1153.00,1155.00,1224.00
1224.00,1155.00,1228.00
1154.00,1226.00,1157.00
1226.00,1229.00,1157.00
1155.00,1158.00,1228.00
1228.00,1158.00,1230.00
1157.00,1229.00,1160.00
1229.00,1231.00,1160.00
1158.00,1161.00,1230.00
1230.00,1161.00,1232.00
1162.00,1233.00,1234.00
1163.00,1162.00,1234.00
1231.00,1162.00,1160.00
1233.00,1162.00,1231.00
1161.00,1164.00,1232.00
1232.00,1164.00,1235.00
1163.00,1234.00,1167.00
1234.00,1236.00,1167.00
1164.00,1169.00,1235.00
1235.00,1169.00,1237.00
1172.00,1238.00,1171.00
1172.00,1239.00,1238.00
1172.00,1167.00,1239.00
1167.00,1236.00,1239.00
1169.00,1174.00,1237.00
1237.00,1174.00,1240.00
1238.00,1241.00,1242.00
1238.00,1242.00,1171.00
1171.00,1242.00,1176.00
1239.00,1241.00,1238.00
1174.00,1178.00,1240.00
1240.00,1178.00,1243.00
1176.00,1242.00,1180.00
1242.00,1244.00,1180.00
1245.00,1178.00,1181.00
1245.00,1246.00,1178.00
1246.00,1243.00,1178.00
1181.00,1182.00,1247.00
1245.00,1181.00,1247.00
1182.00,1248.00,1247.00
1182.00,1180.00,1248.00
1180.00,1244.00,1248.00
1249.00,1246.00,1245.00
1250.00,1246.00,1249.00
1251.00,1247.00,1252.00
1251.00,1249.00,1247.00
1249.00,1245.00,1247.00
1248.00,1252.00,1247.00
1249.00,1253.00,1250.00
1251.00,1253.00,1249.00
1184.00,1183.00,1254.00
1184.00,1255.00,1185.00
1254.00,1255.00,1184.00
1185.00,1255.00,1187.00
1189.00,1256.00,1257.00
1188.00,1256.00,1189.00
1254.00,1183.00,1189.00
1254.00,1189.00,1258.00
1258.00,1189.00,1257.00
1255.00,1254.00,1258.00
1259.00,1255.00,1258.00
1260.00,1259.00,1261.00
1190.00,1259.00,1260.00
1190.00,1255.00,1259.00
1190.00,1187.00,1255.00
1190.00,1260.00,1192.00
1195.00,1262.00,1263.00
1194.00,1262.00,1195.00
1256.00,1188.00,1195.00
1263.00,1256.00,1195.00
1264.00,1260.00,1261.00
1265.00,1264.00,1261.00
1192.00,1266.00,1196.00
1192.00,1260.00,1266.00
1260.00,1264.00,1266.00
1196.00,1266.00,1198.00
1194.00,1199.00,1262.00
1262.00,1199.00,1267.00
1268.00,1264.00,1265.00
1269.00,1268.00,1265.00
1266.00,1264.00,1270.00
1270.00,1264.00,1268.00
1198.00,1271.00,1200.00
1198.00,1266.00,1271.00
1266.00,1270.00,1271.00
1200.00,1271.00,1202.00
1199.00,1204.00,1267.00
1267.00,1204.00,1272.00
1273.00,1268.00,1269.00
1274.00,1273.00,1269.00
1270.00,1268.00,1275.00
1275.00,1268.00,1273.00
1271.00,1270.00,1276.00
1276.00,1270.00,1275.00
1202.00,1276.00,1206.00
1271.00,1276.00,1202.00
1204.00,1208.00,1272.00
1272.00,1208.00,1277.00
1210.00,1273.00,1274.00
1210.00,1274.00,1211.00
1211.00,1274.00,1278.00
1279.00,1275.00,1273.00
1279.00,1273.00,1212.00
1279.00,1212.00,1280.00
1210.00,1212.00,1273.00
1279.00,1281.00,1282.00
1279.00,1282.00,1275.00
1275.00,1282.00,1276.00
1206.00,1282.00,1214.00
1276.00,1282.00,1206.00
1216.00,1283.00,1284.00
1215.00,1283.00,1216.00
1284.00,1217.00,1216.00
1285.00,1217.00,1284.00
1286.00,1208.00,1218.00
1286.00,1287.00,1208.00
1287.00,1277.00,1208.00
1288.00,1286.00,1218.00
1288.00,1218.00,1289.00
1289.00,1218.00,1219.00
1289.00,1219.00,1221.00
1290.00,1289.00,1221.00
1223.00,1291.00,1292.00
1222.00,1223.00,1292.00
1278.00,1223.00,1211.00
1291.00,1223.00,1278.00
1212.00,1224.00,1280.00
1280.00,1224.00,1293.00
1282.00,1281.00,1294.00
1295.00,1294.00,1296.00
1225.00,1294.00,1295.00
1225.00,1282.00,1294.00
1225.00,1214.00,1282.00
1225.00,1295.00,1297.00
1225.00,1297.00,1215.00
1215.00,1297.00,1283.00
1217.00,1285.00,1226.00
1285.00,1298.00,1226.00
1286.00,1299.00,1287.00
1288.00,1299.00,1286.00
1221.00,1300.00,1290.00
1227.00,1300.00,1221.00
1292.00,1227.00,1222.00
1300.00,1227.00,1292.00
1224.00,1228.00,1293.00
1293.00,1228.00,1301.00
1295.00,1296.00,1302.00
1297.00,1295.00,1302.00
1226.00,1298.00,1229.00
1298.00,1303.00,1229.00
1228.00,1230.00,1301.00
1301.00,1230.00,1304.00
1229.00,1303.00,1231.00
1303.00,1305.00,1231.00
1230.00,1232.00,1304.00
1304.00,1232.00,1306.00
1233.00,1307.00,1308.00
1234.00,1233.00,1308.00
1305.00,1233.00,1231.00
1307.00,1233.00,1305.00
1232.00,1235.00,1306.00
1306.00,1235.00,1309.00
1234.00,1308.00,1236.00
1308.00,1310.00,1236.00
1235.00,1237.00,1309.00
1309.00,1237.00,1311.00
1312.00,1313.00,1314.00
1312.00,1310.00,1313.00
1312.00,1239.00,1310.00
1239.00,1236.00,1310.00
1237.00,1240.00,1311.00
1311.00,1240.00,1315.00
1241.00,1312.00,1314.00
1241.00,1314.00,1242.00
1242.00,1314.00,1316.00
1239.00,1312.00,1241.00
1240.00,1243.00,1315.00
1315.00,1243.00,1317.00
1242.00,1316.00,1244.00
1316.00,1318.00,1244.00
1243.00,1246.00,1317.00
1317.00,1246.00,1319.00
1244.00,1318.00,1248.00
1318.00,1320.00,1248.00
1246.00,1250.00,1319.00
1319.00,1250.00,1321.00
1252.00,1322.00,1251.00
1252.00,1323.00,1322.00
1252.00,1248.00,1323.00
1248.00,1320.00,1323.00
1324.00,1250.00,1253.00
1324.00,1325.00,1250.00
1325.00,1321.00,1250.00
1253.00,1326.00,1324.00
1251.00,1326.00,1253.00
1251.00,1327.00,1326.00
1251.00,1322.00,1327.00
1323.00,1327.00,1322.00
1328.00,1325.00,1324.00
1329.00,1325.00,1328.00
1330.00,1324.00,1326.00
1328.00,1324.00,1330.00
1331.00,1329.00,1328.00
1332.00,1329.00,1331.00
1333.00,1328.00,1330.00
1331.00,1328.00,1333.00
1331.00,1334.00,1332.00
1333.00,1334.00,1331.00
1257.00,1335.00,1336.00
1256.00,1335.00,1257.00
1337.00,1336.00,1338.00
1337.00,1258.00,1336.00
1258.00,1257.00,1336.00
1258.00,1339.00,1259.00
1337.00,1339.00,1258.00
1259.00,1339.00,1261.00
1263.00,1340.00,1341.00
1262.00,1340.00,1263.00
1335.00,1256.00,1263.00
1341.00,1335.00,1263.00
1337.00,1338.00,1342.00
1339.00,1337.00,1342.00
1343.00,1339.00,1342.00
1343.00,1261.00,1339.00
1343.00,1344.00,1261.00
1344.00,1265.00,1261.00
1262.00,1267.00,1340.00
1340.00,1267.00,1345.00
1265.00,1344.00,1269.00
1344.00,1346.00,1269.00
1267.00,1272.00,1345.00
1345.00,1272.00,1347.00
1269.00,1346.00,1274.00
1346.00,1348.00,1274.00
1272.00,1277.00,1347.00
1347.00,1277.00,1349.00
1274.00,1348.00,1278.00
1348.00,1350.00,1278.00
1279.00,1280.00,1351.00
1279.00,1351.00,1281.00
1284.00,1283.00,1352.00
1284.00,1352.00,1285.00
1277.00,1287.00,1349.00
1349.00,1287.00,1353.00
1289.00,1354.00,1288.00
1289.00,1290.00,1354.00
1291.00,1355.00,1356.00
1292.00,1291.00,1356.00
1350.00,1291.00,1278.00
1355.00,1291.00,1350.00
1351.00,1293.00,1357.00
1280.00,1293.00,1351.00
1281.00,1358.00,1294.00
1281.00,1351.00,1358.00
1351.00,1357.00,1358.00
1294.00,1358.00,1296.00
1352.00,1297.00,1359.00
1283.00,1297.00,1352.00
1285.00,1359.00,1298.00
1352.00,1359.00,1285.00
1287.00,1360.00,1353.00
1299.00,1360.00,1287.00
1354.00,1299.00,1288.00
1354.00,1361.00,1299.00
1361.00,1360.00,1299.00
1290.00,1361.00,1354.00
1290.00,1300.00,1361.00
1300.00,1362.00,1361.00
1356.00,1300.00,1292.00
1362.00,1300.00,1356.00
1357.00,1363.00,1364.00
1357.00,1293.00,1363.00
1293.00,1301.00,1363.00
1364.00,1365.00,1366.00
1364.00,1366.00,1357.00
1357.00,1366.00,1358.00
1296.00,1367.00,1302.00
1296.00,1358.00,1367.00
1358.00,1366.00,1367.00
1302.00,1367.00,1368.00
1297.00,1302.00,1368.00
1297.00,1368.00,1369.00
1297.00,1369.00,1359.00
1369.00,1298.00,1359.00
1369.00,1370.00,1298.00
1370.00,1303.00,1298.00
1301.00,1304.00,1363.00
1363.00,1304.00,1371.00
1366.00,1365.00,1372.00
1372.00,1373.00,1374.00
1372.00,1374.00,1366.00
1366.00,1374.00,1367.00
1375.00,1368.00,1367.00
1374.00,1375.00,1367.00
1303.00,1370.00,1305.00
1370.00,1376.00,1305.00
1304.00,1306.00,1371.00
1371.00,1306.00,1377.00
1378.00,1374.00,1373.00
1379.00,1378.00,1373.00
1308.00,1307.00,1380.00
1308.00,1380.00,1374.00
1308.00,1374.00,1378.00
1375.00,1374.00,1380.00
1376.00,1307.00,1305.00
1380.00,1307.00,1376.00
1306.00,1309.00,1377.00
1377.00,1309.00,1381.00
1382.00,1378.00,1379.00
1383.00,1382.00,1379.00
1308.00,1382.00,1310.00
1378.00,1382.00,1308.00
1309.00,1311.00,1381.00
1381.00,1311.00,1384.00
1313.00,1382.00,1383.00
1313.00,1383.00,1314.00
1314.00,1383.00,1385.00
1310.00,1382.00,1313.00
1311.00,1315.00,1384.00
1384.00,1315.00,1386.00
1314.00,1385.00,1316.00
1385.00,1387.00,1316.00
1315.00,1317.00,1386.00
1386.00,1317.00,1388.00
1316.00,1387.00,1318.00
1387.00,1389.00,1318.00
1317.00,1319.00,1388.00
1388.00,1319.00,1390.00
1318.00,1389.00,1320.00
1389.00,1391.00,1320.00
1319.00,1321.00,1390.00
1390.00,1321.00,1392.00
1320.00,1391.00,1323.00
1391.00,1393.00,1323.00
1321.00,1325.00,1392.00
1392.00,1325.00,1394.00
1327.00,1395.00,1396.00
1326.00,1327.00,1396.00
1393.00,1327.00,1323.00
1395.00,1327.00,1393.00
1325.00,1329.00,1394.00
1394.00,1329.00,1397.00
1326.00,1396.00,1330.00
1396.00,1398.00,1330.00
1329.00,1332.00,1397.00
1397.00,1332.00,1399.00
1330.00,1398.00,1333.00
1398.00,1400.00,1333.00
1332.00,1401.00,1399.00
1334.00,1401.00,1332.00
1400.00,1334.00,1333.00
1401.00,1334.00,1400.00
1336.00,1402.00,1403.00
1335.00,1402.00,1336.00
1403.00,1338.00,1336.00
1404.00,1338.00,1403.00
1341.00,1405.00,1406.00
1340.00,1405.00,1341.00
1402.00,1335.00,1341.00
1406.00,1402.00,1341.00
1338.00,1404.00,1407.00
1342.00,1338.00,1407.00
1408.00,1407.00,1409.00
1408.00,1343.00,1407.00
1343.00,1342.00,1407.00
1343.00,1408.00,1344.00
1340.00,1345.00,1405.00
1405.00,1345.00,1410.00
1411.00,1408.00,1409.00
1412.00,1411.00,1409.00
1344.00,1411.00,1346.00
1408.00,1411.00,1344.00
1345.00,1347.00,1410.00
1410.00,1347.00,1413.00
1414.00,1411.00,1412.00
1415.00,1414.00,1412.00
1346.00,1414.00,1348.00
1411.00,1414.00,1346.00
1347.00,1349.00,1413.00
1413.00,1349.00,1416.00
1417.00,1418.00,1419.00
1415.00,1418.00,1417.00
1415.00,1417.00,1414.00
1414.00,1417.00,1420.00
1348.00,1420.00,1350.00
1414.00,1420.00,1348.00
1349.00,1353.00,1416.00
1416.00,1353.00,1421.00
1422.00,1417.00,1419.00
1423.00,1422.00,1419.00
1355.00,1422.00,1356.00
1355.00,1420.00,1422.00
1420.00,1417.00,1422.00
1350.00,1420.00,1355.00
1424.00,1353.00,1360.00
1424.00,1425.00,1353.00
1425.00,1421.00,1353.00
1426.00,1424.00,1360.00
1426.00,1360.00,1427.00
1427.00,1360.00,1361.00
1423.00,1362.00,1422.00
1423.00,1427.00,1362.00
1427.00,1361.00,1362.00
1356.00,1422.00,1362.00
1364.00,1363.00,1428.00
1364.00,1428.00,1365.00
1369.00,1368.00,1429.00
1369.00,1429.00,1370.00
1424.00,1430.00,1425.00
1426.00,1430.00,1424.00
1428.00,1371.00,1431.00
1363.00,1371.00,1428.00
1365.00,1432.00,1372.00
1365.00,1428.00,1432.00
1428.00,1431.00,1432.00
1372.00,1432.00,1373.00
1429.00,1375.00,1433.00
1368.00,1375.00,1429.00
1370.00,1433.00,1376.00
1429.00,1433.00,1370.00
1431.00,1434.00,1435.00
1431.00,1371.00,1434.00
1371.00,1377.00,1434.00
1432.00,1431.00,1435.00
1436.00,1432.00,1435.00
1436.00,1373.00,1432.00
1436.00,1437.00,1373.00
1437.00,1379.00,1373.00
1375.00,1380.00,1433.00
1376.00,1433.00,1380.00
1377.00,1381.00,1434.00
1434.00,1381.00,1438.00
1379.00,1437.00,1383.00
1437.00,1439.00,1383.00
1381.00,1384.00,1438.00
1438.00,1384.00,1440.00
1383.00,1439.00,1385.00
1439.00,1441.00,1385.00
1384.00,1386.00,1440.00
1440.00,1386.00,1442.00
1385.00,1441.00,1387.00
1441.00,1443.00,1387.00
1386.00,1388.00,1442.00
1442.00,1388.00,1444.00
1387.00,1443.00,1389.00
1443.00,1445.00,1389.00
1388.00,1390.00,1444.00
1444.00,1390.00,1446.00
1389.00,1445.00,1391.00
1445.00,1447.00,1391.00
1390.00,1392.00,1446.00
1446.00,1392.00,1448.00
1391.00,1447.00,1393.00
1447.00,1449.00,1393.00
1392.00,1394.00,1448.00
1448.00,1394.00,1450.00
1395.00,1451.00,1452.00
1396.00,1395.00,1452.00
1449.00,1395.00,1393.00
1451.00,1395.00,1449.00
1394.00,1397.00,1450.00
1450.00,1397.00,1453.00
1396.00,1452.00,1398.00
1452.00,1454.00,1398.00
1397.00,1399.00,1453.00
1453.00,1399.00,1455.00
1398.00,1454.00,1400.00
1454.00,1456.00,1400.00
1399.00,1457.00,1455.00
1401.00,1457.00,1399.00
1456.00,1401.00,1400.00
1457.00,1401.00,1456.00
1403.00,1402.00,1458.00
1403.00,1458.00,1404.00
1406.00,1459.00,1460.00
1405.00,1459.00,1406.00
1458.00,1402.00,1406.00
1458.00,1406.00,1461.00
1461.00,1406.00,1460.00
1462.00,1461.00,1463.00
1407.00,1461.00,1462.00
1407.00,1458.00,1461.00
1407.00,1404.00,1458.00
1407.00,1462.00,1409.00
1405.00,1410.00,1459.00
1459.00,1410.00,1464.00
1465.00,1462.00,1463.00
1466.00,1465.00,1463.00
1409.00,1465.00,1412.00
1462.00,1465.00,1409.00
1410.00,1413.00,1464.00
1464.00,1413.00,1467.00
1468.00,1465.00,1466.00
1469.00,1468.00,1466.00
1412.00,1468.00,1415.00
1465.00,1468.00,1412.00
1413.00,1416.00,1467.00
1467.00,1416.00,1470.00
1418.00,1468.00,1469.00
1418.00,1469.00,1419.00
1419.00,1469.00,1471.00
1415.00,1468.00,1418.00
1416.00,1421.00,1470.00
1470.00,1421.00,1472.00
1419.00,1471.00,1423.00
1471.00,1473.00,1423.00
1421.00,1425.00,1472.00
1472.00,1425.00,1474.00
1427.00,1475.00,1476.00
1426.00,1427.00,1476.00
1473.00,1427.00,1423.00
1475.00,1427.00,1473.00
1477.00,1425.00,1430.00
1477.00,1478.00,1425.00
1478.00,1474.00,1425.00
1430.00,1479.00,1477.00
1430.00,1426.00,1479.00
1426.00,1476.00,1479.00
1477.00,1480.00,1478.00
1479.00,1480.00,1477.00
1435.00,1434.00,1481.00
1435.00,1482.00,1436.00
1481.00,1482.00,1435.00
1436.00,1482.00,1437.00
1481.00,1438.00,1483.00
1434.00,1438.00,1481.00
1482.00,1481.00,1484.00
1484.00,1481.00,1483.00
1437.00,1484.00,1439.00
1482.00,1484.00,1437.00
1483.00,1440.00,1485.00
1438.00,1440.00,1483.00
1484.00,1483.00,1486.00
1486.00,1483.00,1485.00
1439.00,1486.00,1441.00
1484.00,1486.00,1439.00
1485.00,1487.00,1488.00
1485.00,1440.00,1487.00
1440.00,1442.00,1487.00
1488.00,1489.00,1490.00
1488.00,1490.00,1485.00
1485.00,1490.00,1486.00
1441.00,1490.00,1443.00
1486.00,1490.00,1441.00
1442.00,1444.00,1487.00
1487.00,1444.00,1491.00
1492.00,1490.00,1489.00
1493.00,1492.00,1489.00
1443.00,1492.00,1445.00
1490.00,1492.00,1443.00
1444.00,1446.00,1491.00
1491.00,1446.00,1494.00
1495.00,1492.00,1493.00
1496.00,1495.00,1493.00
1445.00,1495.00,1447.00
1492.00,1495.00,1445.00
1446.00,1448.00,1494.00
1494.00,1448.00,1497.00
1498.00,1495.00,1496.00
1499.00,1498.00,1496.00
1447.00,1498.00,1449.00
1495.00,1498.00,1447.00
1448.00,1450.00,1497.00
1497.00,1450.00,1500.00
1451.00,1498.00,1499.00
1451.00,1499.00,1452.00
1452.00,1499.00,1501.00
1449.00,1498.00,1451.00
1450.00,1453.00,1500.00
1500.00,1453.00,1502.00
1452.00,1501.00,1454.00
1501.00,1503.00,1454.00
1453.00,1455.00,1502.00
1502.00,1455.00,1504.00
1454.00,1503.00,1456.00
1503.00,1505.00,1456.00
1455.00,1506.00,1504.00
1457.00,1506.00,1455.00
1505.00,1457.00,1456.00
1506.00,1457.00,1505.00
1460.00,1459.00,1507.00
1460.00,1508.00,1461.00
1507.00,1508.00,1460.00
1461.00,1508.00,1463.00
1507.00,1509.00,1510.00
1507.00,1459.00,1509.00
1459.00,1464.00,1509.00
1510.00,1511.00,1512.00
1510.00,1512.00,1507.00
1507.00,1512.00,1508.00
1463.00,1512.00,1466.00
1508.00,1512.00,1463.00
1464.00,1467.00,1509.00
1509.00,1467.00,1513.00
1512.00,1511.00,1514.00
1514.00,1466.00,1512.00
1514.00,1515.00,1466.00
1515.00,1469.00,1466.00
1467.00,1470.00,1513.00
1513.00,1470.00,1516.00
1469.00,1515.00,1471.00
1515.00,1517.00,1471.00
1470.00,1472.00,1516.00
1516.00,1472.00,1518.00
1471.00,1517.00,1473.00
1517.00,1519.00,1473.00
1472.00,1474.00,1518.00
1518.00,1474.00,1520.00
1475.00,1521.00,1522.00
1476.00,1475.00,1522.00
1519.00,1475.00,1473.00
1521.00,1475.00,1519.00
1474.00,1478.00,1520.00
1520.00,1478.00,1523.00
1476.00,1522.00,1479.00
1522.00,1524.00,1479.00
1478.00,1525.00,1523.00
1480.00,1525.00,1478.00
1524.00,1480.00,1479.00
1525.00,1480.00,1524.00
1488.00,1487.00,1526.00
1488.00,1526.00,1489.00
1526.00,1491.00,1527.00
1487.00,1491.00,1526.00
1489.00,1527.00,1493.00
1526.00,1527.00,1489.00
1527.00,1494.00,1528.00
1491.00,1494.00,1527.00
1493.00,1528.00,1496.00
1527.00,1528.00,1493.00
1528.00,1497.00,1529.00
1494.00,1497.00,1528.00
1496.00,1529.00,1499.00
1528.00,1529.00,1496.00
1529.00,1500.00,1530.00
1497.00,1500.00,1529.00
1499.00,1530.00,1501.00
1529.00,1530.00,1499.00
1530.00,1502.00,1531.00
1500.00,1502.00,1530.00
1501.00,1531.00,1503.00
1530.00,1531.00,1501.00
1531.00,1504.00,1532.00
1502.00,1504.00,1531.00
1503.00,1532.00,1505.00
1531.00,1532.00,1503.00
1504.00,1506.00,1532.00
1505.00,1532.00,1506.00
1510.00,1509.00,1533.00
1510.00,1533.00,1511.00
1533.00,1534.00,1535.00
1533.00,1509.00,1534.00
1509.00,1513.00,1534.00
1536.00,1535.00,1537.00
1514.00,1535.00,1536.00
1514.00,1533.00,1535.00
1514.00,1511.00,1533.00
1514.00,1536.00,1515.00
1513.00,1516.00,1534.00
1534.00,1516.00,1538.00
1539.00,1536.00,1537.00
1540.00,1539.00,1537.00
1515.00,1539.00,1517.00
1536.00,1539.00,1515.00
1516.00,1518.00,1538.00
1538.00,1518.00,1541.00
1542.00,1539.00,1540.00
1543.00,1542.00,1540.00
1517.00,1542.00,1519.00
1539.00,1542.00,1517.00
1518.00,1520.00,1541.00
1541.00,1520.00,1544.00
1521.00,1542.00,1543.00
1521.00,1543.00,1522.00
1522.00,1543.00,1545.00
1519.00,1542.00,1521.00
1520.00,1523.00,1544.00
1544.00,1523.00,1546.00
1522.00,1545.00,1524.00
1545.00,1547.00,1524.00
1523.00,1548.00,1546.00
1525.00,1548.00,1523.00
1547.00,1525.00,1524.00
1548.00,1525.00,1547.00
1535.00,1534.00,1549.00
1535.00,1549.00,1537.00
1549.00,1550.00,1551.00
1549.00,1534.00,1550.00
1534.00,1538.00,1550.00
1551.00,1537.00,1549.00
1551.00,1552.00,1537.00
1552.00,1540.00,1537.00
1538.00,1541.00,1550.00
1550.00,1541.00,1553.00
1540.00,1552.00,1543.00
1552.00,1554.00,1543.00
1541.00,1544.00,1553.00
1553.00,1544.00,1555.00
1543.00,1554.00,1545.00
1554.00,1556.00,1545.00
1544.00,1546.00,1555.00
1555.00,1546.00,1557.00
1545.00,1556.00,1547.00
1556.00,1558.00,1547.00
1546.00,1559.00,1557.00
1548.00,1559.00,1546.00
1558.00,1548.00,1547.00
1559.00,1548.00,1558.00
1551.00,1550.00,1560.00
1551.00,1560.00,1552.00
1560.00,1561.00,1562.00
1560.00,1550.00,1561.00
1550.00,1553.00,1561.00
1562.00,1552.00,1560.00
1562.00,1563.00,1552.00
1563.00,1554.00,1552.00
1553.00,1555.00,1561.00
1561.00,1555.00,1564.00
1554.00,1563.00,1556.00
1563.00,1565.00,1556.00
1555.00,1557.00,1564.00
1564.00,1557.00,1566.00
1556.00,1565.00,1558.00
1565.00,1567.00,1558.00
1557.00,1568.00,1566.00
1559.00,1568.00,1557.00
1567.00,1559.00,1558.00
1568.00,1559.00,1567.00
1562.00,1561.00,1569.00
1562.00,1569.00,1563.00
1569.00,1564.00,1570.00
1561.00,1564.00,1569.00
1563.00,1570.00,1565.00
1569.00,1570.00,1563.00
1570.00,1566.00,1571.00
1564.00,1566.00,1570.00
1565.00,1571.00,1567.00
1570.00,1571.00,1565.00
1566.00,1568.00,1571.00
1567.00,1571.00,1568.00
