104.70,107.41,57.63
104.86,107.50,57.08
104.87,107.19,57.35
104.83,107.12,57.92
104.66,107.41,58.27
104.96,107.13,58.71
104.72,107.47,58.88
104.95,107.31,59.15
104.66,107.81,57.48
104.86,107.92,57.02
104.56,107.80,58.09
104.56,107.81,58.73
104.83,107.48,59.32
104.64,107.79,59.40
104.84,107.53,59.83
104.66,107.85,60.14
104.95,107.54,60.60
104.74,107.89,60.68
104.94,107.78,61.02
104.71,108.23,57.49
104.89,108.30,57.16
104.56,108.23,58.09
104.53,108.24,58.73
104.56,108.23,59.35
104.57,108.23,59.98
104.64,108.24,60.66
104.84,108.08,61.04
104.83,108.53,57.52
104.69,108.65,58.06
104.87,108.73,57.74
104.57,108.67,58.76
104.56,108.66,59.39
104.56,108.65,59.99
104.57,108.65,60.60
104.81,108.32,61.21
104.65,108.62,61.30
104.96,108.38,61.83
104.73,108.72,62.03
104.98,108.55,62.31
104.92,108.94,58.01
104.71,109.01,58.62
104.89,109.14,58.41
104.65,109.10,59.33
104.57,109.07,60.02
104.56,109.07,60.64
104.55,109.06,61.24
104.56,109.05,61.87
104.98,108.75,62.60
104.70,109.06,62.55
104.96,108.95,62.91
104.93,109.31,58.77
104.82,109.41,59.43
104.69,109.46,59.97
104.86,109.54,59.67
104.58,109.49,60.64
104.55,109.49,61.27
104.55,109.47,61.88
104.56,109.47,62.50
104.84,109.12,63.08
104.64,109.43,63.18
104.86,109.23,63.56
104.71,109.53,63.87
104.88,109.35,64.03
104.91,109.74,59.90
104.71,109.82,60.50
104.88,110.00,60.32
104.65,109.93,61.21
104.58,109.83,61.80
104.64,109.95,62.44
104.56,109.87,63.11
104.56,109.87,63.75
104.82,109.54,64.35
104.64,109.85,64.45
104.95,109.60,64.97
104.72,109.95,65.17
104.97,109.78,65.45
104.85,110.15,60.81
104.83,110.25,61.31
104.74,110.20,61.83
104.89,110.38,61.54
104.84,110.27,62.30
104.83,110.23,62.63
104.70,110.27,63.08
104.91,110.40,62.83
104.56,110.29,63.74
104.53,110.29,64.37
104.56,110.29,65.01
104.98,109.97,65.74
104.72,110.29,65.61
104.96,110.23,66.04
104.98,110.47,61.82
104.85,110.56,63.16
104.70,110.69,63.69
104.89,110.75,63.37
104.54,110.72,64.40
104.53,110.72,65.04
104.65,110.69,65.61
104.85,110.57,66.05
104.93,110.97,63.64
104.68,111.11,64.34
104.89,111.19,64.02
104.55,111.14,65.04
104.65,111.13,65.63
104.84,111.00,66.06
104.92,111.39,64.27
104.69,111.48,64.89
104.85,111.61,64.68
104.70,111.52,65.51
104.95,111.53,66.07
104.90,111.78,65.06
104.95,111.81,65.74
105.20,106.27,55.73
105.25,106.24,55.32
105.26,106.04,55.64
105.40,106.08,55.95
105.16,106.62,55.65
105.23,106.73,55.19
105.36,106.48,56.06
105.14,106.67,57.56
105.24,106.61,57.05
105.39,106.37,57.55
105.37,106.50,57.92
105.16,107.06,55.62
105.26,107.16,55.19
105.26,106.92,56.05
105.14,106.88,56.93
105.29,107.13,56.50
105.30,106.79,56.68
104.97,106.98,57.44
105.31,106.67,58.19
105.05,106.88,58.19
105.35,106.78,58.73
105.14,106.93,58.74
105.31,106.92,59.11
105.21,107.39,55.54
105.30,107.45,55.28
105.27,107.33,55.96
105.07,107.25,56.86
105.28,107.52,56.43
105.20,107.12,59.34
105.05,107.32,59.58
105.33,107.12,59.96
105.07,107.32,60.16
105.30,107.21,60.51
105.12,107.33,60.61
105.39,107.34,60.95
105.38,107.60,55.54
105.07,107.69,56.71
105.27,107.93,56.42
105.30,107.58,61.29
105.10,107.92,61.43
105.38,107.73,61.69
105.06,108.19,56.79
105.37,108.38,56.41
104.95,108.19,61.42
105.39,107.91,61.98
105.11,108.13,61.76
105.31,108.15,62.23
105.17,108.57,56.76
105.43,108.77,56.52
105.03,108.66,57.30
105.22,108.40,62.45
105.12,108.58,62.58
105.27,108.56,62.79
105.28,108.89,56.98
105.21,109.00,57.57
105.10,109.15,58.10
105.31,109.15,57.74
105.21,108.77,63.07
105.06,108.98,63.34
105.33,108.76,63.68
105.07,109.07,63.94
105.36,108.85,64.35
105.14,109.12,64.54
105.38,108.95,64.80
105.31,109.36,58.06
105.16,109.53,58.67
105.39,109.58,58.32
105.04,109.58,59.27
104.96,109.36,64.44
105.37,109.14,65.10
105.10,109.35,64.88
105.31,109.40,65.36
105.36,109.70,58.78
105.26,109.81,59.38
105.05,109.98,59.92
105.36,110.05,59.53
105.22,109.64,65.58
105.13,109.80,65.71
105.28,109.78,65.93
105.17,110.22,59.89
105.42,110.34,59.70
105.07,110.29,60.41
105.05,110.43,61.12
104.98,110.47,62.44
105.20,110.00,66.22
105.07,110.34,66.46
105.28,110.05,66.70
105.18,110.34,66.94
105.31,110.21,67.15
105.37,110.49,60.14
105.31,110.56,60.69
105.30,110.65,61.25
105.14,110.68,61.90
105.31,110.77,61.53
105.12,110.75,62.41
105.04,110.72,62.97
104.96,110.80,66.42
105.09,110.70,66.97
105.27,110.53,67.32
105.35,110.93,61.89
105.28,110.98,62.66
105.23,111.03,63.22
105.12,111.19,63.71
105.33,111.18,63.39
104.95,111.23,66.41
104.99,111.12,66.90
105.24,110.82,67.49
105.14,111.11,67.48
105.30,111.05,67.83
105.32,111.39,63.70
105.08,111.61,64.35
105.31,111.59,64.01
105.04,111.59,66.45
105.00,111.47,66.78
105.11,111.56,67.36
105.26,111.40,67.90
105.29,111.81,64.34
105.13,112.00,64.95
105.36,112.05,64.60
105.11,112.03,65.50
105.31,112.02,66.06
105.23,111.85,66.34
105.16,111.84,66.80
105.32,112.01,66.51
105.25,111.93,67.30
105.28,111.75,67.73
105.35,112.17,65.06
105.41,112.23,65.62
105.39,112.12,66.80
105.62,105.42,55.76
105.67,105.45,55.33
105.81,105.18,55.50
105.82,105.29,55.94
105.47,105.81,55.55
105.64,105.76,55.13
105.74,105.69,56.10
105.56,106.20,54.52
105.70,106.32,54.03
105.72,106.01,54.28
105.69,105.89,54.75
105.48,106.06,55.01
105.66,106.15,56.19
105.56,106.19,56.88
105.76,106.13,56.46
105.77,105.97,56.87
105.84,105.89,57.44
105.50,106.18,57.37
105.70,106.10,57.89
105.57,106.58,54.37
105.74,106.66,54.06
105.38,106.46,54.83
105.65,106.35,56.23
105.47,106.56,56.39
105.38,106.51,56.87
105.74,106.31,58.21
105.54,106.54,58.27
105.79,106.48,58.55
105.68,106.88,54.36
105.47,106.92,54.76
105.71,107.18,54.55
105.36,106.99,56.37
105.61,106.62,58.65
105.70,106.70,59.32
105.48,106.92,59.61
105.79,106.77,60.01
105.59,106.95,60.11
105.80,106.88,60.45
105.51,107.39,54.97
105.73,107.50,54.72
105.38,107.48,56.12
105.71,107.09,60.71
105.77,107.30,61.16
105.62,107.73,55.12
105.49,107.89,55.70
105.69,108.03,55.19
105.39,107.79,56.17
105.73,107.43,61.42
105.72,107.57,61.86
105.54,107.73,61.96
105.74,107.73,62.26
105.59,108.21,55.57
105.79,108.32,55.23
105.48,108.18,56.05
105.68,107.93,62.57
105.47,108.25,62.76
105.72,108.05,63.02
105.57,108.29,63.28
105.87,108.14,63.46
105.78,108.46,55.63
105.73,108.53,56.08
105.77,108.74,56.30
105.40,108.54,63.19
105.77,108.36,63.81
105.54,108.54,63.73
105.77,108.54,64.17
105.52,109.05,56.77
105.79,109.06,56.53
105.46,109.17,57.35
105.68,108.67,64.36
105.72,108.80,64.97
105.53,108.97,65.08
105.73,108.96,65.39
105.80,109.28,57.00
105.70,109.40,57.56
105.58,109.53,57.96
105.90,109.56,57.77
105.62,109.18,65.62
105.48,109.48,65.88
105.81,109.18,66.24
105.56,109.51,66.41
105.78,109.33,66.65
105.67,109.69,58.24
105.68,109.84,58.77
105.54,109.92,59.22
105.80,109.98,58.97
105.40,109.76,66.32
105.64,109.53,66.85
105.46,109.86,66.98
105.67,109.64,67.36
105.57,109.95,67.58
105.82,109.76,67.83
105.76,110.09,59.24
105.79,110.36,59.52
105.46,110.33,67.61
105.77,110.11,67.95
105.67,110.58,59.97
105.60,110.69,60.61
105.52,110.80,61.19
105.73,110.79,60.85
105.37,110.76,67.76
105.65,110.41,68.07
105.53,110.72,68.21
105.70,110.58,68.43
105.72,110.99,61.18
105.56,111.17,61.78
105.78,111.23,61.44
105.50,111.20,62.34
105.46,111.22,63.01
105.40,111.16,68.24
105.65,110.83,68.71
105.55,111.12,68.77
105.70,111.06,69.09
105.77,111.34,61.89
105.76,111.42,62.55
105.65,111.44,63.22
105.52,111.58,63.71
105.72,111.58,63.40
105.38,111.68,68.17
105.50,111.53,68.78
105.68,111.42,69.23
105.72,111.80,63.69
105.55,111.99,64.22
105.80,112.04,63.94
105.43,112.06,66.37
105.38,112.04,67.51
105.48,112.07,68.03
105.53,111.92,68.62
105.68,111.82,69.16
105.70,112.18,64.41
105.67,112.32,65.02
105.62,112.40,65.55
105.79,112.47,65.21
105.63,112.34,65.98
105.61,112.27,66.37
105.56,112.34,66.88
105.80,112.48,66.46
105.56,112.35,67.47
105.65,112.35,67.90
105.67,112.23,68.36
105.71,112.13,68.87
105.88,112.56,65.69
105.84,112.59,66.95
105.82,112.57,67.64
105.98,105.46,53.18
106.07,105.36,52.67
106.28,105.15,53.03
106.20,105.25,53.53
105.96,105.41,54.46
106.08,105.38,53.98
106.25,105.16,54.22
106.15,105.05,54.90
105.85,105.29,55.04
106.06,105.05,55.64
106.20,105.27,56.11
105.91,105.73,52.62
106.10,105.81,52.11
106.08,105.50,52.36
105.81,105.83,53.19
106.07,105.42,53.66
105.89,105.64,53.76
105.81,105.77,54.35
105.78,105.60,54.88
106.19,105.56,56.39
105.94,105.88,56.36
106.22,105.66,56.63
106.03,105.69,57.51
106.06,105.71,57.20
106.26,105.58,57.35
106.23,105.70,57.84
105.88,106.20,52.48
106.07,106.31,52.02
105.79,106.18,53.07
105.79,106.05,53.73
105.80,106.15,56.25
106.01,105.82,56.80
106.06,105.94,58.12
105.92,106.11,58.24
106.23,106.12,58.48
105.93,106.61,52.49
106.09,106.61,52.09
105.81,106.61,53.10
105.79,106.56,53.68
106.13,106.32,58.81
105.89,106.50,58.98
106.15,106.40,59.28
106.00,106.53,59.47
106.31,106.49,59.73
106.14,106.87,52.35
105.91,107.01,53.08
106.10,107.09,52.76
105.81,107.01,53.74
105.80,106.96,54.15
106.14,106.62,60.02
106.08,106.77,60.55
105.95,106.91,60.75
106.24,106.93,60.99
106.14,107.29,53.02
105.88,107.43,53.70
106.17,107.61,53.31
105.80,107.40,54.33
106.08,107.19,61.25
105.99,107.36,61.44
106.31,107.33,61.63
105.98,107.79,53.71
106.23,107.89,53.49
105.90,107.87,54.28
105.79,107.80,54.76
106.14,107.45,61.90
106.09,107.60,62.40
105.99,107.76,62.69
106.32,107.72,62.90
106.18,108.05,53.92
106.14,108.17,54.38
105.94,108.17,54.80
106.31,108.33,54.65
106.11,107.92,63.17
106.19,108.10,63.64
106.08,108.46,55.12
106.10,108.62,55.65
105.98,108.69,56.08
106.16,108.78,55.94
106.11,108.26,63.92
106.05,108.44,64.30
105.97,108.59,64.55
106.29,108.57,64.75
106.08,108.86,56.19
106.05,109.04,56.36
106.15,108.67,65.02
106.14,108.76,65.64
105.90,108.95,65.87
106.14,108.84,66.17
105.97,108.96,66.24
106.25,108.97,66.57
106.16,109.34,56.73
106.04,109.45,57.35
106.13,109.56,57.64
106.14,109.15,66.94
105.87,109.36,67.12
106.14,109.26,67.45
105.91,109.47,67.60
106.19,109.46,67.85
106.10,109.76,58.03
105.98,109.94,58.60
106.22,109.99,58.31
106.18,109.78,68.07
106.13,110.11,58.79
106.12,110.25,59.21
106.23,110.45,59.40
106.13,110.00,68.26
105.86,110.30,68.37
106.18,110.06,68.72
105.95,110.34,68.92
106.18,110.17,69.18
105.93,110.69,59.87
106.19,110.70,59.66
105.88,110.82,60.45
105.79,110.70,68.89
106.07,110.41,69.38
105.95,110.71,69.38
106.25,110.59,69.73
106.20,110.92,60.13
106.10,111.04,60.67
105.98,111.17,61.07
106.31,111.21,60.87
105.88,111.16,69.44
106.20,110.98,69.82
106.07,111.34,61.34
106.08,111.49,61.86
105.99,111.58,62.40
106.20,111.64,62.05
105.87,111.62,63.00
105.88,111.64,69.54
106.10,111.41,69.83
106.18,111.74,62.50
106.10,111.87,63.09
105.97,111.99,63.58
106.21,112.04,63.30
105.89,112.08,69.36
106.09,111.84,69.82
106.13,112.18,63.77
106.08,112.32,64.34
105.94,112.42,64.81
106.20,112.45,64.52
105.84,112.47,66.14
105.83,112.46,68.12
105.88,112.38,68.72
105.99,112.40,69.28
106.19,112.34,69.80
106.19,112.61,65.07
106.24,112.70,65.71
106.05,112.64,66.25
106.18,112.73,66.86
106.08,112.73,67.50
106.05,112.65,68.20
106.09,112.63,68.93
106.20,112.61,69.46
106.35,104.84,55.21
106.48,104.87,54.67
106.70,104.68,54.94
106.54,104.74,55.53
106.31,104.94,55.74
106.59,104.94,55.97
106.27,105.36,52.35
106.49,105.36,52.03
106.50,105.12,52.49
106.54,104.98,53.03
106.46,105.04,53.68
106.24,105.25,53.85
106.49,104.97,54.27
106.65,105.21,56.22
106.37,105.65,51.85
106.62,105.79,51.49
106.61,105.50,51.68
106.54,105.40,56.41
106.53,105.48,56.92
106.25,105.64,56.94
106.60,105.49,57.64
106.61,105.64,58.06
106.31,106.07,51.69
106.62,106.20,51.43
106.56,105.86,58.35
106.61,106.07,58.65
106.32,106.54,51.78
106.70,106.66,51.48
106.55,106.21,58.91
106.47,106.34,59.35
106.71,106.49,59.81
106.47,106.91,51.93
106.32,107.10,52.44
106.54,107.10,52.12
106.60,106.60,60.19
106.49,106.71,60.64
106.71,106.91,61.10
106.54,107.30,52.45
106.36,107.46,52.97
106.54,107.49,52.78
106.49,107.13,61.40
106.72,107.33,61.69
106.56,107.65,52.95
106.45,107.83,53.28
106.60,107.44,62.04
106.48,107.55,62.50
106.72,107.72,62.97
106.55,108.09,53.65
106.44,108.22,54.25
106.56,108.37,54.60
106.59,107.85,63.32
106.50,108.01,63.69
106.39,108.18,63.97
106.71,108.16,64.14
106.43,108.54,55.03
106.32,108.76,55.55
106.61,108.83,55.14
106.45,108.36,64.39
106.69,108.56,64.83
106.42,109.00,55.52
106.67,109.12,55.33
106.28,109.07,56.06
106.61,108.66,65.17
106.59,108.68,65.66
106.49,108.78,66.24
106.73,108.94,66.70
106.59,109.28,55.76
106.49,109.41,56.31
106.42,109.53,56.78
106.71,109.58,56.52
106.30,109.59,57.34
106.60,109.06,67.06
106.48,109.19,67.50
106.64,109.43,67.95
106.61,109.70,57.04
106.51,109.80,57.56
106.40,109.93,57.95
106.72,109.97,57.74
106.60,109.65,68.26
106.37,109.83,68.28
106.61,109.76,68.51
106.49,110.10,58.23
106.49,110.26,58.75
106.37,110.35,59.19
106.61,110.40,58.95
106.50,109.90,68.72
106.48,110.06,69.27
106.31,110.29,69.55
106.61,110.31,69.74
106.58,110.53,59.23
106.63,110.75,59.54
106.61,110.62,69.93
106.58,110.97,59.99
106.49,111.09,60.45
106.70,111.22,60.77
106.48,110.85,70.06
106.28,111.17,70.18
106.49,110.83,70.45
106.31,111.12,70.80
106.58,110.82,71.22
106.37,111.15,71.35
106.57,111.06,71.69
106.45,111.41,61.23
106.38,111.59,61.66
106.71,111.62,61.45
106.18,111.62,70.15
106.20,111.51,70.63
106.28,111.50,71.23
106.48,111.41,71.71
106.54,111.78,62.00
106.48,111.90,62.55
106.39,112.00,62.93
106.72,112.03,62.73
106.20,112.04,70.14
106.20,111.87,70.52
106.32,111.96,71.07
106.58,111.93,71.68
106.55,112.18,63.23
106.48,112.32,63.78
106.38,112.41,64.16
106.71,112.45,63.96
106.27,112.33,70.14
106.33,112.28,70.56
106.60,112.42,71.11
106.59,112.23,71.41
106.56,112.59,64.50
106.65,112.71,65.07
106.53,112.72,65.50
106.48,112.74,66.17
106.40,112.81,66.79
106.62,112.86,66.45
106.32,112.85,67.33
106.30,112.85,67.97
106.29,112.84,68.62
106.35,112.84,69.25
106.54,112.82,69.81
106.47,112.60,70.20
106.59,112.62,70.69
106.65,112.99,66.96
106.53,113.00,67.62
106.55,113.05,68.21
106.50,113.05,68.94
106.60,113.04,69.45
106.81,104.88,51.95
106.94,105.00,51.52
106.93,104.73,51.85
106.91,104.66,52.30
106.71,104.90,52.54
106.97,104.66,53.04
106.73,104.86,53.29
107.01,104.70,53.73
106.73,104.86,53.90
107.00,104.66,54.42
106.68,104.82,54.36
107.08,104.56,55.11
106.89,104.67,55.60
107.04,104.92,56.10
106.70,105.18,51.88
106.87,105.48,51.39
106.94,105.18,56.33
106.79,105.33,56.41
107.10,105.30,56.59
106.89,105.90,51.29
106.97,105.39,56.85
107.01,105.40,57.51
106.92,105.52,58.05
106.78,105.68,58.26
107.06,105.70,58.48
106.90,106.31,51.28
106.91,105.96,58.75
106.81,106.14,58.93
107.12,106.11,59.14
106.96,106.67,51.27
106.87,106.31,59.37
107.12,106.51,59.84
106.71,107.05,51.81
106.91,106.94,51.45
107.01,106.62,60.20
106.91,106.73,60.66
107.14,107.02,61.09
106.95,107.28,51.80
106.75,107.50,52.46
106.97,107.51,52.13
106.89,107.18,61.39
107.06,107.37,61.55
106.96,107.70,52.45
106.75,107.89,53.07
106.95,107.90,52.79
107.08,107.44,61.92
106.91,107.56,62.52
107.14,107.73,62.95
106.93,108.11,53.09
106.70,108.34,53.75
106.99,108.43,53.28
106.62,108.34,54.28
106.96,107.85,63.28
106.95,108.00,63.71
107.07,108.17,64.10
106.78,108.60,53.67
107.03,108.72,53.44
106.73,108.63,54.20
106.70,108.63,54.73
106.96,108.35,64.45
107.11,108.56,64.83
106.99,108.88,53.92
107.00,108.91,54.53
106.94,108.91,54.91
107.05,109.11,55.18
107.01,108.66,65.17
107.00,108.69,65.66
106.91,108.77,66.25
107.14,108.94,66.72
106.98,109.34,55.61
106.87,109.46,56.07
107.11,109.60,56.42
107.02,109.07,67.08
106.89,109.19,67.51
107.12,109.36,67.93
106.99,109.74,56.87
106.88,109.85,57.33
107.11,109.99,57.65
107.01,109.49,68.29
106.96,109.63,68.72
106.80,109.80,68.90
107.04,109.76,69.20
106.88,110.19,58.12
106.79,110.36,58.57
107.13,110.38,58.34
106.95,109.96,69.47
106.97,110.26,69.88
106.80,110.37,70.68
106.91,110.30,70.17
107.10,110.07,70.52
107.02,110.17,71.04
106.96,110.53,58.86
106.92,110.68,59.27
107.13,110.82,59.56
106.90,110.41,69.97
106.69,110.58,70.18
106.62,110.63,70.68
107.01,110.36,71.38
106.74,110.56,71.14
106.94,110.61,71.66
107.01,110.99,59.99
106.90,111.11,60.43
107.12,111.21,60.80
106.84,110.87,71.89
106.74,111.22,72.04
107.07,111.00,72.25
106.90,111.40,61.07
107.12,111.62,61.39
106.69,111.64,72.03
107.01,111.40,72.35
107.01,111.81,61.84
106.96,111.92,62.41
107.07,112.01,62.78
106.74,111.94,71.99
106.91,111.84,72.26
106.99,112.15,63.09
106.89,112.31,63.54
107.12,112.45,63.90
106.76,112.42,71.38
106.96,112.41,71.68
106.90,112.14,72.01
107.01,112.63,64.37
107.00,112.72,64.97
106.88,112.74,65.59
106.80,112.81,66.06
107.14,112.85,65.87
106.69,112.83,70.14
106.77,112.84,70.49
106.98,112.83,71.05
106.98,112.61,71.37
106.97,113.00,66.40
106.98,113.12,66.86
106.87,113.14,67.43
106.78,113.23,68.02
107.00,113.29,67.67
106.70,113.26,68.59
106.76,113.26,69.22
106.85,113.16,69.75
106.90,113.03,70.21
107.03,113.04,70.70
107.03,113.43,68.19
107.01,113.46,68.90
107.07,113.41,69.54
107.12,104.55,51.86
107.34,104.50,51.47
107.34,104.29,51.86
107.33,104.25,52.33
107.12,104.46,52.65
107.43,104.26,53.12
107.21,104.50,53.21
107.42,104.45,53.55
107.16,104.92,51.17
107.34,104.93,50.81
107.33,104.72,51.11
107.26,104.58,53.64
107.38,104.58,54.31
107.42,104.57,55.01
107.32,104.64,55.64
107.53,104.85,56.11
107.17,105.33,50.73
107.40,105.40,50.26
107.41,105.11,50.44
107.03,105.31,51.13
107.29,105.10,56.39
107.50,105.29,56.69
107.15,105.77,50.63
107.40,105.79,50.20
107.03,105.68,51.06
107.42,105.38,56.99
107.42,105.39,57.51
107.33,105.48,58.10
107.55,105.67,58.59
107.18,106.17,50.63
107.49,106.23,50.25
107.03,106.08,51.06
107.33,105.89,58.89
107.54,106.11,59.20
107.29,106.46,50.63
107.11,106.50,51.03
107.42,106.77,50.76
107.33,106.32,59.51
107.54,106.52,59.83
107.15,106.95,51.18
107.50,107.13,50.89
107.36,106.63,60.12
107.35,106.77,60.59
107.52,107.06,60.98
107.29,107.30,51.30
107.17,107.51,51.79
107.37,107.49,51.44
107.21,107.30,61.32
107.48,107.31,61.22
107.37,107.70,51.79
107.15,107.90,52.46
107.36,107.90,52.11
107.43,107.43,61.51
107.45,107.46,61.87
107.39,107.57,62.40
107.44,107.74,62.86
107.34,108.11,52.44
107.17,108.28,52.94
107.41,108.34,52.68
107.42,107.95,63.21
107.29,108.12,63.76
107.55,108.18,63.47
107.39,108.48,52.96
107.44,108.70,53.26
107.42,108.28,63.93
107.40,108.43,64.41
107.48,108.59,64.69
107.40,108.95,53.75
107.39,109.04,54.36
107.30,109.05,54.85
107.53,109.18,55.18
107.42,108.69,65.02
107.48,108.77,65.61
107.32,108.79,66.25
107.56,108.96,66.71
107.41,109.34,55.60
107.30,109.47,56.04
107.54,109.59,56.43
107.43,109.08,67.08
107.30,109.21,67.51
107.52,109.38,67.92
107.41,109.74,56.85
107.30,109.86,57.29
107.54,109.99,57.67
107.43,109.46,68.29
107.40,109.51,68.78
107.32,109.64,69.27
107.19,109.79,69.48
107.48,109.80,69.72
107.39,110.20,58.05
107.48,110.37,58.41
107.35,109.97,70.10
107.07,110.18,70.05
107.48,109.90,70.71
107.37,110.00,71.22
107.16,110.18,71.36
107.37,110.19,71.68
107.35,110.50,58.66
107.44,110.58,59.25
107.49,110.77,59.67
107.27,110.45,71.92
107.13,110.71,72.08
107.44,110.65,72.29
107.42,110.95,60.01
107.38,111.09,60.55
107.49,111.17,60.93
107.42,111.02,72.46
107.42,111.36,61.19
107.47,111.58,61.53
107.42,111.26,72.66
107.17,111.64,72.61
107.41,111.46,72.91
107.35,111.75,61.77
107.44,111.82,62.37
107.28,112.05,63.13
107.42,111.92,62.97
107.53,111.99,63.41
107.12,112.08,72.47
107.32,111.82,72.94
107.41,112.19,63.63
107.48,112.41,64.03
107.11,112.36,72.09
107.24,112.40,72.42
107.31,112.23,72.86
107.41,112.59,64.36
107.42,112.71,64.94
107.32,112.75,65.46
107.56,112.85,65.81
107.19,112.81,71.36
107.27,112.74,71.60
107.30,112.62,72.06
107.36,112.53,72.60
107.42,113.02,66.23
107.28,113.15,66.83
107.19,113.25,67.30
107.54,113.28,67.11
107.08,113.28,70.02
107.19,113.26,70.49
107.39,113.23,71.06
107.34,112.96,71.39
107.36,113.43,67.63
107.46,113.55,68.20
107.40,113.56,68.74
107.40,113.54,69.39
107.33,113.45,70.02
107.48,113.47,70.60
107.53,104.13,51.87
107.75,104.08,51.48
107.74,103.88,51.87
107.73,103.83,52.34
107.53,104.05,52.66
107.83,103.84,53.12
107.60,104.06,53.13
107.77,104.06,53.51
107.54,104.51,51.14
107.76,104.51,50.83
107.76,104.30,51.14
107.67,104.27,53.74
107.52,104.48,53.99
107.75,104.33,54.25
107.64,104.51,54.47
107.93,104.42,54.77
107.58,104.82,50.61
107.72,105.01,50.21
107.76,104.72,50.51
107.79,104.58,55.01
107.75,104.67,55.63
107.97,104.87,56.09
107.70,105.47,50.01
107.72,105.08,56.42
107.93,105.29,56.70
107.71,105.88,50.01
107.84,105.38,57.03
107.83,105.39,57.53
107.75,105.48,58.12
107.99,105.76,58.61
107.86,106.29,50.03
107.73,105.93,58.91
107.83,106.12,59.12
107.52,106.57,50.46
107.83,106.64,50.25
107.83,106.33,59.36
107.84,106.54,59.73
107.70,106.81,50.51
107.84,107.10,50.64
107.81,106.72,60.06
107.68,106.90,60.64
107.94,106.94,60.37
107.53,107.44,51.16
107.84,107.41,50.87
107.88,107.08,60.73
107.92,107.40,61.11
107.74,107.69,51.29
107.58,107.91,51.81
107.93,107.92,51.47
107.83,107.55,61.42
107.76,107.59,61.92
107.70,107.75,62.58
107.97,107.84,62.28
107.73,108.12,51.94
107.59,108.29,52.33
107.93,108.34,52.12
107.84,108.00,62.74
107.73,108.15,63.11
107.91,108.18,62.87
107.76,108.50,52.63
107.74,108.63,53.00
107.94,108.76,53.28
107.90,108.33,63.23
107.77,108.43,63.94
107.71,108.54,64.36
107.90,108.57,64.12
107.84,108.94,53.72
107.83,109.05,54.34
107.73,109.09,54.84
107.96,109.19,55.21
107.88,108.73,64.49
107.75,108.84,65.15
107.78,108.94,65.53
107.94,109.01,65.31
107.82,108.94,65.86
107.72,108.88,66.26
107.90,108.99,66.56
107.78,109.32,55.53
107.89,109.36,56.13
107.89,109.54,56.56
108.02,109.06,65.71
107.86,109.08,66.90
107.77,109.23,67.44
107.88,109.41,67.81
107.76,109.68,56.81
107.86,109.77,57.39
107.90,109.96,57.80
107.89,109.49,68.20
107.82,109.50,68.79
107.72,109.59,69.36
107.95,109.77,69.83
107.82,110.13,58.10
107.65,110.40,58.87
107.77,110.27,58.55
107.75,110.38,59.26
108.00,110.18,59.25
107.88,110.37,59.59
107.82,109.89,70.15
107.83,109.89,70.62
107.83,109.89,71.26
107.74,110.04,71.81
107.56,110.29,72.07
107.85,110.28,72.25
107.72,110.82,60.00
107.79,110.60,59.78
107.94,110.70,60.20
107.83,110.62,72.47
107.78,110.93,60.45
107.68,111.19,61.15
107.90,111.00,61.09
107.87,111.20,61.48
107.83,110.85,72.64
107.59,111.06,72.59
107.77,111.03,72.84
107.66,111.63,62.01
107.77,111.41,61.73
107.77,111.66,62.52
107.99,111.40,62.40
107.96,111.58,62.84
107.66,111.22,73.09
107.51,111.56,73.34
107.84,111.23,73.75
107.61,111.57,73.84
107.82,111.46,74.18
107.77,111.76,62.98
107.67,112.00,63.67
107.90,111.82,63.63
107.87,112.02,63.98
107.42,112.03,73.30
107.53,111.92,73.76
107.72,111.81,74.20
107.70,112.47,64.37
107.88,112.22,64.27
107.95,112.40,64.67
107.43,112.45,73.05
107.56,112.38,73.60
107.71,112.22,74.12
107.77,112.59,64.83
107.88,112.64,65.53
107.92,112.81,65.96
107.45,112.91,71.78
107.51,112.83,72.44
107.59,112.74,73.12
107.82,112.83,73.60
107.76,112.56,73.94
107.77,112.96,66.17
107.77,113.07,66.66
107.98,113.18,67.03
107.52,113.15,71.47
107.63,113.16,71.87
107.82,113.24,72.34
107.73,113.04,72.75
107.82,113.02,73.19
107.76,113.43,67.41
107.88,113.48,68.02
107.84,113.56,68.73
107.81,113.56,69.35
107.68,113.56,70.01
107.69,113.64,70.55
107.95,113.68,70.27
107.72,113.57,70.97
107.78,113.42,71.39
107.90,113.44,71.86
107.91,113.73,70.70
107.95,103.71,51.90
108.13,103.71,51.44
108.33,103.45,51.83
108.24,103.43,52.51
107.94,103.63,52.69
108.23,103.48,53.12
108.00,103.64,53.14
108.18,103.63,53.51
107.95,104.09,51.16
108.17,104.08,50.85
108.16,103.86,51.16
108.08,103.83,53.75
107.93,104.07,54.00
108.16,103.89,54.28
107.96,104.16,54.46
108.24,104.09,54.77
107.96,104.52,50.52
108.16,104.51,50.21
108.17,104.30,50.53
108.34,104.46,54.98
108.00,104.86,50.01
108.16,105.02,49.63
108.16,104.74,49.89
108.17,104.59,55.10
108.20,104.72,55.57
108.27,104.88,56.00
107.94,105.26,49.85
108.13,105.48,49.53
108.23,105.09,56.26
108.22,105.31,56.62
107.93,105.67,49.82
108.24,105.92,49.54
108.34,105.46,56.90
108.25,105.40,57.55
108.15,105.47,58.14
108.34,105.69,58.55
107.98,106.06,49.85
108.30,106.31,49.68
108.03,106.10,58.92
108.38,106.12,58.73
108.11,106.39,49.90
108.23,106.69,50.04
108.22,106.35,58.98
108.10,106.53,59.42
108.32,106.53,59.08
107.96,106.98,50.44
108.24,107.00,50.29
108.31,106.73,59.39
108.13,106.90,59.96
108.31,106.92,59.71
108.18,107.20,50.52
108.28,107.49,50.74
108.30,107.09,60.11
108.17,107.24,60.73
108.28,107.48,60.92
108.09,107.71,51.08
108.25,107.94,51.31
108.12,107.80,61.41
108.24,107.71,61.12
108.07,107.84,61.84
108.18,108.14,51.67
108.35,108.36,52.03
108.36,107.98,61.25
108.32,108.18,61.58
108.23,108.10,61.76
108.10,108.15,62.41
108.23,108.53,52.51
108.19,108.64,53.05
108.30,108.73,53.44
108.37,108.33,61.92
108.23,108.43,62.64
108.18,108.54,63.10
108.31,108.58,62.83
108.06,108.59,63.69
108.18,108.86,53.68
108.28,108.96,54.29
108.23,109.06,54.94
108.32,109.13,55.36
108.17,109.14,56.25
108.40,108.94,56.35
108.27,109.10,56.06
108.28,109.15,56.51
108.37,108.73,63.15
108.23,108.83,63.90
108.18,108.95,64.37
108.31,108.99,64.10
108.06,108.98,64.85
107.98,109.00,66.18
108.13,109.25,55.64
108.07,109.56,57.02
108.19,109.36,56.74
108.17,109.55,57.39
108.33,109.37,57.29
108.30,109.51,57.67
108.37,109.15,64.42
108.23,109.18,65.18
108.36,109.19,65.74
108.16,109.08,66.34
108.24,109.21,66.96
108.11,109.35,67.47
108.37,109.40,67.22
108.12,110.03,58.14
108.30,109.77,58.03
108.37,109.95,58.44
108.17,109.95,59.39
108.39,109.76,59.49
108.27,109.91,59.20
108.27,109.96,59.65
108.24,109.50,67.65
108.32,109.61,68.13
108.28,109.59,68.78
108.14,109.60,69.39
108.37,109.78,69.83
108.14,110.10,58.66
108.09,110.42,60.16
108.18,110.16,59.88
108.22,110.45,60.73
108.39,110.15,60.53
108.36,110.33,60.93
108.25,109.90,70.17
108.23,109.91,70.62
108.25,109.88,71.25
108.20,109.98,71.95
108.20,110.24,72.43
108.06,110.70,60.63
108.38,110.52,61.22
108.17,110.70,61.06
108.30,110.78,61.51
108.26,110.43,72.68
108.00,110.65,72.60
108.18,110.63,72.86
108.08,111.19,62.02
108.20,110.99,61.76
108.18,111.16,62.39
108.33,110.99,62.29
108.30,111.13,62.67
108.08,110.82,73.08
107.94,111.01,73.33
108.25,110.82,73.74
108.02,111.02,73.74
108.20,111.02,74.13
108.07,111.61,63.32
108.20,111.38,63.00
108.16,111.60,63.68
108.32,111.41,63.55
108.30,111.55,63.94
108.21,111.23,74.48
107.99,111.61,74.52
108.27,111.46,74.80
108.09,112.02,64.29
108.29,111.79,64.30
108.29,112.02,64.61
107.93,112.03,74.51
108.17,111.80,74.83
108.09,112.42,65.15
108.21,112.22,64.86
108.18,112.41,65.52
108.34,112.23,65.41
108.31,112.37,65.81
107.94,112.48,74.36
108.14,112.23,74.82
108.07,112.85,66.42
108.21,112.62,66.14
108.11,112.90,66.79
108.32,112.64,66.64
108.35,112.77,66.91
107.91,112.76,73.97
108.04,112.81,74.28
108.14,112.65,74.73
108.34,113.11,67.15
108.18,113.29,68.21
108.41,113.16,68.02
108.21,113.31,67.87
108.34,113.21,68.43
107.91,113.23,72.64
107.99,113.24,72.97
108.19,113.24,73.52
108.11,113.04,73.95
108.18,112.95,74.45
108.11,113.36,67.47
108.22,113.41,68.69
108.24,113.53,69.35
108.12,113.57,69.85
108.36,113.67,70.19
108.09,113.59,71.42
108.06,113.67,71.05
108.11,113.62,71.78
108.27,113.72,71.46
108.13,113.55,72.20
108.18,113.42,72.62
108.31,113.45,73.10
108.25,113.79,70.68
108.36,113.76,71.85
108.33,103.71,51.14
108.55,103.71,50.80
108.70,103.44,51.27
108.71,103.33,51.99
108.56,103.33,52.39
108.62,103.32,52.92
108.57,103.39,53.71
108.36,103.63,54.03
108.60,103.51,54.34
108.39,103.73,54.50
108.64,103.73,54.76
108.37,104.09,50.54
108.58,104.09,50.22
108.58,103.87,50.53
108.64,104.13,54.96
108.36,104.53,49.90
108.57,104.51,49.58
108.57,104.32,49.90
108.77,104.57,54.96
108.40,104.87,49.36
108.64,104.98,48.99
108.65,104.69,49.19
108.55,104.71,55.19
108.51,104.88,55.69
108.73,104.89,55.34
108.34,105.27,49.22
108.63,105.37,48.94
108.73,105.09,55.66
108.49,105.30,56.33
108.72,105.30,55.99
108.38,105.67,49.22
108.73,105.82,48.99
108.70,105.51,56.31
108.58,105.68,56.80
108.69,105.73,56.62
108.64,105.68,57.12
108.65,105.54,57.57
108.55,105.52,58.16
108.67,105.85,58.51
108.52,105.99,49.27
108.64,106.29,49.43
108.79,105.84,56.82
108.79,106.24,58.57
108.37,106.59,49.84
108.66,106.60,49.67
108.45,106.51,58.87
108.75,106.59,58.71
108.60,106.80,49.92
108.69,107.09,50.17
108.64,106.76,58.95
108.51,106.92,59.40
108.76,107.01,59.12
108.49,107.31,50.48
108.71,107.59,50.64
108.66,107.17,59.56
108.59,107.37,60.08
108.78,107.43,59.77
108.42,107.36,60.53
108.38,107.82,51.05
108.68,107.85,50.90
108.73,107.61,60.15
108.77,107.85,60.43
108.53,107.68,60.67
108.60,108.08,51.36
108.58,108.23,51.75
108.77,108.35,52.05
108.65,108.01,60.85
108.50,108.18,61.32
108.75,108.26,61.05
108.60,108.50,52.40
108.72,108.54,53.02
108.49,108.76,53.92
108.60,108.63,53.57
108.60,108.78,54.40
108.79,108.56,54.15
108.78,108.65,54.60
108.56,108.80,56.17
108.78,108.58,56.16
108.72,108.76,55.94
108.70,108.67,56.44
108.65,108.41,61.45
108.59,108.54,61.85
108.77,108.65,61.65
108.46,108.59,62.41
108.61,108.88,54.84
108.48,109.02,55.79
108.65,108.91,55.42
108.49,109.14,57.05
108.60,108.91,56.74
108.55,109.19,57.66
108.74,108.91,57.33
108.65,109.20,58.07
108.76,108.94,57.90
108.79,109.06,58.26
108.73,108.76,62.08
108.65,108.82,62.63
108.60,108.93,63.08
108.78,109.06,62.88
108.47,108.99,63.66
108.50,109.42,57.98
108.69,109.41,58.36
108.56,109.63,59.31
108.79,109.41,59.29
108.71,109.59,59.07
108.71,109.49,59.57
108.74,109.16,63.33
108.65,109.24,63.90
108.58,109.43,64.45
108.76,109.48,64.17
108.46,109.41,64.88
108.54,109.47,65.34
108.65,109.36,65.81
108.57,109.25,66.33
108.56,109.35,66.85
108.78,109.46,66.64
108.48,109.84,58.91
108.62,109.72,58.62
108.47,109.96,60.16
108.59,109.74,59.89
108.58,109.94,60.54
108.74,109.76,60.40
108.72,109.91,60.80
108.70,109.66,64.55
108.75,109.91,64.79
108.61,109.71,64.92
108.78,109.85,65.28
108.76,109.59,65.62
108.65,109.56,67.13
108.57,109.66,67.67
108.56,109.77,68.07
108.70,109.80,67.83
108.55,109.77,68.51
108.64,109.75,68.98
108.55,109.69,69.39
108.72,109.82,69.69
108.48,110.36,61.16
108.59,110.17,61.05
108.68,110.33,61.42
108.76,110.02,65.00
108.81,109.96,68.16
108.82,109.89,68.86
108.67,109.91,70.02
108.71,110.00,70.59
108.67,109.90,71.24
108.66,109.89,71.91
108.56,110.04,72.43
108.43,110.21,72.62
108.71,110.22,72.84
108.50,110.79,62.06
108.61,110.58,61.76
108.56,110.83,62.67
108.75,110.57,62.34
108.63,110.85,63.25
108.77,110.59,62.90
108.78,110.68,63.35
108.54,110.43,73.10
108.35,110.62,73.35
108.72,110.40,73.68
108.43,110.62,73.73
108.60,110.62,74.11
108.46,111.10,63.17
108.70,110.89,63.69
108.55,111.18,63.83
108.64,111.24,64.32
108.74,110.99,64.15
108.79,111.12,64.52
108.50,110.85,74.34
108.41,111.02,74.48
108.57,111.01,74.69
108.50,111.46,64.25
108.69,111.47,64.62
108.51,111.27,74.95
108.40,111.60,75.19
108.60,111.39,75.32
108.51,112.01,65.16
108.61,111.80,64.87
108.57,112.05,65.80
108.75,111.80,65.46
108.63,112.07,66.39
108.76,111.81,66.06
108.75,111.90,66.51
108.25,112.01,75.19
108.53,111.59,75.62
108.35,111.91,75.75
108.54,111.70,76.10
108.44,112.02,76.36
108.70,111.85,76.59
108.50,111.89,78.17
108.55,111.97,77.94
108.67,111.74,77.97
108.72,111.90,78.41
108.47,112.33,66.30
108.68,112.13,66.72
108.53,112.38,66.73
108.72,112.34,66.89
108.23,112.45,75.16
108.26,112.35,75.65
108.35,112.35,76.24
108.64,112.23,76.70
108.60,112.10,78.26
108.69,112.76,67.10
108.26,112.87,74.91
108.33,112.81,75.48
108.39,112.74,76.08
108.54,112.66,76.60
108.57,113.05,67.49
108.37,113.23,67.55
108.73,113.02,68.08
108.50,113.26,68.79
108.65,113.13,68.62
108.74,113.23,69.05
108.33,113.24,73.86
108.35,113.19,74.32
108.41,113.16,74.97
108.52,113.15,75.42
108.65,113.07,75.89
108.67,112.99,76.42
108.63,113.40,69.31
108.61,113.54,69.92
108.71,113.64,70.30
108.29,113.73,71.13
108.50,113.57,72.68
108.48,113.66,72.31
108.52,113.62,73.04
108.68,113.70,72.71
108.55,113.56,73.44
108.60,113.43,73.85
108.70,113.46,74.49
108.69,113.37,75.17
108.64,113.81,70.62
108.58,113.88,71.29
108.72,113.87,72.01
108.78,113.75,73.10
108.81,103.20,53.31
108.99,103.24,52.82
109.15,103.07,53.15
109.00,103.09,53.65
108.85,103.23,53.87
109.15,103.19,54.16
108.74,103.72,50.52
108.96,103.68,50.25
109.01,103.43,50.81
109.11,103.33,51.36
109.07,103.34,51.88
108.99,103.32,52.44
108.91,103.41,54.41
109.04,103.73,54.86
108.77,104.11,49.90
108.95,104.17,49.54
108.99,103.93,49.82
109.05,104.14,54.97
108.82,104.41,49.37
109.00,104.59,48.97
109.07,104.28,49.19
109.11,104.50,54.93
108.99,105.01,48.79
108.86,104.89,55.10
109.16,104.93,54.92
108.93,105.49,48.77
109.04,105.14,55.18
108.93,105.30,55.64
109.12,105.31,55.31
109.08,105.90,48.79
109.12,105.51,55.64
108.89,105.72,56.31
109.11,105.71,55.98
108.89,105.85,57.46
108.85,105.71,58.06
108.78,106.16,49.18
109.08,106.25,49.00
109.12,105.91,56.28
109.00,106.05,56.93
109.16,106.20,56.65
109.05,106.13,57.42
108.96,106.04,58.08
108.96,106.41,49.27
108.94,106.59,49.49
109.17,106.31,57.10
109.17,106.32,57.70
109.07,106.33,58.25
109.08,106.60,58.48
108.99,106.88,49.78
109.13,107.18,50.05
108.90,107.00,58.86
109.11,107.05,58.58
108.78,107.41,50.44
109.06,107.42,50.29
109.04,107.41,58.90
109.18,107.54,58.58
108.91,107.36,59.31
108.99,107.63,50.52
109.10,107.89,50.77
109.05,107.83,58.91
109.16,107.95,58.57
109.02,107.80,59.37
108.92,107.78,59.94
109.06,108.13,51.25
109.03,108.24,51.79
109.12,108.30,52.20
109.01,108.39,53.25
109.25,108.24,53.05
109.05,108.38,52.91
109.18,108.29,53.48
108.97,108.38,54.59
109.17,108.16,54.54
109.09,108.28,54.19
109.02,108.35,55.17
109.12,108.21,54.88
109.04,108.29,55.73
109.20,108.13,55.44
108.96,108.37,56.34
109.15,108.11,56.09
109.03,108.35,57.05
109.15,108.10,56.69
109.05,108.40,57.63
109.17,108.14,57.27
109.18,108.24,57.73
109.04,108.29,58.82
109.10,108.30,58.43
109.03,108.22,59.38
109.03,108.23,59.98
108.92,108.19,60.59
108.95,108.43,52.50
108.96,108.44,53.68
108.88,108.63,55.03
108.91,108.54,55.69
108.87,108.62,56.89
108.92,108.63,57.51
109.11,108.39,58.06
108.97,108.64,58.24
109.03,108.71,58.85
109.04,108.64,59.37
109.05,108.64,59.99
109.04,108.64,60.62
108.91,108.60,61.20
108.93,109.06,58.64
108.97,109.12,59.33
109.04,109.05,60.01
109.06,109.06,60.63
109.05,109.05,61.25
108.96,109.01,61.85
108.89,109.07,62.47
108.86,109.40,58.91
108.89,109.44,60.01
108.97,109.51,60.66
109.06,109.48,61.27
109.07,109.47,61.87
109.04,109.46,62.48
108.97,109.41,63.09
108.89,109.47,63.73
108.87,109.54,66.13
108.91,109.93,61.30
109.05,109.89,61.90
109.06,109.89,62.51
109.06,109.88,63.13
109.04,109.87,63.76
108.90,109.84,64.35
108.93,109.76,65.71
109.05,109.80,66.10
108.98,109.73,66.69
108.87,109.81,67.42
108.81,109.82,69.32
108.90,110.29,61.90
108.96,110.28,62.49
108.96,110.34,63.15
109.04,110.31,63.78
109.03,110.30,64.38
108.95,110.25,64.84
109.00,110.21,65.18
109.11,110.02,65.69
109.20,109.99,66.39
109.16,109.99,67.06
109.03,110.06,67.67
108.99,110.19,68.04
109.14,110.30,67.90
109.14,110.26,68.37
109.07,110.07,68.76
109.01,109.98,69.50
108.98,110.07,70.16
108.98,110.18,70.54
109.17,110.24,70.33
109.02,110.18,70.83
109.10,110.03,71.26
109.08,109.89,71.91
108.96,109.99,72.51
109.18,110.19,72.95
108.89,110.21,73.71
108.98,110.24,73.44
109.15,110.10,73.72
109.01,110.19,74.09
108.88,110.68,63.78
108.95,110.76,64.39
109.06,110.71,64.84
109.17,110.59,65.16
109.16,110.40,68.13
109.22,110.32,70.70
109.00,110.31,73.19
108.96,110.39,74.42
108.76,110.70,74.64
109.05,110.48,74.98
108.84,110.76,75.16
109.05,110.59,75.40
108.97,111.21,64.98
109.18,111.01,65.26
108.68,111.09,75.12
109.04,110.80,75.71
108.81,111.12,75.70
109.05,111.02,76.04
108.85,111.58,65.11
109.13,111.32,65.54
108.96,111.55,65.69
108.94,111.66,66.43
109.16,111.41,66.11
109.02,111.66,66.80
109.16,111.41,66.66
109.23,111.45,66.91
108.66,111.41,75.69
109.05,111.22,76.34
108.76,111.49,76.23
109.00,111.54,76.69
108.85,111.93,66.76
109.10,111.89,66.90
108.96,111.88,76.81
108.72,111.98,77.50
108.94,111.93,77.06
109.01,111.65,77.57
108.96,111.66,78.22
109.08,111.84,78.56
109.11,112.34,67.10
108.93,112.07,76.85
108.73,112.36,77.03
108.68,112.34,77.47
108.74,112.36,77.96
109.02,112.27,78.55
109.03,112.63,67.39
108.87,112.85,67.62
108.98,112.87,68.14
109.20,112.63,68.01
109.18,112.81,68.43
108.71,112.83,76.87
108.79,112.72,77.43
109.06,112.85,78.01
109.06,112.64,78.32
109.04,113.01,68.68
108.93,113.28,69.43
109.06,113.14,69.25
109.17,113.23,69.69
108.77,113.27,75.61
109.06,113.28,76.02
108.95,113.15,76.33
108.93,113.07,76.94
109.04,113.04,77.56
109.04,113.40,69.91
108.93,113.71,70.62
109.00,113.56,70.37
109.22,113.68,70.77
108.71,113.72,72.40
108.90,113.56,73.92
108.90,113.66,73.55
108.92,113.60,74.26
109.01,113.63,74.00
109.05,113.69,74.75
108.95,113.55,75.08
109.01,113.45,75.57
109.05,113.88,71.14
109.07,113.97,71.86
109.01,113.89,72.57
109.13,113.85,73.27
109.11,113.79,74.25
109.23,103.35,50.58
109.34,103.31,50.21
109.51,103.12,50.48
109.58,103.20,50.99
109.42,103.27,52.65
109.57,103.02,53.11
109.35,103.01,53.72
109.58,103.18,54.21
109.29,103.66,49.45
109.41,103.79,49.09
109.53,103.54,49.27
109.47,103.40,49.73
109.16,103.63,49.94
109.41,103.32,51.27
109.40,103.34,51.78
109.50,103.43,52.28
109.37,103.41,54.58
109.47,103.72,54.85
109.16,103.97,49.38
109.39,104.18,48.89
109.46,104.12,54.97
109.31,104.61,48.75
109.45,104.54,54.96
109.26,104.91,48.65
109.47,104.97,48.40
109.48,104.69,48.56
109.52,104.89,54.93
109.17,105.26,48.59
109.45,105.38,48.32
109.26,105.30,55.08
109.57,105.32,54.94
109.19,105.67,48.59
109.54,105.84,48.36
109.44,105.54,55.18
109.32,105.70,55.64
109.53,105.70,55.31
109.33,106.01,48.65
109.45,106.30,48.77
109.53,105.90,55.64
109.34,106.19,56.28
109.55,106.26,55.98
109.16,106.63,49.31
109.49,106.67,49.00
109.43,106.57,56.38
109.56,106.67,56.07
109.35,106.56,56.85
109.36,106.62,57.51
109.27,106.55,58.05
109.33,106.91,49.44
109.25,107.07,49.81
109.48,107.13,49.57
109.46,106.99,56.40
109.56,107.11,56.05
109.45,107.00,56.87
109.46,107.01,57.50
109.35,106.90,58.11
109.48,107.26,49.86
109.50,107.46,50.17
109.43,107.47,56.33
109.54,107.48,55.94
109.44,107.43,56.89
109.46,107.43,57.51
109.37,107.32,58.13
109.34,107.71,50.47
109.58,107.95,50.79
109.38,107.99,54.35
109.56,107.76,54.37
109.54,107.87,54.11
109.57,107.81,54.60
109.38,107.83,55.89
109.58,107.71,55.61
109.46,107.94,55.41
109.30,107.87,56.37
109.33,107.82,56.86
109.35,107.88,57.53
109.34,107.74,58.13
109.48,108.14,51.25
109.41,108.23,51.74
109.21,108.30,52.59
109.47,108.17,52.39
109.53,108.10,53.02
109.28,108.18,53.90
109.46,108.08,53.56
109.37,108.03,54.89
109.24,108.13,58.14
109.31,110.41,65.61
109.37,110.30,66.24
109.37,110.29,66.89
109.28,110.30,67.50
109.30,110.22,68.74
109.35,110.19,69.20
109.30,110.20,69.85
109.25,110.24,71.07
109.46,110.16,71.36
109.54,109.98,71.88
109.38,109.99,72.54
109.60,110.18,72.96
109.32,110.20,73.32
109.56,110.01,73.72
109.42,110.02,74.33
109.23,110.21,74.54
109.48,110.14,74.81
109.36,110.83,65.65
109.45,110.71,66.24
109.46,110.61,66.77
109.45,110.69,67.30
109.37,110.57,67.91
109.41,110.55,68.32
109.50,110.43,68.83
109.57,110.40,69.53
109.45,110.39,70.21
109.58,110.44,70.72
109.52,110.31,71.09
109.46,110.29,73.13
109.31,110.30,74.93
109.43,110.40,75.60
109.19,110.61,75.69
109.41,110.63,76.02
109.29,111.18,65.74
109.35,111.12,66.25
109.38,111.04,66.83
109.48,111.11,67.16
109.58,110.87,67.67
109.59,110.76,68.14
109.41,110.83,76.33
109.20,111.04,76.31
109.41,111.04,76.63
109.48,111.50,67.06
109.38,111.23,76.93
109.20,111.53,77.01
109.49,111.29,77.48
109.27,111.50,77.48
109.51,111.38,77.94
109.48,111.91,67.12
109.09,111.76,77.01
109.41,111.57,78.26
109.40,111.93,78.70
109.48,112.19,67.39
109.31,112.42,67.62
109.40,112.41,68.01
109.58,112.22,67.87
109.54,112.36,68.28
109.46,112.35,78.75
109.26,112.40,80.71
109.42,112.33,80.27
109.43,112.09,80.55
109.49,112.20,80.99
109.35,112.87,68.80
109.44,112.64,68.56
109.58,112.76,68.99
109.23,112.84,78.31
109.41,112.75,78.55
109.22,112.77,80.62
109.43,112.75,80.17
109.41,112.66,81.08
109.41,112.98,69.23
109.34,113.28,70.05
109.53,113.05,69.87
109.57,113.22,70.30
109.16,113.23,76.34
109.18,113.25,76.71
109.22,113.26,77.32
109.31,113.18,77.88
109.43,113.04,78.28
109.25,113.13,80.53
109.51,113.24,80.23
109.45,113.15,81.01
109.46,113.42,70.53
109.53,113.62,70.94
109.10,113.72,73.75
109.15,113.66,75.12
109.24,113.65,75.46
109.32,113.55,75.96
109.35,113.43,76.43
109.48,113.46,77.08
109.54,113.41,77.68
109.40,113.44,80.69
109.41,113.79,71.16
109.50,113.88,71.77
109.49,113.97,72.50
109.46,113.96,73.13
109.34,113.92,73.75
109.30,114.03,74.27
109.56,114.10,74.02
109.29,113.97,74.71
109.44,113.86,75.23
109.55,113.79,75.80
109.51,114.18,74.53
109.58,103.17,50.04
109.76,103.23,49.67
109.92,103.03,50.02
109.79,103.05,50.70
109.98,103.19,51.08
109.83,103.22,52.69
109.96,103.04,53.02
109.84,103.02,53.64
109.97,103.21,54.09
109.73,103.70,48.91
109.74,103.39,49.35
109.86,103.32,51.43
109.76,103.45,51.96
109.81,103.64,52.40
110.03,103.77,52.34
109.93,103.60,52.52
109.86,103.40,54.49
109.91,103.72,54.84
109.69,104.07,48.63
109.90,104.14,48.36
109.89,103.86,48.54
109.98,103.87,52.50
109.89,104.13,54.99
109.59,104.39,48.58
109.83,104.56,48.29
109.87,104.56,54.99
109.85,104.97,48.17
109.88,104.97,54.96
109.85,105.39,48.16
109.96,105.32,54.95
109.92,105.75,48.17
109.67,105.68,55.11
110.00,105.75,54.96
109.58,106.20,48.58
109.92,106.16,48.37
109.86,105.94,55.23
109.75,106.12,55.59
109.97,106.28,55.38
109.81,106.41,48.65
109.87,106.61,48.77
109.76,106.46,55.75
109.97,106.70,55.47
109.60,107.01,49.22
109.95,106.97,48.99
109.77,106.96,55.69
109.94,107.07,55.35
109.82,107.26,49.50
109.80,107.39,49.91
109.98,107.53,50.19
109.77,107.59,54.51
110.05,107.41,54.30
109.93,107.55,54.09
109.84,107.37,55.20
110.03,107.28,54.89
109.70,107.40,55.62
109.83,107.73,50.56
109.94,107.92,50.92
109.76,107.93,52.73
109.99,107.70,52.57
109.94,107.89,52.40
109.75,107.91,53.29
109.96,107.71,52.96
109.75,107.77,53.89
109.96,107.66,53.58
109.67,107.73,55.10
109.88,108.09,51.26
109.85,108.13,51.90
109.80,110.18,71.53
109.95,110.08,72.01
109.79,110.05,72.52
109.95,110.23,72.83
109.75,110.18,73.30
109.97,109.98,73.73
109.87,109.88,74.34
109.82,109.98,75.01
109.58,110.18,75.26
109.84,110.08,75.54
109.67,110.21,75.64
109.93,110.22,75.95
109.70,110.76,68.57
109.79,110.71,69.15
109.76,110.60,69.85
109.75,110.61,70.40
109.96,110.66,70.88
109.87,110.41,71.19
109.93,110.31,73.07
109.83,110.45,76.30
109.63,110.63,76.35
109.84,110.63,76.65
109.72,111.21,67.50
109.78,111.07,68.16
109.86,111.09,68.71
109.96,111.04,69.06
109.98,110.86,69.55
109.97,110.81,70.14
110.00,110.82,70.55
109.84,110.84,76.96
109.66,111.05,77.03
109.92,111.00,77.31
109.76,111.62,67.47
109.86,111.51,68.07
109.89,111.50,68.57
110.00,111.41,68.93
109.80,111.14,77.50
109.79,111.28,78.03
109.67,111.41,78.25
109.94,111.44,78.48
109.71,111.96,67.55
109.79,111.97,68.12
109.88,111.97,68.76
109.99,111.83,69.01
109.78,111.69,78.79
109.66,112.04,78.93
109.95,111.87,79.07
109.65,111.89,80.71
109.75,111.94,80.28
109.95,111.75,80.57
109.87,111.90,81.00
109.73,112.40,68.81
109.94,112.14,69.32
109.84,112.41,69.47
109.87,112.49,69.95
109.97,112.25,69.76
110.05,112.30,70.05
109.68,112.39,78.88
109.94,112.27,79.12
109.84,112.29,80.03
109.83,112.32,81.25
109.70,112.75,69.42
109.78,112.71,69.85
109.95,112.71,70.21
109.90,112.62,78.93
109.78,112.77,78.72
109.86,112.74,80.01
109.83,112.79,81.26
109.71,113.24,70.54
109.92,113.04,70.54
109.91,113.26,70.85
109.61,113.29,78.13
109.77,113.12,78.46
109.91,113.11,80.02
109.90,113.15,81.24
109.70,113.67,71.40
109.87,113.46,71.19
109.81,113.70,71.90
109.97,113.55,71.78
110.00,113.63,72.19
109.55,113.67,76.24
109.64,113.66,76.71
109.87,113.69,77.29
109.89,113.54,77.66
109.89,113.40,78.12
109.60,113.63,80.55
109.89,113.56,80.24
109.78,113.54,81.02
109.88,113.83,72.46
109.89,113.95,73.11
109.76,113.99,73.60
109.97,114.10,73.93
109.57,114.10,74.97
109.78,114.06,75.33
109.88,113.95,75.77
109.80,113.83,76.28
109.93,113.86,76.84
109.90,113.78,80.70
109.85,114.28,74.39
109.88,114.25,75.05
109.98,103.30,49.24
110.24,103.31,48.91
110.34,103.04,49.44
110.35,102.92,50.10
110.17,103.01,50.62
110.40,103.20,51.07
110.21,103.30,52.74
110.26,103.11,53.24
110.20,103.16,53.73
110.46,103.29,53.53
110.06,103.57,48.71
110.19,103.80,48.36
110.39,103.49,48.57
110.23,103.33,51.37
110.21,103.48,51.84
110.38,103.79,52.22
110.37,103.65,52.69
110.33,103.38,54.05
110.26,103.52,54.52
110.33,103.82,54.76
110.28,104.14,48.17
110.14,104.05,52.50
110.36,104.14,52.44
110.29,103.99,52.63
110.32,104.24,54.85
110.29,104.55,48.14
110.36,104.22,52.58
110.29,104.67,54.85
110.28,104.97,48.15
110.28,105.08,54.83
110.27,105.38,48.14
110.29,105.49,54.81
110.28,105.80,48.17
110.36,105.87,54.75
110.38,106.20,48.33
110.10,106.13,55.09
110.34,106.24,54.83
110.16,106.48,48.60
110.28,106.72,48.76
110.18,106.51,55.16
110.39,106.73,54.85
110.41,107.03,48.95
110.14,106.93,55.17
110.30,107.08,54.82
110.27,107.28,49.36
110.16,107.42,49.83
110.40,107.55,50.19
110.17,107.49,52.70
110.39,107.28,52.56
110.30,107.51,52.45
110.16,107.50,53.25
110.36,107.30,52.94
110.09,107.48,53.83
110.32,107.32,53.69
110.31,107.25,54.38
110.29,107.71,50.62
110.17,107.98,51.28
110.30,107.83,51.11
110.42,107.91,51.59
110.30,107.84,52.23
110.24,108.03,51.74
110.11,110.32,71.71
110.15,110.28,72.31
110.27,110.26,73.37
110.37,110.03,73.81
110.28,109.87,74.33
110.28,109.86,75.00
110.25,109.98,75.68
110.31,110.14,76.15
110.15,110.57,71.36
110.28,110.58,71.79
110.43,110.65,72.21
110.27,110.43,72.70
110.34,110.44,73.05
110.17,110.30,76.36
110.26,110.41,76.88
110.04,110.63,76.96
110.25,110.63,77.27
110.12,111.22,69.38
110.15,111.05,69.88
110.21,111.11,70.36
110.24,110.96,70.83
110.32,110.83,71.34
110.43,110.83,71.80
110.26,110.82,77.57
110.09,111.05,77.65
110.32,111.00,77.92
110.15,111.65,69.38
110.26,111.47,69.91
110.37,111.45,70.32
110.41,111.23,70.65
110.14,111.20,78.08
110.26,111.38,78.54
110.07,112.00,69.48
110.16,111.95,69.83
110.34,111.88,70.19
110.15,111.62,78.88
110.19,111.93,79.18
110.16,111.94,80.16
110.19,111.72,80.65
110.28,111.87,81.13
110.29,112.35,70.30
110.23,112.29,79.33
110.21,112.42,79.99
110.27,112.35,81.26
110.28,112.64,70.48
110.13,112.82,70.52
110.33,112.80,70.77
110.07,112.87,78.84
110.27,112.75,79.21
110.29,112.87,80.00
110.28,112.78,81.25
110.16,113.28,71.28
110.34,113.03,71.16
110.41,113.22,71.55
110.32,113.06,78.91
110.12,113.16,78.58
110.20,113.25,80.03
110.27,113.22,81.23
110.28,113.41,71.78
110.16,113.70,72.54
110.25,113.55,72.26
110.47,113.68,72.70
110.04,113.65,77.62
110.30,113.66,77.87
110.33,113.46,78.24
110.37,113.60,80.21
110.26,113.63,81.06
110.24,113.84,72.99
110.28,113.88,73.57
110.40,113.98,73.93
110.03,114.10,75.58
110.19,114.04,75.93
110.12,113.96,76.33
110.14,114.03,76.80
110.31,114.11,76.48
110.13,113.97,77.25
110.23,113.83,77.65
110.26,113.80,80.63
110.26,114.29,74.36
110.27,114.38,74.97
110.31,114.24,75.67
110.40,114.22,76.98
110.56,103.19,48.94
110.69,102.97,49.48
110.70,102.91,50.00
110.60,103.00,50.60
110.82,103.21,51.08
110.52,103.43,53.08
110.65,103.71,48.26
110.70,103.39,48.53
110.60,103.41,51.47
110.55,103.61,51.88
110.86,103.72,51.74
110.61,103.85,53.09
110.64,103.66,53.73
110.54,103.65,54.32
110.71,104.13,48.15
110.67,103.83,52.05
110.72,104.15,52.25
110.59,104.26,53.02
110.72,104.14,53.75
110.63,104.00,54.39
110.71,104.55,48.17
110.57,104.41,52.63
110.78,104.54,52.44
110.68,104.57,53.10
110.70,104.55,53.75
110.62,104.43,54.42
110.70,104.96,48.18
110.77,104.65,52.72
110.76,104.76,53.17
110.80,105.06,53.45
110.70,104.91,53.76
110.58,104.84,54.41
110.68,105.38,48.16
110.69,105.37,53.93
110.80,105.47,53.57
110.56,105.26,54.41
110.69,105.80,48.18
110.68,105.78,53.93
110.80,105.89,53.58
110.56,105.67,54.40
110.78,106.24,48.30
110.69,106.19,53.92
110.80,106.31,53.55
110.57,106.08,54.38
110.53,106.50,48.58
110.70,106.81,48.75
110.69,106.67,53.82
110.77,106.67,53.39
110.59,106.51,54.38
110.77,107.10,48.97
110.59,107.08,52.70
110.83,106.87,52.57
110.71,107.10,52.44
110.60,107.02,53.29
110.78,106.83,52.94
110.55,107.08,53.88
110.53,106.93,54.38
110.69,107.29,49.35
110.59,107.43,49.81
110.82,107.55,50.19
110.70,107.47,52.27
110.64,107.69,50.54
110.74,107.72,51.07
110.53,107.83,52.00
110.71,107.70,51.72
110.51,110.21,73.61
110.76,110.24,73.93
110.73,110.01,74.37
110.70,109.87,74.98
110.71,109.87,75.64
110.66,109.98,76.28
110.42,110.19,76.53
110.65,110.08,76.79
110.48,110.21,76.88
110.75,110.21,77.21
110.51,110.63,72.54
110.57,110.62,72.88
110.73,110.64,73.32
110.72,110.43,73.61
110.65,110.44,77.55
110.45,110.62,77.59
110.66,110.61,77.88
110.51,111.17,71.07
110.60,111.11,71.58
110.75,111.04,72.11
110.72,110.83,72.57
110.82,110.83,73.04
110.61,110.81,78.16
110.40,111.11,78.37
110.64,110.93,78.61
110.50,111.17,78.89
110.81,111.03,79.06
110.53,111.53,70.64
110.68,111.50,71.10
110.76,111.39,71.51
110.81,111.28,71.80
110.33,111.52,78.90
110.70,111.19,79.41
110.42,111.47,79.46
110.63,111.27,79.88
110.45,111.45,80.11
110.70,111.25,80.45
110.41,111.56,80.65
110.71,111.45,81.05
110.61,112.01,70.68
110.77,111.85,71.01
110.82,111.64,71.28
110.33,111.97,79.44
110.33,111.76,80.03
110.69,111.92,81.25
110.52,112.47,70.71
110.77,112.12,71.05
110.70,112.39,71.07
110.83,112.33,71.35
110.35,112.46,79.52
110.34,112.21,79.84
110.70,112.35,81.22
110.57,112.69,71.07
110.75,112.70,71.47
110.41,112.75,79.52
110.43,112.68,79.82
110.70,112.77,81.21
110.59,113.28,71.90
110.66,113.06,71.69
110.81,113.17,72.08
110.44,113.27,78.74
110.67,113.23,79.19
110.60,113.01,79.59
110.60,113.00,79.92
110.66,113.30,80.03
110.70,113.21,81.22
110.72,113.42,72.41
110.78,113.63,72.87
110.57,113.70,73.76
110.85,113.55,73.58
110.69,113.68,73.56
110.75,113.66,73.79
110.66,113.55,78.34
110.65,113.67,78.09
110.66,113.45,78.72
110.75,113.67,80.25
110.68,113.62,81.05
110.61,113.75,73.17
110.78,113.93,74.01
110.35,114.10,76.14
110.41,114.09,77.52
110.59,113.93,77.85
110.69,113.80,80.63
110.66,114.22,74.35
110.69,114.39,74.96
110.70,114.40,75.64
110.63,114.31,76.35
110.78,114.38,77.02
110.72,114.23,77.52
110.88,102.93,49.31
110.99,102.91,48.92
111.15,102.71,49.20
111.22,102.81,49.74
110.85,103.16,48.74
111.07,103.33,48.32
111.10,103.02,48.56
111.06,102.91,50.01
111.01,103.01,50.62
111.25,103.31,51.10
111.12,103.73,48.16
111.00,103.47,51.40
111.21,103.79,51.58
111.12,104.14,48.17
110.90,104.01,51.98
111.20,104.13,51.83
111.11,104.55,48.19
111.06,104.26,52.05
111.16,104.56,52.23
111.11,104.96,48.19
110.98,104.90,52.65
111.21,104.97,52.44
110.88,104.89,52.99
111.10,105.37,48.17
111.16,105.15,52.68
111.20,105.46,52.89
110.99,105.21,53.08
111.09,105.79,48.17
110.99,105.65,53.25
111.21,105.87,52.94
111.15,106.14,48.17
110.99,106.14,53.18
111.17,106.24,52.82
110.81,106.60,48.55
111.14,106.56,48.34
111.01,106.57,52.77
111.19,106.43,52.61
111.14,106.71,52.37
110.89,106.52,53.19
111.04,106.82,48.63
111.16,107.06,48.90
111.07,107.11,52.21
111.05,107.26,49.26
111.18,107.32,49.89
111.18,107.49,50.31
111.03,107.52,51.50
111.22,107.36,51.37
111.16,107.50,51.07
111.00,107.41,51.98
111.22,107.24,51.74
111.01,107.63,50.62
110.93,110.20,74.24
111.19,110.25,74.60
111.09,110.03,74.99
111.16,109.96,75.64
111.11,109.89,76.28
110.99,110.00,76.87
111.21,110.17,77.33
110.93,110.64,73.63
111.14,110.64,73.93
111.14,110.42,74.23
111.10,110.31,77.67
111.07,110.45,78.12
110.90,110.63,78.29
111.14,110.58,78.57
110.92,111.03,72.53
111.00,111.03,72.90
111.15,111.04,73.35
111.14,110.85,73.65
111.04,110.78,78.81
111.12,111.00,79.23
110.90,111.09,80.76
110.99,111.04,80.33
111.19,110.90,80.51
111.12,111.08,81.02
110.97,111.61,71.67
111.06,111.41,72.07
111.14,111.25,72.58
111.24,111.23,73.06
110.99,111.12,79.42
110.96,111.13,79.86
111.10,111.49,81.25
110.91,111.98,71.37
111.09,112.00,71.78
111.22,111.81,72.05
111.11,111.93,81.24
111.01,112.44,71.85
111.21,112.23,72.13
111.11,112.34,81.19
110.93,112.88,71.99
111.17,112.57,72.30
111.10,112.83,72.33
111.29,112.71,72.52
111.11,112.75,81.21
110.98,113.11,72.33
111.20,113.12,72.70
110.83,113.23,79.54
110.84,113.23,79.80
111.11,113.20,81.22
110.87,113.62,73.26
111.03,113.46,73.09
111.09,113.45,73.58
111.18,113.59,73.89
110.85,113.71,78.24
110.89,113.65,78.61
111.01,113.56,79.10
111.09,113.42,79.52
111.08,113.44,79.84
111.05,113.64,80.10
111.10,113.61,81.06
111.15,113.92,74.27
110.94,114.11,74.36
111.21,114.07,74.64
111.19,113.88,78.36
110.97,113.99,77.97
111.19,113.77,78.86
111.14,113.82,80.59
111.08,114.26,74.91
111.12,114.40,75.62
111.12,114.41,76.27
111.13,114.39,76.89
111.12,114.29,77.49
111.22,102.78,48.73
111.47,102.89,48.33
111.50,102.57,48.84
111.42,102.64,49.45
111.64,102.91,49.84
111.53,103.32,48.14
111.49,103.01,50.17
111.40,103.09,50.63
111.64,103.37,50.97
111.53,103.73,48.16
111.30,103.60,51.36
111.61,103.70,51.25
111.52,104.14,48.19
111.48,103.85,51.43
111.58,104.16,51.61
111.52,104.55,48.19
111.32,104.44,51.99
111.62,104.56,51.83
111.52,104.96,48.19
111.51,104.69,52.05
111.53,104.97,52.21
111.51,105.37,48.18
111.33,105.31,52.59
111.56,105.39,52.35
111.50,105.79,48.16
111.41,105.67,52.64
111.61,105.87,52.34
111.49,106.21,48.16
111.37,106.19,52.53
111.58,106.24,52.22
111.61,106.63,48.30
111.46,106.59,52.01
111.61,106.41,51.98
111.62,106.63,51.66
111.48,106.93,48.68
111.58,107.09,49.07
111.46,107.11,50.02
111.71,107.02,49.93
111.51,107.13,49.78
111.57,107.10,50.28
111.43,107.08,51.39
111.62,106.86,51.34
111.61,107.06,51.00
111.32,106.94,51.95
111.42,107.20,49.37
111.36,107.40,50.75
111.47,107.27,50.47
111.33,110.20,75.01
111.40,110.20,75.39
111.61,110.25,75.86
111.56,110.02,76.29
111.41,110.00,76.87
111.62,110.18,77.31
111.35,110.64,74.24
111.56,110.65,74.59
111.54,110.43,75.08
111.63,110.44,75.55
111.51,110.30,77.67
111.51,110.33,78.15
111.48,110.44,78.73
111.28,110.61,78.84
111.48,110.61,79.14
111.36,111.06,73.66
111.56,111.05,73.96
111.56,110.85,74.25
111.45,110.80,79.44
111.24,111.01,79.60
111.50,110.81,80.09
111.20,110.97,80.02
111.46,110.83,80.73
111.53,111.07,81.11
111.32,111.58,72.40
111.44,111.53,72.85
111.48,111.37,73.31
111.56,111.26,73.65
111.53,111.49,81.25
111.42,111.97,72.45
111.60,111.86,72.81
111.65,111.63,73.15
111.52,111.91,81.22
111.33,112.40,72.41
111.56,112.31,72.68
111.52,112.32,81.19
111.54,112.76,72.79
111.52,112.74,81.22
111.53,113.03,73.06
111.35,113.25,73.28
111.38,113.29,73.66
111.68,113.02,73.62
111.57,113.27,73.93
111.52,113.19,81.25
111.56,113.51,74.09
111.49,113.56,79.51
111.41,113.66,79.23
111.31,113.64,79.82
111.65,113.68,79.64
111.52,113.61,81.09
111.44,113.74,74.25
111.40,114.11,75.02
111.58,113.87,74.83
111.64,114.06,75.29
111.68,113.96,78.13
111.41,114.09,77.88
111.54,113.84,78.77
111.48,113.85,80.14
111.59,113.87,80.73
111.51,114.26,75.56
111.48,114.37,76.15
111.59,114.30,76.72
111.52,114.24,77.34
111.78,102.40,48.82
111.83,102.52,48.38
112.01,102.30,48.62
112.04,102.36,49.10
111.94,102.88,48.13
111.77,102.58,49.38
111.97,102.86,49.77
111.95,103.31,48.13
111.79,103.19,50.11
112.03,103.19,49.96
111.75,103.23,50.49
111.93,103.73,48.18
112.02,103.35,50.27
111.93,103.39,50.72
111.96,103.63,51.06
111.93,104.14,48.19
111.73,104.03,51.37
112.05,104.09,51.26
111.93,104.55,48.19
111.91,104.29,51.42
111.93,104.58,51.57
111.93,104.96,48.19
111.74,104.91,51.97
111.97,105.01,51.71
111.93,105.37,48.19
111.82,105.26,52.02
112.04,105.48,51.72
111.91,105.79,48.16
111.83,105.68,52.05
112.03,105.89,51.71
111.91,106.22,48.14
111.77,106.18,51.93
112.00,106.25,51.59
112.03,106.63,48.28
111.82,106.64,51.36
112.06,106.47,51.25
111.99,106.72,50.96
111.92,106.91,48.70
111.68,107.09,49.48
111.85,107.02,49.29
112.06,106.90,49.88
111.76,106.97,50.77
111.93,106.87,50.44
111.77,110.20,76.15
111.93,110.15,76.35
111.89,110.07,76.81
112.05,110.19,77.28
111.74,110.65,75.02
111.80,110.64,75.38
111.87,110.56,75.75
112.02,110.37,76.09
111.93,110.30,77.65
111.92,110.31,78.14
111.93,110.32,78.76
111.84,110.47,79.29
111.74,110.63,79.56
112.07,110.59,79.76
111.78,111.06,74.27
111.97,111.05,74.57
111.99,110.84,75.08
112.04,110.73,75.56
111.91,110.71,80.02
111.84,110.80,80.65
111.96,111.09,81.08
111.79,111.61,73.57
111.89,111.43,73.95
111.97,111.27,74.26
111.96,111.49,81.22
111.79,111.98,73.20
111.93,111.98,73.68
112.03,111.82,73.96
111.94,111.91,81.22
111.80,112.46,73.12
111.93,112.34,73.61
112.04,112.23,73.97
111.94,112.31,81.22
111.74,112.81,73.20
111.87,112.68,73.55
111.97,112.68,73.97
111.94,112.73,81.26
111.82,113.35,74.39
111.87,113.05,74.15
112.10,113.15,74.53
111.94,113.18,81.26
111.69,113.62,74.45
112.04,113.45,74.92
111.83,113.58,74.81
111.98,113.66,75.24
112.01,113.56,79.33
111.81,113.67,79.11
112.00,113.65,79.68
111.94,113.61,81.02
111.82,114.12,75.66
111.99,113.87,75.54
112.06,114.02,75.94
111.84,114.08,77.13
112.06,113.90,77.06
111.99,114.03,76.71
111.73,114.07,77.60
111.94,113.95,77.52
112.06,113.84,78.01
111.93,113.80,78.59
111.85,113.81,79.93
111.91,113.84,80.48
111.85,114.20,76.18
112.23,102.47,48.29
112.35,102.27,48.71
112.45,102.35,49.20
112.36,102.87,48.13
112.20,102.59,49.54
112.32,102.92,49.81
112.36,103.32,48.16
112.47,103.32,49.94
112.34,103.74,48.19
112.32,103.45,50.14
112.23,103.51,50.62
112.40,103.82,51.00
112.34,104.14,48.19
112.38,104.14,51.22
112.34,104.55,48.19
112.14,104.50,51.35
112.40,104.50,51.25
112.34,104.96,48.19
112.22,104.85,51.41
112.46,104.96,51.24
112.34,105.37,48.19
112.24,105.27,51.41
112.46,105.41,51.10
112.32,105.78,48.15
112.24,105.75,51.30
112.39,105.83,50.94
112.33,106.22,48.14
112.31,106.19,50.78
112.42,106.03,50.70
112.43,106.24,50.39
112.17,106.18,51.27
112.43,106.59,48.36
112.25,106.61,50.27
112.42,106.47,50.09
112.39,106.67,49.84
112.16,106.55,50.81
112.26,106.84,48.63
112.28,106.89,49.26
112.36,110.26,76.53
112.27,110.12,76.95
112.34,110.19,77.20
112.22,110.62,75.88
112.42,110.49,76.17
112.44,110.36,77.49
112.34,110.31,78.12
112.34,110.30,78.76
112.24,110.41,79.38
112.47,110.59,79.84
112.17,111.04,74.88
112.33,111.00,75.10
112.42,110.81,75.59
112.30,110.70,80.11
112.30,110.85,80.58
112.35,111.19,80.99
112.18,111.63,74.24
112.30,111.42,74.48
112.43,111.20,74.81
112.40,111.60,81.09
112.23,112.04,74.23
112.45,111.81,74.42
112.30,111.97,81.20
112.20,112.47,74.25
112.45,112.24,74.40
112.37,112.31,81.23
112.11,112.83,74.29
112.41,112.73,74.52
112.38,112.75,81.25
112.38,113.12,74.71
112.36,113.22,81.06
112.28,113.35,74.92
112.19,113.67,75.56
112.41,113.46,75.49
112.38,113.66,75.89
112.27,113.75,76.87
112.55,113.55,76.80
112.40,113.69,76.56
112.45,113.61,77.19
112.24,113.67,78.38
112.52,113.56,78.12
112.32,113.69,77.91
112.12,113.62,78.86
112.38,113.56,78.85
112.36,113.53,79.34
112.17,113.68,80.17
112.39,113.49,79.80
112.22,113.60,80.73
112.44,113.42,80.51
112.19,113.92,76.40
112.30,113.81,76.12
112.24,113.77,77.42
112.65,102.46,48.31
112.77,102.26,48.73
112.87,102.36,49.20
112.78,102.87,48.15
112.62,102.59,49.56
112.73,102.92,49.81
112.77,103.32,48.16
112.81,103.25,49.93
112.75,103.74,48.19
112.61,103.61,50.06
112.86,103.69,49.96
112.58,103.65,50.45
112.75,104.14,48.19
112.84,103.84,50.23
112.77,103.87,50.70
112.72,104.18,51.02
112.75,104.55,48.19
112.75,104.65,51.06
112.75,104.96,48.19
112.70,105.06,51.00
112.74,105.36,48.18
112.68,105.35,50.83
112.82,105.18,50.77
112.86,105.44,50.51
112.73,105.79,48.15
112.58,105.78,50.64
112.79,105.84,50.32
112.78,106.27,48.27
112.62,106.24,50.09
112.82,106.03,50.09
112.83,106.25,49.77
112.74,106.57,48.64
112.57,106.74,48.89
112.63,106.60,49.51
112.87,106.50,49.21
112.48,110.23,76.98
112.56,110.65,76.05
112.80,110.62,76.48
112.69,110.45,76.96
112.70,110.58,77.38
112.81,110.62,77.21
112.82,110.66,77.73
112.79,110.43,78.15
112.74,110.31,78.76
112.65,110.39,79.38
112.87,110.58,79.84
112.77,111.08,75.26
112.81,110.91,75.71
112.82,110.80,76.08
112.92,110.78,77.38
112.67,110.80,80.23
112.61,111.04,80.63
112.85,111.11,80.46
112.66,111.53,74.63
112.83,111.31,74.88
112.66,111.35,80.77
112.94,111.51,80.60
112.76,111.93,74.56
112.75,111.65,80.82
112.71,111.97,81.02
112.75,112.34,74.62
112.77,112.43,81.08
112.85,112.60,74.93
112.65,112.94,75.00
112.88,112.80,75.28
112.72,112.85,81.01
112.51,113.24,75.08
112.82,112.97,75.45
112.67,113.16,75.40
112.80,113.19,75.79
112.66,113.25,80.24
112.84,113.09,80.12
112.79,113.22,79.83
112.64,113.15,80.73
112.85,112.99,80.50
112.51,113.62,76.36
112.68,113.45,76.22
112.82,113.39,76.76
112.48,113.61,77.59
112.72,113.46,77.40
112.84,113.45,78.11
112.70,113.53,78.64
112.75,113.43,79.27
113.07,102.46,48.31
113.18,102.27,48.73
113.30,102.46,49.21
113.19,102.87,48.15
113.03,102.64,49.54
113.18,103.00,49.77
113.18,103.32,48.16
113.09,103.37,49.93
113.16,103.74,48.19
113.22,103.66,49.94
113.16,104.14,48.19
113.06,104.09,50.16
113.28,104.10,49.98
112.97,104.07,50.54
113.16,104.55,48.19
113.22,104.35,50.18
113.25,104.67,50.35
113.06,104.41,50.60
113.16,104.96,48.19
113.00,104.95,50.66
113.22,105.01,50.32
113.15,105.37,48.16
113.09,105.31,50.26
113.29,105.17,50.10
113.26,105.44,49.96
113.14,105.81,48.14
112.99,105.79,50.04
113.23,105.79,49.73
113.26,106.22,48.30
113.04,106.15,49.59
113.26,106.02,49.49
113.21,106.27,49.28
113.11,106.44,48.77
112.91,110.65,76.98
112.97,110.62,78.04
113.23,110.65,78.34
113.19,110.43,78.78
113.06,110.40,79.37
113.27,110.57,79.83
112.99,111.03,75.63
113.08,111.01,75.99
113.14,110.94,76.44
113.11,110.88,76.98
113.10,111.12,77.44
113.25,111.23,77.26
113.14,111.06,77.69
113.18,110.84,78.00
113.06,110.81,80.16
113.16,111.12,80.42
113.01,111.62,74.82
113.14,111.40,75.15
113.22,111.23,75.69
113.32,111.16,76.25
113.13,111.52,77.51
113.25,111.63,77.35
113.18,111.43,77.58
113.24,111.44,80.58
113.06,112.04,74.82
113.30,111.80,75.14
113.11,111.94,77.51
113.23,112.05,77.34
113.23,111.82,77.56
112.96,111.87,80.72
113.20,111.87,80.62
113.00,112.34,74.85
113.22,112.27,75.18
113.12,112.26,77.50
113.25,112.39,77.40
113.27,112.26,77.55
113.04,112.29,80.70
113.26,112.33,80.47
113.03,112.88,75.77
113.13,112.61,75.45
113.16,112.92,76.34
113.27,112.64,75.99
113.32,112.74,76.44
113.26,112.51,77.52
113.05,112.81,80.16
113.34,112.66,80.02
113.20,112.87,79.71
112.97,112.67,80.73
112.97,113.17,76.29
113.24,112.97,76.80
113.05,113.20,76.94
113.04,113.28,77.67
113.29,113.07,77.42
113.09,113.31,78.17
113.29,113.17,78.06
113.30,113.22,78.46
113.05,113.11,79.58
113.23,113.01,79.47
113.19,113.19,79.22
113.06,113.38,78.69
113.48,102.46,48.31
113.58,102.27,48.73
113.64,102.40,49.12
113.60,102.87,48.15
113.36,102.78,49.49
113.67,102.83,49.36
113.59,103.32,48.16
113.54,103.03,49.56
113.56,103.38,49.78
113.57,103.73,48.19
113.52,103.78,49.93
113.57,104.14,48.20
113.66,104.08,49.94
113.57,104.55,48.19
113.37,104.50,50.09
113.61,104.51,49.95
113.56,104.96,48.18
113.40,104.85,50.12
113.59,105.05,49.84
113.55,105.38,48.12
113.50,105.49,49.70
113.57,105.83,48.13
113.43,105.77,49.54
113.67,105.58,49.48
113.58,105.89,49.36
113.69,106.17,48.39
113.56,106.24,49.08
113.49,106.38,48.66
113.40,110.59,78.65
113.55,110.55,78.85
113.53,110.45,79.31
113.70,110.56,79.84
113.37,111.16,76.75
113.43,111.13,77.95
113.58,111.02,78.22
113.66,110.77,78.57
113.45,110.79,80.18
113.56,111.10,80.46
113.45,111.61,75.62
113.50,111.47,76.33
113.44,111.43,76.98
113.45,111.49,77.75
113.68,111.31,78.03
113.58,111.51,80.60
113.49,112.04,75.63
113.57,111.92,76.24
113.46,111.80,76.90
113.54,111.95,77.68
113.58,111.94,80.62
113.39,112.38,75.69
113.48,112.39,76.25
113.45,112.31,76.95
113.63,112.31,77.71
113.57,112.35,80.48
113.40,112.75,76.89
113.41,112.73,77.44
113.56,112.65,77.74
113.39,112.90,79.43
113.71,112.74,79.46
113.62,112.89,79.08
113.65,112.61,80.15
113.53,112.99,77.96
113.41,113.12,78.92
113.59,113.03,78.55
113.89,102.45,48.31
113.98,102.26,48.74
113.98,102.45,49.17
114.01,102.87,48.14
114.03,102.81,49.34
114.00,103.31,48.15
113.79,103.21,49.47
114.09,103.28,49.36
113.98,103.73,48.18
113.97,103.47,49.53
113.93,103.80,49.75
113.97,104.14,48.19
113.98,104.26,49.78
113.97,104.55,48.17
113.92,104.67,49.70
113.97,104.97,48.14
113.90,104.96,49.54
114.10,104.76,49.46
114.10,105.00,49.37
113.99,105.40,48.13
113.80,105.26,49.52
114.01,105.42,49.35
114.06,105.80,48.35
113.99,105.87,49.12
113.99,106.04,48.68
113.79,106.22,48.82
113.96,110.63,78.93
114.01,110.47,79.40
114.16,110.67,79.84
113.99,111.12,78.39
114.08,110.90,78.64
113.88,110.83,80.18
113.98,111.20,80.38
113.81,111.66,77.94
113.95,111.41,78.16
114.00,111.62,80.47
113.88,112.08,77.92
114.12,111.84,78.12
113.98,112.06,80.47
113.88,112.51,78.13
114.15,112.27,78.31
113.91,112.41,80.36
113.77,112.83,78.23
113.99,112.60,78.76
113.82,112.77,78.73
114.05,112.63,79.29
113.98,112.59,79.87
114.32,102.45,48.31
114.41,102.26,48.76
114.39,102.46,49.19
114.43,102.87,48.14
114.39,102.88,49.35
114.41,103.31,48.14
114.45,103.25,49.35
114.40,103.73,48.15
114.19,103.69,49.45
114.44,103.68,49.35
114.39,104.15,48.13
114.26,104.04,49.51
114.50,104.13,49.38
114.40,104.57,48.14
114.22,104.44,49.51
114.42,104.59,49.35
114.46,104.97,48.28
114.46,105.03,49.19
114.41,105.38,48.40
114.37,105.48,49.09
114.42,105.59,48.67
114.24,105.79,48.81
114.35,110.59,79.12
114.37,110.52,79.48
114.49,110.74,79.67
114.31,111.14,78.54
114.45,110.97,78.88
114.24,111.08,80.03
114.44,111.06,79.75
114.32,111.49,78.35
114.50,111.28,78.60
114.54,111.71,79.17
114.42,111.50,79.68
114.56,111.38,79.37
114.26,111.43,80.13
114.42,111.93,78.39
114.41,112.01,79.45
114.48,112.03,78.99
114.29,111.81,80.05
114.42,112.16,78.62
114.27,112.36,78.93
114.25,112.43,79.50
114.22,112.25,80.02
114.79,102.49,48.36
114.77,102.29,48.83
114.88,102.55,49.14
114.79,102.93,48.14
114.75,102.94,49.35
114.85,103.30,48.14
114.83,103.30,49.35
114.85,103.73,48.13
114.85,103.72,49.35
114.84,104.16,48.14
114.85,104.15,49.34
114.89,104.55,48.35
114.82,104.60,49.13
114.82,104.77,48.66
114.66,105.01,48.75
114.57,105.30,48.83
114.57,110.72,79.31
114.61,111.07,79.36
114.59,111.49,78.82
114.56,111.90,78.77
115.08,102.44,48.68
115.18,102.81,48.36
115.27,102.63,48.83
115.21,102.92,49.14
115.27,103.29,48.31
115.26,103.40,49.18
115.27,103.72,48.31
115.25,103.83,49.19
115.26,104.13,48.40
115.19,104.24,49.10
115.25,104.36,48.68
115.06,104.54,48.82
115.43,102.93,48.67
115.46,103.29,48.73
115.45,103.72,48.76
115.41,104.06,48.84
