0.00,1.00,2.00
2.00,3.00,0.00
4.00,1.00,0.00
5.00,1.00,4.00
6.00,0.00,3.00
4.00,0.00,6.00
7.00,5.00,4.00
8.00,5.00,7.00
9.00,4.00,6.00
7.00,4.00,9.00
10.00,8.00,7.00
11.00,8.00,10.00
12.00,7.00,9.00
10.00,7.00,12.00
10.00,13.00,11.00
12.00,13.00,10.00
14.00,15.00,16.00
16.00,17.00,14.00
2.00,15.00,14.00
2.00,1.00,15.00
1.00,18.00,15.00
14.00,3.00,2.00
14.00,17.00,3.00
17.00,19.00,3.00
1.00,5.00,18.00
18.00,5.00,20.00
3.00,19.00,6.00
19.00,21.00,6.00
5.00,8.00,20.00
20.00,8.00,22.00
6.00,21.00,9.00
21.00,23.00,9.00
8.00,11.00,22.00
22.00,11.00,24.00
9.00,23.00,12.00
23.00,25.00,12.00
11.00,26.00,24.00
13.00,26.00,11.00
25.00,13.00,12.00
26.00,13.00,25.00
27.00,28.00,29.00
29.00,30.00,27.00
16.00,31.00,32.00
15.00,31.00,16.00
32.00,17.00,16.00
33.00,17.00,32.00
34.00,28.00,27.00
35.00,28.00,34.00
36.00,27.00,30.00
36.00,37.00,27.00
37.00,34.00,27.00
37.00,36.00,31.00
37.00,31.00,18.00
18.00,31.00,15.00
17.00,33.00,19.00
33.00,38.00,19.00
39.00,35.00,34.00
40.00,35.00,39.00
37.00,41.00,34.00
41.00,39.00,34.00
18.00,20.00,41.00
37.00,18.00,41.00
19.00,38.00,21.00
38.00,42.00,21.00
39.00,43.00,40.00
43.00,44.00,45.00
43.00,39.00,44.00
39.00,41.00,44.00
20.00,22.00,44.00
41.00,20.00,44.00
21.00,42.00,23.00
42.00,46.00,23.00
44.00,47.00,45.00
47.00,44.00,22.00
47.00,22.00,48.00
48.00,22.00,24.00
23.00,46.00,25.00
46.00,49.00,25.00
24.00,50.00,48.00
26.00,50.00,24.00
49.00,26.00,25.00
50.00,26.00,49.00
51.00,52.00,53.00
53.00,54.00,51.00
29.00,52.00,51.00
29.00,28.00,52.00
28.00,55.00,52.00
30.00,56.00,57.00
29.00,56.00,30.00
29.00,54.00,56.00
29.00,51.00,54.00
57.00,32.00,31.00
57.00,56.00,32.00
56.00,58.00,32.00
58.00,33.00,32.00
59.00,33.00,58.00
28.00,35.00,55.00
55.00,35.00,60.00
30.00,57.00,36.00
31.00,36.00,57.00
33.00,59.00,38.00
59.00,61.00,38.00
35.00,40.00,60.00
60.00,40.00,62.00
38.00,61.00,42.00
61.00,63.00,42.00
40.00,64.00,62.00
43.00,64.00,40.00
64.00,43.00,45.00
65.00,64.00,45.00
42.00,63.00,46.00
63.00,66.00,46.00
45.00,67.00,65.00
47.00,67.00,45.00
67.00,47.00,48.00
68.00,67.00,48.00
46.00,66.00,49.00
66.00,69.00,49.00
48.00,70.00,68.00
50.00,70.00,48.00
69.00,50.00,49.00
70.00,50.00,69.00
53.00,71.00,72.00
52.00,71.00,53.00
54.00,73.00,74.00
54.00,53.00,73.00
53.00,72.00,73.00
74.00,75.00,76.00
73.00,75.00,74.00
75.00,77.00,76.00
52.00,55.00,71.00
71.00,55.00,78.00
54.00,74.00,56.00
58.00,56.00,74.00
76.00,58.00,74.00
76.00,59.00,58.00
76.00,77.00,59.00
77.00,79.00,59.00
55.00,60.00,78.00
78.00,60.00,80.00
59.00,79.00,61.00
79.00,81.00,61.00
60.00,62.00,80.00
80.00,62.00,82.00
61.00,81.00,63.00
81.00,83.00,63.00
84.00,62.00,64.00
84.00,85.00,62.00
85.00,82.00,62.00
64.00,65.00,84.00
63.00,83.00,66.00
83.00,86.00,66.00
84.00,87.00,85.00
88.00,89.00,87.00
67.00,88.00,87.00
67.00,87.00,84.00
67.00,84.00,65.00
67.00,68.00,88.00
66.00,86.00,69.00
86.00,90.00,69.00
88.00,91.00,89.00
68.00,91.00,88.00
68.00,70.00,91.00
70.00,92.00,91.00
90.00,70.00,69.00
92.00,70.00,90.00
72.00,93.00,94.00
71.00,93.00,72.00
73.00,72.00,95.00
72.00,94.00,95.00
75.00,73.00,96.00
73.00,95.00,96.00
96.00,77.00,75.00
97.00,77.00,96.00
71.00,78.00,93.00
93.00,78.00,98.00
77.00,97.00,79.00
97.00,99.00,79.00
78.00,80.00,98.00
98.00,80.00,100.00
79.00,99.00,81.00
99.00,101.00,81.00
80.00,82.00,100.00
100.00,82.00,102.00
81.00,101.00,83.00
101.00,103.00,83.00
82.00,85.00,102.00
102.00,85.00,104.00
83.00,103.00,86.00
103.00,105.00,86.00
106.00,85.00,87.00
106.00,107.00,85.00
107.00,104.00,85.00
87.00,89.00,106.00
86.00,105.00,90.00
105.00,108.00,90.00
106.00,109.00,107.00
89.00,109.00,106.00
89.00,91.00,109.00
91.00,110.00,109.00
92.00,111.00,91.00
91.00,111.00,110.00
108.00,92.00,90.00
111.00,92.00,108.00
112.00,113.00,114.00
114.00,115.00,112.00
94.00,113.00,112.00
94.00,93.00,113.00
93.00,116.00,113.00
112.00,115.00,117.00
112.00,117.00,94.00
94.00,117.00,95.00
96.00,95.00,118.00
95.00,117.00,118.00
118.00,97.00,96.00
119.00,97.00,118.00
93.00,98.00,116.00
116.00,98.00,120.00
97.00,119.00,99.00
119.00,121.00,99.00
98.00,100.00,120.00
120.00,100.00,122.00
99.00,121.00,101.00
121.00,123.00,101.00
100.00,102.00,122.00
122.00,102.00,124.00
101.00,123.00,103.00
123.00,125.00,103.00
102.00,104.00,124.00
124.00,104.00,126.00
103.00,125.00,105.00
125.00,127.00,105.00
104.00,107.00,126.00
126.00,107.00,128.00
129.00,130.00,131.00
129.00,127.00,130.00
129.00,108.00,127.00
108.00,105.00,127.00
107.00,132.00,128.00
109.00,132.00,107.00
110.00,133.00,109.00
109.00,133.00,132.00
131.00,111.00,129.00
131.00,133.00,111.00
133.00,110.00,111.00
108.00,129.00,111.00
114.00,134.00,135.00
113.00,134.00,114.00
115.00,136.00,137.00
115.00,114.00,136.00
114.00,135.00,136.00
136.00,138.00,137.00
113.00,116.00,134.00
134.00,116.00,139.00
115.00,137.00,117.00
137.00,138.00,140.00
137.00,140.00,117.00
117.00,140.00,118.00
140.00,119.00,118.00
141.00,119.00,140.00
116.00,120.00,139.00
139.00,120.00,142.00
119.00,141.00,121.00
141.00,143.00,121.00
120.00,122.00,142.00
142.00,122.00,144.00
121.00,143.00,123.00
143.00,145.00,123.00
122.00,124.00,144.00
144.00,124.00,146.00
123.00,145.00,125.00
145.00,147.00,125.00
124.00,126.00,146.00
146.00,126.00,148.00
125.00,147.00,127.00
147.00,149.00,127.00
126.00,128.00,148.00
148.00,128.00,150.00
130.00,151.00,152.00
131.00,130.00,152.00
149.00,130.00,127.00
151.00,130.00,149.00
128.00,153.00,150.00
132.00,153.00,128.00
133.00,154.00,132.00
132.00,154.00,153.00
152.00,133.00,131.00
154.00,133.00,152.00
135.00,155.00,156.00
134.00,155.00,135.00
136.00,135.00,157.00
135.00,156.00,157.00
138.00,158.00,159.00
138.00,136.00,158.00
136.00,157.00,158.00
158.00,160.00,159.00
134.00,139.00,155.00
155.00,139.00,161.00
138.00,159.00,140.00
159.00,141.00,140.00
159.00,160.00,141.00
160.00,162.00,141.00
139.00,142.00,161.00
161.00,142.00,163.00
141.00,162.00,143.00
162.00,164.00,143.00
142.00,144.00,163.00
163.00,144.00,165.00
143.00,164.00,145.00
164.00,166.00,145.00
144.00,146.00,165.00
165.00,146.00,167.00
145.00,166.00,147.00
166.00,168.00,147.00
146.00,148.00,167.00
167.00,148.00,169.00
147.00,168.00,149.00
168.00,170.00,149.00
148.00,150.00,169.00
169.00,150.00,171.00
151.00,172.00,173.00
152.00,151.00,173.00
170.00,151.00,149.00
172.00,151.00,170.00
150.00,174.00,171.00
153.00,174.00,150.00
154.00,175.00,153.00
153.00,175.00,174.00
173.00,154.00,152.00
175.00,154.00,173.00
156.00,176.00,177.00
155.00,176.00,156.00
157.00,156.00,178.00
156.00,177.00,178.00
158.00,157.00,179.00
157.00,178.00,179.00
179.00,160.00,158.00
180.00,160.00,179.00
155.00,161.00,176.00
176.00,161.00,181.00
160.00,180.00,162.00
180.00,182.00,162.00
161.00,163.00,181.00
181.00,163.00,183.00
162.00,182.00,164.00
182.00,184.00,164.00
163.00,165.00,183.00
183.00,165.00,185.00
164.00,184.00,166.00
184.00,186.00,166.00
165.00,167.00,185.00
185.00,167.00,187.00
166.00,186.00,168.00
186.00,188.00,168.00
167.00,169.00,187.00
187.00,169.00,189.00
190.00,191.00,192.00
190.00,188.00,191.00
190.00,170.00,188.00
170.00,168.00,188.00
193.00,171.00,194.00
193.00,189.00,171.00
189.00,169.00,171.00
193.00,194.00,195.00
172.00,190.00,192.00
172.00,192.00,173.00
173.00,192.00,196.00
170.00,190.00,172.00
171.00,174.00,194.00
194.00,197.00,195.00
194.00,174.00,197.00
174.00,175.00,197.00
196.00,175.00,173.00
197.00,175.00,196.00
198.00,199.00,200.00
198.00,201.00,202.00
200.00,201.00,198.00
201.00,203.00,202.00
177.00,199.00,198.00
177.00,176.00,199.00
176.00,204.00,199.00
178.00,177.00,198.00
202.00,178.00,198.00
202.00,203.00,205.00
202.00,205.00,178.00
178.00,205.00,179.00
205.00,180.00,179.00
206.00,180.00,205.00
176.00,181.00,204.00
204.00,181.00,207.00
180.00,206.00,182.00
206.00,208.00,182.00
181.00,183.00,207.00
207.00,183.00,209.00
182.00,208.00,184.00
208.00,210.00,184.00
183.00,185.00,209.00
209.00,185.00,211.00
184.00,210.00,186.00
210.00,212.00,186.00
185.00,187.00,211.00
211.00,187.00,213.00
186.00,212.00,188.00
212.00,214.00,188.00
187.00,189.00,213.00
213.00,189.00,215.00
191.00,216.00,217.00
192.00,191.00,217.00
214.00,191.00,188.00
216.00,191.00,214.00
189.00,218.00,215.00
193.00,218.00,189.00
195.00,219.00,220.00
195.00,220.00,193.00
193.00,220.00,218.00
219.00,217.00,220.00
219.00,196.00,217.00
196.00,192.00,217.00
195.00,197.00,219.00
196.00,219.00,197.00
200.00,221.00,222.00
199.00,221.00,200.00
201.00,200.00,223.00
200.00,222.00,223.00
203.00,224.00,225.00
203.00,201.00,224.00
201.00,223.00,224.00
224.00,226.00,225.00
199.00,204.00,221.00
221.00,204.00,227.00
203.00,225.00,205.00
206.00,228.00,229.00
205.00,228.00,206.00
205.00,226.00,228.00
205.00,225.00,226.00
228.00,230.00,229.00
204.00,207.00,227.00
227.00,207.00,231.00
229.00,232.00,208.00
206.00,229.00,208.00
233.00,229.00,230.00
232.00,229.00,233.00
207.00,209.00,231.00
231.00,209.00,234.00
232.00,235.00,210.00
208.00,232.00,210.00
236.00,232.00,233.00
235.00,232.00,236.00
209.00,211.00,234.00
234.00,211.00,237.00
235.00,238.00,212.00
210.00,235.00,212.00
239.00,235.00,236.00
238.00,235.00,239.00
211.00,213.00,237.00
237.00,213.00,240.00
241.00,242.00,243.00
238.00,244.00,242.00
238.00,242.00,214.00
238.00,214.00,212.00
214.00,242.00,241.00
239.00,244.00,238.00
245.00,215.00,246.00
245.00,240.00,215.00
240.00,213.00,215.00
246.00,247.00,248.00
245.00,246.00,248.00
243.00,248.00,247.00
241.00,243.00,247.00
241.00,247.00,217.00
241.00,217.00,216.00
214.00,241.00,216.00
215.00,218.00,246.00
220.00,246.00,218.00
247.00,246.00,220.00
217.00,247.00,220.00
249.00,250.00,251.00
249.00,252.00,253.00
251.00,252.00,249.00
253.00,254.00,255.00
252.00,254.00,253.00
254.00,256.00,255.00
222.00,250.00,249.00
222.00,221.00,250.00
221.00,257.00,250.00
223.00,222.00,249.00
253.00,223.00,249.00
224.00,223.00,253.00
255.00,224.00,253.00
255.00,226.00,224.00
255.00,256.00,226.00
256.00,258.00,226.00
221.00,227.00,257.00
257.00,227.00,259.00
226.00,258.00,260.00
228.00,226.00,260.00
260.00,230.00,228.00
261.00,230.00,260.00
227.00,231.00,259.00
259.00,231.00,262.00
230.00,261.00,233.00
261.00,263.00,233.00
231.00,234.00,262.00
262.00,234.00,264.00
233.00,263.00,236.00
263.00,265.00,236.00
234.00,237.00,264.00
264.00,237.00,266.00
236.00,265.00,239.00
265.00,267.00,239.00
237.00,240.00,266.00
266.00,240.00,268.00
242.00,269.00,270.00
243.00,242.00,270.00
244.00,271.00,242.00
242.00,271.00,269.00
267.00,244.00,239.00
271.00,244.00,267.00
240.00,272.00,268.00
245.00,272.00,240.00
248.00,273.00,245.00
245.00,273.00,272.00
270.00,248.00,243.00
273.00,248.00,270.00
251.00,274.00,275.00
250.00,274.00,251.00
252.00,251.00,276.00
251.00,275.00,276.00
254.00,252.00,277.00
252.00,276.00,277.00
277.00,256.00,254.00
278.00,256.00,277.00
250.00,257.00,274.00
274.00,257.00,279.00
280.00,281.00,258.00
280.00,258.00,278.00
278.00,258.00,256.00
280.00,282.00,281.00
257.00,259.00,279.00
279.00,259.00,283.00
258.00,281.00,260.00
281.00,261.00,260.00
281.00,282.00,261.00
282.00,284.00,261.00
259.00,262.00,283.00
283.00,262.00,285.00
261.00,284.00,263.00
284.00,286.00,263.00
262.00,264.00,285.00
285.00,264.00,287.00
263.00,286.00,265.00
286.00,288.00,265.00
264.00,266.00,287.00
287.00,266.00,289.00
265.00,288.00,267.00
288.00,290.00,267.00
291.00,268.00,292.00
291.00,289.00,268.00
289.00,266.00,268.00
291.00,292.00,293.00
269.00,294.00,295.00
270.00,269.00,295.00
271.00,296.00,269.00
269.00,296.00,294.00
290.00,271.00,267.00
296.00,271.00,290.00
268.00,272.00,292.00
292.00,297.00,293.00
292.00,272.00,297.00
272.00,273.00,297.00
295.00,273.00,270.00
297.00,273.00,295.00
298.00,299.00,300.00
298.00,301.00,302.00
300.00,301.00,298.00
301.00,303.00,302.00
275.00,304.00,305.00
274.00,304.00,275.00
299.00,298.00,276.00
299.00,276.00,305.00
305.00,276.00,275.00
277.00,276.00,298.00
302.00,277.00,298.00
278.00,306.00,307.00
277.00,306.00,278.00
277.00,303.00,306.00
277.00,302.00,303.00
306.00,308.00,307.00
274.00,279.00,304.00
304.00,279.00,309.00
278.00,307.00,280.00
307.00,282.00,280.00
307.00,308.00,282.00
308.00,310.00,282.00
279.00,283.00,309.00
309.00,283.00,311.00
282.00,310.00,284.00
310.00,312.00,284.00
283.00,285.00,311.00
311.00,285.00,313.00
284.00,312.00,286.00
312.00,314.00,286.00
285.00,287.00,313.00
313.00,287.00,315.00
286.00,314.00,288.00
314.00,316.00,288.00
287.00,289.00,315.00
315.00,289.00,317.00
318.00,319.00,320.00
318.00,316.00,319.00
318.00,290.00,316.00
290.00,288.00,316.00
289.00,321.00,317.00
291.00,321.00,289.00
321.00,291.00,293.00
322.00,321.00,293.00
294.00,323.00,324.00
295.00,294.00,324.00
320.00,296.00,318.00
320.00,323.00,296.00
323.00,294.00,296.00
290.00,318.00,296.00
293.00,325.00,322.00
297.00,325.00,293.00
324.00,297.00,295.00
325.00,297.00,324.00
326.00,327.00,328.00
326.00,300.00,299.00
326.00,328.00,300.00
328.00,329.00,300.00
301.00,300.00,330.00
300.00,329.00,330.00
330.00,303.00,301.00
331.00,303.00,330.00
305.00,327.00,326.00
305.00,304.00,327.00
304.00,332.00,327.00
299.00,305.00,326.00
303.00,331.00,333.00
306.00,303.00,333.00
333.00,308.00,306.00
334.00,308.00,333.00
304.00,309.00,332.00
332.00,309.00,335.00
308.00,334.00,310.00
334.00,336.00,310.00
309.00,311.00,335.00
335.00,311.00,337.00
310.00,336.00,312.00
336.00,338.00,312.00
311.00,313.00,337.00
337.00,313.00,339.00
312.00,338.00,314.00
338.00,340.00,314.00
313.00,315.00,339.00
339.00,315.00,341.00
314.00,340.00,316.00
340.00,342.00,316.00
315.00,317.00,341.00
341.00,317.00,343.00
344.00,345.00,346.00
344.00,320.00,319.00
344.00,319.00,345.00
345.00,319.00,347.00
342.00,319.00,316.00
347.00,319.00,342.00
317.00,348.00,343.00
321.00,348.00,317.00
322.00,349.00,350.00
322.00,350.00,321.00
321.00,350.00,348.00
346.00,350.00,349.00
344.00,346.00,349.00
344.00,349.00,324.00
344.00,324.00,323.00
320.00,344.00,323.00
322.00,325.00,349.00
324.00,349.00,325.00
351.00,352.00,353.00
351.00,354.00,355.00
353.00,354.00,351.00
355.00,356.00,357.00
354.00,356.00,355.00
356.00,358.00,357.00
328.00,359.00,360.00
327.00,359.00,328.00
352.00,351.00,329.00
352.00,329.00,360.00
360.00,329.00,328.00
330.00,329.00,351.00
355.00,330.00,351.00
331.00,330.00,355.00
331.00,355.00,361.00
361.00,355.00,357.00
362.00,357.00,358.00
361.00,357.00,362.00
327.00,332.00,359.00
359.00,332.00,363.00
331.00,361.00,333.00
361.00,334.00,333.00
361.00,362.00,334.00
362.00,364.00,334.00
332.00,335.00,363.00
363.00,335.00,365.00
334.00,364.00,336.00
364.00,366.00,336.00
335.00,337.00,365.00
365.00,337.00,367.00
336.00,366.00,338.00
366.00,368.00,338.00
337.00,339.00,367.00
367.00,339.00,369.00
338.00,368.00,340.00
368.00,370.00,340.00
339.00,341.00,369.00
369.00,341.00,371.00
372.00,373.00,374.00
372.00,370.00,373.00
372.00,342.00,370.00
342.00,340.00,370.00
375.00,343.00,376.00
375.00,371.00,343.00
371.00,341.00,343.00
375.00,376.00,377.00
345.00,378.00,379.00
346.00,345.00,379.00
374.00,347.00,372.00
374.00,378.00,347.00
378.00,345.00,347.00
342.00,372.00,347.00
343.00,348.00,376.00
376.00,380.00,377.00
376.00,348.00,380.00
348.00,350.00,380.00
379.00,350.00,346.00
380.00,350.00,379.00
381.00,382.00,383.00
381.00,384.00,385.00
383.00,384.00,381.00
384.00,386.00,385.00
387.00,388.00,389.00
382.00,387.00,389.00
381.00,387.00,382.00
381.00,352.00,387.00
381.00,353.00,352.00
354.00,353.00,381.00
385.00,354.00,381.00
385.00,386.00,390.00
385.00,390.00,354.00
354.00,390.00,356.00
390.00,358.00,356.00
391.00,358.00,390.00
360.00,388.00,387.00
360.00,359.00,388.00
359.00,392.00,388.00
352.00,360.00,387.00
358.00,391.00,362.00
391.00,393.00,362.00
359.00,363.00,392.00
392.00,363.00,394.00
362.00,393.00,364.00
393.00,395.00,364.00
363.00,365.00,394.00
394.00,365.00,396.00
364.00,395.00,366.00
395.00,397.00,366.00
365.00,367.00,396.00
396.00,367.00,398.00
366.00,397.00,368.00
397.00,399.00,368.00
367.00,369.00,398.00
398.00,369.00,400.00
368.00,399.00,370.00
399.00,401.00,370.00
369.00,371.00,400.00
400.00,371.00,402.00
373.00,403.00,404.00
374.00,373.00,404.00
401.00,373.00,370.00
403.00,373.00,401.00
371.00,405.00,402.00
375.00,405.00,371.00
377.00,406.00,407.00
377.00,407.00,375.00
375.00,407.00,405.00
406.00,379.00,378.00
406.00,378.00,407.00
407.00,378.00,408.00
404.00,378.00,374.00
408.00,378.00,404.00
377.00,380.00,406.00
379.00,406.00,380.00
409.00,410.00,411.00
411.00,412.00,409.00
383.00,410.00,409.00
383.00,382.00,410.00
382.00,413.00,410.00
409.00,412.00,414.00
409.00,414.00,383.00
383.00,414.00,384.00
386.00,415.00,416.00
386.00,384.00,415.00
384.00,414.00,415.00
415.00,417.00,416.00
389.00,418.00,419.00
388.00,418.00,389.00
413.00,382.00,389.00
419.00,413.00,389.00
386.00,416.00,390.00
416.00,391.00,390.00
416.00,417.00,391.00
417.00,420.00,391.00
388.00,392.00,418.00
418.00,392.00,421.00
391.00,420.00,393.00
420.00,422.00,393.00
392.00,394.00,421.00
421.00,394.00,423.00
393.00,422.00,395.00
422.00,424.00,395.00
394.00,396.00,423.00
423.00,396.00,425.00
395.00,424.00,397.00
424.00,426.00,397.00
396.00,398.00,425.00
425.00,398.00,427.00
397.00,426.00,399.00
426.00,428.00,399.00
398.00,400.00,427.00
427.00,400.00,429.00
430.00,431.00,432.00
430.00,428.00,431.00
430.00,401.00,428.00
401.00,399.00,428.00
400.00,402.00,429.00
429.00,402.00,433.00
434.00,435.00,436.00
432.00,435.00,434.00
430.00,432.00,434.00
430.00,434.00,404.00
430.00,404.00,403.00
401.00,430.00,403.00
402.00,437.00,433.00
405.00,437.00,402.00
407.00,438.00,405.00
405.00,438.00,437.00
436.00,408.00,434.00
436.00,438.00,408.00
438.00,407.00,408.00
404.00,434.00,408.00
411.00,439.00,440.00
410.00,439.00,411.00
412.00,441.00,442.00
412.00,411.00,441.00
411.00,440.00,441.00
442.00,443.00,444.00
441.00,443.00,442.00
443.00,445.00,444.00
446.00,447.00,448.00
446.00,448.00,439.00
446.00,439.00,413.00
413.00,439.00,410.00
412.00,442.00,414.00
415.00,414.00,442.00
444.00,415.00,442.00
444.00,417.00,415.00
444.00,445.00,417.00
445.00,449.00,417.00
419.00,447.00,446.00
419.00,418.00,447.00
418.00,450.00,447.00
413.00,419.00,446.00
417.00,449.00,420.00
449.00,451.00,420.00
418.00,421.00,450.00
450.00,421.00,452.00
420.00,451.00,422.00
451.00,453.00,422.00
421.00,423.00,452.00
452.00,423.00,454.00
422.00,453.00,424.00
453.00,455.00,424.00
423.00,425.00,454.00
454.00,425.00,456.00
424.00,455.00,426.00
455.00,457.00,426.00
425.00,427.00,456.00
456.00,427.00,458.00
426.00,457.00,428.00
457.00,459.00,428.00
460.00,429.00,461.00
460.00,458.00,429.00
458.00,427.00,429.00
460.00,461.00,462.00
431.00,463.00,464.00
432.00,431.00,464.00
459.00,431.00,428.00
463.00,431.00,459.00
461.00,433.00,465.00
429.00,433.00,461.00
466.00,462.00,461.00
466.00,461.00,467.00
467.00,461.00,465.00
467.00,436.00,435.00
467.00,435.00,466.00
466.00,435.00,468.00
464.00,435.00,432.00
468.00,435.00,464.00
433.00,437.00,465.00
438.00,465.00,437.00
467.00,465.00,438.00
436.00,467.00,438.00
469.00,470.00,471.00
469.00,472.00,473.00
471.00,472.00,469.00
472.00,474.00,473.00
475.00,476.00,477.00
475.00,440.00,439.00
475.00,477.00,440.00
477.00,478.00,440.00
470.00,469.00,441.00
470.00,441.00,478.00
478.00,441.00,440.00
443.00,441.00,469.00
473.00,443.00,469.00
473.00,445.00,443.00
473.00,474.00,445.00
474.00,479.00,445.00
448.00,476.00,475.00
448.00,447.00,476.00
447.00,480.00,476.00
439.00,448.00,475.00
445.00,479.00,449.00
479.00,481.00,449.00
447.00,450.00,480.00
480.00,450.00,482.00
449.00,481.00,451.00
481.00,483.00,451.00
450.00,452.00,482.00
482.00,452.00,484.00
451.00,483.00,453.00
483.00,485.00,453.00
452.00,454.00,484.00
484.00,454.00,486.00
453.00,485.00,455.00
485.00,487.00,455.00
454.00,456.00,486.00
486.00,456.00,488.00
455.00,487.00,457.00
487.00,489.00,457.00
456.00,458.00,488.00
488.00,458.00,490.00
457.00,489.00,459.00
489.00,491.00,459.00
458.00,492.00,490.00
460.00,492.00,458.00
492.00,460.00,462.00
493.00,492.00,462.00
494.00,495.00,496.00
494.00,464.00,463.00
494.00,463.00,495.00
495.00,463.00,497.00
491.00,463.00,459.00
497.00,463.00,491.00
462.00,498.00,493.00
466.00,498.00,462.00
496.00,468.00,494.00
496.00,498.00,468.00
498.00,466.00,468.00
464.00,494.00,468.00
499.00,500.00,501.00
501.00,502.00,499.00
503.00,504.00,505.00
500.00,503.00,505.00
499.00,503.00,500.00
499.00,470.00,503.00
499.00,471.00,470.00
499.00,502.00,506.00
499.00,506.00,471.00
471.00,506.00,472.00
506.00,474.00,472.00
507.00,474.00,506.00
477.00,508.00,509.00
476.00,508.00,477.00
504.00,503.00,478.00
504.00,478.00,509.00
509.00,478.00,477.00
470.00,478.00,503.00
474.00,507.00,479.00
507.00,510.00,479.00
476.00,480.00,508.00
508.00,480.00,511.00
479.00,510.00,481.00
510.00,512.00,481.00
480.00,482.00,511.00
511.00,482.00,513.00
481.00,512.00,483.00
512.00,514.00,483.00
482.00,484.00,513.00
513.00,484.00,515.00
483.00,514.00,485.00
514.00,516.00,485.00
484.00,486.00,515.00
515.00,486.00,517.00
485.00,516.00,487.00
516.00,518.00,487.00
486.00,488.00,517.00
517.00,488.00,519.00
487.00,518.00,489.00
518.00,520.00,489.00
521.00,490.00,522.00
521.00,519.00,490.00
519.00,488.00,490.00
521.00,522.00,523.00
524.00,525.00,526.00
524.00,527.00,528.00
525.00,524.00,528.00
527.00,520.00,528.00
527.00,491.00,520.00
491.00,489.00,520.00
490.00,492.00,522.00
493.00,529.00,530.00
492.00,493.00,530.00
492.00,530.00,523.00
492.00,523.00,522.00
526.00,530.00,529.00
524.00,526.00,529.00
524.00,529.00,496.00
524.00,496.00,495.00
497.00,524.00,495.00
527.00,524.00,497.00
491.00,527.00,497.00
493.00,498.00,529.00
496.00,529.00,498.00
531.00,532.00,533.00
533.00,534.00,531.00
535.00,536.00,537.00
537.00,538.00,535.00
539.00,540.00,541.00
532.00,539.00,541.00
532.00,531.00,539.00
531.00,542.00,539.00
500.00,543.00,501.00
500.00,531.00,543.00
500.00,542.00,531.00
534.00,543.00,531.00
502.00,535.00,544.00
502.00,543.00,535.00
502.00,501.00,543.00
543.00,536.00,535.00
545.00,535.00,538.00
544.00,535.00,545.00
546.00,540.00,539.00
547.00,540.00,546.00
505.00,504.00,546.00
505.00,546.00,542.00
542.00,546.00,539.00
500.00,505.00,542.00
502.00,544.00,506.00
544.00,507.00,506.00
544.00,545.00,507.00
545.00,548.00,507.00
509.00,547.00,546.00
509.00,508.00,547.00
508.00,549.00,547.00
504.00,509.00,546.00
507.00,548.00,510.00
548.00,550.00,510.00
508.00,511.00,549.00
549.00,511.00,551.00
510.00,550.00,512.00
550.00,552.00,512.00
511.00,513.00,551.00
551.00,513.00,553.00
512.00,552.00,514.00
552.00,554.00,514.00
513.00,515.00,553.00
553.00,515.00,555.00
514.00,554.00,516.00
554.00,556.00,516.00
515.00,517.00,555.00
555.00,517.00,557.00
516.00,556.00,518.00
556.00,558.00,518.00
517.00,519.00,557.00
557.00,519.00,559.00
560.00,561.00,562.00
560.00,558.00,561.00
560.00,520.00,558.00
520.00,518.00,558.00
519.00,563.00,559.00
521.00,563.00,519.00
563.00,521.00,523.00
564.00,563.00,523.00
525.00,565.00,566.00
526.00,525.00,566.00
562.00,528.00,560.00
562.00,565.00,528.00
565.00,525.00,528.00
520.00,560.00,528.00
523.00,567.00,564.00
530.00,567.00,523.00
566.00,530.00,526.00
567.00,530.00,566.00
568.00,569.00,570.00
570.00,571.00,568.00
533.00,569.00,568.00
533.00,532.00,569.00
532.00,572.00,569.00
534.00,573.00,574.00
533.00,573.00,534.00
533.00,571.00,573.00
533.00,568.00,571.00
574.00,537.00,536.00
574.00,573.00,537.00
573.00,575.00,537.00
575.00,538.00,537.00
576.00,538.00,575.00
541.00,577.00,578.00
540.00,577.00,541.00
572.00,532.00,541.00
578.00,572.00,541.00
534.00,574.00,543.00
536.00,543.00,574.00
538.00,576.00,545.00
576.00,579.00,545.00
540.00,547.00,577.00
577.00,547.00,580.00
545.00,579.00,548.00
579.00,581.00,548.00
547.00,549.00,580.00
580.00,549.00,582.00
548.00,581.00,550.00
581.00,583.00,550.00
549.00,551.00,582.00
582.00,551.00,584.00
550.00,583.00,552.00
583.00,585.00,552.00
551.00,553.00,584.00
584.00,553.00,586.00
552.00,585.00,554.00
585.00,587.00,554.00
553.00,555.00,586.00
586.00,555.00,588.00
554.00,587.00,556.00
587.00,589.00,556.00
555.00,557.00,588.00
588.00,557.00,590.00
591.00,592.00,593.00
591.00,589.00,592.00
591.00,558.00,589.00
558.00,556.00,589.00
594.00,559.00,595.00
594.00,590.00,559.00
590.00,557.00,559.00
595.00,596.00,597.00
594.00,595.00,597.00
596.00,598.00,599.00
597.00,596.00,599.00
593.00,599.00,598.00
591.00,593.00,598.00
591.00,598.00,562.00
591.00,562.00,561.00
558.00,591.00,561.00
559.00,563.00,595.00
564.00,595.00,563.00
564.00,600.00,595.00
600.00,596.00,595.00
565.00,600.00,566.00
565.00,598.00,600.00
598.00,596.00,600.00
562.00,598.00,565.00
564.00,567.00,600.00
566.00,600.00,567.00
570.00,601.00,602.00
569.00,601.00,570.00
571.00,603.00,604.00
571.00,570.00,603.00
570.00,602.00,603.00
604.00,605.00,606.00
603.00,605.00,604.00
605.00,607.00,606.00
608.00,609.00,610.00
608.00,610.00,601.00
608.00,601.00,572.00
572.00,601.00,569.00
571.00,604.00,573.00
575.00,573.00,604.00
606.00,575.00,604.00
606.00,576.00,575.00
606.00,607.00,576.00
607.00,611.00,576.00
578.00,609.00,608.00
578.00,577.00,609.00
577.00,612.00,609.00
572.00,578.00,608.00
576.00,611.00,579.00
611.00,613.00,579.00
577.00,580.00,612.00
612.00,580.00,614.00
579.00,613.00,581.00
613.00,615.00,581.00
580.00,582.00,614.00
614.00,582.00,616.00
581.00,615.00,583.00
615.00,617.00,583.00
582.00,584.00,616.00
616.00,584.00,618.00
583.00,617.00,585.00
617.00,619.00,585.00
584.00,586.00,618.00
618.00,586.00,620.00
585.00,619.00,587.00
619.00,621.00,587.00
586.00,588.00,620.00
620.00,588.00,622.00
623.00,624.00,625.00
623.00,621.00,624.00
623.00,589.00,621.00
589.00,587.00,621.00
588.00,590.00,622.00
622.00,590.00,626.00
592.00,623.00,625.00
592.00,625.00,593.00
593.00,625.00,627.00
589.00,623.00,592.00
590.00,628.00,626.00
594.00,628.00,590.00
597.00,629.00,594.00
594.00,629.00,628.00
599.00,630.00,597.00
597.00,630.00,629.00
627.00,599.00,593.00
630.00,599.00,627.00
631.00,632.00,633.00
631.00,634.00,635.00
633.00,634.00,631.00
635.00,636.00,637.00
634.00,636.00,635.00
636.00,638.00,637.00
639.00,640.00,641.00
632.00,639.00,641.00
631.00,639.00,632.00
631.00,601.00,639.00
631.00,602.00,601.00
603.00,602.00,631.00
635.00,603.00,631.00
605.00,603.00,635.00
637.00,605.00,635.00
637.00,607.00,605.00
637.00,638.00,607.00
638.00,642.00,607.00
610.00,640.00,639.00
610.00,609.00,640.00
609.00,643.00,640.00
601.00,610.00,639.00
607.00,642.00,611.00
642.00,644.00,611.00
609.00,612.00,643.00
643.00,612.00,645.00
611.00,644.00,613.00
644.00,646.00,613.00
612.00,614.00,645.00
645.00,614.00,647.00
613.00,646.00,615.00
646.00,648.00,615.00
614.00,616.00,647.00
647.00,616.00,649.00
615.00,648.00,617.00
648.00,650.00,617.00
616.00,618.00,649.00
649.00,618.00,651.00
617.00,650.00,619.00
650.00,652.00,619.00
618.00,620.00,651.00
651.00,620.00,653.00
654.00,655.00,656.00
654.00,652.00,655.00
654.00,621.00,652.00
621.00,619.00,652.00
620.00,622.00,653.00
653.00,622.00,657.00
624.00,654.00,656.00
624.00,656.00,625.00
625.00,656.00,658.00
621.00,654.00,624.00
659.00,626.00,660.00
659.00,657.00,626.00
657.00,622.00,626.00
660.00,661.00,662.00
659.00,660.00,662.00
661.00,663.00,664.00
662.00,661.00,664.00
663.00,658.00,664.00
663.00,627.00,658.00
627.00,625.00,658.00
626.00,628.00,660.00
629.00,660.00,628.00
661.00,660.00,629.00
630.00,661.00,629.00
663.00,661.00,630.00
627.00,663.00,630.00
665.00,666.00,667.00
665.00,668.00,669.00
667.00,668.00,665.00
668.00,670.00,669.00
633.00,666.00,665.00
633.00,632.00,666.00
632.00,671.00,666.00
634.00,633.00,665.00
669.00,634.00,665.00
669.00,670.00,672.00
669.00,672.00,634.00
634.00,672.00,636.00
672.00,638.00,636.00
673.00,638.00,672.00
641.00,674.00,675.00
640.00,674.00,641.00
671.00,632.00,641.00
675.00,671.00,641.00
638.00,673.00,642.00
673.00,676.00,642.00
640.00,643.00,674.00
674.00,643.00,677.00
642.00,676.00,644.00
676.00,678.00,644.00
643.00,645.00,677.00
677.00,645.00,679.00
644.00,678.00,646.00
678.00,680.00,646.00
645.00,647.00,679.00
679.00,647.00,681.00
646.00,680.00,648.00
680.00,682.00,648.00
647.00,649.00,681.00
681.00,649.00,683.00
648.00,682.00,650.00
682.00,684.00,650.00
649.00,651.00,683.00
683.00,651.00,685.00
650.00,684.00,652.00
684.00,686.00,652.00
651.00,653.00,685.00
685.00,653.00,687.00
655.00,688.00,689.00
656.00,655.00,689.00
686.00,655.00,652.00
688.00,655.00,686.00
690.00,657.00,691.00
690.00,687.00,657.00
687.00,653.00,657.00
691.00,692.00,693.00
690.00,691.00,693.00
692.00,694.00,695.00
693.00,692.00,695.00
694.00,689.00,695.00
694.00,658.00,689.00
658.00,656.00,689.00
657.00,659.00,691.00
662.00,691.00,659.00
692.00,691.00,662.00
664.00,692.00,662.00
694.00,692.00,664.00
658.00,694.00,664.00
696.00,697.00,698.00
698.00,699.00,696.00
667.00,697.00,696.00
667.00,666.00,697.00
666.00,700.00,697.00
696.00,699.00,701.00
696.00,701.00,667.00
667.00,701.00,668.00
670.00,702.00,703.00
670.00,668.00,702.00
668.00,701.00,702.00
702.00,704.00,703.00
705.00,706.00,707.00
705.00,707.00,700.00
705.00,700.00,671.00
671.00,700.00,666.00
670.00,703.00,672.00
703.00,673.00,672.00
703.00,704.00,673.00
704.00,708.00,673.00
675.00,706.00,705.00
675.00,674.00,706.00
674.00,709.00,706.00
671.00,675.00,705.00
673.00,708.00,676.00
708.00,710.00,676.00
674.00,677.00,709.00
709.00,677.00,711.00
676.00,710.00,678.00
710.00,712.00,678.00
677.00,679.00,711.00
711.00,679.00,713.00
678.00,712.00,680.00
712.00,714.00,680.00
679.00,681.00,713.00
713.00,681.00,715.00
680.00,714.00,682.00
714.00,716.00,682.00
681.00,683.00,715.00
715.00,683.00,717.00
682.00,716.00,684.00
716.00,718.00,684.00
683.00,685.00,717.00
717.00,685.00,719.00
720.00,721.00,722.00
720.00,718.00,721.00
720.00,686.00,718.00
686.00,684.00,718.00
723.00,687.00,724.00
723.00,719.00,687.00
719.00,685.00,687.00
724.00,725.00,726.00
723.00,724.00,726.00
725.00,727.00,728.00
726.00,725.00,728.00
722.00,728.00,727.00
720.00,722.00,727.00
720.00,727.00,689.00
720.00,689.00,688.00
686.00,720.00,688.00
687.00,690.00,724.00
693.00,724.00,690.00
725.00,724.00,693.00
695.00,725.00,693.00
727.00,725.00,695.00
689.00,727.00,695.00
729.00,730.00,731.00
731.00,732.00,729.00
698.00,730.00,729.00
698.00,697.00,730.00
697.00,733.00,730.00
699.00,734.00,735.00
698.00,734.00,699.00
698.00,732.00,734.00
698.00,729.00,732.00
735.00,736.00,737.00
734.00,736.00,735.00
736.00,738.00,737.00
697.00,700.00,733.00
733.00,700.00,739.00
699.00,735.00,701.00
702.00,701.00,735.00
737.00,702.00,735.00
737.00,704.00,702.00
737.00,738.00,704.00
738.00,740.00,704.00
707.00,741.00,742.00
706.00,741.00,707.00
739.00,700.00,707.00
742.00,739.00,707.00
704.00,740.00,708.00
740.00,743.00,708.00
706.00,709.00,741.00
741.00,709.00,744.00
708.00,743.00,710.00
743.00,745.00,710.00
709.00,711.00,744.00
744.00,711.00,746.00
710.00,745.00,712.00
745.00,747.00,712.00
711.00,713.00,746.00
746.00,713.00,748.00
712.00,747.00,714.00
747.00,749.00,714.00
713.00,715.00,748.00
748.00,715.00,750.00
714.00,749.00,716.00
749.00,751.00,716.00
715.00,717.00,750.00
750.00,717.00,752.00
753.00,754.00,755.00
753.00,751.00,754.00
753.00,718.00,751.00
718.00,716.00,751.00
756.00,719.00,757.00
756.00,752.00,719.00
752.00,717.00,719.00
757.00,758.00,759.00
756.00,757.00,759.00
758.00,760.00,761.00
759.00,758.00,761.00
755.00,761.00,760.00
753.00,755.00,760.00
753.00,760.00,722.00
753.00,722.00,721.00
718.00,753.00,721.00
719.00,723.00,757.00
726.00,757.00,723.00
758.00,757.00,726.00
728.00,758.00,726.00
760.00,758.00,728.00
722.00,760.00,728.00
731.00,762.00,763.00
730.00,762.00,731.00
732.00,764.00,765.00
732.00,731.00,764.00
731.00,763.00,764.00
765.00,766.00,767.00
764.00,766.00,765.00
766.00,768.00,767.00
730.00,733.00,762.00
762.00,733.00,769.00
732.00,765.00,734.00
736.00,734.00,765.00
767.00,736.00,765.00
767.00,738.00,736.00
767.00,768.00,738.00
768.00,770.00,738.00
733.00,739.00,769.00
769.00,739.00,771.00
738.00,770.00,740.00
770.00,772.00,740.00
742.00,773.00,774.00
741.00,773.00,742.00
771.00,739.00,742.00
774.00,771.00,742.00
775.00,776.00,743.00
775.00,743.00,772.00
772.00,743.00,740.00
775.00,777.00,776.00
741.00,744.00,773.00
773.00,744.00,778.00
776.00,779.00,745.00
743.00,776.00,745.00
780.00,776.00,777.00
779.00,776.00,780.00
744.00,746.00,778.00
778.00,746.00,781.00
779.00,782.00,747.00
745.00,779.00,747.00
783.00,779.00,780.00
782.00,779.00,783.00
746.00,748.00,781.00
781.00,748.00,784.00
782.00,785.00,786.00
782.00,786.00,747.00
747.00,786.00,749.00
783.00,785.00,782.00
787.00,750.00,788.00
787.00,784.00,750.00
784.00,748.00,750.00
787.00,788.00,789.00
749.00,786.00,751.00
786.00,790.00,751.00
788.00,752.00,791.00
750.00,752.00,788.00
792.00,789.00,788.00
792.00,788.00,793.00
793.00,788.00,791.00
793.00,794.00,795.00
792.00,793.00,795.00
794.00,755.00,754.00
794.00,754.00,795.00
795.00,754.00,796.00
790.00,754.00,751.00
796.00,754.00,790.00
752.00,756.00,791.00
759.00,791.00,756.00
793.00,791.00,759.00
761.00,793.00,759.00
794.00,793.00,761.00
755.00,794.00,761.00
763.00,797.00,798.00
762.00,797.00,763.00
764.00,763.00,799.00
763.00,798.00,799.00
766.00,764.00,800.00
764.00,799.00,800.00
768.00,801.00,802.00
768.00,766.00,801.00
766.00,800.00,801.00
801.00,803.00,802.00
762.00,769.00,797.00
797.00,769.00,804.00
802.00,805.00,770.00
768.00,802.00,770.00
806.00,802.00,803.00
805.00,802.00,806.00
769.00,771.00,804.00
804.00,771.00,807.00
805.00,808.00,772.00
770.00,805.00,772.00
809.00,805.00,806.00
808.00,805.00,809.00
774.00,810.00,811.00
773.00,810.00,774.00
807.00,771.00,774.00
811.00,807.00,774.00
772.00,808.00,775.00
808.00,777.00,775.00
808.00,809.00,777.00
809.00,812.00,777.00
773.00,778.00,810.00
810.00,778.00,813.00
777.00,812.00,780.00
812.00,814.00,780.00
778.00,781.00,813.00
813.00,781.00,815.00
780.00,814.00,783.00
814.00,816.00,783.00
817.00,784.00,818.00
817.00,815.00,784.00
815.00,781.00,784.00
817.00,818.00,819.00
785.00,820.00,821.00
786.00,785.00,821.00
816.00,785.00,783.00
820.00,785.00,816.00
784.00,787.00,818.00
789.00,822.00,823.00
787.00,789.00,823.00
787.00,823.00,819.00
787.00,819.00,818.00
822.00,824.00,825.00
823.00,822.00,825.00
824.00,826.00,827.00
825.00,824.00,827.00
826.00,821.00,827.00
826.00,790.00,821.00
790.00,786.00,821.00
789.00,792.00,822.00
795.00,822.00,792.00
824.00,822.00,795.00
796.00,824.00,795.00
826.00,824.00,796.00
790.00,826.00,796.00
828.00,829.00,830.00
828.00,831.00,832.00
830.00,831.00,828.00
831.00,833.00,832.00
798.00,834.00,835.00
797.00,834.00,798.00
829.00,828.00,799.00
829.00,799.00,835.00
835.00,799.00,798.00
800.00,799.00,828.00
832.00,800.00,828.00
832.00,833.00,836.00
832.00,836.00,800.00
800.00,836.00,801.00
836.00,803.00,801.00
837.00,803.00,836.00
797.00,804.00,834.00
834.00,804.00,838.00
803.00,837.00,806.00
837.00,839.00,806.00
804.00,807.00,838.00
838.00,807.00,840.00
806.00,839.00,809.00
839.00,841.00,809.00
811.00,810.00,842.00
811.00,842.00,843.00
811.00,843.00,807.00
807.00,843.00,840.00
809.00,841.00,812.00
841.00,844.00,812.00
842.00,813.00,845.00
810.00,813.00,842.00
846.00,843.00,842.00
845.00,846.00,842.00
812.00,844.00,814.00
844.00,847.00,814.00
845.00,815.00,848.00
813.00,815.00,845.00
849.00,846.00,845.00
848.00,849.00,845.00
814.00,847.00,816.00
847.00,850.00,816.00
815.00,817.00,848.00
848.00,817.00,819.00
848.00,819.00,849.00
849.00,819.00,851.00
852.00,853.00,854.00
852.00,821.00,820.00
852.00,820.00,853.00
853.00,820.00,855.00
850.00,820.00,816.00
855.00,820.00,850.00
819.00,856.00,851.00
823.00,856.00,819.00
825.00,857.00,823.00
823.00,857.00,856.00
854.00,827.00,852.00
854.00,857.00,827.00
857.00,825.00,827.00
821.00,852.00,827.00
830.00,858.00,859.00
829.00,858.00,830.00
831.00,830.00,860.00
830.00,859.00,860.00
833.00,861.00,862.00
833.00,831.00,861.00
831.00,860.00,861.00
861.00,863.00,862.00
835.00,864.00,865.00
834.00,864.00,835.00
858.00,829.00,835.00
865.00,858.00,835.00
833.00,862.00,836.00
862.00,837.00,836.00
862.00,863.00,837.00
863.00,866.00,837.00
834.00,838.00,864.00
864.00,838.00,867.00
837.00,866.00,839.00
866.00,868.00,839.00
838.00,840.00,867.00
867.00,840.00,869.00
839.00,868.00,841.00
868.00,870.00,841.00
840.00,843.00,869.00
869.00,843.00,871.00
841.00,870.00,844.00
870.00,872.00,844.00
843.00,846.00,871.00
871.00,846.00,873.00
844.00,872.00,847.00
872.00,874.00,847.00
846.00,849.00,873.00
873.00,849.00,875.00
847.00,874.00,850.00
874.00,876.00,850.00
877.00,851.00,878.00
877.00,875.00,851.00
875.00,849.00,851.00
878.00,879.00,880.00
877.00,878.00,880.00
879.00,854.00,853.00
879.00,853.00,880.00
880.00,853.00,881.00
855.00,882.00,853.00
853.00,882.00,881.00
876.00,855.00,850.00
882.00,855.00,876.00
851.00,856.00,878.00
857.00,878.00,856.00
879.00,878.00,857.00
854.00,879.00,857.00
883.00,884.00,885.00
883.00,886.00,887.00
885.00,886.00,883.00
886.00,888.00,887.00
859.00,889.00,890.00
858.00,889.00,859.00
884.00,883.00,860.00
884.00,860.00,890.00
890.00,860.00,859.00
861.00,860.00,883.00
887.00,861.00,883.00
887.00,863.00,861.00
887.00,888.00,863.00
888.00,891.00,863.00
865.00,892.00,893.00
864.00,892.00,865.00
889.00,858.00,865.00
893.00,889.00,865.00
894.00,895.00,866.00
894.00,866.00,891.00
891.00,866.00,863.00
894.00,896.00,895.00
864.00,867.00,892.00
892.00,867.00,897.00
895.00,898.00,868.00
866.00,895.00,868.00
899.00,895.00,896.00
898.00,895.00,899.00
867.00,869.00,897.00
897.00,869.00,900.00
898.00,901.00,870.00
868.00,898.00,870.00
902.00,898.00,899.00
901.00,898.00,902.00
869.00,871.00,900.00
900.00,871.00,903.00
901.00,904.00,872.00
870.00,901.00,872.00
905.00,901.00,902.00
904.00,901.00,905.00
871.00,873.00,903.00
903.00,873.00,906.00
904.00,907.00,908.00
904.00,908.00,872.00
872.00,908.00,874.00
905.00,907.00,904.00
909.00,875.00,910.00
909.00,906.00,875.00
906.00,873.00,875.00
910.00,911.00,912.00
909.00,910.00,912.00
912.00,911.00,913.00
914.00,915.00,916.00
914.00,908.00,915.00
914.00,876.00,908.00
876.00,874.00,908.00
875.00,877.00,910.00
880.00,910.00,877.00
911.00,910.00,880.00
911.00,917.00,913.00
911.00,880.00,917.00
880.00,881.00,917.00
916.00,882.00,914.00
916.00,917.00,882.00
917.00,881.00,882.00
876.00,914.00,882.00
918.00,919.00,920.00
920.00,921.00,918.00
885.00,922.00,923.00
884.00,922.00,885.00
919.00,918.00,886.00
919.00,886.00,923.00
923.00,886.00,885.00
888.00,924.00,925.00
886.00,924.00,888.00
886.00,921.00,924.00
886.00,918.00,921.00
924.00,926.00,925.00
890.00,927.00,928.00
889.00,927.00,890.00
922.00,884.00,890.00
928.00,922.00,890.00
925.00,929.00,891.00
888.00,925.00,891.00
930.00,925.00,926.00
929.00,925.00,930.00
893.00,931.00,932.00
892.00,931.00,893.00
927.00,889.00,893.00
932.00,927.00,893.00
891.00,929.00,894.00
896.00,933.00,934.00
894.00,933.00,896.00
894.00,930.00,933.00
894.00,929.00,930.00
933.00,935.00,934.00
892.00,897.00,931.00
931.00,897.00,936.00
934.00,937.00,899.00
896.00,934.00,899.00
938.00,934.00,935.00
937.00,934.00,938.00
897.00,900.00,936.00
936.00,900.00,939.00
937.00,940.00,902.00
899.00,937.00,902.00
941.00,937.00,938.00
940.00,937.00,941.00
900.00,903.00,939.00
939.00,903.00,942.00
940.00,943.00,944.00
940.00,944.00,902.00
902.00,944.00,905.00
941.00,943.00,940.00
945.00,906.00,946.00
945.00,942.00,906.00
942.00,903.00,906.00
946.00,947.00,948.00
945.00,946.00,948.00
948.00,947.00,949.00
907.00,950.00,951.00
908.00,907.00,951.00
944.00,907.00,905.00
950.00,907.00,944.00
906.00,909.00,946.00
912.00,946.00,909.00
947.00,946.00,912.00
913.00,952.00,953.00
912.00,913.00,953.00
912.00,953.00,949.00
912.00,949.00,947.00
952.00,916.00,915.00
952.00,915.00,953.00
953.00,915.00,954.00
951.00,915.00,908.00
954.00,915.00,951.00
913.00,917.00,952.00
916.00,952.00,917.00
955.00,956.00,957.00
955.00,920.00,919.00
955.00,957.00,920.00
957.00,958.00,920.00
958.00,921.00,920.00
959.00,921.00,958.00
923.00,956.00,955.00
923.00,922.00,956.00
922.00,960.00,956.00
919.00,923.00,955.00
921.00,959.00,961.00
924.00,921.00,961.00
926.00,962.00,963.00
926.00,924.00,962.00
924.00,961.00,962.00
962.00,964.00,963.00
928.00,965.00,966.00
927.00,965.00,928.00
960.00,922.00,928.00
966.00,960.00,928.00
963.00,967.00,930.00
926.00,963.00,930.00
968.00,963.00,964.00
967.00,963.00,968.00
932.00,931.00,969.00
932.00,969.00,970.00
932.00,970.00,927.00
927.00,970.00,965.00
930.00,967.00,933.00
967.00,935.00,933.00
967.00,968.00,935.00
968.00,971.00,935.00
969.00,936.00,972.00
931.00,936.00,969.00
973.00,970.00,969.00
972.00,973.00,969.00
935.00,971.00,938.00
971.00,974.00,938.00
972.00,939.00,975.00
936.00,939.00,972.00
976.00,973.00,972.00
975.00,976.00,972.00
938.00,974.00,941.00
974.00,977.00,941.00
975.00,942.00,978.00
939.00,942.00,975.00
979.00,976.00,975.00
979.00,975.00,980.00
980.00,975.00,978.00
979.00,980.00,981.00
943.00,982.00,983.00
944.00,943.00,983.00
977.00,943.00,941.00
982.00,943.00,977.00
942.00,945.00,978.00
948.00,978.00,945.00
980.00,978.00,948.00
949.00,984.00,985.00
948.00,949.00,985.00
948.00,985.00,981.00
948.00,981.00,980.00
985.00,984.00,986.00
950.00,987.00,988.00
951.00,950.00,988.00
983.00,950.00,944.00
987.00,950.00,983.00
949.00,953.00,984.00
984.00,989.00,986.00
984.00,953.00,989.00
953.00,954.00,989.00
988.00,954.00,951.00
989.00,954.00,988.00
990.00,991.00,992.00
990.00,993.00,994.00
992.00,993.00,990.00
993.00,995.00,994.00
957.00,996.00,997.00
956.00,996.00,957.00
991.00,990.00,958.00
991.00,958.00,997.00
997.00,958.00,957.00
959.00,958.00,990.00
959.00,990.00,998.00
998.00,990.00,994.00
999.00,994.00,995.00
998.00,994.00,999.00
956.00,960.00,996.00
996.00,960.00,1000.00
959.00,998.00,961.00
998.00,999.00,1001.00
998.00,1001.00,961.00
961.00,1001.00,962.00
1001.00,964.00,962.00
1002.00,964.00,1001.00
966.00,1003.00,1004.00
965.00,1003.00,966.00
1000.00,960.00,966.00
1004.00,1000.00,966.00
964.00,1002.00,968.00
1002.00,1005.00,968.00
965.00,970.00,1003.00
1003.00,970.00,1006.00
968.00,1005.00,971.00
1005.00,1007.00,971.00
970.00,973.00,1006.00
1006.00,973.00,1008.00
971.00,1007.00,974.00
1007.00,1009.00,974.00
973.00,976.00,1008.00
1008.00,976.00,1010.00
974.00,1009.00,977.00
1009.00,1011.00,977.00
976.00,1012.00,1010.00
979.00,1012.00,976.00
981.00,1013.00,1014.00
981.00,1014.00,979.00
979.00,1014.00,1012.00
1014.00,1013.00,1015.00
982.00,1016.00,1017.00
983.00,982.00,1017.00
1011.00,982.00,977.00
1016.00,982.00,1011.00
981.00,985.00,1013.00
986.00,1018.00,1019.00
985.00,986.00,1019.00
985.00,1019.00,1015.00
985.00,1015.00,1013.00
1018.00,988.00,987.00
1018.00,987.00,1019.00
1019.00,987.00,1020.00
1017.00,987.00,983.00
1020.00,987.00,1017.00
986.00,989.00,1018.00
988.00,1018.00,989.00
992.00,1021.00,1022.00
991.00,1021.00,992.00
993.00,992.00,1023.00
992.00,1022.00,1023.00
995.00,1024.00,1025.00
995.00,993.00,1024.00
993.00,1023.00,1024.00
1025.00,1026.00,1027.00
1024.00,1026.00,1025.00
1026.00,1028.00,1027.00
997.00,1029.00,1030.00
996.00,1029.00,997.00
1021.00,991.00,997.00
1030.00,1021.00,997.00
1025.00,1031.00,999.00
995.00,1025.00,999.00
1027.00,1032.00,1025.00
1032.00,1031.00,1025.00
1033.00,1027.00,1028.00
1032.00,1027.00,1033.00
996.00,1000.00,1029.00
1029.00,1000.00,1034.00
999.00,1031.00,1001.00
1002.00,1001.00,1031.00
1002.00,1031.00,1035.00
1035.00,1031.00,1032.00
1036.00,1032.00,1033.00
1035.00,1032.00,1036.00
1004.00,1037.00,1038.00
1003.00,1037.00,1004.00
1034.00,1000.00,1004.00
1038.00,1034.00,1004.00
1035.00,1039.00,1005.00
1002.00,1035.00,1005.00
1040.00,1035.00,1036.00
1039.00,1035.00,1040.00
1003.00,1006.00,1037.00
1037.00,1006.00,1041.00
1039.00,1042.00,1043.00
1039.00,1043.00,1005.00
1005.00,1043.00,1007.00
1040.00,1042.00,1039.00
1006.00,1008.00,1041.00
1041.00,1008.00,1044.00
1007.00,1043.00,1009.00
1043.00,1045.00,1009.00
1046.00,1010.00,1047.00
1046.00,1044.00,1010.00
1044.00,1008.00,1010.00
1047.00,1048.00,1049.00
1046.00,1047.00,1049.00
1049.00,1048.00,1050.00
1009.00,1045.00,1011.00
1045.00,1051.00,1011.00
1010.00,1012.00,1047.00
1014.00,1047.00,1012.00
1048.00,1047.00,1014.00
1048.00,1014.00,1015.00
1048.00,1015.00,1050.00
1050.00,1015.00,1052.00
1016.00,1053.00,1054.00
1017.00,1016.00,1054.00
1051.00,1016.00,1011.00
1053.00,1016.00,1051.00
1015.00,1055.00,1052.00
1019.00,1055.00,1015.00
1020.00,1056.00,1019.00
1019.00,1056.00,1055.00
1054.00,1020.00,1017.00
1056.00,1020.00,1054.00
1057.00,1058.00,1059.00
1059.00,1060.00,1057.00
1061.00,1062.00,1063.00
1061.00,1064.00,1065.00
1063.00,1064.00,1061.00
1064.00,1066.00,1065.00
1022.00,1067.00,1068.00
1021.00,1067.00,1022.00
1058.00,1057.00,1023.00
1058.00,1023.00,1068.00
1068.00,1023.00,1022.00
1057.00,1060.00,1069.00
1057.00,1069.00,1023.00
1023.00,1069.00,1024.00
1062.00,1061.00,1026.00
1062.00,1026.00,1069.00
1069.00,1026.00,1024.00
1028.00,1026.00,1061.00
1028.00,1061.00,1070.00
1070.00,1061.00,1065.00
1071.00,1065.00,1066.00
1070.00,1065.00,1071.00
1030.00,1072.00,1073.00
1029.00,1072.00,1030.00
1067.00,1021.00,1030.00
1073.00,1067.00,1030.00
1070.00,1074.00,1033.00
1028.00,1070.00,1033.00
1075.00,1070.00,1071.00
1074.00,1070.00,1075.00
1029.00,1034.00,1072.00
1072.00,1034.00,1076.00
1074.00,1077.00,1036.00
1033.00,1074.00,1036.00
1078.00,1074.00,1075.00
1077.00,1074.00,1078.00
1038.00,1079.00,1080.00
1037.00,1079.00,1038.00
1076.00,1034.00,1038.00
1080.00,1076.00,1038.00
1077.00,1081.00,1040.00
1036.00,1077.00,1040.00
1082.00,1077.00,1078.00
1081.00,1077.00,1082.00
1037.00,1041.00,1079.00
1079.00,1041.00,1083.00
1042.00,1084.00,1043.00
1042.00,1085.00,1084.00
1040.00,1085.00,1042.00
1040.00,1086.00,1085.00
1040.00,1081.00,1086.00
1082.00,1086.00,1081.00
1041.00,1044.00,1083.00
1083.00,1044.00,1087.00
1084.00,1088.00,1089.00
1084.00,1089.00,1043.00
1043.00,1089.00,1045.00
1085.00,1088.00,1084.00
1044.00,1090.00,1087.00
1046.00,1090.00,1044.00
1049.00,1091.00,1046.00
1046.00,1091.00,1090.00
1091.00,1049.00,1050.00
1092.00,1091.00,1050.00
1045.00,1089.00,1051.00
1089.00,1093.00,1051.00
1094.00,1052.00,1095.00
1094.00,1092.00,1052.00
1092.00,1050.00,1052.00
1095.00,1096.00,1097.00
1094.00,1095.00,1097.00
1096.00,1054.00,1053.00
1096.00,1053.00,1097.00
1097.00,1053.00,1098.00
1093.00,1053.00,1051.00
1098.00,1053.00,1093.00
1052.00,1055.00,1095.00
1056.00,1095.00,1055.00
1096.00,1095.00,1056.00
1054.00,1096.00,1056.00
1099.00,1100.00,1101.00
1099.00,1102.00,1103.00
1101.00,1102.00,1099.00
1102.00,1104.00,1103.00
1059.00,1105.00,1106.00
1058.00,1105.00,1059.00
1060.00,1107.00,1108.00
1060.00,1059.00,1107.00
1059.00,1106.00,1107.00
1100.00,1108.00,1107.00
1099.00,1108.00,1100.00
1099.00,1062.00,1108.00
1099.00,1063.00,1062.00
1064.00,1063.00,1099.00
1103.00,1064.00,1099.00
1103.00,1066.00,1064.00
1103.00,1104.00,1066.00
1104.00,1109.00,1066.00
1068.00,1110.00,1111.00
1067.00,1110.00,1068.00
1105.00,1058.00,1068.00
1111.00,1105.00,1068.00
1060.00,1108.00,1069.00
1062.00,1069.00,1108.00
1066.00,1109.00,1071.00
1109.00,1112.00,1071.00
1073.00,1113.00,1114.00
1072.00,1113.00,1073.00
1110.00,1067.00,1073.00
1114.00,1110.00,1073.00
1071.00,1112.00,1075.00
1112.00,1115.00,1075.00
1072.00,1076.00,1113.00
1113.00,1076.00,1116.00
1075.00,1115.00,1078.00
1115.00,1117.00,1078.00
1080.00,1079.00,1118.00
1080.00,1118.00,1119.00
1080.00,1119.00,1076.00
1076.00,1119.00,1116.00
1078.00,1117.00,1082.00
1117.00,1120.00,1082.00
1118.00,1083.00,1121.00
1079.00,1083.00,1118.00
1122.00,1119.00,1118.00
1121.00,1122.00,1118.00
1086.00,1123.00,1124.00
1085.00,1086.00,1124.00
1120.00,1086.00,1082.00
1123.00,1086.00,1120.00
1121.00,1087.00,1125.00
1083.00,1087.00,1121.00
1126.00,1122.00,1121.00
1126.00,1121.00,1127.00
1127.00,1121.00,1125.00
1126.00,1127.00,1128.00
1088.00,1129.00,1130.00
1089.00,1088.00,1130.00
1124.00,1088.00,1085.00
1129.00,1088.00,1124.00
1087.00,1090.00,1125.00
1091.00,1125.00,1090.00
1127.00,1125.00,1091.00
1092.00,1131.00,1132.00
1091.00,1092.00,1132.00
1091.00,1132.00,1128.00
1091.00,1128.00,1127.00
1132.00,1131.00,1133.00
1134.00,1135.00,1136.00
1134.00,1130.00,1135.00
1134.00,1093.00,1130.00
1093.00,1089.00,1130.00
1092.00,1094.00,1131.00
1131.00,1137.00,1133.00
1131.00,1094.00,1137.00
1094.00,1097.00,1137.00
1136.00,1098.00,1134.00
1136.00,1137.00,1098.00
1137.00,1097.00,1098.00
1093.00,1134.00,1098.00
1138.00,1139.00,1140.00
1138.00,1141.00,1142.00
1140.00,1141.00,1138.00
1141.00,1143.00,1142.00
1144.00,1145.00,1146.00
1139.00,1144.00,1146.00
1138.00,1144.00,1139.00
1138.00,1100.00,1144.00
1138.00,1101.00,1100.00
1102.00,1101.00,1138.00
1142.00,1102.00,1138.00
1104.00,1147.00,1148.00
1102.00,1147.00,1104.00
1102.00,1143.00,1147.00
1102.00,1142.00,1143.00
1147.00,1149.00,1148.00
1106.00,1150.00,1151.00
1105.00,1150.00,1106.00
1145.00,1144.00,1107.00
1145.00,1107.00,1151.00
1151.00,1107.00,1106.00
1100.00,1107.00,1144.00
1148.00,1152.00,1109.00
1104.00,1148.00,1109.00
1153.00,1148.00,1149.00
1152.00,1148.00,1153.00
1111.00,1154.00,1155.00
1110.00,1154.00,1111.00
1150.00,1105.00,1111.00
1155.00,1150.00,1111.00
1152.00,1156.00,1112.00
1109.00,1152.00,1112.00
1157.00,1152.00,1153.00
1156.00,1152.00,1157.00
1114.00,1113.00,1158.00
1114.00,1158.00,1159.00
1114.00,1159.00,1110.00
1110.00,1159.00,1154.00
1156.00,1160.00,1115.00
1112.00,1156.00,1115.00
1161.00,1156.00,1157.00
1160.00,1156.00,1161.00
1158.00,1116.00,1162.00
1113.00,1116.00,1158.00
1163.00,1159.00,1158.00
1162.00,1163.00,1158.00
1160.00,1164.00,1165.00
1160.00,1165.00,1115.00
1115.00,1165.00,1117.00
1161.00,1164.00,1160.00
1162.00,1119.00,1166.00
1116.00,1119.00,1162.00
1167.00,1163.00,1162.00
1166.00,1167.00,1162.00
1117.00,1165.00,1120.00
1165.00,1168.00,1120.00
1166.00,1122.00,1169.00
1119.00,1122.00,1166.00
1170.00,1167.00,1166.00
1169.00,1170.00,1166.00
1123.00,1171.00,1172.00
1124.00,1123.00,1172.00
1168.00,1123.00,1120.00
1171.00,1123.00,1168.00
1122.00,1126.00,1169.00
1169.00,1126.00,1128.00
1169.00,1128.00,1170.00
1170.00,1128.00,1173.00
1129.00,1174.00,1175.00
1130.00,1129.00,1175.00
1172.00,1129.00,1124.00
1174.00,1129.00,1172.00
1128.00,1176.00,1173.00
1132.00,1176.00,1128.00
1176.00,1132.00,1133.00
1177.00,1176.00,1133.00
1135.00,1178.00,1179.00
1136.00,1135.00,1179.00
1175.00,1135.00,1130.00
1178.00,1135.00,1175.00
1133.00,1180.00,1177.00
1137.00,1180.00,1133.00
1179.00,1137.00,1136.00
1180.00,1137.00,1179.00
1181.00,1182.00,1183.00
1183.00,1184.00,1181.00
1140.00,1185.00,1186.00
1139.00,1185.00,1140.00
1141.00,1140.00,1187.00
1140.00,1186.00,1187.00
1143.00,1181.00,1188.00
1143.00,1187.00,1181.00
1143.00,1141.00,1187.00
1187.00,1182.00,1181.00
1189.00,1181.00,1184.00
1188.00,1181.00,1189.00
1146.00,1190.00,1191.00
1145.00,1190.00,1146.00
1185.00,1139.00,1146.00
1191.00,1185.00,1146.00
1143.00,1188.00,1147.00
1188.00,1149.00,1147.00
1188.00,1189.00,1149.00
1189.00,1192.00,1149.00
1151.00,1193.00,1194.00
1150.00,1193.00,1151.00
1190.00,1145.00,1151.00
1194.00,1190.00,1151.00
1149.00,1192.00,1153.00
1192.00,1195.00,1153.00
1155.00,1196.00,1197.00
1154.00,1196.00,1155.00
1193.00,1150.00,1155.00
1197.00,1193.00,1155.00
1153.00,1195.00,1157.00
1195.00,1198.00,1157.00
1154.00,1159.00,1196.00
1196.00,1159.00,1199.00
1157.00,1198.00,1161.00
1198.00,1200.00,1161.00
1159.00,1163.00,1199.00
1199.00,1163.00,1201.00
1164.00,1202.00,1165.00
1164.00,1203.00,1202.00
1164.00,1161.00,1203.00
1161.00,1200.00,1203.00
1163.00,1167.00,1201.00
1201.00,1167.00,1204.00
1202.00,1205.00,1206.00
1202.00,1206.00,1165.00
1165.00,1206.00,1168.00
1203.00,1205.00,1202.00
1167.00,1170.00,1204.00
1204.00,1170.00,1207.00
1171.00,1208.00,1209.00
1172.00,1171.00,1209.00
1206.00,1171.00,1168.00
1208.00,1171.00,1206.00
1210.00,1173.00,1211.00
1210.00,1207.00,1173.00
1207.00,1170.00,1173.00
1210.00,1211.00,1212.00
1213.00,1214.00,1215.00
1213.00,1175.00,1174.00
1213.00,1174.00,1214.00
1214.00,1174.00,1216.00
1209.00,1174.00,1172.00
1216.00,1174.00,1209.00
1173.00,1176.00,1211.00
1177.00,1217.00,1218.00
1176.00,1177.00,1218.00
1176.00,1218.00,1212.00
1176.00,1212.00,1211.00
1215.00,1218.00,1217.00
1213.00,1215.00,1217.00
1213.00,1217.00,1179.00
1213.00,1179.00,1178.00
1175.00,1213.00,1178.00
1177.00,1180.00,1217.00
1179.00,1217.00,1180.00
1219.00,1220.00,1221.00
1219.00,1183.00,1182.00
1219.00,1221.00,1183.00
1221.00,1222.00,1183.00
1222.00,1184.00,1183.00
1223.00,1184.00,1222.00
1186.00,1224.00,1225.00
1185.00,1224.00,1186.00
1220.00,1219.00,1187.00
1220.00,1187.00,1225.00
1225.00,1187.00,1186.00
1182.00,1187.00,1219.00
1184.00,1223.00,1189.00
1223.00,1226.00,1189.00
1191.00,1227.00,1228.00
1190.00,1227.00,1191.00
1224.00,1185.00,1191.00
1228.00,1224.00,1191.00
1189.00,1226.00,1192.00
1226.00,1229.00,1192.00
1194.00,1230.00,1231.00
1193.00,1230.00,1194.00
1227.00,1190.00,1194.00
1231.00,1227.00,1194.00
1192.00,1229.00,1195.00
1229.00,1232.00,1195.00
1197.00,1196.00,1233.00
1197.00,1233.00,1234.00
1197.00,1234.00,1193.00
1193.00,1234.00,1230.00
1195.00,1232.00,1198.00
1232.00,1235.00,1198.00
1233.00,1199.00,1236.00
1196.00,1199.00,1233.00
1237.00,1234.00,1233.00
1236.00,1237.00,1233.00
1198.00,1235.00,1200.00
1235.00,1238.00,1200.00
1236.00,1201.00,1239.00
1199.00,1201.00,1236.00
1240.00,1237.00,1236.00
1239.00,1240.00,1236.00
1200.00,1238.00,1203.00
1238.00,1241.00,1203.00
1239.00,1204.00,1242.00
1201.00,1204.00,1239.00
1243.00,1240.00,1239.00
1242.00,1243.00,1239.00
1205.00,1244.00,1245.00
1206.00,1205.00,1245.00
1241.00,1205.00,1203.00
1244.00,1205.00,1241.00
1242.00,1207.00,1246.00
1204.00,1207.00,1242.00
1247.00,1243.00,1242.00
1246.00,1247.00,1242.00
1208.00,1248.00,1249.00
1209.00,1208.00,1249.00
1245.00,1208.00,1206.00
1248.00,1208.00,1245.00
1207.00,1210.00,1246.00
1212.00,1250.00,1251.00
1210.00,1212.00,1251.00
1210.00,1251.00,1247.00
1210.00,1247.00,1246.00
1250.00,1215.00,1214.00
1250.00,1214.00,1251.00
1251.00,1214.00,1252.00
1216.00,1253.00,1214.00
1214.00,1253.00,1252.00
1249.00,1216.00,1209.00
1253.00,1216.00,1249.00
1212.00,1218.00,1250.00
1215.00,1250.00,1218.00
1221.00,1254.00,1255.00
1220.00,1254.00,1221.00
1222.00,1221.00,1256.00
1221.00,1255.00,1256.00
1256.00,1223.00,1222.00
1257.00,1223.00,1256.00
1225.00,1258.00,1259.00
1224.00,1258.00,1225.00
1254.00,1220.00,1225.00
1259.00,1254.00,1225.00
1223.00,1257.00,1226.00
1257.00,1260.00,1226.00
1228.00,1261.00,1262.00
1227.00,1261.00,1228.00
1258.00,1224.00,1228.00
1262.00,1258.00,1228.00
1226.00,1260.00,1229.00
1260.00,1263.00,1229.00
1231.00,1264.00,1265.00
1230.00,1264.00,1231.00
1261.00,1227.00,1231.00
1265.00,1261.00,1231.00
1229.00,1263.00,1232.00
1263.00,1266.00,1232.00
1230.00,1234.00,1264.00
1264.00,1234.00,1267.00
1232.00,1266.00,1235.00
1266.00,1268.00,1235.00
1234.00,1237.00,1267.00
1267.00,1237.00,1269.00
1235.00,1268.00,1238.00
1268.00,1270.00,1238.00
1237.00,1240.00,1269.00
1269.00,1240.00,1271.00
1272.00,1273.00,1274.00
1272.00,1270.00,1273.00
1272.00,1241.00,1270.00
1241.00,1238.00,1270.00
1240.00,1243.00,1271.00
1271.00,1243.00,1275.00
1244.00,1272.00,1274.00
1244.00,1274.00,1245.00
1245.00,1274.00,1276.00
1241.00,1272.00,1244.00
1277.00,1247.00,1278.00
1277.00,1275.00,1247.00
1275.00,1243.00,1247.00
1277.00,1278.00,1279.00
1280.00,1281.00,1282.00
1280.00,1249.00,1248.00
1280.00,1248.00,1281.00
1281.00,1248.00,1283.00
1276.00,1248.00,1245.00
1283.00,1248.00,1276.00
1247.00,1251.00,1278.00
1278.00,1284.00,1279.00
1278.00,1251.00,1284.00
1251.00,1252.00,1284.00
1282.00,1253.00,1280.00
1282.00,1284.00,1253.00
1284.00,1252.00,1253.00
1249.00,1280.00,1253.00
1255.00,1285.00,1286.00
1254.00,1285.00,1255.00
1256.00,1255.00,1287.00
1255.00,1286.00,1287.00
1287.00,1257.00,1256.00
1288.00,1257.00,1287.00
1259.00,1289.00,1290.00
1258.00,1289.00,1259.00
1285.00,1254.00,1259.00
1290.00,1285.00,1259.00
1257.00,1288.00,1260.00
1288.00,1291.00,1260.00
1262.00,1292.00,1293.00
1261.00,1292.00,1262.00
1289.00,1258.00,1262.00
1293.00,1289.00,1262.00
1294.00,1295.00,1263.00
1294.00,1263.00,1291.00
1291.00,1263.00,1260.00
1294.00,1296.00,1295.00
1265.00,1264.00,1297.00
1265.00,1297.00,1298.00
1265.00,1298.00,1261.00
1261.00,1298.00,1292.00
1295.00,1299.00,1266.00
1263.00,1295.00,1266.00
1300.00,1295.00,1296.00
1299.00,1295.00,1300.00
1297.00,1267.00,1301.00
1264.00,1267.00,1297.00
1302.00,1298.00,1297.00
1301.00,1302.00,1297.00
1299.00,1303.00,1268.00
1266.00,1299.00,1268.00
1304.00,1299.00,1300.00
1303.00,1299.00,1304.00
1301.00,1269.00,1305.00
1267.00,1269.00,1301.00
1306.00,1302.00,1301.00
1305.00,1306.00,1301.00
1303.00,1307.00,1308.00
1303.00,1308.00,1268.00
1268.00,1308.00,1270.00
1304.00,1307.00,1303.00
1305.00,1271.00,1309.00
1269.00,1271.00,1305.00
1310.00,1306.00,1305.00
1309.00,1310.00,1305.00
1273.00,1311.00,1312.00
1274.00,1273.00,1312.00
1308.00,1273.00,1270.00
1311.00,1273.00,1308.00
1309.00,1275.00,1313.00
1271.00,1275.00,1309.00
1314.00,1310.00,1309.00
1313.00,1314.00,1309.00
1315.00,1316.00,1317.00
1315.00,1312.00,1316.00
1315.00,1276.00,1312.00
1276.00,1274.00,1312.00
1275.00,1277.00,1313.00
1279.00,1318.00,1319.00
1277.00,1279.00,1319.00
1277.00,1319.00,1314.00
1277.00,1314.00,1313.00
1318.00,1282.00,1281.00
1318.00,1281.00,1319.00
1319.00,1281.00,1320.00
1317.00,1283.00,1315.00
1317.00,1320.00,1283.00
1320.00,1281.00,1283.00
1276.00,1315.00,1283.00
1279.00,1284.00,1318.00
1282.00,1318.00,1284.00
1321.00,1322.00,1323.00
1321.00,1286.00,1285.00
1321.00,1323.00,1286.00
1323.00,1324.00,1286.00
1287.00,1286.00,1325.00
1286.00,1324.00,1325.00
1325.00,1288.00,1287.00
1326.00,1288.00,1325.00
1290.00,1322.00,1321.00
1290.00,1289.00,1322.00
1289.00,1327.00,1322.00
1285.00,1290.00,1321.00
1328.00,1329.00,1291.00
1328.00,1291.00,1326.00
1326.00,1291.00,1288.00
1328.00,1330.00,1329.00
1293.00,1331.00,1332.00
1292.00,1331.00,1293.00
1327.00,1289.00,1293.00
1332.00,1327.00,1293.00
1291.00,1329.00,1294.00
1329.00,1296.00,1294.00
1329.00,1330.00,1296.00
1330.00,1333.00,1296.00
1292.00,1298.00,1331.00
1331.00,1298.00,1334.00
1296.00,1333.00,1300.00
1333.00,1335.00,1300.00
1298.00,1302.00,1334.00
1334.00,1302.00,1336.00
1300.00,1335.00,1304.00
1335.00,1337.00,1304.00
1302.00,1306.00,1336.00
1336.00,1306.00,1338.00
1307.00,1339.00,1340.00
1308.00,1307.00,1340.00
1337.00,1307.00,1304.00
1339.00,1307.00,1337.00
1306.00,1310.00,1338.00
1338.00,1310.00,1341.00
1311.00,1342.00,1343.00
1312.00,1311.00,1343.00
1340.00,1311.00,1308.00
1342.00,1311.00,1340.00
1344.00,1314.00,1345.00
1344.00,1341.00,1314.00
1341.00,1310.00,1314.00
1345.00,1346.00,1347.00
1344.00,1345.00,1347.00
1346.00,1317.00,1316.00
1346.00,1316.00,1347.00
1347.00,1316.00,1348.00
1343.00,1316.00,1312.00
1348.00,1316.00,1343.00
1314.00,1319.00,1345.00
1320.00,1345.00,1319.00
1346.00,1345.00,1320.00
1317.00,1346.00,1320.00
1349.00,1350.00,1351.00
1349.00,1352.00,1353.00
1351.00,1352.00,1349.00
1353.00,1354.00,1355.00
1352.00,1354.00,1353.00
1354.00,1356.00,1355.00
1323.00,1350.00,1349.00
1323.00,1322.00,1350.00
1322.00,1357.00,1350.00
1324.00,1323.00,1349.00
1353.00,1324.00,1349.00
1325.00,1324.00,1353.00
1355.00,1325.00,1353.00
1326.00,1358.00,1359.00
1325.00,1358.00,1326.00
1325.00,1356.00,1358.00
1325.00,1355.00,1356.00
1358.00,1360.00,1359.00
1322.00,1327.00,1357.00
1357.00,1327.00,1361.00
1326.00,1359.00,1328.00
1359.00,1330.00,1328.00
1359.00,1360.00,1330.00
1360.00,1362.00,1330.00
1332.00,1363.00,1364.00
1331.00,1363.00,1332.00
1361.00,1327.00,1332.00
1364.00,1361.00,1332.00
1330.00,1362.00,1333.00
1362.00,1365.00,1333.00
1331.00,1334.00,1363.00
1363.00,1334.00,1366.00
1333.00,1365.00,1335.00
1365.00,1367.00,1335.00
1334.00,1336.00,1366.00
1366.00,1336.00,1368.00
1335.00,1367.00,1337.00
1367.00,1369.00,1337.00
1336.00,1338.00,1368.00
1368.00,1338.00,1370.00
1339.00,1371.00,1372.00
1340.00,1339.00,1372.00
1369.00,1339.00,1337.00
1371.00,1339.00,1369.00
1373.00,1341.00,1374.00
1373.00,1370.00,1341.00
1370.00,1338.00,1341.00
1373.00,1374.00,1375.00
1342.00,1376.00,1377.00
1343.00,1342.00,1377.00
1372.00,1342.00,1340.00
1376.00,1342.00,1372.00
1341.00,1344.00,1374.00
1374.00,1378.00,1375.00
1374.00,1344.00,1378.00
1344.00,1347.00,1378.00
1348.00,1379.00,1347.00
1347.00,1379.00,1378.00
1377.00,1348.00,1343.00
1379.00,1348.00,1377.00
1351.00,1380.00,1381.00
1350.00,1380.00,1351.00
1352.00,1351.00,1382.00
1351.00,1381.00,1382.00
1354.00,1352.00,1383.00
1352.00,1382.00,1383.00
1356.00,1384.00,1385.00
1356.00,1354.00,1384.00
1354.00,1383.00,1384.00
1384.00,1386.00,1385.00
1350.00,1357.00,1380.00
1380.00,1357.00,1387.00
1356.00,1385.00,1358.00
1385.00,1360.00,1358.00
1385.00,1386.00,1360.00
1386.00,1388.00,1360.00
1357.00,1361.00,1387.00
1387.00,1361.00,1389.00
1360.00,1388.00,1362.00
1388.00,1390.00,1362.00
1364.00,1391.00,1392.00
1363.00,1391.00,1364.00
1389.00,1361.00,1364.00
1392.00,1389.00,1364.00
1362.00,1390.00,1365.00
1390.00,1393.00,1365.00
1363.00,1366.00,1391.00
1391.00,1366.00,1394.00
1365.00,1393.00,1367.00
1393.00,1395.00,1367.00
1396.00,1368.00,1397.00
1396.00,1394.00,1368.00
1394.00,1366.00,1368.00
1396.00,1397.00,1398.00
1367.00,1395.00,1369.00
1395.00,1399.00,1369.00
1397.00,1370.00,1400.00
1368.00,1370.00,1397.00
1401.00,1398.00,1397.00
1400.00,1401.00,1397.00
1402.00,1403.00,1404.00
1402.00,1372.00,1371.00
1402.00,1371.00,1403.00
1403.00,1371.00,1405.00
1399.00,1371.00,1369.00
1405.00,1371.00,1399.00
1370.00,1373.00,1400.00
1375.00,1406.00,1407.00
1373.00,1375.00,1407.00
1373.00,1407.00,1401.00
1373.00,1401.00,1400.00
1406.00,1408.00,1409.00
1407.00,1406.00,1409.00
1404.00,1409.00,1408.00
1402.00,1404.00,1408.00
1402.00,1408.00,1377.00
1402.00,1377.00,1376.00
1372.00,1402.00,1376.00
1375.00,1378.00,1406.00
1379.00,1406.00,1378.00
1408.00,1406.00,1379.00
1377.00,1408.00,1379.00
1410.00,1411.00,1412.00
1412.00,1413.00,1410.00
1414.00,1415.00,1416.00
1414.00,1417.00,1418.00
1416.00,1417.00,1414.00
1417.00,1419.00,1418.00
1381.00,1411.00,1410.00
1381.00,1380.00,1411.00
1380.00,1420.00,1411.00
1410.00,1413.00,1421.00
1410.00,1421.00,1381.00
1381.00,1421.00,1382.00
1415.00,1414.00,1383.00
1415.00,1383.00,1421.00
1421.00,1383.00,1382.00
1384.00,1383.00,1414.00
1418.00,1384.00,1414.00
1418.00,1386.00,1384.00
1418.00,1419.00,1386.00
1419.00,1422.00,1386.00
1380.00,1387.00,1420.00
1420.00,1387.00,1423.00
1386.00,1422.00,1388.00
1422.00,1424.00,1388.00
1387.00,1389.00,1423.00
1423.00,1389.00,1425.00
1388.00,1424.00,1390.00
1424.00,1426.00,1390.00
1392.00,1391.00,1427.00
1392.00,1427.00,1428.00
1392.00,1428.00,1389.00
1389.00,1428.00,1425.00
1390.00,1426.00,1393.00
1426.00,1429.00,1393.00
1427.00,1394.00,1430.00
1391.00,1394.00,1427.00
1431.00,1428.00,1427.00
1430.00,1431.00,1427.00
1393.00,1429.00,1395.00
1429.00,1432.00,1395.00
1394.00,1396.00,1430.00
1430.00,1396.00,1398.00
1430.00,1398.00,1431.00
1431.00,1398.00,1433.00
1395.00,1432.00,1399.00
1432.00,1434.00,1399.00
1435.00,1401.00,1436.00
1435.00,1433.00,1401.00
1433.00,1398.00,1401.00
1436.00,1437.00,1438.00
1435.00,1436.00,1438.00
1437.00,1404.00,1403.00
1437.00,1403.00,1438.00
1438.00,1403.00,1439.00
1405.00,1440.00,1403.00
1403.00,1440.00,1439.00
1434.00,1405.00,1399.00
1440.00,1405.00,1434.00
1401.00,1407.00,1436.00
1409.00,1436.00,1407.00
1437.00,1436.00,1409.00
1404.00,1437.00,1409.00
1412.00,1441.00,1442.00
1411.00,1441.00,1412.00
1442.00,1413.00,1412.00
1443.00,1413.00,1442.00
1416.00,1444.00,1445.00
1415.00,1444.00,1416.00
1417.00,1416.00,1446.00
1416.00,1445.00,1446.00
1446.00,1419.00,1417.00
1447.00,1419.00,1446.00
1411.00,1420.00,1441.00
1441.00,1420.00,1448.00
1449.00,1421.00,1413.00
1449.00,1413.00,1450.00
1450.00,1413.00,1443.00
1421.00,1449.00,1451.00
1421.00,1451.00,1415.00
1415.00,1451.00,1444.00
1419.00,1447.00,1422.00
1447.00,1452.00,1422.00
1420.00,1423.00,1448.00
1448.00,1423.00,1453.00
1454.00,1449.00,1450.00
1455.00,1454.00,1450.00
1456.00,1451.00,1449.00
1454.00,1456.00,1449.00
1422.00,1452.00,1424.00
1452.00,1457.00,1424.00
1423.00,1425.00,1453.00
1453.00,1425.00,1458.00
1454.00,1455.00,1459.00
1456.00,1454.00,1459.00
1424.00,1457.00,1426.00
1457.00,1460.00,1426.00
1425.00,1428.00,1458.00
1458.00,1428.00,1461.00
1426.00,1460.00,1429.00
1460.00,1462.00,1429.00
1428.00,1431.00,1461.00
1461.00,1431.00,1463.00
1429.00,1462.00,1432.00
1462.00,1464.00,1432.00
1465.00,1433.00,1466.00
1465.00,1463.00,1433.00
1463.00,1431.00,1433.00
1465.00,1466.00,1467.00
1468.00,1469.00,1470.00
1468.00,1471.00,1472.00
1469.00,1468.00,1472.00
1471.00,1464.00,1472.00
1471.00,1434.00,1464.00
1434.00,1432.00,1464.00
1433.00,1435.00,1466.00
1466.00,1473.00,1467.00
1466.00,1435.00,1473.00
1435.00,1438.00,1473.00
1470.00,1439.00,1468.00
1470.00,1473.00,1439.00
1473.00,1438.00,1439.00
1440.00,1468.00,1439.00
1471.00,1468.00,1440.00
1434.00,1471.00,1440.00
1474.00,1475.00,1476.00
1476.00,1477.00,1474.00
1442.00,1441.00,1478.00
1442.00,1478.00,1443.00
1445.00,1479.00,1480.00
1444.00,1479.00,1445.00
1475.00,1474.00,1446.00
1475.00,1446.00,1480.00
1480.00,1446.00,1445.00
1474.00,1447.00,1446.00
1474.00,1477.00,1447.00
1477.00,1481.00,1447.00
1478.00,1448.00,1482.00
1441.00,1448.00,1478.00
1443.00,1482.00,1450.00
1478.00,1482.00,1443.00
1444.00,1451.00,1479.00
1479.00,1451.00,1483.00
1447.00,1481.00,1452.00
1481.00,1484.00,1452.00
1482.00,1485.00,1486.00
1482.00,1448.00,1485.00
1448.00,1453.00,1485.00
1486.00,1450.00,1482.00
1486.00,1487.00,1450.00
1487.00,1455.00,1450.00
1451.00,1456.00,1483.00
1483.00,1456.00,1488.00
1452.00,1484.00,1457.00
1484.00,1489.00,1457.00
1453.00,1458.00,1485.00
1485.00,1458.00,1490.00
1491.00,1459.00,1455.00
1491.00,1455.00,1492.00
1492.00,1455.00,1487.00
1459.00,1491.00,1493.00
1459.00,1493.00,1456.00
1456.00,1493.00,1488.00
1457.00,1489.00,1460.00
1489.00,1494.00,1460.00
1458.00,1461.00,1490.00
1490.00,1461.00,1495.00
1496.00,1491.00,1492.00
1497.00,1496.00,1492.00
1498.00,1493.00,1491.00
1496.00,1498.00,1491.00
1460.00,1494.00,1462.00
1494.00,1499.00,1462.00
1500.00,1463.00,1501.00
1500.00,1495.00,1463.00
1495.00,1461.00,1463.00
1497.00,1500.00,1501.00
1497.00,1501.00,1496.00
1496.00,1501.00,1502.00
1503.00,1498.00,1496.00
1502.00,1503.00,1496.00
1504.00,1505.00,1506.00
1504.00,1499.00,1505.00
1504.00,1464.00,1499.00
1464.00,1462.00,1499.00
1463.00,1465.00,1501.00
1467.00,1501.00,1465.00
1467.00,1507.00,1501.00
1507.00,1502.00,1501.00
1470.00,1469.00,1508.00
1470.00,1508.00,1502.00
1470.00,1502.00,1507.00
1503.00,1502.00,1508.00
1506.00,1472.00,1504.00
1506.00,1508.00,1472.00
1508.00,1469.00,1472.00
1464.00,1504.00,1472.00
1467.00,1473.00,1507.00
1470.00,1507.00,1473.00
1476.00,1509.00,1510.00
1475.00,1509.00,1476.00
1510.00,1477.00,1476.00
1511.00,1477.00,1510.00
1480.00,1479.00,1512.00
1480.00,1512.00,1513.00
1480.00,1513.00,1475.00
1475.00,1513.00,1509.00
1477.00,1511.00,1481.00
1511.00,1514.00,1481.00
1512.00,1483.00,1515.00
1479.00,1483.00,1512.00
1516.00,1513.00,1512.00
1515.00,1516.00,1512.00
1481.00,1514.00,1484.00
1514.00,1517.00,1484.00
1486.00,1485.00,1518.00
1486.00,1518.00,1487.00
1515.00,1519.00,1520.00
1515.00,1483.00,1519.00
1483.00,1488.00,1519.00
1516.00,1515.00,1520.00
1484.00,1517.00,1489.00
1517.00,1521.00,1489.00
1518.00,1490.00,1522.00
1485.00,1490.00,1518.00
1487.00,1522.00,1492.00
1518.00,1522.00,1487.00
1488.00,1493.00,1519.00
1519.00,1493.00,1523.00
1489.00,1521.00,1494.00
1521.00,1524.00,1494.00
1522.00,1495.00,1525.00
1490.00,1495.00,1522.00
1492.00,1525.00,1497.00
1522.00,1525.00,1492.00
1493.00,1498.00,1523.00
1523.00,1498.00,1526.00
1494.00,1524.00,1499.00
1524.00,1527.00,1499.00
1495.00,1500.00,1525.00
1497.00,1525.00,1500.00
1528.00,1503.00,1529.00
1528.00,1526.00,1503.00
1526.00,1498.00,1503.00
1529.00,1506.00,1505.00
1529.00,1505.00,1528.00
1528.00,1505.00,1530.00
1527.00,1505.00,1499.00
1530.00,1505.00,1527.00
1503.00,1508.00,1529.00
1506.00,1529.00,1508.00
1510.00,1531.00,1532.00
1509.00,1531.00,1510.00
1532.00,1511.00,1510.00
1533.00,1511.00,1532.00
1509.00,1513.00,1531.00
1531.00,1513.00,1534.00
1511.00,1533.00,1514.00
1533.00,1535.00,1514.00
1536.00,1516.00,1537.00
1536.00,1534.00,1516.00
1534.00,1513.00,1516.00
1537.00,1535.00,1536.00
1537.00,1517.00,1535.00
1517.00,1514.00,1535.00
1520.00,1519.00,1538.00
1520.00,1537.00,1516.00
1520.00,1538.00,1537.00
1538.00,1539.00,1537.00
1517.00,1539.00,1521.00
1537.00,1539.00,1517.00
1538.00,1523.00,1540.00
1519.00,1523.00,1538.00
1539.00,1538.00,1541.00
1541.00,1538.00,1540.00
1521.00,1541.00,1524.00
1539.00,1541.00,1521.00
1540.00,1526.00,1542.00
1523.00,1526.00,1540.00
1541.00,1540.00,1543.00
1543.00,1540.00,1542.00
1524.00,1543.00,1527.00
1541.00,1543.00,1524.00
1526.00,1528.00,1542.00
1530.00,1542.00,1528.00
1543.00,1542.00,1530.00
1527.00,1543.00,1530.00
1532.00,1544.00,1545.00
1531.00,1544.00,1532.00
1545.00,1533.00,1532.00
1546.00,1533.00,1545.00
1531.00,1534.00,1544.00
1544.00,1534.00,1547.00
1533.00,1546.00,1535.00
1546.00,1548.00,1535.00
1534.00,1549.00,1547.00
1536.00,1549.00,1534.00
1548.00,1536.00,1535.00
1549.00,1536.00,1548.00
1545.00,1544.00,1550.00
1545.00,1550.00,1546.00
1550.00,1547.00,1551.00
1544.00,1547.00,1550.00
1546.00,1551.00,1548.00
1550.00,1551.00,1546.00
1547.00,1549.00,1551.00
1548.00,1551.00,1549.00
