0.00,1.00,2.00
2.00,3.00,0.00
4.00,1.00,0.00
5.00,1.00,4.00
6.00,0.00,3.00
4.00,0.00,6.00
7.00,5.00,4.00
8.00,5.00,7.00
9.00,4.00,6.00
7.00,4.00,9.00
7.00,10.00,8.00
9.00,10.00,7.00
11.00,12.00,13.00
13.00,14.00,11.00
15.00,16.00,17.00
12.00,15.00,17.00
11.00,15.00,12.00
11.00,1.00,15.00
11.00,2.00,1.00
11.00,3.00,2.00
11.00,14.00,3.00
14.00,18.00,3.00
19.00,16.00,15.00
20.00,16.00,19.00
1.00,5.00,19.00
15.00,1.00,19.00
3.00,18.00,6.00
18.00,21.00,6.00
22.00,20.00,19.00
23.00,20.00,22.00
5.00,8.00,22.00
19.00,5.00,22.00
6.00,21.00,9.00
21.00,24.00,9.00
25.00,23.00,22.00
26.00,23.00,25.00
8.00,10.00,27.00
8.00,27.00,22.00
22.00,27.00,25.00
10.00,28.00,27.00
10.00,9.00,28.00
9.00,24.00,28.00
25.00,29.00,26.00
27.00,29.00,25.00
30.00,29.00,27.00
28.00,30.00,27.00
31.00,32.00,33.00
33.00,34.00,31.00
13.00,32.00,31.00
13.00,12.00,32.00
12.00,35.00,32.00
31.00,14.00,13.00
31.00,34.00,14.00
34.00,36.00,14.00
17.00,37.00,38.00
16.00,37.00,17.00
35.00,12.00,17.00
38.00,35.00,17.00
14.00,36.00,18.00
36.00,39.00,18.00
16.00,20.00,37.00
37.00,20.00,40.00
41.00,42.00,21.00
41.00,21.00,39.00
39.00,21.00,18.00
42.00,43.00,44.00
41.00,43.00,42.00
43.00,45.00,44.00
20.00,23.00,40.00
40.00,23.00,46.00
42.00,47.00,24.00
21.00,42.00,24.00
44.00,48.00,42.00
48.00,47.00,42.00
49.00,44.00,45.00
48.00,44.00,49.00
23.00,26.00,46.00
46.00,26.00,50.00
47.00,51.00,52.00
47.00,52.00,24.00
24.00,52.00,28.00
51.00,53.00,54.00
51.00,47.00,53.00
47.00,48.00,53.00
55.00,48.00,49.00
53.00,48.00,55.00
56.00,26.00,29.00
56.00,57.00,26.00
57.00,50.00,26.00
58.00,56.00,29.00
58.00,29.00,59.00
59.00,29.00,30.00
52.00,30.00,28.00
59.00,30.00,52.00
53.00,60.00,54.00
55.00,60.00,53.00
56.00,61.00,57.00
58.00,61.00,56.00
62.00,63.00,64.00
62.00,33.00,32.00
62.00,64.00,33.00
64.00,65.00,33.00
65.00,34.00,33.00
66.00,34.00,65.00
67.00,63.00,62.00
68.00,63.00,67.00
32.00,35.00,67.00
62.00,32.00,67.00
34.00,66.00,36.00
66.00,69.00,36.00
38.00,68.00,67.00
38.00,37.00,68.00
37.00,70.00,68.00
35.00,38.00,67.00
71.00,72.00,39.00
71.00,39.00,69.00
69.00,39.00,36.00
71.00,73.00,72.00
37.00,40.00,70.00
70.00,40.00,74.00
39.00,72.00,41.00
72.00,73.00,75.00
72.00,75.00,41.00
41.00,75.00,43.00
45.00,76.00,77.00
45.00,43.00,76.00
43.00,75.00,76.00
76.00,78.00,77.00
40.00,46.00,74.00
74.00,46.00,79.00
77.00,80.00,49.00
45.00,77.00,49.00
81.00,77.00,78.00
80.00,77.00,81.00
46.00,50.00,79.00
79.00,50.00,82.00
51.00,83.00,52.00
51.00,54.00,83.00
80.00,84.00,55.00
49.00,80.00,55.00
85.00,80.00,81.00
84.00,80.00,85.00
50.00,57.00,82.00
82.00,57.00,86.00
59.00,87.00,58.00
59.00,88.00,87.00
52.00,88.00,59.00
52.00,89.00,88.00
52.00,83.00,89.00
54.00,89.00,83.00
54.00,60.00,89.00
60.00,90.00,89.00
84.00,60.00,55.00
84.00,91.00,60.00
91.00,90.00,60.00
85.00,91.00,84.00
57.00,92.00,86.00
61.00,92.00,57.00
87.00,61.00,58.00
87.00,93.00,61.00
93.00,92.00,61.00
88.00,93.00,87.00
94.00,95.00,96.00
96.00,97.00,94.00
64.00,95.00,94.00
64.00,63.00,95.00
63.00,98.00,95.00
94.00,97.00,99.00
94.00,99.00,64.00
64.00,99.00,65.00
99.00,66.00,65.00
100.00,66.00,99.00
63.00,68.00,98.00
98.00,68.00,101.00
66.00,100.00,69.00
100.00,102.00,69.00
68.00,70.00,101.00
101.00,70.00,103.00
69.00,102.00,104.00
71.00,69.00,104.00
104.00,73.00,71.00
105.00,73.00,104.00
70.00,74.00,103.00
103.00,74.00,106.00
73.00,105.00,107.00
75.00,73.00,107.00
76.00,75.00,108.00
75.00,107.00,108.00
108.00,78.00,76.00
109.00,78.00,108.00
74.00,79.00,106.00
106.00,79.00,110.00
78.00,109.00,81.00
109.00,111.00,81.00
79.00,82.00,110.00
110.00,82.00,112.00
81.00,111.00,85.00
111.00,113.00,85.00
82.00,86.00,112.00
112.00,86.00,114.00
89.00,115.00,88.00
89.00,90.00,116.00
115.00,89.00,116.00
90.00,91.00,117.00
116.00,90.00,117.00
91.00,118.00,117.00
91.00,85.00,118.00
85.00,113.00,118.00
86.00,119.00,114.00
92.00,119.00,86.00
93.00,120.00,92.00
92.00,120.00,119.00
115.00,93.00,88.00
115.00,121.00,93.00
121.00,120.00,93.00
116.00,121.00,115.00
122.00,121.00,116.00
117.00,122.00,116.00
123.00,122.00,117.00
118.00,123.00,117.00
96.00,124.00,125.00
95.00,124.00,96.00
125.00,97.00,96.00
126.00,97.00,125.00
95.00,98.00,124.00
124.00,98.00,127.00
97.00,126.00,128.00
99.00,97.00,128.00
128.00,100.00,99.00
129.00,100.00,128.00
98.00,101.00,127.00
127.00,101.00,130.00
131.00,132.00,102.00
131.00,102.00,129.00
129.00,102.00,100.00
131.00,133.00,132.00
101.00,103.00,130.00
130.00,103.00,134.00
102.00,132.00,104.00
132.00,105.00,104.00
132.00,133.00,105.00
133.00,135.00,105.00
103.00,106.00,134.00
134.00,106.00,136.00
105.00,135.00,137.00
107.00,105.00,137.00
108.00,107.00,138.00
107.00,137.00,138.00
138.00,109.00,108.00
139.00,109.00,138.00
106.00,110.00,136.00
136.00,110.00,140.00
109.00,139.00,111.00
139.00,141.00,111.00
110.00,112.00,140.00
140.00,112.00,142.00
111.00,141.00,113.00
141.00,143.00,113.00
112.00,114.00,142.00
142.00,114.00,144.00
113.00,143.00,118.00
143.00,145.00,118.00
114.00,146.00,144.00
119.00,146.00,114.00
120.00,147.00,119.00
119.00,147.00,146.00
121.00,148.00,120.00
120.00,148.00,147.00
122.00,149.00,121.00
121.00,149.00,148.00
123.00,150.00,122.00
122.00,150.00,149.00
145.00,123.00,118.00
150.00,123.00,145.00
125.00,151.00,152.00
124.00,151.00,125.00
152.00,126.00,125.00
153.00,126.00,152.00
124.00,127.00,151.00
151.00,127.00,154.00
126.00,153.00,155.00
128.00,126.00,155.00
155.00,129.00,128.00
156.00,129.00,155.00
127.00,130.00,154.00
154.00,130.00,157.00
129.00,156.00,158.00
131.00,129.00,158.00
158.00,133.00,131.00
159.00,133.00,158.00
130.00,134.00,157.00
157.00,134.00,160.00
161.00,162.00,135.00
161.00,135.00,159.00
159.00,135.00,133.00
161.00,163.00,162.00
134.00,136.00,160.00
160.00,136.00,164.00
135.00,162.00,137.00
162.00,163.00,165.00
162.00,165.00,137.00
137.00,165.00,138.00
165.00,139.00,138.00
166.00,139.00,165.00
136.00,140.00,164.00
164.00,140.00,167.00
139.00,166.00,141.00
166.00,168.00,141.00
140.00,142.00,167.00
167.00,142.00,169.00
141.00,168.00,143.00
168.00,170.00,143.00
142.00,144.00,169.00
169.00,144.00,171.00
143.00,170.00,145.00
170.00,172.00,145.00
144.00,173.00,171.00
146.00,173.00,144.00
147.00,174.00,146.00
146.00,174.00,173.00
148.00,175.00,147.00
147.00,175.00,174.00
149.00,176.00,148.00
148.00,176.00,175.00
150.00,177.00,149.00
149.00,177.00,176.00
172.00,150.00,145.00
177.00,150.00,172.00
152.00,151.00,178.00
152.00,178.00,153.00
178.00,154.00,179.00
151.00,154.00,178.00
153.00,180.00,155.00
153.00,178.00,180.00
178.00,179.00,180.00
155.00,180.00,156.00
179.00,181.00,182.00
179.00,154.00,181.00
154.00,157.00,181.00
180.00,179.00,182.00
183.00,180.00,182.00
156.00,180.00,183.00
156.00,183.00,158.00
158.00,183.00,184.00
184.00,159.00,158.00
185.00,159.00,184.00
157.00,160.00,181.00
181.00,160.00,186.00
159.00,185.00,187.00
161.00,159.00,187.00
187.00,163.00,161.00
188.00,163.00,187.00
160.00,164.00,186.00
186.00,164.00,189.00
163.00,188.00,190.00
165.00,163.00,190.00
190.00,166.00,165.00
191.00,166.00,190.00
164.00,167.00,189.00
189.00,167.00,192.00
166.00,191.00,168.00
191.00,193.00,168.00
167.00,169.00,192.00
192.00,169.00,194.00
168.00,193.00,170.00
193.00,195.00,170.00
169.00,171.00,194.00
194.00,171.00,196.00
170.00,195.00,172.00
195.00,197.00,172.00
171.00,198.00,196.00
173.00,198.00,171.00
174.00,199.00,173.00
173.00,199.00,198.00
175.00,200.00,174.00
174.00,200.00,199.00
176.00,201.00,175.00
175.00,201.00,200.00
177.00,202.00,176.00
176.00,202.00,201.00
197.00,177.00,172.00
202.00,177.00,197.00
182.00,181.00,203.00
204.00,182.00,203.00
204.00,205.00,182.00
205.00,183.00,182.00
184.00,183.00,206.00
183.00,205.00,206.00
206.00,185.00,184.00
207.00,185.00,206.00
203.00,208.00,209.00
203.00,181.00,208.00
181.00,186.00,208.00
204.00,203.00,209.00
185.00,207.00,210.00
187.00,185.00,210.00
210.00,188.00,187.00
211.00,188.00,210.00
186.00,189.00,208.00
208.00,189.00,212.00
188.00,211.00,213.00
190.00,188.00,213.00
213.00,191.00,190.00
214.00,191.00,213.00
189.00,192.00,212.00
212.00,192.00,215.00
191.00,214.00,193.00
214.00,216.00,193.00
192.00,194.00,215.00
215.00,194.00,217.00
193.00,216.00,195.00
216.00,218.00,195.00
219.00,196.00,220.00
219.00,217.00,196.00
217.00,194.00,196.00
219.00,220.00,221.00
195.00,218.00,197.00
218.00,222.00,197.00
196.00,198.00,220.00
220.00,223.00,221.00
220.00,198.00,223.00
198.00,199.00,223.00
200.00,224.00,199.00
199.00,224.00,223.00
201.00,225.00,200.00
200.00,225.00,224.00
202.00,226.00,201.00
201.00,226.00,225.00
222.00,202.00,197.00
226.00,202.00,222.00
205.00,204.00,227.00
205.00,228.00,206.00
227.00,228.00,205.00
206.00,228.00,207.00
209.00,208.00,229.00
209.00,229.00,230.00
204.00,209.00,230.00
204.00,230.00,231.00
204.00,231.00,227.00
228.00,227.00,231.00
232.00,228.00,231.00
207.00,228.00,232.00
207.00,232.00,210.00
210.00,232.00,233.00
233.00,211.00,210.00
234.00,211.00,233.00
229.00,235.00,236.00
229.00,208.00,235.00
208.00,212.00,235.00
230.00,229.00,236.00
211.00,234.00,237.00
213.00,211.00,237.00
237.00,214.00,213.00
238.00,214.00,237.00
212.00,215.00,235.00
235.00,215.00,239.00
214.00,238.00,216.00
238.00,240.00,216.00
215.00,217.00,239.00
239.00,217.00,241.00
216.00,240.00,218.00
240.00,242.00,218.00
217.00,243.00,241.00
219.00,243.00,217.00
243.00,219.00,221.00
244.00,243.00,221.00
218.00,242.00,222.00
242.00,245.00,222.00
221.00,246.00,244.00
223.00,246.00,221.00
224.00,247.00,223.00
223.00,247.00,246.00
225.00,248.00,224.00
224.00,248.00,247.00
226.00,249.00,225.00
225.00,249.00,248.00
245.00,226.00,222.00
249.00,226.00,245.00
231.00,230.00,250.00
251.00,231.00,250.00
251.00,252.00,231.00
252.00,232.00,231.00
233.00,232.00,253.00
232.00,252.00,253.00
253.00,234.00,233.00
254.00,234.00,253.00
236.00,235.00,255.00
236.00,255.00,256.00
230.00,236.00,256.00
230.00,256.00,257.00
230.00,257.00,250.00
251.00,250.00,257.00
234.00,254.00,258.00
237.00,234.00,258.00
258.00,238.00,237.00
259.00,238.00,258.00
255.00,239.00,260.00
235.00,239.00,255.00
261.00,256.00,255.00
260.00,261.00,255.00
238.00,259.00,240.00
259.00,262.00,240.00
260.00,241.00,263.00
239.00,241.00,260.00
264.00,261.00,260.00
263.00,264.00,260.00
240.00,262.00,242.00
262.00,265.00,242.00
241.00,243.00,263.00
244.00,266.00,267.00
243.00,244.00,267.00
243.00,267.00,264.00
243.00,264.00,263.00
267.00,266.00,268.00
242.00,265.00,245.00
265.00,269.00,245.00
244.00,246.00,266.00
266.00,270.00,268.00
266.00,246.00,270.00
246.00,247.00,270.00
248.00,271.00,247.00
247.00,271.00,270.00
249.00,272.00,248.00
248.00,272.00,271.00
269.00,249.00,245.00
272.00,249.00,269.00
252.00,273.00,274.00
251.00,273.00,252.00
253.00,252.00,275.00
252.00,274.00,275.00
275.00,254.00,253.00
276.00,254.00,275.00
257.00,256.00,277.00
257.00,277.00,278.00
257.00,278.00,251.00
251.00,278.00,273.00
254.00,276.00,279.00
258.00,254.00,279.00
279.00,259.00,258.00
280.00,259.00,279.00
277.00,261.00,281.00
256.00,261.00,277.00
282.00,278.00,277.00
281.00,282.00,277.00
259.00,280.00,262.00
280.00,283.00,262.00
281.00,264.00,284.00
261.00,264.00,281.00
285.00,282.00,281.00
284.00,285.00,281.00
262.00,283.00,265.00
283.00,286.00,265.00
264.00,267.00,284.00
268.00,287.00,288.00
267.00,268.00,288.00
267.00,288.00,285.00
267.00,285.00,284.00
288.00,287.00,289.00
265.00,286.00,269.00
286.00,290.00,269.00
268.00,270.00,287.00
287.00,291.00,289.00
287.00,270.00,291.00
270.00,271.00,291.00
272.00,292.00,271.00
271.00,292.00,291.00
290.00,272.00,269.00
292.00,272.00,290.00
293.00,294.00,295.00
295.00,296.00,293.00
274.00,297.00,298.00
273.00,297.00,274.00
294.00,293.00,275.00
294.00,275.00,298.00
298.00,275.00,274.00
293.00,276.00,275.00
293.00,296.00,276.00
296.00,299.00,276.00
273.00,278.00,297.00
297.00,278.00,300.00
276.00,299.00,301.00
279.00,276.00,301.00
301.00,280.00,279.00
302.00,280.00,301.00
278.00,282.00,300.00
300.00,282.00,303.00
280.00,302.00,283.00
302.00,304.00,283.00
282.00,285.00,303.00
303.00,285.00,305.00
283.00,304.00,286.00
304.00,306.00,286.00
285.00,307.00,305.00
288.00,307.00,285.00
307.00,288.00,289.00
308.00,307.00,289.00
286.00,306.00,290.00
306.00,309.00,290.00
289.00,310.00,308.00
291.00,310.00,289.00
292.00,311.00,291.00
291.00,311.00,310.00
309.00,292.00,290.00
311.00,292.00,309.00
295.00,312.00,313.00
294.00,312.00,295.00
313.00,296.00,295.00
314.00,296.00,313.00
298.00,315.00,316.00
297.00,315.00,298.00
312.00,294.00,298.00
316.00,312.00,298.00
296.00,314.00,299.00
314.00,317.00,299.00
297.00,300.00,315.00
315.00,300.00,318.00
299.00,317.00,319.00
301.00,299.00,319.00
319.00,302.00,301.00
320.00,302.00,319.00
300.00,303.00,318.00
318.00,303.00,321.00
302.00,320.00,304.00
320.00,322.00,304.00
303.00,305.00,321.00
321.00,305.00,323.00
304.00,322.00,306.00
322.00,324.00,306.00
305.00,325.00,323.00
307.00,325.00,305.00
308.00,326.00,327.00
308.00,327.00,307.00
307.00,327.00,325.00
327.00,326.00,328.00
306.00,324.00,309.00
324.00,329.00,309.00
308.00,310.00,326.00
326.00,330.00,328.00
326.00,310.00,330.00
310.00,311.00,330.00
329.00,311.00,309.00
330.00,311.00,329.00
313.00,331.00,332.00
312.00,331.00,313.00
332.00,314.00,313.00
333.00,314.00,332.00
316.00,334.00,335.00
315.00,334.00,316.00
331.00,312.00,316.00
335.00,331.00,316.00
314.00,333.00,317.00
333.00,336.00,317.00
315.00,318.00,334.00
334.00,318.00,337.00
317.00,336.00,338.00
319.00,317.00,338.00
338.00,320.00,319.00
339.00,320.00,338.00
318.00,321.00,337.00
337.00,321.00,340.00
320.00,339.00,322.00
339.00,341.00,322.00
321.00,323.00,340.00
340.00,323.00,342.00
322.00,341.00,324.00
341.00,343.00,324.00
323.00,344.00,342.00
325.00,344.00,323.00
327.00,345.00,325.00
325.00,345.00,344.00
328.00,346.00,347.00
328.00,347.00,327.00
327.00,347.00,345.00
346.00,343.00,347.00
346.00,329.00,343.00
329.00,324.00,343.00
328.00,330.00,346.00
329.00,346.00,330.00
332.00,348.00,349.00
331.00,348.00,332.00
349.00,333.00,332.00
350.00,333.00,349.00
335.00,351.00,352.00
334.00,351.00,335.00
348.00,331.00,335.00
352.00,348.00,335.00
353.00,354.00,336.00
353.00,336.00,350.00
350.00,336.00,333.00
353.00,355.00,354.00
334.00,337.00,351.00
351.00,337.00,356.00
336.00,354.00,338.00
354.00,339.00,338.00
354.00,355.00,339.00
355.00,357.00,339.00
337.00,340.00,356.00
356.00,340.00,358.00
339.00,357.00,341.00
357.00,359.00,341.00
340.00,342.00,358.00
358.00,342.00,360.00
341.00,359.00,343.00
359.00,361.00,343.00
342.00,362.00,360.00
344.00,362.00,342.00
345.00,363.00,344.00
344.00,363.00,362.00
347.00,364.00,345.00
345.00,364.00,363.00
361.00,347.00,343.00
364.00,347.00,361.00
349.00,365.00,366.00
348.00,365.00,349.00
366.00,350.00,349.00
367.00,350.00,366.00
352.00,368.00,369.00
351.00,368.00,352.00
365.00,348.00,352.00
369.00,365.00,352.00
350.00,367.00,370.00
353.00,350.00,370.00
370.00,355.00,353.00
371.00,355.00,370.00
351.00,356.00,368.00
368.00,356.00,372.00
355.00,371.00,357.00
371.00,373.00,357.00
356.00,358.00,372.00
372.00,358.00,374.00
357.00,373.00,359.00
373.00,375.00,359.00
358.00,360.00,374.00
374.00,360.00,376.00
359.00,375.00,361.00
375.00,377.00,361.00
360.00,378.00,376.00
362.00,378.00,360.00
363.00,379.00,362.00
362.00,379.00,378.00
364.00,380.00,363.00
363.00,380.00,379.00
377.00,364.00,361.00
380.00,364.00,377.00
381.00,382.00,383.00
381.00,366.00,365.00
381.00,383.00,366.00
383.00,384.00,366.00
384.00,367.00,366.00
385.00,367.00,384.00
369.00,382.00,381.00
369.00,368.00,382.00
368.00,386.00,382.00
365.00,369.00,381.00
367.00,385.00,387.00
370.00,367.00,387.00
387.00,371.00,370.00
388.00,371.00,387.00
368.00,372.00,386.00
386.00,372.00,389.00
371.00,388.00,373.00
388.00,390.00,373.00
372.00,374.00,389.00
389.00,374.00,391.00
373.00,390.00,375.00
390.00,392.00,375.00
374.00,376.00,391.00
391.00,376.00,393.00
375.00,392.00,377.00
392.00,394.00,377.00
376.00,395.00,393.00
378.00,395.00,376.00
379.00,396.00,378.00
378.00,396.00,395.00
380.00,397.00,379.00
379.00,397.00,396.00
394.00,380.00,377.00
397.00,380.00,394.00
383.00,398.00,399.00
382.00,398.00,383.00
384.00,383.00,400.00
383.00,399.00,400.00
400.00,385.00,384.00
401.00,385.00,400.00
382.00,386.00,398.00
398.00,386.00,402.00
385.00,401.00,403.00
387.00,385.00,403.00
403.00,388.00,387.00
404.00,388.00,403.00
386.00,389.00,402.00
402.00,389.00,405.00
388.00,404.00,390.00
404.00,406.00,390.00
389.00,391.00,405.00
405.00,391.00,407.00
390.00,406.00,392.00
406.00,408.00,392.00
409.00,393.00,410.00
409.00,407.00,393.00
407.00,391.00,393.00
409.00,410.00,411.00
392.00,408.00,394.00
408.00,412.00,394.00
393.00,395.00,410.00
410.00,413.00,411.00
410.00,395.00,413.00
395.00,396.00,413.00
397.00,414.00,396.00
396.00,414.00,413.00
412.00,397.00,394.00
414.00,397.00,412.00
399.00,415.00,416.00
398.00,415.00,399.00
400.00,399.00,417.00
399.00,416.00,417.00
417.00,401.00,400.00
418.00,401.00,417.00
419.00,420.00,421.00
419.00,421.00,415.00
419.00,415.00,402.00
402.00,415.00,398.00
401.00,418.00,422.00
403.00,401.00,422.00
422.00,404.00,403.00
423.00,404.00,422.00
424.00,420.00,419.00
425.00,420.00,424.00
402.00,405.00,424.00
419.00,402.00,424.00
404.00,423.00,406.00
423.00,426.00,406.00
427.00,425.00,424.00
428.00,425.00,427.00
405.00,407.00,427.00
424.00,405.00,427.00
406.00,426.00,408.00
426.00,429.00,408.00
427.00,430.00,428.00
407.00,430.00,427.00
407.00,409.00,430.00
409.00,431.00,430.00
431.00,409.00,411.00
432.00,431.00,411.00
433.00,434.00,435.00
433.00,429.00,434.00
433.00,412.00,429.00
412.00,408.00,429.00
411.00,436.00,432.00
413.00,436.00,411.00
435.00,414.00,433.00
435.00,436.00,414.00
436.00,413.00,414.00
412.00,433.00,414.00
416.00,437.00,438.00
415.00,437.00,416.00
417.00,416.00,439.00
416.00,438.00,439.00
439.00,418.00,417.00
440.00,418.00,439.00
421.00,441.00,442.00
420.00,441.00,421.00
437.00,415.00,421.00
442.00,437.00,421.00
418.00,440.00,443.00
422.00,418.00,443.00
443.00,423.00,422.00
444.00,423.00,443.00
420.00,425.00,441.00
441.00,425.00,445.00
423.00,444.00,426.00
444.00,446.00,426.00
425.00,428.00,445.00
445.00,428.00,447.00
426.00,446.00,429.00
446.00,448.00,429.00
428.00,449.00,447.00
430.00,449.00,428.00
450.00,451.00,449.00
450.00,449.00,431.00
431.00,449.00,430.00
431.00,432.00,450.00
434.00,452.00,453.00
435.00,434.00,453.00
448.00,434.00,429.00
452.00,434.00,448.00
450.00,454.00,451.00
432.00,454.00,450.00
432.00,436.00,454.00
436.00,455.00,454.00
453.00,436.00,435.00
455.00,436.00,453.00
438.00,456.00,457.00
437.00,456.00,438.00
439.00,438.00,458.00
438.00,457.00,458.00
458.00,440.00,439.00
459.00,440.00,458.00
442.00,460.00,461.00
441.00,460.00,442.00
456.00,437.00,442.00
461.00,456.00,442.00
440.00,459.00,462.00
443.00,440.00,462.00
462.00,444.00,443.00
463.00,444.00,462.00
441.00,445.00,460.00
460.00,445.00,464.00
444.00,463.00,446.00
463.00,465.00,446.00
445.00,447.00,464.00
464.00,447.00,466.00
446.00,465.00,448.00
465.00,467.00,448.00
447.00,468.00,466.00
449.00,468.00,447.00
468.00,449.00,451.00
469.00,468.00,451.00
452.00,470.00,471.00
453.00,452.00,471.00
467.00,452.00,448.00
470.00,452.00,467.00
451.00,472.00,469.00
454.00,472.00,451.00
455.00,473.00,454.00
454.00,473.00,472.00
471.00,455.00,453.00
473.00,455.00,471.00
457.00,474.00,475.00
456.00,474.00,457.00
458.00,457.00,476.00
457.00,475.00,476.00
476.00,459.00,458.00
477.00,459.00,476.00
461.00,478.00,479.00
460.00,478.00,461.00
474.00,456.00,461.00
479.00,474.00,461.00
459.00,477.00,480.00
462.00,459.00,480.00
480.00,463.00,462.00
481.00,463.00,480.00
460.00,464.00,478.00
478.00,464.00,482.00
463.00,481.00,465.00
481.00,483.00,465.00
464.00,466.00,482.00
482.00,466.00,484.00
465.00,483.00,467.00
483.00,485.00,467.00
486.00,466.00,468.00
486.00,487.00,466.00
487.00,484.00,466.00
468.00,469.00,486.00
470.00,488.00,489.00
471.00,470.00,489.00
485.00,470.00,467.00
488.00,470.00,485.00
486.00,490.00,487.00
469.00,490.00,486.00
469.00,472.00,490.00
472.00,491.00,490.00
473.00,492.00,472.00
472.00,492.00,491.00
489.00,473.00,471.00
492.00,473.00,489.00
475.00,493.00,494.00
474.00,493.00,475.00
476.00,475.00,495.00
475.00,494.00,495.00
495.00,477.00,476.00
496.00,477.00,495.00
479.00,497.00,498.00
478.00,497.00,479.00
493.00,474.00,479.00
498.00,493.00,479.00
477.00,496.00,499.00
480.00,477.00,499.00
499.00,481.00,480.00
500.00,481.00,499.00
478.00,482.00,497.00
497.00,482.00,501.00
481.00,500.00,483.00
500.00,502.00,483.00
482.00,484.00,501.00
501.00,484.00,503.00
483.00,502.00,485.00
502.00,504.00,485.00
484.00,487.00,503.00
503.00,487.00,505.00
488.00,506.00,507.00
489.00,488.00,507.00
504.00,488.00,485.00
506.00,488.00,504.00
487.00,508.00,505.00
490.00,508.00,487.00
491.00,509.00,490.00
490.00,509.00,508.00
492.00,510.00,491.00
491.00,510.00,509.00
507.00,492.00,489.00
510.00,492.00,507.00
494.00,511.00,512.00
493.00,511.00,494.00
513.00,512.00,514.00
513.00,495.00,512.00
495.00,494.00,512.00
495.00,513.00,496.00
498.00,515.00,516.00
497.00,515.00,498.00
511.00,493.00,498.00
516.00,511.00,498.00
513.00,514.00,517.00
496.00,513.00,517.00
496.00,517.00,499.00
499.00,517.00,518.00
518.00,500.00,499.00
519.00,500.00,518.00
497.00,501.00,515.00
515.00,501.00,520.00
500.00,519.00,502.00
519.00,521.00,502.00
501.00,503.00,520.00
520.00,503.00,522.00
502.00,521.00,504.00
521.00,523.00,504.00
503.00,505.00,522.00
522.00,505.00,524.00
506.00,525.00,526.00
507.00,506.00,526.00
523.00,506.00,504.00
525.00,506.00,523.00
505.00,527.00,524.00
508.00,527.00,505.00
509.00,528.00,508.00
508.00,528.00,527.00
510.00,529.00,509.00
509.00,529.00,528.00
526.00,510.00,507.00
529.00,510.00,526.00
512.00,530.00,531.00
511.00,530.00,512.00
531.00,514.00,512.00
532.00,514.00,531.00
516.00,515.00,533.00
516.00,533.00,534.00
516.00,534.00,511.00
511.00,534.00,530.00
514.00,532.00,535.00
517.00,514.00,535.00
518.00,517.00,536.00
517.00,535.00,536.00
536.00,519.00,518.00
537.00,519.00,536.00
533.00,538.00,539.00
533.00,515.00,538.00
515.00,520.00,538.00
534.00,533.00,539.00
519.00,537.00,521.00
537.00,540.00,521.00
520.00,522.00,538.00
538.00,522.00,541.00
521.00,540.00,523.00
540.00,542.00,523.00
522.00,524.00,541.00
541.00,524.00,543.00
525.00,544.00,526.00
525.00,545.00,544.00
525.00,523.00,545.00
523.00,542.00,545.00
524.00,546.00,543.00
527.00,546.00,524.00
528.00,547.00,527.00
527.00,547.00,546.00
529.00,548.00,528.00
528.00,548.00,547.00
544.00,529.00,526.00
544.00,549.00,529.00
549.00,548.00,529.00
545.00,549.00,544.00
531.00,530.00,550.00
531.00,550.00,532.00
550.00,551.00,552.00
550.00,530.00,551.00
530.00,534.00,551.00
532.00,550.00,552.00
532.00,552.00,535.00
535.00,552.00,553.00
536.00,535.00,554.00
535.00,553.00,554.00
554.00,537.00,536.00
555.00,537.00,554.00
539.00,556.00,557.00
538.00,556.00,539.00
551.00,534.00,539.00
557.00,551.00,539.00
537.00,555.00,540.00
555.00,558.00,540.00
538.00,541.00,556.00
556.00,541.00,559.00
540.00,558.00,542.00
558.00,560.00,542.00
541.00,543.00,559.00
559.00,543.00,561.00
542.00,560.00,545.00
560.00,562.00,545.00
543.00,563.00,561.00
546.00,563.00,543.00
547.00,564.00,546.00
546.00,564.00,563.00
565.00,566.00,564.00
565.00,564.00,548.00
548.00,564.00,547.00
567.00,565.00,548.00
567.00,548.00,568.00
568.00,548.00,549.00
562.00,549.00,545.00
568.00,549.00,562.00
565.00,569.00,566.00
567.00,569.00,565.00
552.00,570.00,571.00
551.00,570.00,552.00
553.00,552.00,572.00
552.00,571.00,572.00
554.00,553.00,573.00
553.00,572.00,573.00
573.00,555.00,554.00
574.00,555.00,573.00
557.00,575.00,576.00
556.00,575.00,557.00
570.00,551.00,557.00
576.00,570.00,557.00
555.00,574.00,558.00
574.00,577.00,558.00
556.00,559.00,575.00
575.00,559.00,578.00
558.00,577.00,560.00
577.00,579.00,560.00
559.00,561.00,578.00
578.00,561.00,580.00
560.00,579.00,562.00
579.00,581.00,562.00
582.00,561.00,563.00
582.00,583.00,561.00
583.00,580.00,561.00
563.00,564.00,584.00
582.00,563.00,584.00
564.00,566.00,584.00
568.00,585.00,586.00
567.00,568.00,586.00
581.00,568.00,562.00
585.00,568.00,581.00
582.00,587.00,583.00
584.00,587.00,582.00
588.00,587.00,584.00
566.00,588.00,584.00
566.00,569.00,588.00
569.00,589.00,588.00
586.00,569.00,567.00
589.00,569.00,586.00
571.00,570.00,590.00
571.00,591.00,572.00
590.00,591.00,571.00
572.00,592.00,573.00
591.00,592.00,572.00
573.00,592.00,574.00
576.00,593.00,594.00
575.00,593.00,576.00
590.00,570.00,576.00
590.00,576.00,595.00
595.00,576.00,594.00
591.00,590.00,595.00
596.00,591.00,595.00
592.00,591.00,596.00
597.00,592.00,596.00
597.00,574.00,592.00
597.00,598.00,574.00
598.00,577.00,574.00
575.00,578.00,593.00
593.00,578.00,599.00
577.00,598.00,579.00
598.00,600.00,579.00
578.00,580.00,599.00
599.00,580.00,601.00
579.00,600.00,581.00
600.00,602.00,581.00
580.00,583.00,601.00
601.00,583.00,603.00
585.00,604.00,586.00
585.00,605.00,604.00
585.00,581.00,605.00
581.00,602.00,605.00
583.00,606.00,603.00
587.00,606.00,583.00
588.00,607.00,587.00
587.00,607.00,606.00
589.00,608.00,588.00
588.00,608.00,607.00
604.00,589.00,586.00
604.00,609.00,589.00
609.00,608.00,589.00
605.00,609.00,604.00
594.00,610.00,611.00
593.00,610.00,594.00
595.00,594.00,612.00
594.00,611.00,612.00
596.00,595.00,613.00
595.00,612.00,613.00
597.00,596.00,614.00
596.00,613.00,614.00
614.00,598.00,597.00
615.00,598.00,614.00
593.00,599.00,610.00
610.00,599.00,616.00
598.00,615.00,600.00
615.00,617.00,600.00
599.00,601.00,616.00
616.00,601.00,618.00
600.00,617.00,602.00
617.00,619.00,602.00
601.00,603.00,618.00
618.00,603.00,620.00
602.00,619.00,605.00
619.00,621.00,605.00
603.00,622.00,620.00
606.00,622.00,603.00
607.00,623.00,606.00
606.00,623.00,622.00
608.00,624.00,607.00
607.00,624.00,623.00
609.00,625.00,608.00
608.00,625.00,624.00
621.00,609.00,605.00
625.00,609.00,621.00
611.00,610.00,626.00
627.00,611.00,626.00
627.00,628.00,611.00
628.00,612.00,611.00
613.00,612.00,629.00
612.00,628.00,629.00
630.00,629.00,631.00
630.00,614.00,629.00
614.00,613.00,629.00
614.00,630.00,615.00
626.00,632.00,633.00
626.00,610.00,632.00
610.00,616.00,632.00
627.00,626.00,633.00
630.00,631.00,634.00
634.00,615.00,630.00
634.00,635.00,615.00
635.00,617.00,615.00
616.00,618.00,632.00
632.00,618.00,636.00
617.00,635.00,619.00
635.00,637.00,619.00
618.00,620.00,636.00
636.00,620.00,638.00
619.00,637.00,621.00
637.00,639.00,621.00
620.00,640.00,638.00
622.00,640.00,620.00
623.00,641.00,622.00
622.00,641.00,640.00
624.00,642.00,623.00
623.00,642.00,641.00
625.00,643.00,624.00
624.00,643.00,642.00
639.00,625.00,621.00
643.00,625.00,639.00
628.00,644.00,645.00
627.00,644.00,628.00
629.00,628.00,646.00
628.00,645.00,646.00
646.00,631.00,629.00
647.00,631.00,646.00
648.00,649.00,650.00
648.00,633.00,632.00
648.00,650.00,633.00
650.00,651.00,633.00
644.00,627.00,633.00
651.00,644.00,633.00
652.00,634.00,631.00
652.00,631.00,653.00
653.00,631.00,647.00
634.00,652.00,635.00
654.00,649.00,648.00
655.00,649.00,654.00
632.00,636.00,654.00
648.00,632.00,654.00
656.00,652.00,653.00
657.00,656.00,653.00
635.00,656.00,637.00
652.00,656.00,635.00
658.00,655.00,654.00
659.00,655.00,658.00
636.00,638.00,658.00
654.00,636.00,658.00
660.00,656.00,657.00
661.00,660.00,657.00
637.00,660.00,639.00
656.00,660.00,637.00
662.00,659.00,658.00
663.00,659.00,662.00
638.00,640.00,664.00
638.00,664.00,658.00
658.00,664.00,662.00
640.00,641.00,665.00
664.00,640.00,665.00
666.00,665.00,641.00
666.00,641.00,667.00
667.00,641.00,642.00
661.00,643.00,660.00
661.00,667.00,643.00
667.00,642.00,643.00
639.00,660.00,643.00
662.00,668.00,663.00
664.00,668.00,662.00
669.00,668.00,664.00
665.00,669.00,664.00
670.00,669.00,665.00
666.00,670.00,665.00
645.00,644.00,671.00
645.00,672.00,646.00
671.00,672.00,645.00
646.00,672.00,647.00
650.00,673.00,674.00
649.00,673.00,650.00
651.00,650.00,675.00
650.00,674.00,675.00
671.00,644.00,651.00
671.00,651.00,676.00
676.00,651.00,675.00
672.00,671.00,676.00
677.00,672.00,676.00
677.00,647.00,672.00
677.00,678.00,647.00
678.00,653.00,647.00
649.00,655.00,673.00
673.00,655.00,679.00
653.00,678.00,657.00
678.00,680.00,657.00
655.00,659.00,679.00
679.00,659.00,681.00
657.00,680.00,661.00
680.00,682.00,661.00
659.00,663.00,681.00
681.00,663.00,683.00
667.00,684.00,666.00
667.00,685.00,684.00
667.00,661.00,685.00
661.00,682.00,685.00
663.00,686.00,683.00
668.00,686.00,663.00
669.00,687.00,668.00
668.00,687.00,686.00
670.00,688.00,669.00
669.00,688.00,687.00
684.00,670.00,666.00
684.00,689.00,670.00
689.00,688.00,670.00
685.00,689.00,684.00
674.00,690.00,691.00
673.00,690.00,674.00
692.00,691.00,693.00
692.00,675.00,691.00
675.00,674.00,691.00
694.00,675.00,692.00
694.00,695.00,675.00
695.00,676.00,675.00
677.00,676.00,696.00
676.00,695.00,696.00
696.00,678.00,677.00
697.00,678.00,696.00
673.00,679.00,690.00
690.00,679.00,698.00
692.00,693.00,699.00
694.00,692.00,699.00
678.00,697.00,680.00
697.00,700.00,680.00
679.00,681.00,698.00
698.00,681.00,701.00
680.00,700.00,682.00
700.00,702.00,682.00
681.00,683.00,701.00
701.00,683.00,703.00
682.00,702.00,685.00
702.00,704.00,685.00
683.00,705.00,703.00
686.00,705.00,683.00
687.00,706.00,686.00
686.00,706.00,705.00
688.00,707.00,687.00
687.00,707.00,706.00
689.00,708.00,688.00
688.00,708.00,707.00
704.00,689.00,685.00
708.00,689.00,704.00
691.00,690.00,709.00
691.00,709.00,693.00
695.00,694.00,710.00
711.00,695.00,710.00
711.00,712.00,695.00
712.00,696.00,695.00
712.00,697.00,696.00
713.00,697.00,712.00
709.00,714.00,715.00
709.00,690.00,714.00
690.00,698.00,714.00
693.00,709.00,715.00
693.00,715.00,699.00
699.00,715.00,716.00
710.00,694.00,699.00
710.00,699.00,717.00
717.00,699.00,716.00
711.00,710.00,717.00
697.00,713.00,700.00
713.00,718.00,700.00
698.00,701.00,714.00
714.00,701.00,719.00
700.00,718.00,702.00
718.00,720.00,702.00
701.00,703.00,719.00
719.00,703.00,721.00
702.00,720.00,704.00
720.00,722.00,704.00
723.00,703.00,705.00
723.00,724.00,703.00
724.00,721.00,703.00
705.00,706.00,725.00
723.00,705.00,725.00
706.00,707.00,726.00
725.00,706.00,726.00
707.00,708.00,727.00
726.00,707.00,727.00
708.00,728.00,727.00
708.00,704.00,728.00
704.00,722.00,728.00
723.00,729.00,724.00
725.00,729.00,723.00
730.00,729.00,725.00
726.00,730.00,725.00
731.00,730.00,726.00
727.00,731.00,726.00
732.00,731.00,727.00
728.00,732.00,727.00
712.00,711.00,733.00
712.00,733.00,713.00
715.00,734.00,735.00
714.00,734.00,715.00
716.00,715.00,736.00
715.00,735.00,736.00
717.00,716.00,737.00
716.00,736.00,737.00
733.00,711.00,717.00
733.00,717.00,738.00
738.00,717.00,737.00
738.00,713.00,733.00
738.00,739.00,713.00
739.00,718.00,713.00
714.00,719.00,734.00
734.00,719.00,740.00
718.00,739.00,720.00
739.00,741.00,720.00
719.00,721.00,740.00
740.00,721.00,742.00
720.00,741.00,722.00
741.00,743.00,722.00
721.00,724.00,742.00
742.00,724.00,744.00
722.00,743.00,728.00
743.00,745.00,728.00
746.00,724.00,729.00
746.00,747.00,724.00
747.00,744.00,724.00
748.00,746.00,729.00
748.00,729.00,749.00
749.00,729.00,730.00
750.00,751.00,749.00
750.00,749.00,731.00
731.00,749.00,730.00
731.00,732.00,752.00
750.00,731.00,752.00
732.00,753.00,752.00
732.00,728.00,753.00
728.00,745.00,753.00
746.00,754.00,747.00
748.00,754.00,746.00
750.00,755.00,751.00
752.00,755.00,750.00
756.00,755.00,752.00
753.00,756.00,752.00
735.00,734.00,757.00
758.00,735.00,757.00
758.00,759.00,735.00
759.00,736.00,735.00
737.00,736.00,760.00
736.00,759.00,760.00
761.00,760.00,762.00
761.00,738.00,760.00
738.00,737.00,760.00
738.00,761.00,739.00
757.00,763.00,764.00
757.00,734.00,763.00
734.00,740.00,763.00
758.00,757.00,764.00
761.00,762.00,765.00
765.00,739.00,761.00
765.00,766.00,739.00
766.00,741.00,739.00
740.00,742.00,763.00
763.00,742.00,767.00
741.00,766.00,743.00
766.00,768.00,743.00
742.00,744.00,767.00
767.00,744.00,769.00
743.00,768.00,745.00
768.00,770.00,745.00
744.00,747.00,769.00
769.00,747.00,771.00
749.00,772.00,748.00
749.00,751.00,772.00
745.00,770.00,753.00
770.00,773.00,753.00
747.00,774.00,771.00
754.00,774.00,747.00
772.00,754.00,748.00
772.00,775.00,754.00
775.00,774.00,754.00
751.00,775.00,772.00
751.00,755.00,775.00
755.00,776.00,775.00
756.00,777.00,755.00
755.00,777.00,776.00
773.00,756.00,753.00
777.00,756.00,773.00
759.00,758.00,778.00
759.00,779.00,760.00
778.00,779.00,759.00
760.00,779.00,762.00
764.00,780.00,781.00
763.00,780.00,764.00
778.00,758.00,764.00
778.00,764.00,782.00
782.00,764.00,781.00
779.00,778.00,782.00
783.00,779.00,782.00
762.00,779.00,783.00
762.00,783.00,765.00
765.00,783.00,784.00
784.00,766.00,765.00
785.00,766.00,784.00
763.00,767.00,780.00
780.00,767.00,786.00
766.00,785.00,768.00
785.00,787.00,768.00
767.00,769.00,786.00
786.00,769.00,788.00
768.00,787.00,770.00
787.00,789.00,770.00
769.00,771.00,788.00
788.00,771.00,790.00
770.00,789.00,773.00
789.00,791.00,773.00
792.00,771.00,774.00
792.00,793.00,771.00
793.00,790.00,771.00
794.00,792.00,774.00
794.00,774.00,795.00
795.00,774.00,775.00
776.00,796.00,775.00
775.00,796.00,795.00
777.00,797.00,776.00
776.00,797.00,796.00
791.00,777.00,773.00
797.00,777.00,791.00
792.00,798.00,793.00
794.00,798.00,792.00
781.00,780.00,799.00
800.00,781.00,799.00
800.00,801.00,781.00
801.00,782.00,781.00
783.00,782.00,802.00
782.00,801.00,802.00
803.00,802.00,804.00
803.00,784.00,802.00
784.00,783.00,802.00
784.00,803.00,785.00
799.00,805.00,806.00
799.00,780.00,805.00
780.00,786.00,805.00
800.00,799.00,806.00
803.00,804.00,807.00
807.00,785.00,803.00
807.00,808.00,785.00
808.00,787.00,785.00
786.00,788.00,805.00
805.00,788.00,809.00
787.00,808.00,789.00
808.00,810.00,789.00
788.00,790.00,809.00
809.00,790.00,811.00
789.00,810.00,791.00
810.00,812.00,791.00
790.00,793.00,811.00
811.00,793.00,813.00
795.00,814.00,794.00
795.00,796.00,815.00
814.00,795.00,815.00
796.00,797.00,816.00
815.00,796.00,816.00
797.00,817.00,816.00
797.00,791.00,817.00
791.00,812.00,817.00
793.00,818.00,813.00
798.00,818.00,793.00
814.00,798.00,794.00
814.00,819.00,798.00
819.00,818.00,798.00
815.00,819.00,814.00
820.00,819.00,815.00
816.00,820.00,815.00
821.00,820.00,816.00
817.00,821.00,816.00
801.00,800.00,822.00
823.00,801.00,822.00
823.00,824.00,801.00
824.00,802.00,801.00
824.00,804.00,802.00
825.00,804.00,824.00
806.00,826.00,827.00
805.00,826.00,806.00
822.00,800.00,806.00
822.00,806.00,828.00
828.00,806.00,827.00
823.00,822.00,828.00
804.00,825.00,829.00
807.00,804.00,829.00
829.00,808.00,807.00
830.00,808.00,829.00
805.00,809.00,826.00
826.00,809.00,831.00
808.00,830.00,810.00
830.00,832.00,810.00
809.00,811.00,831.00
831.00,811.00,833.00
810.00,832.00,812.00
832.00,834.00,812.00
811.00,813.00,833.00
833.00,813.00,835.00
812.00,834.00,817.00
834.00,836.00,817.00
837.00,813.00,818.00
837.00,838.00,813.00
838.00,835.00,813.00
818.00,819.00,839.00
837.00,818.00,839.00
819.00,820.00,840.00
839.00,819.00,840.00
841.00,840.00,820.00
841.00,820.00,842.00
842.00,820.00,821.00
836.00,821.00,817.00
842.00,821.00,836.00
837.00,843.00,838.00
839.00,843.00,837.00
844.00,843.00,839.00
840.00,844.00,839.00
845.00,844.00,840.00
841.00,845.00,840.00
846.00,847.00,848.00
848.00,849.00,846.00
850.00,847.00,846.00
851.00,847.00,850.00
852.00,846.00,849.00
850.00,846.00,852.00
853.00,851.00,850.00
854.00,851.00,853.00
855.00,850.00,852.00
853.00,850.00,855.00
856.00,854.00,853.00
857.00,854.00,856.00
858.00,853.00,855.00
856.00,853.00,858.00
856.00,859.00,857.00
858.00,859.00,856.00
824.00,823.00,860.00
824.00,860.00,825.00
827.00,826.00,861.00
862.00,827.00,861.00
862.00,863.00,827.00
863.00,828.00,827.00
860.00,823.00,828.00
860.00,828.00,864.00
864.00,828.00,863.00
825.00,860.00,864.00
825.00,864.00,829.00
829.00,864.00,865.00
865.00,830.00,829.00
866.00,830.00,865.00
861.00,867.00,868.00
861.00,826.00,867.00
826.00,831.00,867.00
862.00,861.00,868.00
830.00,866.00,832.00
866.00,869.00,832.00
831.00,833.00,867.00
867.00,833.00,870.00
832.00,869.00,834.00
869.00,871.00,834.00
833.00,835.00,870.00
870.00,835.00,872.00
834.00,871.00,836.00
871.00,873.00,836.00
835.00,838.00,872.00
872.00,838.00,874.00
842.00,875.00,876.00
841.00,842.00,876.00
873.00,842.00,836.00
875.00,842.00,873.00
838.00,877.00,874.00
843.00,877.00,838.00
844.00,878.00,843.00
843.00,878.00,877.00
845.00,879.00,844.00
844.00,879.00,878.00
876.00,845.00,841.00
879.00,845.00,876.00
880.00,881.00,882.00
880.00,883.00,884.00
882.00,883.00,880.00
884.00,885.00,886.00
883.00,885.00,884.00
885.00,887.00,886.00
888.00,881.00,880.00
889.00,881.00,888.00
884.00,890.00,880.00
890.00,888.00,880.00
848.00,847.00,890.00
848.00,890.00,886.00
886.00,890.00,884.00
886.00,849.00,848.00
886.00,887.00,849.00
887.00,891.00,849.00
892.00,889.00,888.00
893.00,889.00,892.00
890.00,894.00,888.00
894.00,892.00,888.00
847.00,851.00,894.00
890.00,847.00,894.00
849.00,891.00,852.00
891.00,895.00,852.00
892.00,896.00,893.00
896.00,897.00,898.00
896.00,892.00,897.00
892.00,894.00,897.00
851.00,854.00,897.00
894.00,851.00,897.00
852.00,895.00,855.00
895.00,899.00,855.00
900.00,898.00,897.00
901.00,898.00,900.00
854.00,857.00,900.00
897.00,854.00,900.00
855.00,899.00,858.00
899.00,902.00,858.00
900.00,903.00,901.00
904.00,905.00,903.00
859.00,904.00,903.00
859.00,903.00,900.00
859.00,900.00,857.00
859.00,906.00,904.00
859.00,858.00,906.00
858.00,902.00,906.00
904.00,907.00,905.00
906.00,907.00,904.00
863.00,908.00,909.00
862.00,908.00,863.00
910.00,909.00,911.00
910.00,864.00,909.00
864.00,863.00,909.00
864.00,912.00,865.00
910.00,912.00,864.00
865.00,912.00,866.00
868.00,913.00,914.00
867.00,913.00,868.00
908.00,862.00,868.00
914.00,908.00,868.00
910.00,911.00,915.00
912.00,910.00,915.00
916.00,912.00,915.00
916.00,866.00,912.00
916.00,917.00,866.00
917.00,869.00,866.00
867.00,870.00,913.00
913.00,870.00,918.00
869.00,917.00,871.00
917.00,919.00,871.00
870.00,872.00,918.00
918.00,872.00,920.00
871.00,919.00,873.00
919.00,921.00,873.00
872.00,874.00,920.00
920.00,874.00,922.00
875.00,923.00,876.00
875.00,924.00,923.00
875.00,873.00,924.00
873.00,921.00,924.00
925.00,874.00,877.00
925.00,926.00,874.00
926.00,922.00,874.00
877.00,878.00,927.00
925.00,877.00,927.00
878.00,879.00,928.00
927.00,878.00,928.00
879.00,929.00,928.00
876.00,929.00,879.00
876.00,930.00,929.00
876.00,923.00,930.00
924.00,930.00,923.00
931.00,926.00,925.00
932.00,926.00,931.00
927.00,933.00,925.00
933.00,931.00,925.00
934.00,928.00,935.00
934.00,933.00,928.00
933.00,927.00,928.00
929.00,935.00,928.00
931.00,936.00,932.00
933.00,936.00,931.00
937.00,936.00,933.00
934.00,937.00,933.00
938.00,939.00,940.00
940.00,941.00,938.00
942.00,943.00,944.00
944.00,945.00,942.00
946.00,939.00,938.00
947.00,939.00,946.00
948.00,938.00,941.00
948.00,949.00,938.00
949.00,946.00,938.00
943.00,949.00,948.00
943.00,942.00,949.00
942.00,950.00,949.00
951.00,942.00,945.00
950.00,942.00,951.00
952.00,947.00,946.00
953.00,947.00,952.00
949.00,954.00,946.00
954.00,952.00,946.00
950.00,955.00,949.00
955.00,954.00,949.00
956.00,950.00,951.00
956.00,957.00,950.00
957.00,955.00,950.00
957.00,958.00,959.00
956.00,958.00,957.00
958.00,960.00,959.00
952.00,961.00,953.00
961.00,962.00,963.00
961.00,952.00,962.00
952.00,954.00,962.00
955.00,964.00,954.00
964.00,962.00,954.00
882.00,881.00,964.00
882.00,964.00,957.00
957.00,964.00,955.00
883.00,882.00,957.00
959.00,883.00,957.00
959.00,960.00,965.00
959.00,965.00,883.00
883.00,965.00,885.00
965.00,887.00,885.00
966.00,887.00,965.00
962.00,967.00,963.00
967.00,968.00,969.00
967.00,962.00,968.00
962.00,964.00,968.00
881.00,889.00,968.00
964.00,881.00,968.00
887.00,966.00,891.00
966.00,970.00,891.00
968.00,971.00,969.00
971.00,968.00,889.00
971.00,889.00,972.00
972.00,889.00,893.00
891.00,970.00,895.00
970.00,973.00,895.00
974.00,893.00,896.00
974.00,975.00,893.00
975.00,972.00,893.00
896.00,898.00,974.00
895.00,973.00,899.00
973.00,976.00,899.00
974.00,977.00,975.00
977.00,974.00,898.00
977.00,898.00,978.00
978.00,898.00,901.00
899.00,976.00,902.00
976.00,979.00,902.00
901.00,980.00,978.00
903.00,980.00,901.00
980.00,903.00,905.00
981.00,980.00,905.00
902.00,979.00,906.00
979.00,982.00,906.00
905.00,983.00,981.00
907.00,983.00,905.00
982.00,907.00,906.00
983.00,907.00,982.00
909.00,908.00,984.00
909.00,984.00,911.00
914.00,913.00,985.00
914.00,985.00,986.00
908.00,914.00,986.00
908.00,986.00,987.00
908.00,987.00,984.00
911.00,984.00,987.00
911.00,987.00,915.00
915.00,987.00,988.00
916.00,915.00,989.00
915.00,988.00,989.00
989.00,917.00,916.00
990.00,917.00,989.00
985.00,991.00,992.00
985.00,913.00,991.00
913.00,918.00,991.00
986.00,985.00,992.00
917.00,990.00,919.00
990.00,993.00,919.00
918.00,920.00,991.00
991.00,920.00,994.00
919.00,993.00,921.00
993.00,995.00,921.00
920.00,922.00,994.00
994.00,922.00,996.00
921.00,995.00,924.00
995.00,997.00,924.00
922.00,926.00,996.00
996.00,926.00,998.00
930.00,999.00,929.00
930.00,1000.00,999.00
930.00,924.00,1000.00
924.00,997.00,1000.00
926.00,932.00,998.00
998.00,932.00,1001.00
935.00,1002.00,934.00
935.00,1003.00,1002.00
929.00,1003.00,935.00
929.00,1004.00,1003.00
929.00,999.00,1004.00
1000.00,1004.00,999.00
1005.00,932.00,936.00
1005.00,1006.00,932.00
1006.00,1001.00,932.00
936.00,937.00,1007.00
1005.00,936.00,1007.00
937.00,934.00,1002.00
937.00,1002.00,1007.00
1007.00,1002.00,1008.00
1009.00,1002.00,1003.00
1008.00,1002.00,1009.00
1010.00,1006.00,1005.00
1011.00,1006.00,1010.00
1007.00,1012.00,1005.00
1012.00,1010.00,1005.00
1008.00,1013.00,1007.00
1013.00,1012.00,1007.00
1014.00,1008.00,1009.00
1013.00,1008.00,1014.00
1010.00,1015.00,1011.00
1012.00,1015.00,1010.00
1016.00,1015.00,1012.00
1016.00,1017.00,1018.00
1016.00,1012.00,1017.00
1012.00,1013.00,1017.00
1019.00,1013.00,1014.00
1017.00,1013.00,1019.00
1020.00,1018.00,1017.00
1021.00,1018.00,1020.00
1022.00,1017.00,1019.00
1020.00,1017.00,1022.00
1023.00,1021.00,1020.00
1024.00,1021.00,1023.00
1025.00,1020.00,1022.00
1023.00,1020.00,1025.00
1026.00,1024.00,1023.00
1027.00,1024.00,1026.00
1028.00,1023.00,1025.00
1026.00,1023.00,1028.00
1026.00,1029.00,1027.00
1028.00,1029.00,1026.00
1030.00,1031.00,1032.00
1032.00,1033.00,1030.00
940.00,1034.00,1035.00
939.00,1034.00,940.00
941.00,1030.00,1036.00
941.00,1035.00,1030.00
941.00,940.00,1035.00
1035.00,1031.00,1030.00
943.00,1037.00,944.00
943.00,1030.00,1037.00
943.00,1036.00,1030.00
1033.00,1037.00,1030.00
1037.00,945.00,944.00
1038.00,945.00,1037.00
939.00,947.00,1034.00
1034.00,947.00,1039.00
941.00,1036.00,948.00
943.00,948.00,1036.00
1040.00,1041.00,951.00
1040.00,951.00,1038.00
1038.00,951.00,945.00
1040.00,1042.00,1041.00
947.00,953.00,1039.00
1039.00,953.00,1043.00
951.00,1041.00,956.00
1041.00,1042.00,1044.00
1041.00,1044.00,956.00
956.00,1044.00,958.00
1044.00,960.00,958.00
1045.00,960.00,1044.00
953.00,1046.00,1043.00
961.00,1046.00,953.00
1046.00,961.00,963.00
1047.00,1046.00,963.00
960.00,1045.00,1048.00
965.00,960.00,1048.00
1048.00,966.00,965.00
1049.00,966.00,1048.00
963.00,1050.00,1047.00
967.00,1050.00,963.00
1050.00,967.00,969.00
1051.00,1050.00,969.00
966.00,1049.00,970.00
1049.00,1052.00,970.00
969.00,1053.00,1051.00
971.00,1053.00,969.00
1053.00,971.00,972.00
1054.00,1053.00,972.00
970.00,1052.00,973.00
1052.00,1055.00,973.00
972.00,975.00,1054.00
1054.00,975.00,1056.00
973.00,1055.00,976.00
1055.00,1057.00,976.00
975.00,1058.00,1056.00
977.00,1058.00,975.00
1058.00,977.00,978.00
1059.00,1058.00,978.00
976.00,1057.00,979.00
1057.00,1060.00,979.00
978.00,1061.00,1059.00
980.00,1061.00,978.00
1061.00,980.00,981.00
1062.00,1061.00,981.00
979.00,1060.00,982.00
1060.00,1063.00,982.00
981.00,1064.00,1062.00
983.00,1064.00,981.00
1063.00,983.00,982.00
1064.00,983.00,1063.00
987.00,986.00,1065.00
987.00,1066.00,988.00
1065.00,1066.00,987.00
988.00,1067.00,989.00
1066.00,1067.00,988.00
989.00,1067.00,990.00
992.00,1068.00,1069.00
991.00,1068.00,992.00
1065.00,986.00,992.00
1065.00,992.00,1070.00
1070.00,992.00,1069.00
1066.00,1065.00,1070.00
1071.00,1066.00,1070.00
1067.00,1066.00,1071.00
1072.00,1067.00,1071.00
1072.00,990.00,1067.00
1072.00,1073.00,990.00
1073.00,993.00,990.00
991.00,994.00,1068.00
1068.00,994.00,1074.00
993.00,1073.00,995.00
1073.00,1075.00,995.00
994.00,996.00,1074.00
1074.00,996.00,1076.00
995.00,1075.00,997.00
1075.00,1077.00,997.00
996.00,998.00,1076.00
1076.00,998.00,1078.00
997.00,1077.00,1000.00
1077.00,1079.00,1000.00
998.00,1001.00,1078.00
1078.00,1001.00,1080.00
1004.00,1081.00,1003.00
1004.00,1082.00,1081.00
1004.00,1000.00,1082.00
1000.00,1079.00,1082.00
1001.00,1006.00,1080.00
1080.00,1006.00,1083.00
1081.00,1084.00,1009.00
1003.00,1081.00,1009.00
1085.00,1081.00,1082.00
1084.00,1081.00,1085.00
1006.00,1011.00,1083.00
1083.00,1011.00,1086.00
1084.00,1087.00,1014.00
1009.00,1084.00,1014.00
1088.00,1084.00,1085.00
1087.00,1084.00,1088.00
1089.00,1011.00,1015.00
1089.00,1090.00,1011.00
1090.00,1086.00,1011.00
1015.00,1016.00,1091.00
1089.00,1015.00,1091.00
1016.00,1018.00,1091.00
1087.00,1092.00,1093.00
1087.00,1093.00,1014.00
1014.00,1093.00,1019.00
1088.00,1092.00,1087.00
1094.00,1090.00,1089.00
1095.00,1090.00,1094.00
1091.00,1096.00,1089.00
1096.00,1094.00,1089.00
1018.00,1021.00,1096.00
1091.00,1018.00,1096.00
1019.00,1093.00,1022.00
1093.00,1097.00,1022.00
1098.00,1095.00,1094.00
1099.00,1095.00,1098.00
1096.00,1100.00,1094.00
1100.00,1098.00,1094.00
1021.00,1024.00,1100.00
1096.00,1021.00,1100.00
1022.00,1097.00,1025.00
1097.00,1101.00,1025.00
1102.00,1099.00,1098.00
1103.00,1099.00,1102.00
1100.00,1104.00,1098.00
1104.00,1102.00,1098.00
1024.00,1027.00,1104.00
1100.00,1024.00,1104.00
1025.00,1101.00,1028.00
1101.00,1105.00,1028.00
1106.00,1103.00,1102.00
1107.00,1103.00,1106.00
1104.00,1108.00,1102.00
1108.00,1106.00,1102.00
1027.00,1029.00,1109.00
1027.00,1109.00,1104.00
1104.00,1109.00,1108.00
1029.00,1110.00,1109.00
1029.00,1028.00,1110.00
1028.00,1105.00,1110.00
1111.00,1107.00,1106.00
1112.00,1107.00,1111.00
1108.00,1113.00,1106.00
1113.00,1111.00,1106.00
1109.00,1114.00,1108.00
1114.00,1113.00,1108.00
1115.00,1109.00,1110.00
1114.00,1109.00,1115.00
1116.00,1112.00,1111.00
1117.00,1112.00,1116.00
1032.00,1031.00,1116.00
1032.00,1116.00,1113.00
1113.00,1116.00,1111.00
1033.00,1032.00,1113.00
1033.00,1113.00,1118.00
1118.00,1113.00,1114.00
1119.00,1114.00,1115.00
1119.00,1120.00,1114.00
1120.00,1118.00,1114.00
1119.00,1121.00,1120.00
1035.00,1117.00,1116.00
1035.00,1034.00,1117.00
1034.00,1122.00,1117.00
1031.00,1035.00,1116.00
1033.00,1118.00,1037.00
1038.00,1037.00,1118.00
1038.00,1118.00,1123.00
1123.00,1118.00,1120.00
1124.00,1120.00,1121.00
1123.00,1120.00,1124.00
1034.00,1039.00,1122.00
1122.00,1039.00,1125.00
1038.00,1123.00,1040.00
1123.00,1042.00,1040.00
1123.00,1124.00,1042.00
1124.00,1126.00,1042.00
1039.00,1043.00,1125.00
1125.00,1043.00,1127.00
1042.00,1126.00,1128.00
1044.00,1042.00,1128.00
1128.00,1045.00,1044.00
1129.00,1045.00,1128.00
1043.00,1130.00,1127.00
1046.00,1130.00,1043.00
1130.00,1046.00,1047.00
1131.00,1130.00,1047.00
1132.00,1048.00,1045.00
1132.00,1045.00,1133.00
1133.00,1045.00,1129.00
1048.00,1132.00,1049.00
1047.00,1134.00,1131.00
1050.00,1134.00,1047.00
1134.00,1050.00,1051.00
1135.00,1134.00,1051.00
1132.00,1133.00,1136.00
1136.00,1049.00,1132.00
1136.00,1137.00,1049.00
1137.00,1052.00,1049.00
1051.00,1138.00,1135.00
1053.00,1138.00,1051.00
1138.00,1053.00,1054.00
1139.00,1138.00,1054.00
1052.00,1137.00,1055.00
1137.00,1140.00,1055.00
1054.00,1056.00,1139.00
1139.00,1056.00,1141.00
1055.00,1140.00,1057.00
1140.00,1142.00,1057.00
1056.00,1143.00,1141.00
1058.00,1143.00,1056.00
1143.00,1058.00,1059.00
1144.00,1143.00,1059.00
1057.00,1142.00,1060.00
1142.00,1145.00,1060.00
1059.00,1146.00,1144.00
1061.00,1146.00,1059.00
1062.00,1147.00,1148.00
1062.00,1148.00,1061.00
1061.00,1148.00,1146.00
1147.00,1145.00,1148.00
1147.00,1063.00,1145.00
1063.00,1060.00,1145.00
1062.00,1064.00,1147.00
1063.00,1147.00,1064.00
1069.00,1068.00,1149.00
1069.00,1150.00,1070.00
1149.00,1150.00,1069.00
1070.00,1151.00,1071.00
1150.00,1151.00,1070.00
1152.00,1071.00,1151.00
1152.00,1153.00,1071.00
1153.00,1072.00,1071.00
1153.00,1073.00,1072.00
1154.00,1073.00,1153.00
1149.00,1074.00,1155.00
1068.00,1074.00,1149.00
1156.00,1157.00,1150.00
1156.00,1150.00,1155.00
1155.00,1150.00,1149.00
1151.00,1150.00,1157.00
1158.00,1151.00,1157.00
1152.00,1151.00,1158.00
1073.00,1154.00,1075.00
1154.00,1159.00,1075.00
1155.00,1160.00,1161.00
1155.00,1074.00,1160.00
1074.00,1076.00,1160.00
1156.00,1155.00,1161.00
1075.00,1159.00,1077.00
1159.00,1162.00,1077.00
1076.00,1078.00,1160.00
1160.00,1078.00,1163.00
1077.00,1162.00,1079.00
1162.00,1164.00,1079.00
1078.00,1080.00,1163.00
1163.00,1080.00,1165.00
1079.00,1164.00,1082.00
1164.00,1166.00,1082.00
1080.00,1083.00,1165.00
1165.00,1083.00,1167.00
1082.00,1166.00,1085.00
1166.00,1168.00,1085.00
1083.00,1086.00,1167.00
1167.00,1086.00,1169.00
1085.00,1168.00,1088.00
1168.00,1170.00,1088.00
1086.00,1090.00,1169.00
1169.00,1090.00,1171.00
1092.00,1172.00,1093.00
1092.00,1173.00,1172.00
1092.00,1088.00,1173.00
1088.00,1170.00,1173.00
1090.00,1095.00,1171.00
1171.00,1095.00,1174.00
1172.00,1175.00,1097.00
1093.00,1172.00,1097.00
1176.00,1172.00,1173.00
1175.00,1172.00,1176.00
1095.00,1099.00,1174.00
1174.00,1099.00,1177.00
1175.00,1178.00,1101.00
1097.00,1175.00,1101.00
1179.00,1175.00,1176.00
1178.00,1175.00,1179.00
1099.00,1103.00,1177.00
1177.00,1103.00,1180.00
1178.00,1181.00,1105.00
1101.00,1178.00,1105.00
1182.00,1178.00,1179.00
1181.00,1178.00,1182.00
1103.00,1107.00,1180.00
1180.00,1107.00,1183.00
1181.00,1184.00,1110.00
1105.00,1181.00,1110.00
1185.00,1181.00,1182.00
1184.00,1181.00,1185.00
1107.00,1112.00,1183.00
1183.00,1112.00,1186.00
1184.00,1187.00,1115.00
1110.00,1184.00,1115.00
1188.00,1184.00,1185.00
1187.00,1184.00,1188.00
1112.00,1117.00,1186.00
1186.00,1117.00,1189.00
1115.00,1187.00,1119.00
1187.00,1121.00,1119.00
1187.00,1188.00,1121.00
1188.00,1190.00,1121.00
1117.00,1122.00,1189.00
1189.00,1122.00,1191.00
1121.00,1190.00,1124.00
1190.00,1192.00,1124.00
1122.00,1125.00,1191.00
1191.00,1125.00,1193.00
1124.00,1192.00,1126.00
1192.00,1194.00,1126.00
1125.00,1127.00,1193.00
1193.00,1127.00,1195.00
1126.00,1194.00,1196.00
1128.00,1126.00,1196.00
1196.00,1129.00,1128.00
1197.00,1129.00,1196.00
1127.00,1198.00,1195.00
1130.00,1198.00,1127.00
1198.00,1130.00,1131.00
1199.00,1198.00,1131.00
1129.00,1197.00,1133.00
1197.00,1200.00,1133.00
1131.00,1201.00,1199.00
1134.00,1201.00,1131.00
1201.00,1134.00,1135.00
1202.00,1201.00,1135.00
1203.00,1136.00,1133.00
1203.00,1133.00,1204.00
1204.00,1133.00,1200.00
1136.00,1203.00,1137.00
1135.00,1205.00,1202.00
1138.00,1205.00,1135.00
1205.00,1138.00,1139.00
1206.00,1205.00,1139.00
1207.00,1203.00,1204.00
1208.00,1207.00,1204.00
1137.00,1207.00,1140.00
1203.00,1207.00,1137.00
1209.00,1141.00,1210.00
1209.00,1206.00,1141.00
1206.00,1139.00,1141.00
1209.00,1210.00,1211.00
1212.00,1207.00,1208.00
1213.00,1212.00,1208.00
1140.00,1212.00,1142.00
1207.00,1212.00,1140.00
1141.00,1143.00,1210.00
1144.00,1214.00,1215.00
1143.00,1144.00,1215.00
1143.00,1215.00,1211.00
1143.00,1211.00,1210.00
1213.00,1215.00,1214.00
1213.00,1214.00,1212.00
1212.00,1214.00,1216.00
1142.00,1216.00,1145.00
1212.00,1216.00,1142.00
1144.00,1146.00,1214.00
1148.00,1214.00,1146.00
1216.00,1214.00,1148.00
1145.00,1216.00,1148.00
1153.00,1152.00,1217.00
1153.00,1217.00,1154.00
1157.00,1156.00,1218.00
1157.00,1219.00,1158.00
1218.00,1219.00,1157.00
1158.00,1219.00,1220.00
1152.00,1158.00,1220.00
1152.00,1220.00,1221.00
1152.00,1221.00,1217.00
1221.00,1154.00,1217.00
1221.00,1222.00,1154.00
1222.00,1159.00,1154.00
1161.00,1223.00,1224.00
1160.00,1223.00,1161.00
1218.00,1156.00,1161.00
1218.00,1161.00,1225.00
1225.00,1161.00,1224.00
1225.00,1226.00,1227.00
1225.00,1227.00,1218.00
1218.00,1227.00,1219.00
1228.00,1220.00,1219.00
1227.00,1228.00,1219.00
1159.00,1222.00,1162.00
1222.00,1229.00,1162.00
1160.00,1163.00,1223.00
1223.00,1163.00,1230.00
1227.00,1226.00,1231.00
1228.00,1227.00,1231.00
1162.00,1229.00,1164.00
1229.00,1232.00,1164.00
1163.00,1165.00,1230.00
1230.00,1165.00,1233.00
1164.00,1232.00,1166.00
1232.00,1234.00,1166.00
1165.00,1167.00,1233.00
1233.00,1167.00,1235.00
1166.00,1234.00,1168.00
1234.00,1236.00,1168.00
1167.00,1169.00,1235.00
1235.00,1169.00,1237.00
1168.00,1236.00,1170.00
1236.00,1238.00,1170.00
1169.00,1171.00,1237.00
1237.00,1171.00,1239.00
1170.00,1238.00,1173.00
1238.00,1240.00,1173.00
1171.00,1174.00,1239.00
1239.00,1174.00,1241.00
1173.00,1240.00,1176.00
1240.00,1242.00,1176.00
1174.00,1177.00,1241.00
1241.00,1177.00,1243.00
1176.00,1242.00,1179.00
1242.00,1244.00,1179.00
1177.00,1180.00,1243.00
1243.00,1180.00,1245.00
1179.00,1244.00,1182.00
1244.00,1246.00,1182.00
1180.00,1183.00,1245.00
1245.00,1183.00,1247.00
1182.00,1246.00,1185.00
1246.00,1248.00,1185.00
1183.00,1186.00,1247.00
1247.00,1186.00,1249.00
1185.00,1248.00,1188.00
1248.00,1250.00,1188.00
1186.00,1189.00,1249.00
1249.00,1189.00,1251.00
1188.00,1250.00,1190.00
1250.00,1252.00,1190.00
1189.00,1191.00,1251.00
1251.00,1191.00,1253.00
1190.00,1252.00,1192.00
1252.00,1254.00,1192.00
1191.00,1193.00,1253.00
1253.00,1193.00,1255.00
1192.00,1254.00,1194.00
1254.00,1256.00,1194.00
1193.00,1195.00,1255.00
1255.00,1195.00,1257.00
1258.00,1196.00,1194.00
1258.00,1194.00,1259.00
1259.00,1194.00,1256.00
1196.00,1258.00,1197.00
1195.00,1260.00,1257.00
1198.00,1260.00,1195.00
1199.00,1261.00,1262.00
1199.00,1262.00,1198.00
1198.00,1262.00,1260.00
1261.00,1263.00,1264.00
1262.00,1261.00,1264.00
1264.00,1263.00,1265.00
1266.00,1258.00,1259.00
1267.00,1266.00,1259.00
1197.00,1266.00,1200.00
1258.00,1266.00,1197.00
1199.00,1201.00,1261.00
1202.00,1261.00,1201.00
1202.00,1268.00,1261.00
1268.00,1263.00,1261.00
1269.00,1265.00,1263.00
1269.00,1263.00,1270.00
1270.00,1263.00,1268.00
1267.00,1269.00,1270.00
1267.00,1270.00,1266.00
1266.00,1270.00,1271.00
1200.00,1271.00,1204.00
1266.00,1271.00,1200.00
1202.00,1205.00,1268.00
1206.00,1268.00,1205.00
1206.00,1272.00,1268.00
1272.00,1270.00,1268.00
1271.00,1270.00,1273.00
1273.00,1270.00,1272.00
1204.00,1273.00,1208.00
1271.00,1273.00,1204.00
1206.00,1209.00,1272.00
1211.00,1272.00,1209.00
1211.00,1274.00,1272.00
1274.00,1273.00,1272.00
1208.00,1274.00,1213.00
1273.00,1274.00,1208.00
1211.00,1215.00,1274.00
1213.00,1274.00,1215.00
1221.00,1220.00,1275.00
1221.00,1275.00,1222.00
1224.00,1276.00,1277.00
1223.00,1276.00,1224.00
1278.00,1277.00,1279.00
1278.00,1225.00,1277.00
1225.00,1224.00,1277.00
1225.00,1278.00,1226.00
1275.00,1228.00,1280.00
1220.00,1228.00,1275.00
1222.00,1280.00,1229.00
1275.00,1280.00,1222.00
1223.00,1230.00,1276.00
1276.00,1230.00,1281.00
1282.00,1278.00,1279.00
1283.00,1282.00,1279.00
1226.00,1284.00,1231.00
1226.00,1278.00,1284.00
1278.00,1282.00,1284.00
1231.00,1280.00,1228.00
1231.00,1284.00,1280.00
1284.00,1285.00,1280.00
1229.00,1285.00,1232.00
1280.00,1285.00,1229.00
1230.00,1233.00,1281.00
1281.00,1233.00,1286.00
1282.00,1283.00,1287.00
1287.00,1288.00,1289.00
1287.00,1289.00,1282.00
1282.00,1289.00,1284.00
1290.00,1291.00,1285.00
1290.00,1285.00,1289.00
1289.00,1285.00,1284.00
1291.00,1232.00,1285.00
1291.00,1292.00,1232.00
1292.00,1234.00,1232.00
1233.00,1235.00,1286.00
1286.00,1235.00,1293.00
1294.00,1289.00,1288.00
1295.00,1294.00,1288.00
1296.00,1290.00,1289.00
1294.00,1296.00,1289.00
1234.00,1292.00,1236.00
1292.00,1297.00,1236.00
1235.00,1237.00,1293.00
1293.00,1237.00,1298.00
1294.00,1295.00,1299.00
1296.00,1294.00,1299.00
1236.00,1297.00,1238.00
1297.00,1300.00,1238.00
1237.00,1239.00,1298.00
1298.00,1239.00,1301.00
1238.00,1300.00,1240.00
1300.00,1302.00,1240.00
1239.00,1241.00,1301.00
1301.00,1241.00,1303.00
1240.00,1302.00,1242.00
1302.00,1304.00,1242.00
1241.00,1243.00,1303.00
1303.00,1243.00,1305.00
1242.00,1304.00,1244.00
1304.00,1306.00,1244.00
1243.00,1245.00,1305.00
1305.00,1245.00,1307.00
1244.00,1306.00,1246.00
1306.00,1308.00,1246.00
1245.00,1247.00,1307.00
1307.00,1247.00,1309.00
1246.00,1308.00,1248.00
1308.00,1310.00,1248.00
1247.00,1249.00,1309.00
1309.00,1249.00,1311.00
1248.00,1310.00,1250.00
1310.00,1312.00,1250.00
1249.00,1251.00,1311.00
1311.00,1251.00,1313.00
1250.00,1312.00,1252.00
1312.00,1314.00,1252.00
1315.00,1253.00,1316.00
1315.00,1313.00,1253.00
1313.00,1251.00,1253.00
1315.00,1316.00,1317.00
1318.00,1319.00,1320.00
1318.00,1314.00,1319.00
1318.00,1254.00,1314.00
1254.00,1252.00,1314.00
1316.00,1255.00,1321.00
1253.00,1255.00,1316.00
1322.00,1317.00,1316.00
1322.00,1316.00,1323.00
1323.00,1316.00,1321.00
1323.00,1324.00,1325.00
1322.00,1323.00,1325.00
1320.00,1325.00,1324.00
1320.00,1324.00,1318.00
1318.00,1324.00,1326.00
1254.00,1326.00,1256.00
1318.00,1326.00,1254.00
1321.00,1257.00,1327.00
1255.00,1257.00,1321.00
1323.00,1321.00,1328.00
1328.00,1321.00,1327.00
1324.00,1323.00,1329.00
1329.00,1323.00,1328.00
1326.00,1324.00,1330.00
1330.00,1324.00,1329.00
1256.00,1330.00,1259.00
1326.00,1330.00,1256.00
1257.00,1260.00,1327.00
1262.00,1327.00,1260.00
1328.00,1327.00,1262.00
1264.00,1328.00,1262.00
1329.00,1328.00,1264.00
1265.00,1329.00,1264.00
1265.00,1331.00,1329.00
1331.00,1330.00,1329.00
1259.00,1331.00,1267.00
1330.00,1331.00,1259.00
1265.00,1269.00,1331.00
1267.00,1331.00,1269.00
1277.00,1276.00,1332.00
1277.00,1332.00,1279.00
1332.00,1281.00,1333.00
1276.00,1281.00,1332.00
1279.00,1333.00,1283.00
1332.00,1333.00,1279.00
1333.00,1334.00,1335.00
1333.00,1281.00,1334.00
1281.00,1286.00,1334.00
1336.00,1335.00,1337.00
1287.00,1335.00,1336.00
1287.00,1333.00,1335.00
1287.00,1283.00,1333.00
1287.00,1336.00,1288.00
1291.00,1290.00,1338.00
1291.00,1338.00,1292.00
1286.00,1293.00,1334.00
1334.00,1293.00,1339.00
1340.00,1336.00,1337.00
1341.00,1340.00,1337.00
1288.00,1340.00,1295.00
1336.00,1340.00,1288.00
1338.00,1296.00,1342.00
1290.00,1296.00,1338.00
1292.00,1342.00,1297.00
1338.00,1342.00,1292.00
1293.00,1298.00,1339.00
1339.00,1298.00,1343.00
1340.00,1341.00,1344.00
1345.00,1344.00,1346.00
1299.00,1344.00,1345.00
1299.00,1340.00,1344.00
1299.00,1295.00,1340.00
1299.00,1342.00,1296.00
1299.00,1345.00,1342.00
1345.00,1347.00,1342.00
1297.00,1347.00,1300.00
1342.00,1347.00,1297.00
1298.00,1301.00,1343.00
1343.00,1301.00,1348.00
1349.00,1345.00,1346.00
1350.00,1349.00,1346.00
1347.00,1345.00,1351.00
1351.00,1345.00,1349.00
1300.00,1351.00,1302.00
1347.00,1351.00,1300.00
1301.00,1303.00,1348.00
1348.00,1303.00,1352.00
1353.00,1349.00,1350.00
1354.00,1353.00,1350.00
1351.00,1349.00,1355.00
1355.00,1349.00,1353.00
1302.00,1355.00,1304.00
1351.00,1355.00,1302.00
1303.00,1305.00,1352.00
1352.00,1305.00,1356.00
1357.00,1353.00,1354.00
1358.00,1357.00,1354.00
1355.00,1353.00,1359.00
1359.00,1353.00,1357.00
1304.00,1359.00,1306.00
1355.00,1359.00,1304.00
1305.00,1307.00,1356.00
1356.00,1307.00,1360.00
1361.00,1357.00,1358.00
1362.00,1361.00,1358.00
1359.00,1357.00,1363.00
1363.00,1357.00,1361.00
1306.00,1363.00,1308.00
1359.00,1363.00,1306.00
1307.00,1309.00,1360.00
1360.00,1309.00,1364.00
1365.00,1361.00,1362.00
1366.00,1365.00,1362.00
1363.00,1361.00,1367.00
1367.00,1361.00,1365.00
1308.00,1367.00,1310.00
1363.00,1367.00,1308.00
1368.00,1311.00,1369.00
1368.00,1364.00,1311.00
1364.00,1309.00,1311.00
1369.00,1370.00,1371.00
1368.00,1369.00,1371.00
1366.00,1371.00,1370.00
1366.00,1370.00,1365.00
1365.00,1370.00,1372.00
1367.00,1365.00,1373.00
1373.00,1365.00,1372.00
1310.00,1373.00,1312.00
1367.00,1373.00,1310.00
1369.00,1313.00,1374.00
1311.00,1313.00,1369.00
1370.00,1369.00,1375.00
1375.00,1369.00,1374.00
1372.00,1370.00,1376.00
1376.00,1370.00,1375.00
1373.00,1372.00,1377.00
1377.00,1372.00,1376.00
1312.00,1377.00,1314.00
1373.00,1377.00,1312.00
1313.00,1315.00,1374.00
1317.00,1374.00,1315.00
1317.00,1378.00,1374.00
1378.00,1375.00,1374.00
1376.00,1375.00,1379.00
1379.00,1375.00,1378.00
1319.00,1379.00,1320.00
1319.00,1377.00,1379.00
1377.00,1376.00,1379.00
1314.00,1377.00,1319.00
1317.00,1322.00,1378.00
1325.00,1378.00,1322.00
1379.00,1378.00,1325.00
1320.00,1379.00,1325.00
1335.00,1334.00,1380.00
1335.00,1380.00,1337.00
1380.00,1339.00,1381.00
1334.00,1339.00,1380.00
1337.00,1381.00,1341.00
1380.00,1381.00,1337.00
1381.00,1343.00,1382.00
1339.00,1343.00,1381.00
1341.00,1383.00,1344.00
1341.00,1381.00,1383.00
1381.00,1382.00,1383.00
1344.00,1383.00,1346.00
1382.00,1348.00,1384.00
1343.00,1348.00,1382.00
1383.00,1382.00,1385.00
1385.00,1382.00,1384.00
1346.00,1385.00,1350.00
1383.00,1385.00,1346.00
1384.00,1352.00,1386.00
1348.00,1352.00,1384.00
1385.00,1384.00,1387.00
1387.00,1384.00,1386.00
1350.00,1387.00,1354.00
1385.00,1387.00,1350.00
1386.00,1356.00,1388.00
1352.00,1356.00,1386.00
1387.00,1386.00,1389.00
1389.00,1386.00,1388.00
1354.00,1389.00,1358.00
1387.00,1389.00,1354.00
1388.00,1360.00,1390.00
1356.00,1360.00,1388.00
1389.00,1388.00,1391.00
1391.00,1388.00,1390.00
1358.00,1391.00,1362.00
1389.00,1391.00,1358.00
1390.00,1364.00,1392.00
1360.00,1364.00,1390.00
1391.00,1390.00,1393.00
1393.00,1390.00,1392.00
1362.00,1393.00,1366.00
1391.00,1393.00,1362.00
1364.00,1368.00,1392.00
1371.00,1392.00,1368.00
1393.00,1392.00,1371.00
1366.00,1393.00,1371.00
