0.00,1.00,2.00
2.00,3.00,0.00
4.00,1.00,0.00
5.00,1.00,4.00
6.00,0.00,3.00
6.00,7.00,0.00
7.00,4.00,0.00
7.00,8.00,9.00
6.00,8.00,7.00
8.00,10.00,9.00
11.00,5.00,4.00
12.00,5.00,11.00
7.00,13.00,4.00
13.00,11.00,4.00
9.00,14.00,7.00
14.00,13.00,7.00
15.00,9.00,10.00
14.00,9.00,15.00
16.00,12.00,11.00
17.00,12.00,16.00
13.00,18.00,11.00
18.00,16.00,11.00
14.00,19.00,13.00
19.00,18.00,13.00
20.00,14.00,15.00
19.00,14.00,20.00
21.00,17.00,16.00
22.00,17.00,21.00
18.00,23.00,16.00
23.00,21.00,16.00
19.00,24.00,18.00
24.00,23.00,18.00
25.00,19.00,20.00
24.00,19.00,25.00
26.00,22.00,21.00
27.00,22.00,26.00
28.00,23.00,29.00
28.00,26.00,23.00
26.00,21.00,23.00
24.00,29.00,23.00
30.00,29.00,24.00
25.00,30.00,24.00
31.00,27.00,26.00
32.00,27.00,31.00
33.00,26.00,28.00
31.00,26.00,33.00
31.00,34.00,32.00
33.00,34.00,31.00
35.00,36.00,37.00
37.00,38.00,35.00
39.00,40.00,41.00
41.00,42.00,39.00
2.00,36.00,35.00
2.00,1.00,36.00
1.00,43.00,36.00
3.00,44.00,45.00
2.00,44.00,3.00
2.00,38.00,44.00
2.00,35.00,38.00
40.00,45.00,44.00
40.00,39.00,45.00
39.00,46.00,45.00
47.00,39.00,42.00
46.00,39.00,47.00
1.00,5.00,43.00
43.00,5.00,48.00
3.00,45.00,6.00
8.00,6.00,45.00
46.00,8.00,45.00
46.00,10.00,8.00
46.00,47.00,10.00
47.00,49.00,10.00
5.00,12.00,48.00
48.00,12.00,50.00
10.00,49.00,15.00
49.00,51.00,15.00
12.00,17.00,50.00
50.00,17.00,52.00
15.00,51.00,20.00
51.00,53.00,20.00
17.00,22.00,52.00
52.00,22.00,54.00
20.00,53.00,25.00
53.00,55.00,25.00
22.00,27.00,54.00
54.00,27.00,56.00
29.00,57.00,28.00
29.00,30.00,58.00
57.00,29.00,58.00
30.00,59.00,58.00
30.00,25.00,59.00
25.00,55.00,59.00
27.00,32.00,56.00
56.00,32.00,60.00
57.00,61.00,33.00
28.00,57.00,33.00
62.00,58.00,63.00
62.00,61.00,58.00
61.00,57.00,58.00
59.00,63.00,58.00
32.00,64.00,60.00
34.00,64.00,32.00
61.00,34.00,33.00
61.00,65.00,34.00
65.00,64.00,34.00
62.00,65.00,61.00
66.00,67.00,68.00
68.00,69.00,66.00
70.00,67.00,66.00
71.00,67.00,70.00
72.00,66.00,69.00
72.00,73.00,66.00
73.00,70.00,66.00
72.00,74.00,73.00
75.00,71.00,70.00
76.00,71.00,75.00
73.00,77.00,70.00
77.00,75.00,70.00
78.00,73.00,74.00
77.00,73.00,78.00
79.00,76.00,75.00
80.00,76.00,79.00
37.00,36.00,79.00
37.00,79.00,77.00
77.00,79.00,75.00
38.00,81.00,82.00
37.00,81.00,38.00
37.00,78.00,81.00
37.00,77.00,78.00
82.00,41.00,40.00
82.00,81.00,41.00
81.00,83.00,41.00
83.00,42.00,41.00
84.00,42.00,83.00
85.00,80.00,79.00
86.00,80.00,85.00
36.00,43.00,85.00
79.00,36.00,85.00
38.00,82.00,44.00
40.00,44.00,82.00
42.00,84.00,47.00
84.00,87.00,47.00
88.00,86.00,85.00
89.00,86.00,88.00
43.00,48.00,88.00
85.00,43.00,88.00
47.00,87.00,49.00
87.00,90.00,49.00
88.00,91.00,89.00
91.00,88.00,48.00
91.00,48.00,92.00
92.00,48.00,50.00
49.00,90.00,51.00
90.00,93.00,51.00
50.00,52.00,92.00
92.00,52.00,94.00
51.00,93.00,53.00
93.00,95.00,53.00
52.00,54.00,94.00
94.00,54.00,96.00
53.00,95.00,55.00
95.00,97.00,55.00
54.00,56.00,96.00
96.00,56.00,98.00
55.00,97.00,59.00
97.00,99.00,59.00
56.00,60.00,98.00
98.00,60.00,100.00
63.00,101.00,102.00
62.00,63.00,102.00
99.00,63.00,59.00
101.00,63.00,99.00
60.00,103.00,100.00
64.00,103.00,60.00
65.00,104.00,64.00
64.00,104.00,103.00
102.00,65.00,62.00
104.00,65.00,102.00
105.00,106.00,107.00
107.00,108.00,105.00
109.00,106.00,105.00
110.00,106.00,109.00
111.00,105.00,108.00
109.00,105.00,111.00
112.00,113.00,114.00
110.00,112.00,114.00
110.00,109.00,112.00
109.00,115.00,112.00
116.00,109.00,111.00
116.00,117.00,109.00
117.00,115.00,109.00
116.00,118.00,117.00
119.00,113.00,112.00
120.00,113.00,119.00
115.00,121.00,112.00
121.00,119.00,112.00
68.00,67.00,121.00
68.00,121.00,117.00
117.00,121.00,115.00
69.00,122.00,123.00
68.00,122.00,69.00
68.00,118.00,122.00
68.00,117.00,118.00
122.00,124.00,123.00
125.00,120.00,119.00
126.00,120.00,125.00
121.00,127.00,119.00
127.00,125.00,119.00
67.00,71.00,127.00
121.00,67.00,127.00
69.00,123.00,72.00
123.00,74.00,72.00
123.00,124.00,74.00
124.00,128.00,74.00
125.00,129.00,126.00
129.00,130.00,131.00
129.00,125.00,130.00
125.00,127.00,130.00
71.00,76.00,130.00
127.00,71.00,130.00
74.00,128.00,78.00
128.00,132.00,78.00
133.00,131.00,130.00
134.00,131.00,133.00
76.00,80.00,133.00
130.00,76.00,133.00
78.00,132.00,135.00
81.00,78.00,135.00
83.00,81.00,136.00
81.00,135.00,136.00
136.00,84.00,83.00
137.00,84.00,136.00
138.00,134.00,133.00
139.00,134.00,138.00
80.00,86.00,138.00
133.00,80.00,138.00
84.00,137.00,87.00
137.00,140.00,87.00
138.00,141.00,139.00
141.00,138.00,86.00
141.00,86.00,142.00
142.00,86.00,89.00
87.00,140.00,90.00
140.00,143.00,90.00
89.00,144.00,142.00
91.00,144.00,89.00
144.00,91.00,92.00
145.00,144.00,92.00
90.00,143.00,93.00
143.00,146.00,93.00
92.00,94.00,145.00
145.00,94.00,147.00
93.00,146.00,95.00
146.00,148.00,95.00
94.00,96.00,147.00
147.00,96.00,149.00
95.00,148.00,97.00
148.00,150.00,97.00
96.00,98.00,149.00
149.00,98.00,151.00
97.00,150.00,99.00
150.00,152.00,99.00
98.00,100.00,151.00
151.00,100.00,153.00
101.00,154.00,155.00
102.00,101.00,155.00
152.00,101.00,99.00
154.00,101.00,152.00
100.00,156.00,153.00
103.00,156.00,100.00
104.00,157.00,103.00
103.00,157.00,156.00
155.00,104.00,102.00
157.00,104.00,155.00
158.00,159.00,160.00
158.00,161.00,162.00
160.00,161.00,158.00
162.00,163.00,164.00
161.00,163.00,162.00
163.00,165.00,164.00
166.00,159.00,158.00
167.00,159.00,166.00
162.00,168.00,158.00
168.00,166.00,158.00
107.00,106.00,168.00
107.00,168.00,164.00
164.00,168.00,162.00
108.00,169.00,170.00
107.00,169.00,108.00
107.00,165.00,169.00
107.00,164.00,165.00
169.00,171.00,170.00
172.00,167.00,166.00
173.00,167.00,172.00
168.00,174.00,166.00
174.00,172.00,166.00
106.00,110.00,174.00
168.00,106.00,174.00
170.00,175.00,111.00
108.00,170.00,111.00
176.00,170.00,171.00
175.00,170.00,176.00
172.00,177.00,173.00
114.00,113.00,178.00
114.00,178.00,172.00
114.00,172.00,174.00
172.00,178.00,177.00
110.00,114.00,174.00
111.00,175.00,116.00
118.00,179.00,180.00
116.00,179.00,118.00
116.00,176.00,179.00
116.00,175.00,176.00
179.00,181.00,180.00
113.00,120.00,178.00
178.00,120.00,182.00
118.00,180.00,122.00
180.00,124.00,122.00
180.00,181.00,124.00
181.00,183.00,124.00
120.00,126.00,182.00
182.00,126.00,184.00
124.00,183.00,128.00
183.00,185.00,128.00
126.00,186.00,184.00
129.00,186.00,126.00
186.00,129.00,131.00
187.00,186.00,131.00
128.00,185.00,132.00
185.00,188.00,132.00
131.00,134.00,187.00
187.00,134.00,189.00
132.00,188.00,190.00
135.00,132.00,190.00
191.00,190.00,192.00
191.00,136.00,190.00
136.00,135.00,190.00
136.00,191.00,137.00
134.00,139.00,189.00
189.00,139.00,193.00
194.00,191.00,192.00
195.00,194.00,192.00
137.00,194.00,140.00
191.00,194.00,137.00
139.00,196.00,193.00
141.00,196.00,139.00
196.00,141.00,142.00
197.00,196.00,142.00
194.00,195.00,198.00
198.00,140.00,194.00
198.00,199.00,140.00
199.00,143.00,140.00
142.00,200.00,197.00
144.00,200.00,142.00
145.00,201.00,202.00
145.00,202.00,144.00
144.00,202.00,200.00
202.00,201.00,203.00
143.00,199.00,146.00
199.00,204.00,146.00
201.00,147.00,205.00
145.00,147.00,201.00
206.00,203.00,201.00
205.00,206.00,201.00
146.00,204.00,148.00
204.00,207.00,148.00
205.00,149.00,208.00
147.00,149.00,205.00
209.00,206.00,205.00
208.00,209.00,205.00
210.00,211.00,212.00
210.00,207.00,211.00
210.00,150.00,207.00
150.00,148.00,207.00
208.00,151.00,213.00
149.00,151.00,208.00
214.00,209.00,208.00
213.00,214.00,208.00
215.00,210.00,212.00
216.00,215.00,212.00
150.00,215.00,152.00
210.00,215.00,150.00
213.00,153.00,217.00
151.00,153.00,213.00
218.00,214.00,213.00
218.00,213.00,219.00
219.00,213.00,217.00
216.00,218.00,219.00
215.00,216.00,219.00
215.00,219.00,155.00
215.00,155.00,154.00
152.00,215.00,154.00
153.00,156.00,217.00
157.00,217.00,156.00
219.00,217.00,157.00
155.00,219.00,157.00
220.00,221.00,222.00
220.00,223.00,224.00
222.00,223.00,220.00
223.00,225.00,224.00
226.00,227.00,228.00
221.00,226.00,228.00
221.00,220.00,226.00
220.00,229.00,226.00
224.00,230.00,220.00
230.00,229.00,220.00
231.00,224.00,225.00
230.00,224.00,231.00
160.00,227.00,226.00
160.00,159.00,227.00
159.00,232.00,227.00
161.00,160.00,226.00
229.00,161.00,226.00
163.00,161.00,229.00
230.00,163.00,229.00
230.00,165.00,163.00
230.00,231.00,165.00
231.00,233.00,165.00
159.00,167.00,232.00
232.00,167.00,234.00
165.00,233.00,235.00
169.00,165.00,235.00
235.00,171.00,169.00
236.00,171.00,235.00
167.00,173.00,234.00
234.00,173.00,237.00
171.00,236.00,176.00
236.00,238.00,176.00
173.00,239.00,237.00
177.00,239.00,173.00
239.00,177.00,178.00
240.00,239.00,178.00
176.00,238.00,241.00
179.00,176.00,241.00
241.00,181.00,179.00
242.00,181.00,241.00
178.00,182.00,240.00
240.00,182.00,243.00
181.00,242.00,183.00
242.00,244.00,183.00
182.00,184.00,243.00
243.00,184.00,245.00
183.00,244.00,185.00
244.00,246.00,185.00
184.00,247.00,245.00
186.00,247.00,184.00
247.00,186.00,187.00
248.00,247.00,187.00
185.00,246.00,188.00
246.00,249.00,188.00
187.00,189.00,248.00
248.00,189.00,250.00
188.00,249.00,251.00
190.00,188.00,251.00
251.00,192.00,190.00
252.00,192.00,251.00
189.00,193.00,250.00
250.00,193.00,253.00
192.00,252.00,195.00
252.00,254.00,195.00
193.00,255.00,253.00
196.00,255.00,193.00
255.00,196.00,197.00
256.00,255.00,197.00
257.00,198.00,195.00
257.00,195.00,258.00
258.00,195.00,254.00
198.00,257.00,199.00
197.00,259.00,256.00
200.00,259.00,197.00
202.00,260.00,200.00
200.00,260.00,259.00
260.00,202.00,203.00
261.00,260.00,203.00
262.00,257.00,258.00
263.00,262.00,258.00
199.00,262.00,204.00
257.00,262.00,199.00
203.00,206.00,261.00
261.00,206.00,264.00
265.00,262.00,263.00
266.00,265.00,263.00
204.00,265.00,207.00
262.00,265.00,204.00
267.00,209.00,268.00
267.00,264.00,209.00
264.00,206.00,209.00
266.00,267.00,268.00
265.00,266.00,268.00
265.00,268.00,212.00
265.00,212.00,211.00
207.00,265.00,211.00
268.00,214.00,269.00
209.00,214.00,268.00
212.00,269.00,216.00
268.00,269.00,212.00
214.00,218.00,269.00
216.00,269.00,218.00
270.00,271.00,272.00
270.00,273.00,274.00
272.00,273.00,270.00
273.00,275.00,274.00
276.00,277.00,278.00
271.00,276.00,278.00
271.00,270.00,276.00
270.00,279.00,276.00
274.00,280.00,270.00
280.00,279.00,270.00
281.00,274.00,275.00
280.00,274.00,281.00
282.00,277.00,276.00
283.00,277.00,282.00
222.00,221.00,282.00
222.00,282.00,279.00
279.00,282.00,276.00
223.00,222.00,279.00
280.00,223.00,279.00
225.00,284.00,285.00
223.00,284.00,225.00
223.00,281.00,284.00
223.00,280.00,281.00
284.00,286.00,285.00
228.00,283.00,282.00
228.00,227.00,283.00
227.00,287.00,283.00
221.00,228.00,282.00
285.00,288.00,231.00
225.00,285.00,231.00
289.00,285.00,286.00
288.00,285.00,289.00
227.00,232.00,287.00
287.00,232.00,290.00
288.00,291.00,233.00
231.00,288.00,233.00
292.00,288.00,289.00
291.00,288.00,292.00
232.00,234.00,290.00
290.00,234.00,293.00
233.00,291.00,235.00
291.00,236.00,235.00
291.00,292.00,236.00
292.00,294.00,236.00
234.00,237.00,293.00
293.00,237.00,295.00
236.00,294.00,238.00
294.00,296.00,238.00
237.00,297.00,295.00
239.00,297.00,237.00
297.00,239.00,240.00
298.00,297.00,240.00
238.00,296.00,299.00
241.00,238.00,299.00
299.00,242.00,241.00
300.00,242.00,299.00
240.00,243.00,298.00
298.00,243.00,301.00
242.00,300.00,244.00
300.00,302.00,244.00
243.00,245.00,301.00
301.00,245.00,303.00
244.00,302.00,246.00
302.00,304.00,246.00
245.00,305.00,303.00
247.00,305.00,245.00
305.00,247.00,248.00
306.00,305.00,248.00
246.00,304.00,249.00
304.00,307.00,249.00
248.00,250.00,306.00
306.00,250.00,308.00
309.00,310.00,311.00
251.00,309.00,312.00
251.00,307.00,309.00
251.00,249.00,307.00
310.00,309.00,307.00
251.00,312.00,252.00
313.00,253.00,314.00
313.00,308.00,253.00
308.00,250.00,253.00
314.00,315.00,316.00
313.00,314.00,316.00
311.00,316.00,315.00
311.00,315.00,309.00
309.00,315.00,317.00
312.00,309.00,318.00
318.00,309.00,317.00
252.00,318.00,254.00
312.00,318.00,252.00
253.00,255.00,314.00
256.00,314.00,255.00
256.00,319.00,314.00
319.00,315.00,314.00
317.00,315.00,320.00
320.00,315.00,319.00
318.00,317.00,321.00
321.00,317.00,320.00
254.00,321.00,258.00
318.00,321.00,254.00
256.00,259.00,319.00
260.00,319.00,259.00
320.00,319.00,260.00
261.00,320.00,260.00
261.00,322.00,320.00
322.00,321.00,320.00
258.00,322.00,263.00
321.00,322.00,258.00
322.00,264.00,323.00
261.00,264.00,322.00
263.00,323.00,266.00
322.00,323.00,263.00
264.00,267.00,323.00
266.00,323.00,267.00
324.00,325.00,326.00
326.00,327.00,324.00
328.00,329.00,330.00
330.00,331.00,328.00
332.00,325.00,324.00
333.00,325.00,332.00
271.00,334.00,272.00
271.00,324.00,334.00
271.00,332.00,324.00
327.00,334.00,324.00
329.00,328.00,273.00
329.00,273.00,334.00
334.00,273.00,272.00
328.00,275.00,273.00
328.00,331.00,275.00
331.00,335.00,275.00
278.00,333.00,332.00
278.00,277.00,333.00
277.00,336.00,333.00
271.00,278.00,332.00
337.00,338.00,281.00
337.00,281.00,335.00
335.00,281.00,275.00
337.00,339.00,338.00
277.00,283.00,336.00
336.00,283.00,340.00
281.00,338.00,284.00
338.00,286.00,284.00
338.00,339.00,286.00
339.00,341.00,286.00
283.00,287.00,340.00
340.00,287.00,342.00
286.00,341.00,289.00
341.00,343.00,289.00
287.00,290.00,342.00
342.00,290.00,344.00
289.00,343.00,292.00
343.00,345.00,292.00
290.00,293.00,344.00
344.00,293.00,346.00
292.00,345.00,294.00
345.00,347.00,294.00
293.00,295.00,346.00
346.00,295.00,348.00
294.00,347.00,296.00
347.00,349.00,296.00
295.00,350.00,348.00
297.00,350.00,295.00
350.00,297.00,298.00
351.00,350.00,298.00
352.00,299.00,296.00
352.00,296.00,353.00
353.00,296.00,349.00
299.00,352.00,300.00
298.00,301.00,351.00
351.00,301.00,354.00
355.00,352.00,353.00
356.00,355.00,353.00
300.00,355.00,302.00
352.00,355.00,300.00
357.00,303.00,358.00
357.00,354.00,303.00
354.00,301.00,303.00
357.00,358.00,359.00
360.00,355.00,356.00
361.00,360.00,356.00
302.00,360.00,304.00
355.00,360.00,302.00
303.00,305.00,358.00
306.00,362.00,363.00
305.00,306.00,363.00
305.00,363.00,359.00
305.00,359.00,358.00
362.00,364.00,365.00
363.00,362.00,365.00
361.00,365.00,364.00
361.00,364.00,360.00
360.00,364.00,366.00
304.00,366.00,307.00
360.00,366.00,304.00
362.00,308.00,367.00
306.00,308.00,362.00
364.00,362.00,368.00
368.00,362.00,367.00
310.00,368.00,311.00
310.00,366.00,368.00
366.00,364.00,368.00
307.00,366.00,310.00
308.00,313.00,367.00
316.00,367.00,313.00
368.00,367.00,316.00
311.00,368.00,316.00
369.00,370.00,371.00
369.00,372.00,373.00
371.00,372.00,369.00
373.00,374.00,375.00
372.00,374.00,373.00
374.00,376.00,375.00
326.00,370.00,369.00
326.00,325.00,370.00
325.00,377.00,370.00
327.00,326.00,369.00
327.00,369.00,378.00
378.00,369.00,373.00
330.00,329.00,378.00
330.00,378.00,375.00
375.00,378.00,373.00
375.00,331.00,330.00
375.00,376.00,331.00
376.00,379.00,331.00
325.00,333.00,377.00
377.00,333.00,380.00
327.00,378.00,334.00
329.00,334.00,378.00
331.00,379.00,335.00
379.00,381.00,335.00
333.00,336.00,380.00
380.00,336.00,382.00
335.00,381.00,383.00
337.00,335.00,383.00
383.00,339.00,337.00
384.00,339.00,383.00
336.00,340.00,382.00
382.00,340.00,385.00
339.00,384.00,341.00
384.00,386.00,341.00
340.00,342.00,385.00
385.00,342.00,387.00
341.00,386.00,343.00
386.00,388.00,343.00
342.00,344.00,387.00
387.00,344.00,389.00
343.00,388.00,345.00
388.00,390.00,345.00
344.00,346.00,389.00
389.00,346.00,391.00
345.00,390.00,347.00
390.00,392.00,347.00
393.00,348.00,394.00
393.00,391.00,348.00
391.00,346.00,348.00
393.00,394.00,395.00
347.00,392.00,349.00
392.00,396.00,349.00
348.00,350.00,394.00
351.00,397.00,398.00
350.00,351.00,398.00
350.00,398.00,395.00
350.00,395.00,394.00
398.00,397.00,399.00
349.00,396.00,353.00
396.00,400.00,353.00
397.00,354.00,401.00
351.00,354.00,397.00
402.00,399.00,397.00
402.00,397.00,403.00
403.00,397.00,401.00
403.00,404.00,405.00
402.00,403.00,405.00
404.00,400.00,405.00
404.00,356.00,400.00
356.00,353.00,400.00
354.00,357.00,401.00
359.00,401.00,357.00
359.00,406.00,401.00
406.00,403.00,401.00
404.00,403.00,407.00
407.00,403.00,406.00
356.00,407.00,361.00
404.00,407.00,356.00
359.00,363.00,406.00
365.00,406.00,363.00
407.00,406.00,365.00
361.00,407.00,365.00
408.00,409.00,410.00
408.00,411.00,412.00
410.00,411.00,408.00
411.00,413.00,412.00
414.00,409.00,408.00
415.00,409.00,414.00
412.00,416.00,408.00
416.00,414.00,408.00
417.00,412.00,413.00
417.00,418.00,412.00
418.00,416.00,412.00
417.00,419.00,418.00
371.00,415.00,414.00
371.00,370.00,415.00
370.00,420.00,415.00
372.00,371.00,414.00
416.00,372.00,414.00
374.00,372.00,416.00
418.00,374.00,416.00
418.00,376.00,374.00
418.00,419.00,376.00
419.00,421.00,376.00
370.00,377.00,420.00
420.00,377.00,422.00
376.00,421.00,379.00
421.00,423.00,379.00
377.00,380.00,422.00
422.00,380.00,424.00
379.00,423.00,381.00
423.00,425.00,381.00
380.00,382.00,424.00
424.00,382.00,426.00
381.00,425.00,427.00
383.00,381.00,427.00
427.00,384.00,383.00
428.00,384.00,427.00
382.00,385.00,426.00
426.00,385.00,429.00
384.00,428.00,386.00
428.00,430.00,386.00
385.00,387.00,429.00
429.00,387.00,431.00
386.00,430.00,388.00
430.00,432.00,388.00
433.00,389.00,434.00
433.00,431.00,389.00
431.00,387.00,389.00
433.00,434.00,435.00
436.00,437.00,438.00
437.00,436.00,439.00
388.00,432.00,390.00
432.00,440.00,390.00
434.00,391.00,441.00
389.00,391.00,434.00
442.00,435.00,434.00
442.00,434.00,443.00
443.00,434.00,441.00
438.00,442.00,443.00
438.00,443.00,436.00
436.00,443.00,444.00
445.00,439.00,436.00
445.00,436.00,446.00
446.00,436.00,444.00
446.00,440.00,445.00
446.00,392.00,440.00
392.00,390.00,440.00
391.00,393.00,441.00
395.00,441.00,393.00
395.00,447.00,441.00
447.00,443.00,441.00
444.00,443.00,448.00
448.00,443.00,447.00
446.00,444.00,449.00
449.00,444.00,448.00
392.00,449.00,396.00
446.00,449.00,392.00
395.00,398.00,447.00
399.00,447.00,398.00
399.00,450.00,447.00
450.00,448.00,447.00
449.00,448.00,451.00
451.00,448.00,450.00
396.00,451.00,400.00
449.00,451.00,396.00
399.00,402.00,450.00
405.00,450.00,402.00
451.00,450.00,405.00
400.00,451.00,405.00
410.00,452.00,453.00
409.00,452.00,410.00
411.00,410.00,454.00
410.00,453.00,454.00
454.00,413.00,411.00
455.00,413.00,454.00
409.00,415.00,452.00
452.00,415.00,456.00
413.00,455.00,457.00
417.00,413.00,457.00
457.00,419.00,417.00
458.00,419.00,457.00
415.00,420.00,456.00
456.00,420.00,459.00
419.00,458.00,421.00
458.00,460.00,421.00
420.00,422.00,459.00
459.00,422.00,461.00
421.00,460.00,423.00
460.00,462.00,423.00
422.00,424.00,461.00
461.00,424.00,463.00
423.00,462.00,425.00
462.00,464.00,425.00
424.00,426.00,463.00
463.00,426.00,465.00
466.00,427.00,425.00
466.00,425.00,467.00
467.00,425.00,464.00
427.00,466.00,428.00
426.00,429.00,465.00
465.00,429.00,468.00
469.00,466.00,467.00
470.00,469.00,467.00
428.00,469.00,430.00
466.00,469.00,428.00
429.00,431.00,468.00
468.00,431.00,471.00
472.00,473.00,474.00
470.00,473.00,472.00
470.00,472.00,469.00
469.00,472.00,475.00
430.00,475.00,432.00
469.00,475.00,430.00
431.00,476.00,471.00
433.00,476.00,431.00
435.00,477.00,478.00
435.00,478.00,433.00
433.00,478.00,476.00
474.00,478.00,477.00
472.00,474.00,477.00
472.00,477.00,438.00
472.00,438.00,437.00
439.00,472.00,437.00
439.00,479.00,472.00
479.00,475.00,472.00
432.00,479.00,440.00
475.00,479.00,432.00
435.00,442.00,477.00
438.00,477.00,442.00
439.00,445.00,479.00
440.00,479.00,445.00
453.00,480.00,481.00
452.00,480.00,453.00
454.00,453.00,482.00
453.00,481.00,482.00
455.00,483.00,484.00
455.00,454.00,483.00
454.00,482.00,483.00
483.00,485.00,484.00
452.00,456.00,480.00
480.00,456.00,486.00
455.00,484.00,457.00
458.00,487.00,488.00
457.00,487.00,458.00
457.00,485.00,487.00
457.00,484.00,485.00
487.00,489.00,488.00
456.00,459.00,486.00
486.00,459.00,490.00
488.00,491.00,460.00
458.00,488.00,460.00
492.00,488.00,489.00
491.00,488.00,492.00
459.00,461.00,490.00
490.00,461.00,493.00
491.00,494.00,462.00
460.00,491.00,462.00
495.00,491.00,492.00
494.00,491.00,495.00
461.00,463.00,493.00
493.00,463.00,496.00
494.00,497.00,464.00
462.00,494.00,464.00
498.00,494.00,495.00
497.00,494.00,498.00
463.00,465.00,496.00
496.00,465.00,499.00
497.00,500.00,501.00
497.00,501.00,464.00
464.00,501.00,467.00
498.00,500.00,497.00
465.00,468.00,499.00
499.00,468.00,502.00
503.00,504.00,505.00
504.00,503.00,506.00
467.00,501.00,470.00
501.00,507.00,470.00
508.00,471.00,509.00
508.00,502.00,471.00
502.00,468.00,471.00
505.00,508.00,509.00
505.00,509.00,503.00
503.00,509.00,510.00
474.00,473.00,511.00
474.00,511.00,503.00
474.00,503.00,510.00
506.00,503.00,511.00
507.00,473.00,470.00
511.00,473.00,507.00
471.00,476.00,509.00
478.00,509.00,476.00
510.00,509.00,478.00
474.00,510.00,478.00
512.00,513.00,514.00
512.00,515.00,516.00
514.00,515.00,512.00
515.00,517.00,516.00
481.00,518.00,519.00
480.00,518.00,481.00
513.00,512.00,482.00
513.00,482.00,519.00
519.00,482.00,481.00
483.00,482.00,512.00
516.00,483.00,512.00
485.00,520.00,521.00
483.00,520.00,485.00
483.00,517.00,520.00
483.00,516.00,517.00
520.00,522.00,521.00
480.00,486.00,518.00
518.00,486.00,523.00
485.00,521.00,487.00
521.00,489.00,487.00
521.00,522.00,489.00
522.00,524.00,489.00
486.00,490.00,523.00
523.00,490.00,525.00
489.00,524.00,492.00
524.00,526.00,492.00
490.00,493.00,525.00
525.00,493.00,527.00
492.00,526.00,495.00
526.00,528.00,495.00
493.00,496.00,527.00
527.00,496.00,529.00
495.00,528.00,498.00
528.00,530.00,498.00
496.00,499.00,529.00
529.00,499.00,531.00
500.00,532.00,533.00
501.00,500.00,533.00
530.00,500.00,498.00
532.00,500.00,530.00
534.00,502.00,535.00
534.00,531.00,502.00
531.00,499.00,502.00
535.00,505.00,504.00
535.00,504.00,534.00
534.00,504.00,536.00
506.00,537.00,538.00
506.00,538.00,504.00
504.00,538.00,536.00
537.00,533.00,538.00
537.00,507.00,533.00
507.00,501.00,533.00
502.00,508.00,535.00
505.00,535.00,508.00
506.00,511.00,537.00
507.00,537.00,511.00
514.00,539.00,540.00
513.00,539.00,514.00
515.00,514.00,541.00
514.00,540.00,541.00
517.00,542.00,543.00
517.00,515.00,542.00
515.00,541.00,542.00
542.00,544.00,543.00
519.00,545.00,546.00
518.00,545.00,519.00
539.00,513.00,519.00
546.00,539.00,519.00
517.00,543.00,520.00
543.00,522.00,520.00
543.00,544.00,522.00
544.00,547.00,522.00
518.00,523.00,545.00
545.00,523.00,548.00
522.00,547.00,524.00
547.00,549.00,524.00
523.00,525.00,548.00
548.00,525.00,550.00
524.00,549.00,526.00
549.00,551.00,526.00
525.00,527.00,550.00
550.00,527.00,552.00
526.00,551.00,528.00
551.00,553.00,528.00
554.00,529.00,555.00
554.00,552.00,529.00
552.00,527.00,529.00
554.00,555.00,556.00
528.00,553.00,530.00
553.00,557.00,530.00
555.00,531.00,558.00
529.00,531.00,555.00
559.00,556.00,555.00
559.00,555.00,560.00
560.00,555.00,558.00
560.00,561.00,562.00
559.00,560.00,562.00
561.00,533.00,532.00
561.00,532.00,562.00
562.00,532.00,563.00
557.00,532.00,530.00
563.00,532.00,557.00
531.00,534.00,558.00
536.00,558.00,534.00
560.00,558.00,536.00
538.00,560.00,536.00
561.00,560.00,538.00
533.00,561.00,538.00
564.00,565.00,566.00
566.00,567.00,564.00
540.00,568.00,569.00
539.00,568.00,540.00
565.00,564.00,541.00
565.00,541.00,569.00
569.00,541.00,540.00
564.00,567.00,570.00
564.00,570.00,541.00
541.00,570.00,542.00
570.00,544.00,542.00
571.00,544.00,570.00
546.00,572.00,573.00
545.00,572.00,546.00
568.00,539.00,546.00
573.00,568.00,546.00
544.00,571.00,547.00
571.00,574.00,547.00
545.00,548.00,572.00
572.00,548.00,575.00
547.00,574.00,549.00
574.00,576.00,549.00
548.00,550.00,575.00
575.00,550.00,577.00
549.00,576.00,551.00
576.00,578.00,551.00
579.00,552.00,580.00
579.00,577.00,552.00
577.00,550.00,552.00
579.00,580.00,581.00
551.00,578.00,553.00
578.00,582.00,553.00
552.00,554.00,580.00
556.00,583.00,584.00
554.00,556.00,584.00
554.00,584.00,581.00
554.00,581.00,580.00
583.00,585.00,586.00
584.00,583.00,586.00
585.00,587.00,588.00
586.00,585.00,588.00
587.00,582.00,588.00
587.00,557.00,582.00
557.00,553.00,582.00
556.00,559.00,583.00
562.00,583.00,559.00
585.00,583.00,562.00
563.00,585.00,562.00
587.00,585.00,563.00
557.00,587.00,563.00
589.00,590.00,591.00
589.00,566.00,565.00
589.00,591.00,566.00
591.00,592.00,566.00
567.00,593.00,594.00
567.00,566.00,593.00
566.00,592.00,593.00
593.00,595.00,594.00
569.00,590.00,589.00
569.00,568.00,590.00
568.00,596.00,590.00
565.00,569.00,589.00
567.00,594.00,570.00
594.00,571.00,570.00
594.00,595.00,571.00
595.00,597.00,571.00
573.00,598.00,599.00
572.00,598.00,573.00
596.00,568.00,573.00
599.00,596.00,573.00
571.00,597.00,574.00
597.00,600.00,574.00
572.00,575.00,598.00
598.00,575.00,601.00
574.00,600.00,576.00
600.00,602.00,576.00
575.00,577.00,601.00
601.00,577.00,603.00
576.00,602.00,578.00
602.00,604.00,578.00
577.00,605.00,603.00
579.00,605.00,577.00
581.00,606.00,607.00
581.00,607.00,579.00
579.00,607.00,605.00
606.00,608.00,609.00
607.00,606.00,609.00
608.00,610.00,611.00
609.00,608.00,611.00
610.00,604.00,611.00
610.00,582.00,604.00
582.00,578.00,604.00
581.00,584.00,606.00
586.00,606.00,584.00
608.00,606.00,586.00
588.00,608.00,586.00
610.00,608.00,588.00
582.00,610.00,588.00
612.00,613.00,614.00
612.00,615.00,616.00
614.00,615.00,612.00
615.00,617.00,616.00
591.00,618.00,619.00
590.00,618.00,591.00
613.00,612.00,592.00
613.00,592.00,619.00
619.00,592.00,591.00
593.00,592.00,612.00
616.00,593.00,612.00
616.00,595.00,593.00
616.00,617.00,595.00
617.00,620.00,595.00
590.00,596.00,618.00
618.00,596.00,621.00
595.00,620.00,597.00
620.00,622.00,597.00
599.00,598.00,623.00
599.00,623.00,624.00
599.00,624.00,596.00
596.00,624.00,621.00
597.00,622.00,600.00
622.00,625.00,600.00
623.00,601.00,626.00
598.00,601.00,623.00
627.00,624.00,623.00
626.00,627.00,623.00
600.00,625.00,602.00
625.00,628.00,602.00
626.00,603.00,629.00
601.00,603.00,626.00
630.00,627.00,626.00
630.00,626.00,631.00
631.00,626.00,629.00
630.00,631.00,632.00
633.00,634.00,635.00
633.00,628.00,634.00
633.00,604.00,628.00
604.00,602.00,628.00
603.00,605.00,629.00
607.00,629.00,605.00
631.00,629.00,607.00
631.00,636.00,632.00
631.00,607.00,636.00
607.00,609.00,636.00
635.00,611.00,633.00
635.00,636.00,611.00
636.00,609.00,611.00
604.00,633.00,611.00
614.00,637.00,638.00
613.00,637.00,614.00
615.00,614.00,639.00
614.00,638.00,639.00
639.00,617.00,615.00
640.00,617.00,639.00
619.00,641.00,642.00
618.00,641.00,619.00
637.00,613.00,619.00
642.00,637.00,619.00
617.00,640.00,620.00
640.00,643.00,620.00
618.00,621.00,641.00
641.00,621.00,644.00
620.00,643.00,622.00
643.00,645.00,622.00
621.00,624.00,644.00
644.00,624.00,646.00
622.00,645.00,625.00
645.00,647.00,625.00
624.00,627.00,646.00
646.00,627.00,648.00
649.00,650.00,651.00
649.00,647.00,650.00
649.00,628.00,647.00
628.00,625.00,647.00
627.00,652.00,648.00
630.00,652.00,627.00
652.00,630.00,632.00
653.00,652.00,632.00
634.00,649.00,651.00
634.00,651.00,635.00
635.00,651.00,654.00
628.00,649.00,634.00
632.00,655.00,653.00
636.00,655.00,632.00
654.00,636.00,635.00
655.00,636.00,654.00
656.00,657.00,658.00
656.00,638.00,637.00
656.00,658.00,638.00
658.00,659.00,638.00
639.00,638.00,660.00
638.00,659.00,660.00
660.00,640.00,639.00
661.00,640.00,660.00
642.00,657.00,656.00
642.00,641.00,657.00
641.00,662.00,657.00
637.00,642.00,656.00
640.00,661.00,643.00
661.00,663.00,643.00
641.00,644.00,662.00
662.00,644.00,664.00
643.00,663.00,645.00
663.00,665.00,645.00
644.00,646.00,664.00
664.00,646.00,666.00
645.00,665.00,647.00
665.00,667.00,647.00
668.00,648.00,669.00
668.00,666.00,648.00
666.00,646.00,648.00
668.00,669.00,670.00
650.00,671.00,672.00
651.00,650.00,672.00
667.00,650.00,647.00
671.00,650.00,667.00
648.00,652.00,669.00
653.00,673.00,674.00
652.00,653.00,674.00
652.00,674.00,670.00
652.00,670.00,669.00
673.00,672.00,674.00
673.00,654.00,672.00
654.00,651.00,672.00
653.00,655.00,673.00
654.00,673.00,655.00
658.00,675.00,676.00
657.00,675.00,658.00
659.00,658.00,677.00
658.00,676.00,677.00
660.00,659.00,678.00
659.00,677.00,678.00
678.00,661.00,660.00
679.00,661.00,678.00
657.00,662.00,675.00
675.00,662.00,680.00
661.00,679.00,663.00
679.00,681.00,663.00
662.00,664.00,680.00
680.00,664.00,682.00
663.00,681.00,665.00
681.00,683.00,665.00
664.00,666.00,682.00
682.00,666.00,684.00
665.00,683.00,667.00
683.00,685.00,667.00
666.00,686.00,684.00
668.00,686.00,666.00
670.00,687.00,688.00
670.00,688.00,668.00
668.00,688.00,686.00
687.00,672.00,671.00
687.00,671.00,688.00
688.00,671.00,689.00
685.00,671.00,667.00
689.00,671.00,685.00
670.00,674.00,687.00
672.00,687.00,674.00
690.00,691.00,692.00
692.00,693.00,690.00
676.00,694.00,695.00
675.00,694.00,676.00
691.00,690.00,677.00
691.00,677.00,695.00
695.00,677.00,676.00
690.00,693.00,696.00
690.00,696.00,677.00
677.00,696.00,678.00
696.00,679.00,678.00
697.00,679.00,696.00
675.00,680.00,694.00
694.00,680.00,698.00
679.00,697.00,681.00
697.00,699.00,681.00
680.00,682.00,698.00
698.00,682.00,700.00
681.00,699.00,683.00
699.00,701.00,683.00
702.00,684.00,703.00
702.00,700.00,684.00
700.00,682.00,684.00
702.00,703.00,704.00
683.00,701.00,685.00
701.00,705.00,685.00
684.00,686.00,703.00
703.00,706.00,704.00
703.00,686.00,706.00
686.00,688.00,706.00
689.00,707.00,688.00
688.00,707.00,706.00
705.00,689.00,685.00
707.00,689.00,705.00
692.00,708.00,709.00
691.00,708.00,692.00
709.00,693.00,692.00
710.00,693.00,709.00
695.00,711.00,712.00
694.00,711.00,695.00
708.00,691.00,695.00
712.00,708.00,695.00
693.00,710.00,713.00
696.00,693.00,713.00
697.00,714.00,715.00
697.00,696.00,714.00
696.00,713.00,714.00
714.00,716.00,715.00
694.00,698.00,711.00
711.00,698.00,717.00
715.00,718.00,699.00
697.00,715.00,699.00
719.00,715.00,716.00
718.00,715.00,719.00
698.00,700.00,717.00
717.00,700.00,720.00
718.00,721.00,701.00
699.00,718.00,701.00
722.00,718.00,719.00
721.00,718.00,722.00
700.00,723.00,720.00
702.00,723.00,700.00
723.00,702.00,704.00
724.00,723.00,704.00
721.00,725.00,726.00
721.00,726.00,701.00
701.00,726.00,705.00
722.00,725.00,721.00
704.00,727.00,724.00
706.00,727.00,704.00
707.00,728.00,706.00
706.00,728.00,727.00
726.00,707.00,705.00
728.00,707.00,726.00
709.00,729.00,730.00
708.00,729.00,709.00
710.00,731.00,732.00
710.00,709.00,731.00
709.00,730.00,731.00
731.00,733.00,732.00
712.00,734.00,735.00
711.00,734.00,712.00
729.00,708.00,712.00
735.00,729.00,712.00
710.00,732.00,713.00
732.00,733.00,736.00
732.00,736.00,713.00
713.00,736.00,714.00
736.00,716.00,714.00
737.00,716.00,736.00
711.00,717.00,734.00
734.00,717.00,738.00
716.00,737.00,719.00
737.00,739.00,719.00
717.00,720.00,738.00
738.00,720.00,740.00
719.00,739.00,722.00
739.00,741.00,722.00
720.00,742.00,740.00
723.00,742.00,720.00
742.00,723.00,724.00
743.00,742.00,724.00
725.00,744.00,745.00
726.00,725.00,745.00
741.00,725.00,722.00
744.00,725.00,741.00
724.00,746.00,743.00
727.00,746.00,724.00
728.00,747.00,727.00
727.00,747.00,746.00
745.00,728.00,726.00
747.00,728.00,745.00
748.00,749.00,750.00
750.00,751.00,748.00
730.00,752.00,753.00
729.00,752.00,730.00
749.00,748.00,731.00
749.00,731.00,753.00
753.00,731.00,730.00
748.00,733.00,731.00
748.00,751.00,733.00
751.00,754.00,733.00
735.00,755.00,756.00
734.00,755.00,735.00
752.00,729.00,735.00
756.00,752.00,735.00
733.00,754.00,757.00
736.00,733.00,757.00
757.00,737.00,736.00
758.00,737.00,757.00
734.00,738.00,755.00
755.00,738.00,759.00
737.00,758.00,739.00
758.00,760.00,739.00
738.00,740.00,759.00
759.00,740.00,761.00
739.00,760.00,741.00
760.00,762.00,741.00
740.00,763.00,761.00
742.00,763.00,740.00
763.00,742.00,743.00
764.00,763.00,743.00
744.00,765.00,766.00
745.00,744.00,766.00
762.00,744.00,741.00
765.00,744.00,762.00
743.00,767.00,764.00
746.00,767.00,743.00
747.00,768.00,746.00
746.00,768.00,767.00
766.00,747.00,745.00
768.00,747.00,766.00
750.00,769.00,770.00
749.00,769.00,750.00
770.00,751.00,750.00
771.00,751.00,770.00
772.00,773.00,774.00
772.00,753.00,752.00
772.00,774.00,753.00
774.00,775.00,753.00
769.00,749.00,753.00
775.00,769.00,753.00
776.00,777.00,754.00
776.00,754.00,771.00
771.00,754.00,751.00
776.00,778.00,777.00
756.00,773.00,772.00
756.00,755.00,773.00
755.00,779.00,773.00
752.00,756.00,772.00
754.00,777.00,757.00
777.00,758.00,757.00
777.00,778.00,758.00
778.00,780.00,758.00
755.00,759.00,779.00
779.00,759.00,781.00
758.00,780.00,760.00
780.00,782.00,760.00
759.00,761.00,781.00
781.00,761.00,783.00
760.00,782.00,762.00
782.00,784.00,762.00
761.00,785.00,783.00
763.00,785.00,761.00
785.00,763.00,764.00
786.00,785.00,764.00
765.00,787.00,788.00
766.00,765.00,788.00
784.00,765.00,762.00
787.00,765.00,784.00
764.00,789.00,786.00
767.00,789.00,764.00
768.00,790.00,767.00
767.00,790.00,789.00
788.00,768.00,766.00
790.00,768.00,788.00
770.00,791.00,792.00
769.00,791.00,770.00
792.00,771.00,770.00
793.00,771.00,792.00
774.00,794.00,795.00
773.00,794.00,774.00
775.00,774.00,796.00
774.00,795.00,796.00
791.00,769.00,775.00
796.00,791.00,775.00
771.00,793.00,797.00
776.00,771.00,797.00
797.00,778.00,776.00
798.00,778.00,797.00
773.00,779.00,794.00
794.00,779.00,799.00
778.00,798.00,780.00
798.00,800.00,780.00
779.00,781.00,799.00
799.00,781.00,801.00
780.00,800.00,782.00
800.00,802.00,782.00
781.00,783.00,801.00
801.00,783.00,803.00
782.00,802.00,784.00
802.00,804.00,784.00
783.00,805.00,803.00
785.00,805.00,783.00
805.00,785.00,786.00
806.00,805.00,786.00
787.00,807.00,808.00
788.00,787.00,808.00
804.00,787.00,784.00
807.00,787.00,804.00
786.00,809.00,806.00
789.00,809.00,786.00
790.00,810.00,789.00
789.00,810.00,809.00
808.00,790.00,788.00
810.00,790.00,808.00
792.00,811.00,812.00
791.00,811.00,792.00
812.00,793.00,792.00
813.00,793.00,812.00
795.00,814.00,815.00
794.00,814.00,795.00
796.00,795.00,816.00
795.00,815.00,816.00
811.00,791.00,796.00
816.00,811.00,796.00
793.00,813.00,817.00
797.00,793.00,817.00
817.00,798.00,797.00
818.00,798.00,817.00
794.00,799.00,814.00
814.00,799.00,819.00
798.00,818.00,800.00
818.00,820.00,800.00
799.00,801.00,819.00
819.00,801.00,821.00
800.00,820.00,802.00
820.00,822.00,802.00
801.00,803.00,821.00
821.00,803.00,823.00
802.00,822.00,804.00
822.00,824.00,804.00
803.00,825.00,823.00
805.00,825.00,803.00
806.00,826.00,827.00
806.00,827.00,805.00
805.00,827.00,825.00
826.00,828.00,829.00
827.00,826.00,829.00
828.00,808.00,807.00
828.00,807.00,829.00
829.00,807.00,830.00
824.00,807.00,804.00
830.00,807.00,824.00
806.00,809.00,826.00
810.00,826.00,809.00
828.00,826.00,810.00
808.00,828.00,810.00
812.00,831.00,832.00
811.00,831.00,812.00
832.00,813.00,812.00
833.00,813.00,832.00
815.00,814.00,834.00
835.00,815.00,834.00
835.00,836.00,815.00
836.00,816.00,815.00
831.00,811.00,816.00
836.00,831.00,816.00
813.00,833.00,837.00
817.00,813.00,837.00
837.00,818.00,817.00
838.00,818.00,837.00
834.00,819.00,839.00
814.00,819.00,834.00
840.00,835.00,834.00
839.00,840.00,834.00
818.00,838.00,820.00
838.00,841.00,820.00
839.00,821.00,842.00
819.00,821.00,839.00
843.00,840.00,839.00
842.00,843.00,839.00
820.00,841.00,822.00
841.00,844.00,822.00
842.00,823.00,845.00
821.00,823.00,842.00
846.00,843.00,842.00
845.00,846.00,842.00
847.00,848.00,849.00
847.00,844.00,848.00
847.00,824.00,844.00
824.00,822.00,844.00
823.00,825.00,845.00
845.00,850.00,846.00
845.00,825.00,850.00
825.00,827.00,850.00
829.00,851.00,827.00
827.00,851.00,850.00
849.00,830.00,847.00
849.00,851.00,830.00
851.00,829.00,830.00
824.00,847.00,830.00
832.00,852.00,853.00
831.00,852.00,832.00
853.00,833.00,832.00
854.00,833.00,853.00
836.00,855.00,856.00
835.00,855.00,836.00
852.00,831.00,836.00
856.00,852.00,836.00
833.00,854.00,857.00
837.00,833.00,857.00
857.00,838.00,837.00
858.00,838.00,857.00
835.00,840.00,855.00
855.00,840.00,859.00
838.00,858.00,841.00
858.00,860.00,841.00
840.00,843.00,859.00
859.00,843.00,861.00
841.00,860.00,844.00
860.00,862.00,844.00
843.00,846.00,861.00
861.00,846.00,863.00
848.00,864.00,865.00
849.00,848.00,865.00
862.00,848.00,844.00
864.00,848.00,862.00
846.00,866.00,863.00
850.00,866.00,846.00
851.00,867.00,850.00
850.00,867.00,866.00
865.00,851.00,849.00
867.00,851.00,865.00
853.00,868.00,869.00
852.00,868.00,853.00
869.00,854.00,853.00
870.00,854.00,869.00
856.00,871.00,872.00
855.00,871.00,856.00
868.00,852.00,856.00
872.00,868.00,856.00
854.00,870.00,873.00
857.00,854.00,873.00
873.00,858.00,857.00
874.00,858.00,873.00
855.00,859.00,871.00
871.00,859.00,875.00
858.00,874.00,860.00
874.00,876.00,860.00
859.00,861.00,875.00
875.00,861.00,877.00
860.00,876.00,862.00
876.00,878.00,862.00
861.00,863.00,877.00
877.00,863.00,879.00
864.00,880.00,865.00
864.00,881.00,880.00
864.00,862.00,881.00
862.00,878.00,881.00
863.00,882.00,879.00
866.00,882.00,863.00
867.00,883.00,866.00
866.00,883.00,882.00
880.00,867.00,865.00
880.00,884.00,867.00
884.00,883.00,867.00
881.00,884.00,880.00
869.00,885.00,886.00
868.00,885.00,869.00
886.00,870.00,869.00
887.00,870.00,886.00
872.00,888.00,889.00
871.00,888.00,872.00
885.00,868.00,872.00
889.00,885.00,872.00
870.00,887.00,890.00
873.00,870.00,890.00
890.00,874.00,873.00
891.00,874.00,890.00
871.00,875.00,888.00
888.00,875.00,892.00
874.00,891.00,876.00
891.00,893.00,876.00
875.00,877.00,892.00
892.00,877.00,894.00
876.00,893.00,878.00
893.00,895.00,878.00
877.00,879.00,894.00
894.00,879.00,896.00
897.00,898.00,899.00
898.00,897.00,900.00
878.00,895.00,881.00
895.00,901.00,881.00
879.00,902.00,896.00
882.00,902.00,879.00
899.00,883.00,897.00
899.00,902.00,883.00
902.00,882.00,883.00
897.00,903.00,900.00
897.00,883.00,903.00
883.00,884.00,903.00
901.00,884.00,881.00
903.00,884.00,901.00
886.00,904.00,905.00
885.00,904.00,886.00
905.00,887.00,886.00
906.00,887.00,905.00
889.00,907.00,908.00
888.00,907.00,889.00
904.00,885.00,889.00
908.00,904.00,889.00
887.00,906.00,909.00
890.00,887.00,909.00
909.00,891.00,890.00
910.00,891.00,909.00
888.00,892.00,907.00
907.00,892.00,911.00
891.00,910.00,893.00
910.00,912.00,893.00
892.00,894.00,911.00
911.00,894.00,913.00
893.00,912.00,895.00
912.00,914.00,895.00
915.00,896.00,916.00
915.00,913.00,896.00
913.00,894.00,896.00
916.00,899.00,898.00
916.00,898.00,915.00
915.00,898.00,917.00
917.00,898.00,900.00
918.00,917.00,900.00
895.00,914.00,901.00
914.00,919.00,901.00
896.00,902.00,916.00
899.00,916.00,902.00
900.00,920.00,918.00
903.00,920.00,900.00
919.00,903.00,901.00
920.00,903.00,919.00
921.00,922.00,923.00
921.00,905.00,904.00
921.00,923.00,905.00
923.00,924.00,905.00
906.00,925.00,926.00
906.00,905.00,925.00
905.00,924.00,925.00
925.00,927.00,926.00
908.00,922.00,921.00
908.00,907.00,922.00
907.00,928.00,922.00
904.00,908.00,921.00
906.00,926.00,909.00
926.00,910.00,909.00
926.00,927.00,910.00
927.00,929.00,910.00
907.00,911.00,928.00
928.00,911.00,930.00
910.00,929.00,912.00
929.00,931.00,912.00
911.00,913.00,930.00
930.00,913.00,932.00
912.00,931.00,914.00
931.00,933.00,914.00
913.00,934.00,932.00
915.00,934.00,913.00
917.00,935.00,915.00
915.00,935.00,934.00
935.00,917.00,918.00
936.00,935.00,918.00
914.00,933.00,919.00
933.00,937.00,919.00
918.00,938.00,936.00
920.00,938.00,918.00
937.00,920.00,919.00
938.00,920.00,937.00
923.00,939.00,940.00
922.00,939.00,923.00
924.00,923.00,941.00
923.00,940.00,941.00
925.00,924.00,942.00
924.00,941.00,942.00
942.00,927.00,925.00
943.00,927.00,942.00
922.00,928.00,939.00
939.00,928.00,944.00
927.00,943.00,929.00
943.00,945.00,929.00
928.00,930.00,944.00
944.00,930.00,946.00
929.00,945.00,931.00
945.00,947.00,931.00
930.00,932.00,946.00
946.00,932.00,948.00
931.00,947.00,933.00
947.00,949.00,933.00
932.00,950.00,948.00
934.00,950.00,932.00
935.00,951.00,934.00
934.00,951.00,950.00
951.00,935.00,936.00
952.00,951.00,936.00
933.00,949.00,937.00
949.00,953.00,937.00
936.00,954.00,952.00
938.00,954.00,936.00
953.00,938.00,937.00
954.00,938.00,953.00
940.00,955.00,956.00
939.00,955.00,940.00
941.00,940.00,957.00
940.00,956.00,957.00
942.00,941.00,958.00
941.00,957.00,958.00
958.00,943.00,942.00
959.00,943.00,958.00
939.00,944.00,955.00
955.00,944.00,960.00
943.00,959.00,945.00
959.00,961.00,945.00
944.00,946.00,960.00
960.00,946.00,962.00
945.00,961.00,947.00
961.00,963.00,947.00
946.00,948.00,962.00
962.00,948.00,964.00
947.00,963.00,949.00
963.00,965.00,949.00
948.00,966.00,964.00
950.00,966.00,948.00
951.00,967.00,950.00
950.00,967.00,966.00
967.00,951.00,952.00
968.00,967.00,952.00
949.00,965.00,953.00
965.00,969.00,953.00
952.00,970.00,968.00
954.00,970.00,952.00
969.00,954.00,953.00
970.00,954.00,969.00
956.00,971.00,972.00
955.00,971.00,956.00
957.00,956.00,973.00
956.00,972.00,973.00
958.00,957.00,974.00
957.00,973.00,974.00
974.00,959.00,958.00
975.00,959.00,974.00
955.00,960.00,971.00
971.00,960.00,976.00
959.00,975.00,961.00
975.00,977.00,961.00
960.00,962.00,976.00
976.00,962.00,978.00
961.00,977.00,963.00
977.00,979.00,963.00
980.00,964.00,981.00
980.00,978.00,964.00
978.00,962.00,964.00
980.00,981.00,982.00
963.00,979.00,965.00
979.00,983.00,965.00
964.00,966.00,981.00
981.00,984.00,982.00
981.00,966.00,984.00
966.00,967.00,984.00
968.00,985.00,986.00
968.00,986.00,967.00
967.00,986.00,984.00
985.00,983.00,986.00
985.00,969.00,983.00
969.00,965.00,983.00
968.00,970.00,985.00
969.00,985.00,970.00
972.00,987.00,988.00
971.00,987.00,972.00
973.00,972.00,989.00
972.00,988.00,989.00
974.00,973.00,990.00
973.00,989.00,990.00
990.00,975.00,974.00
991.00,975.00,990.00
971.00,976.00,987.00
987.00,976.00,992.00
975.00,991.00,977.00
991.00,993.00,977.00
976.00,978.00,992.00
992.00,978.00,994.00
977.00,993.00,979.00
993.00,995.00,979.00
978.00,996.00,994.00
980.00,996.00,978.00
996.00,980.00,982.00
997.00,996.00,982.00
979.00,995.00,983.00
995.00,998.00,983.00
999.00,982.00,984.00
999.00,1000.00,982.00
1000.00,997.00,982.00
1001.00,999.00,984.00
1001.00,984.00,1002.00
1002.00,984.00,986.00
998.00,986.00,983.00
1002.00,986.00,998.00
999.00,1003.00,1000.00
1001.00,1003.00,999.00
1004.00,1005.00,1006.00
1006.00,1007.00,1004.00
988.00,1008.00,1009.00
987.00,1008.00,988.00
1005.00,1004.00,989.00
1005.00,989.00,1009.00
1009.00,989.00,988.00
1004.00,1007.00,1010.00
1004.00,1010.00,989.00
989.00,1010.00,990.00
1010.00,991.00,990.00
1011.00,991.00,1010.00
987.00,992.00,1008.00
1008.00,992.00,1012.00
991.00,1011.00,993.00
1011.00,1013.00,993.00
992.00,994.00,1012.00
1012.00,994.00,1014.00
993.00,1013.00,995.00
1013.00,1015.00,995.00
994.00,1016.00,1014.00
996.00,1016.00,994.00
1016.00,996.00,997.00
1017.00,1016.00,997.00
995.00,1015.00,998.00
1015.00,1018.00,998.00
997.00,1000.00,1017.00
1017.00,1000.00,1019.00
1002.00,1020.00,1021.00
1001.00,1002.00,1021.00
1018.00,1002.00,998.00
1020.00,1002.00,1018.00
1000.00,1022.00,1019.00
1003.00,1022.00,1000.00
1021.00,1003.00,1001.00
1022.00,1003.00,1021.00
1006.00,1023.00,1024.00
1005.00,1023.00,1006.00
1024.00,1007.00,1006.00
1025.00,1007.00,1024.00
1009.00,1026.00,1027.00
1008.00,1026.00,1009.00
1023.00,1005.00,1009.00
1027.00,1023.00,1009.00
1007.00,1025.00,1028.00
1010.00,1007.00,1028.00
1028.00,1011.00,1010.00
1029.00,1011.00,1028.00
1008.00,1012.00,1026.00
1026.00,1012.00,1030.00
1011.00,1029.00,1013.00
1029.00,1031.00,1013.00
1012.00,1014.00,1030.00
1030.00,1014.00,1032.00
1013.00,1031.00,1015.00
1031.00,1033.00,1015.00
1014.00,1034.00,1032.00
1016.00,1034.00,1014.00
1034.00,1016.00,1017.00
1035.00,1034.00,1017.00
1015.00,1033.00,1018.00
1033.00,1036.00,1018.00
1017.00,1019.00,1035.00
1035.00,1019.00,1037.00
1020.00,1038.00,1039.00
1021.00,1020.00,1039.00
1036.00,1020.00,1018.00
1038.00,1020.00,1036.00
1019.00,1040.00,1037.00
1022.00,1040.00,1019.00
1039.00,1022.00,1021.00
1040.00,1022.00,1039.00
1024.00,1041.00,1042.00
1023.00,1041.00,1024.00
1025.00,1043.00,1044.00
1025.00,1024.00,1043.00
1024.00,1042.00,1043.00
1043.00,1045.00,1044.00
1027.00,1046.00,1047.00
1026.00,1046.00,1027.00
1041.00,1023.00,1027.00
1047.00,1041.00,1027.00
1025.00,1044.00,1028.00
1044.00,1029.00,1028.00
1044.00,1045.00,1029.00
1045.00,1048.00,1029.00
1026.00,1030.00,1046.00
1046.00,1030.00,1049.00
1029.00,1048.00,1031.00
1048.00,1050.00,1031.00
1030.00,1032.00,1049.00
1049.00,1032.00,1051.00
1031.00,1050.00,1033.00
1050.00,1052.00,1033.00
1053.00,1032.00,1034.00
1053.00,1054.00,1032.00
1054.00,1051.00,1032.00
1034.00,1035.00,1053.00
1033.00,1052.00,1036.00
1052.00,1055.00,1036.00
1053.00,1056.00,1054.00
1056.00,1053.00,1035.00
1056.00,1035.00,1057.00
1057.00,1035.00,1037.00
1038.00,1058.00,1039.00
1038.00,1059.00,1058.00
1038.00,1036.00,1059.00
1036.00,1055.00,1059.00
1037.00,1060.00,1057.00
1040.00,1060.00,1037.00
1058.00,1040.00,1039.00
1058.00,1061.00,1040.00
1061.00,1060.00,1040.00
1059.00,1061.00,1058.00
1062.00,1063.00,1064.00
1062.00,1042.00,1041.00
1062.00,1064.00,1042.00
1064.00,1065.00,1042.00
1043.00,1042.00,1066.00
1042.00,1065.00,1066.00
1066.00,1045.00,1043.00
1067.00,1045.00,1066.00
1047.00,1063.00,1062.00
1047.00,1046.00,1063.00
1046.00,1068.00,1063.00
1041.00,1047.00,1062.00
1045.00,1067.00,1048.00
1067.00,1069.00,1048.00
1046.00,1049.00,1068.00
1068.00,1049.00,1070.00
1048.00,1069.00,1050.00
1069.00,1071.00,1050.00
1049.00,1051.00,1070.00
1070.00,1051.00,1072.00
1050.00,1071.00,1052.00
1071.00,1073.00,1052.00
1051.00,1054.00,1072.00
1072.00,1054.00,1074.00
1052.00,1073.00,1055.00
1073.00,1075.00,1055.00
1054.00,1076.00,1074.00
1056.00,1076.00,1054.00
1076.00,1056.00,1057.00
1077.00,1076.00,1057.00
1055.00,1075.00,1059.00
1075.00,1078.00,1059.00
1057.00,1079.00,1077.00
1060.00,1079.00,1057.00
1061.00,1080.00,1060.00
1060.00,1080.00,1079.00
1078.00,1061.00,1059.00
1080.00,1061.00,1078.00
1081.00,1082.00,1083.00
1081.00,1064.00,1063.00
1081.00,1083.00,1064.00
1083.00,1084.00,1064.00
1065.00,1064.00,1085.00
1064.00,1084.00,1085.00
1066.00,1065.00,1086.00
1065.00,1085.00,1086.00
1086.00,1067.00,1066.00
1087.00,1067.00,1086.00
1088.00,1082.00,1081.00
1089.00,1082.00,1088.00
1063.00,1068.00,1088.00
1081.00,1063.00,1088.00
1067.00,1087.00,1069.00
1087.00,1090.00,1069.00
1091.00,1089.00,1088.00
1092.00,1089.00,1091.00
1068.00,1070.00,1091.00
1088.00,1068.00,1091.00
1069.00,1090.00,1071.00
1090.00,1093.00,1071.00
1091.00,1094.00,1092.00
1094.00,1091.00,1070.00
1094.00,1070.00,1095.00
1095.00,1070.00,1072.00
1071.00,1093.00,1073.00
1093.00,1096.00,1073.00
1072.00,1074.00,1095.00
1095.00,1074.00,1097.00
1073.00,1096.00,1075.00
1096.00,1098.00,1075.00
1074.00,1099.00,1097.00
1076.00,1099.00,1074.00
1099.00,1076.00,1077.00
1100.00,1099.00,1077.00
1075.00,1098.00,1078.00
1098.00,1101.00,1078.00
1077.00,1102.00,1100.00
1079.00,1102.00,1077.00
1080.00,1103.00,1079.00
1079.00,1103.00,1102.00
1101.00,1080.00,1078.00
1103.00,1080.00,1101.00
1104.00,1105.00,1106.00
1106.00,1107.00,1104.00
1083.00,1108.00,1109.00
1082.00,1108.00,1083.00
1105.00,1104.00,1084.00
1105.00,1084.00,1109.00
1109.00,1084.00,1083.00
1104.00,1107.00,1110.00
1104.00,1110.00,1084.00
1084.00,1110.00,1085.00
1086.00,1085.00,1111.00
1085.00,1110.00,1111.00
1111.00,1087.00,1086.00
1112.00,1087.00,1111.00
1082.00,1089.00,1108.00
1108.00,1089.00,1113.00
1087.00,1112.00,1090.00
1112.00,1114.00,1090.00
1089.00,1092.00,1113.00
1113.00,1092.00,1115.00
1090.00,1114.00,1093.00
1114.00,1116.00,1093.00
1117.00,1092.00,1094.00
1117.00,1118.00,1092.00
1118.00,1115.00,1092.00
1094.00,1095.00,1117.00
1093.00,1116.00,1096.00
1116.00,1119.00,1096.00
1117.00,1120.00,1118.00
1120.00,1117.00,1095.00
1120.00,1095.00,1121.00
1121.00,1095.00,1097.00
1096.00,1119.00,1098.00
1119.00,1122.00,1098.00
1097.00,1123.00,1121.00
1099.00,1123.00,1097.00
1123.00,1099.00,1100.00
1124.00,1123.00,1100.00
1098.00,1122.00,1101.00
1122.00,1125.00,1101.00
1100.00,1126.00,1124.00
1102.00,1126.00,1100.00
1103.00,1127.00,1102.00
1102.00,1127.00,1126.00
1125.00,1103.00,1101.00
1127.00,1103.00,1125.00
1106.00,1128.00,1129.00
1105.00,1128.00,1106.00
1129.00,1107.00,1106.00
1130.00,1107.00,1129.00
1109.00,1131.00,1132.00
1108.00,1131.00,1109.00
1128.00,1105.00,1109.00
1132.00,1128.00,1109.00
1107.00,1130.00,1133.00
1110.00,1107.00,1133.00
1111.00,1110.00,1134.00
1110.00,1133.00,1134.00
1134.00,1112.00,1111.00
1135.00,1112.00,1134.00
1108.00,1113.00,1131.00
1131.00,1113.00,1136.00
1112.00,1135.00,1114.00
1135.00,1137.00,1114.00
1113.00,1115.00,1136.00
1136.00,1115.00,1138.00
1114.00,1137.00,1116.00
1137.00,1139.00,1116.00
1115.00,1118.00,1138.00
1138.00,1118.00,1140.00
1116.00,1139.00,1119.00
1139.00,1141.00,1119.00
1118.00,1142.00,1140.00
1120.00,1142.00,1118.00
1142.00,1120.00,1121.00
1143.00,1142.00,1121.00
1119.00,1141.00,1122.00
1141.00,1144.00,1122.00
1121.00,1145.00,1143.00
1123.00,1145.00,1121.00
1145.00,1123.00,1124.00
1146.00,1145.00,1124.00
1147.00,1148.00,1149.00
1147.00,1144.00,1148.00
1147.00,1125.00,1144.00
1125.00,1122.00,1144.00
1124.00,1150.00,1146.00
1126.00,1150.00,1124.00
1149.00,1127.00,1147.00
1149.00,1150.00,1127.00
1150.00,1126.00,1127.00
1125.00,1147.00,1127.00
1129.00,1151.00,1152.00
1128.00,1151.00,1129.00
1152.00,1130.00,1129.00
1153.00,1130.00,1152.00
1132.00,1154.00,1155.00
1131.00,1154.00,1132.00
1151.00,1128.00,1132.00
1155.00,1151.00,1132.00
1130.00,1153.00,1156.00
1133.00,1130.00,1156.00
1134.00,1133.00,1157.00
1133.00,1156.00,1157.00
1157.00,1135.00,1134.00
1158.00,1135.00,1157.00
1131.00,1136.00,1154.00
1154.00,1136.00,1159.00
1135.00,1158.00,1137.00
1158.00,1160.00,1137.00
1136.00,1138.00,1159.00
1159.00,1138.00,1161.00
1137.00,1160.00,1139.00
1160.00,1162.00,1139.00
1138.00,1140.00,1161.00
1161.00,1140.00,1163.00
1139.00,1162.00,1141.00
1162.00,1164.00,1141.00
1165.00,1140.00,1142.00
1165.00,1166.00,1140.00
1166.00,1163.00,1140.00
1142.00,1143.00,1165.00
1167.00,1168.00,1169.00
1167.00,1170.00,1171.00
1168.00,1167.00,1171.00
1170.00,1164.00,1171.00
1170.00,1144.00,1164.00
1144.00,1141.00,1164.00
1165.00,1172.00,1166.00
1143.00,1172.00,1165.00
1143.00,1145.00,1172.00
1145.00,1173.00,1172.00
1146.00,1174.00,1167.00
1146.00,1167.00,1173.00
1146.00,1173.00,1145.00
1173.00,1167.00,1169.00
1148.00,1174.00,1149.00
1148.00,1170.00,1174.00
1170.00,1167.00,1174.00
1144.00,1170.00,1148.00
1146.00,1150.00,1174.00
1149.00,1174.00,1150.00
1152.00,1175.00,1176.00
1151.00,1175.00,1152.00
1176.00,1153.00,1152.00
1177.00,1153.00,1176.00
1178.00,1179.00,1180.00
1178.00,1155.00,1154.00
1178.00,1180.00,1155.00
1180.00,1181.00,1155.00
1175.00,1151.00,1155.00
1181.00,1175.00,1155.00
1153.00,1177.00,1182.00
1156.00,1153.00,1182.00
1157.00,1156.00,1183.00
1156.00,1182.00,1183.00
1183.00,1158.00,1157.00
1184.00,1158.00,1183.00
1185.00,1179.00,1178.00
1186.00,1179.00,1185.00
1154.00,1159.00,1185.00
1178.00,1154.00,1185.00
1158.00,1184.00,1160.00
1184.00,1187.00,1160.00
1188.00,1186.00,1185.00
1189.00,1186.00,1188.00
1159.00,1161.00,1188.00
1185.00,1159.00,1188.00
1160.00,1187.00,1162.00
1187.00,1190.00,1162.00
1191.00,1189.00,1188.00
1192.00,1189.00,1191.00
1161.00,1163.00,1191.00
1188.00,1161.00,1191.00
1193.00,1194.00,1195.00
1193.00,1190.00,1194.00
1193.00,1164.00,1190.00
1164.00,1162.00,1190.00
1191.00,1196.00,1192.00
1196.00,1191.00,1163.00
1196.00,1163.00,1197.00
1197.00,1163.00,1166.00
1168.00,1198.00,1199.00
1169.00,1168.00,1199.00
1195.00,1171.00,1193.00
1195.00,1198.00,1171.00
1198.00,1168.00,1171.00
1164.00,1193.00,1171.00
1166.00,1200.00,1197.00
1172.00,1200.00,1166.00
1173.00,1201.00,1172.00
1172.00,1201.00,1200.00
1199.00,1173.00,1169.00
1201.00,1173.00,1199.00
1202.00,1203.00,1204.00
1202.00,1205.00,1206.00
1204.00,1205.00,1202.00
1206.00,1176.00,1175.00
1206.00,1205.00,1176.00
1205.00,1207.00,1176.00
1207.00,1177.00,1176.00
1208.00,1177.00,1207.00
1180.00,1203.00,1202.00
1180.00,1179.00,1203.00
1179.00,1209.00,1203.00
1181.00,1180.00,1202.00
1206.00,1181.00,1202.00
1175.00,1181.00,1206.00
1177.00,1208.00,1210.00
1182.00,1177.00,1210.00
1211.00,1210.00,1212.00
1211.00,1183.00,1210.00
1183.00,1182.00,1210.00
1183.00,1211.00,1184.00
1179.00,1186.00,1209.00
1209.00,1186.00,1213.00
1214.00,1211.00,1212.00
1215.00,1214.00,1212.00
1184.00,1214.00,1187.00
1211.00,1214.00,1184.00
1186.00,1189.00,1213.00
1213.00,1189.00,1216.00
1217.00,1214.00,1215.00
1218.00,1217.00,1215.00
1187.00,1217.00,1190.00
1214.00,1217.00,1187.00
1189.00,1192.00,1216.00
1216.00,1192.00,1219.00
1194.00,1217.00,1218.00
1194.00,1218.00,1195.00
1195.00,1218.00,1220.00
1190.00,1217.00,1194.00
1221.00,1192.00,1196.00
1221.00,1222.00,1192.00
1222.00,1219.00,1192.00
1196.00,1197.00,1221.00
1198.00,1223.00,1224.00
1199.00,1198.00,1224.00
1220.00,1198.00,1195.00
1223.00,1198.00,1220.00
1221.00,1225.00,1222.00
1197.00,1225.00,1221.00
1197.00,1200.00,1225.00
1200.00,1226.00,1225.00
1201.00,1227.00,1200.00
1200.00,1227.00,1226.00
1224.00,1201.00,1199.00
1227.00,1201.00,1224.00
1204.00,1228.00,1229.00
1203.00,1228.00,1204.00
1205.00,1204.00,1230.00
1204.00,1229.00,1230.00
1207.00,1205.00,1231.00
1205.00,1230.00,1231.00
1231.00,1208.00,1207.00
1232.00,1208.00,1231.00
1203.00,1209.00,1228.00
1228.00,1209.00,1233.00
1208.00,1232.00,1234.00
1210.00,1208.00,1234.00
1234.00,1212.00,1210.00
1235.00,1212.00,1234.00
1209.00,1213.00,1233.00
1233.00,1213.00,1236.00
1212.00,1235.00,1215.00
1235.00,1237.00,1215.00
1213.00,1216.00,1236.00
1236.00,1216.00,1238.00
1215.00,1237.00,1218.00
1237.00,1239.00,1218.00
1216.00,1219.00,1238.00
1238.00,1219.00,1240.00
1218.00,1239.00,1220.00
1239.00,1241.00,1220.00
1219.00,1222.00,1240.00
1240.00,1222.00,1242.00
1243.00,1244.00,1245.00
1243.00,1224.00,1223.00
1243.00,1223.00,1244.00
1244.00,1223.00,1246.00
1241.00,1223.00,1220.00
1246.00,1223.00,1241.00
1222.00,1247.00,1242.00
1225.00,1247.00,1222.00
1226.00,1248.00,1225.00
1225.00,1248.00,1247.00
1245.00,1227.00,1243.00
1245.00,1248.00,1227.00
1248.00,1226.00,1227.00
1224.00,1243.00,1227.00
1249.00,1250.00,1251.00
1251.00,1252.00,1249.00
1229.00,1250.00,1249.00
1229.00,1228.00,1250.00
1228.00,1253.00,1250.00
1249.00,1252.00,1254.00
1249.00,1254.00,1229.00
1229.00,1254.00,1230.00
1231.00,1230.00,1255.00
1230.00,1254.00,1255.00
1255.00,1232.00,1231.00
1256.00,1232.00,1255.00
1228.00,1233.00,1253.00
1253.00,1233.00,1257.00
1258.00,1234.00,1232.00
1258.00,1232.00,1259.00
1259.00,1232.00,1256.00
1234.00,1258.00,1235.00
1233.00,1236.00,1257.00
1257.00,1236.00,1260.00
1261.00,1258.00,1259.00
1262.00,1261.00,1259.00
1235.00,1261.00,1237.00
1258.00,1261.00,1235.00
1236.00,1238.00,1260.00
1260.00,1238.00,1263.00
1264.00,1261.00,1262.00
1265.00,1264.00,1262.00
1237.00,1264.00,1239.00
1261.00,1264.00,1237.00
1238.00,1240.00,1263.00
1263.00,1240.00,1266.00
1267.00,1264.00,1265.00
1268.00,1267.00,1265.00
1239.00,1267.00,1241.00
1264.00,1267.00,1239.00
1240.00,1242.00,1266.00
1266.00,1242.00,1269.00
1244.00,1270.00,1271.00
1245.00,1244.00,1271.00
1268.00,1246.00,1267.00
1268.00,1270.00,1246.00
1270.00,1244.00,1246.00
1241.00,1267.00,1246.00
1242.00,1272.00,1269.00
1247.00,1272.00,1242.00
1248.00,1273.00,1247.00
1247.00,1273.00,1272.00
1271.00,1248.00,1245.00
1273.00,1248.00,1271.00
1251.00,1274.00,1275.00
1250.00,1274.00,1251.00
1275.00,1252.00,1251.00
1276.00,1252.00,1275.00
1250.00,1253.00,1274.00
1274.00,1253.00,1277.00
1252.00,1276.00,1278.00
1254.00,1252.00,1278.00
1255.00,1254.00,1279.00
1254.00,1278.00,1279.00
1279.00,1256.00,1255.00
1280.00,1256.00,1279.00
1253.00,1257.00,1277.00
1277.00,1257.00,1281.00
1256.00,1280.00,1259.00
1280.00,1282.00,1259.00
1257.00,1260.00,1281.00
1281.00,1260.00,1283.00
1259.00,1282.00,1262.00
1282.00,1284.00,1262.00
1260.00,1263.00,1283.00
1283.00,1263.00,1285.00
1262.00,1284.00,1265.00
1284.00,1286.00,1265.00
1263.00,1266.00,1285.00
1285.00,1266.00,1287.00
1288.00,1289.00,1290.00
1288.00,1286.00,1289.00
1288.00,1268.00,1286.00
1268.00,1265.00,1286.00
1266.00,1269.00,1287.00
1287.00,1269.00,1291.00
1292.00,1293.00,1294.00
1290.00,1293.00,1292.00
1288.00,1290.00,1292.00
1288.00,1292.00,1271.00
1288.00,1271.00,1270.00
1268.00,1288.00,1270.00
1269.00,1295.00,1291.00
1272.00,1295.00,1269.00
1294.00,1273.00,1292.00
1294.00,1295.00,1273.00
1295.00,1272.00,1273.00
1271.00,1292.00,1273.00
1275.00,1296.00,1297.00
1274.00,1296.00,1275.00
1297.00,1276.00,1275.00
1298.00,1276.00,1297.00
1274.00,1277.00,1296.00
1296.00,1277.00,1299.00
1276.00,1298.00,1300.00
1278.00,1276.00,1300.00
1301.00,1300.00,1302.00
1301.00,1279.00,1300.00
1279.00,1278.00,1300.00
1279.00,1301.00,1280.00
1277.00,1281.00,1299.00
1299.00,1281.00,1303.00
1304.00,1301.00,1302.00
1305.00,1304.00,1302.00
1280.00,1304.00,1282.00
1301.00,1304.00,1280.00
1281.00,1283.00,1303.00
1303.00,1283.00,1306.00
1307.00,1304.00,1305.00
1308.00,1307.00,1305.00
1282.00,1307.00,1284.00
1304.00,1307.00,1282.00
1283.00,1285.00,1306.00
1306.00,1285.00,1309.00
1310.00,1307.00,1308.00
1311.00,1310.00,1308.00
1284.00,1310.00,1286.00
1307.00,1310.00,1284.00
1285.00,1287.00,1309.00
1309.00,1287.00,1312.00
1289.00,1310.00,1311.00
1289.00,1311.00,1290.00
1290.00,1311.00,1313.00
1286.00,1310.00,1289.00
1314.00,1291.00,1315.00
1314.00,1312.00,1291.00
1312.00,1287.00,1291.00
1315.00,1294.00,1293.00
1315.00,1293.00,1314.00
1314.00,1293.00,1316.00
1313.00,1293.00,1290.00
1316.00,1293.00,1313.00
1291.00,1295.00,1315.00
1294.00,1315.00,1295.00
1297.00,1317.00,1318.00
1296.00,1317.00,1297.00
1318.00,1298.00,1297.00
1319.00,1298.00,1318.00
1296.00,1299.00,1317.00
1317.00,1299.00,1320.00
1321.00,1300.00,1298.00
1321.00,1298.00,1322.00
1322.00,1298.00,1319.00
1300.00,1321.00,1302.00
1299.00,1303.00,1320.00
1320.00,1303.00,1323.00
1324.00,1321.00,1322.00
1325.00,1324.00,1322.00
1302.00,1324.00,1305.00
1321.00,1324.00,1302.00
1303.00,1306.00,1323.00
1323.00,1306.00,1326.00
1327.00,1324.00,1325.00
1328.00,1327.00,1325.00
1305.00,1327.00,1308.00
1324.00,1327.00,1305.00
1306.00,1309.00,1326.00
1326.00,1309.00,1329.00
1330.00,1327.00,1328.00
1331.00,1330.00,1328.00
1308.00,1330.00,1311.00
1327.00,1330.00,1308.00
1309.00,1312.00,1329.00
1329.00,1312.00,1332.00
1333.00,1330.00,1331.00
1334.00,1333.00,1331.00
1311.00,1333.00,1313.00
1330.00,1333.00,1311.00
1312.00,1335.00,1332.00
1314.00,1335.00,1312.00
1334.00,1316.00,1333.00
1334.00,1335.00,1316.00
1335.00,1314.00,1316.00
1313.00,1333.00,1316.00
1318.00,1336.00,1337.00
1317.00,1336.00,1318.00
1337.00,1319.00,1318.00
1338.00,1319.00,1337.00
1317.00,1320.00,1336.00
1336.00,1320.00,1339.00
1319.00,1338.00,1322.00
1338.00,1340.00,1322.00
1341.00,1323.00,1342.00
1341.00,1339.00,1323.00
1339.00,1320.00,1323.00
1342.00,1340.00,1341.00
1342.00,1325.00,1340.00
1325.00,1322.00,1340.00
1342.00,1326.00,1343.00
1323.00,1326.00,1342.00
1325.00,1343.00,1328.00
1342.00,1343.00,1325.00
1343.00,1329.00,1344.00
1326.00,1329.00,1343.00
1328.00,1344.00,1331.00
1343.00,1344.00,1328.00
1344.00,1332.00,1345.00
1329.00,1332.00,1344.00
1331.00,1345.00,1334.00
1344.00,1345.00,1331.00
1332.00,1335.00,1345.00
1334.00,1345.00,1335.00
1337.00,1336.00,1346.00
1337.00,1346.00,1338.00
1346.00,1339.00,1347.00
1336.00,1339.00,1346.00
1338.00,1347.00,1340.00
1346.00,1347.00,1338.00
1339.00,1341.00,1347.00
1340.00,1347.00,1341.00
1348.00,1349.00,1350.00
1350.00,1351.00,1348.00
1348.00,1352.00,1349.00
1351.00,1352.00,1348.00
1350.00,1349.00,1353.00
1350.00,1353.00,1351.00
1349.00,1352.00,1353.00
1351.00,1353.00,1352.00
1354.00,1355.00,1356.00
1356.00,1357.00,1354.00
1354.00,1358.00,1355.00
1357.00,1358.00,1354.00
1356.00,1355.00,1359.00
1356.00,1359.00,1357.00
1355.00,1358.00,1359.00
1357.00,1359.00,1358.00
