69.51,104.61,37.98
69.49,109.24,37.49
61.21,100.00,39.10
69.29,102.95,37.70
69.52,108.58,37.79
68.78,101.58,37.80
68.62,110.83,35.39
67.79,110.67,34.05
67.57,100.26,38.24
67.55,110.49,33.69
67.38,100.14,38.32
66.70,99.16,27.08
66.80,109.30,32.58
66.65,98.62,25.35
66.62,98.49,22.49
66.18,102.18,30.61
66.22,106.47,31.71
65.77,99.70,17.44
61.53,99.91,39.04
61.86,99.81,39.00
62.17,99.74,38.98
62.49,99.67,38.97
62.82,99.62,38.97
63.16,99.59,38.97
63.85,99.53,38.97
63.50,99.55,38.97
64.20,99.53,38.97
64.54,99.55,38.96
64.88,99.58,38.95
65.21,99.62,38.91
65.55,99.65,38.85
65.80,99.69,17.73
65.66,99.68,16.55
65.85,99.66,18.01
65.85,99.68,38.81
65.90,99.61,18.28
65.34,99.34,14.97
65.59,99.58,15.92
65.69,99.71,16.86
65.63,99.64,16.24
65.73,99.72,17.15
65.97,99.54,18.54
65.45,99.43,15.28
66.12,99.72,38.76
65.53,99.51,15.60
66.08,103.26,31.06
66.14,102.45,30.75
66.11,102.71,30.87
66.09,102.98,30.97
66.23,106.84,31.78
66.21,106.10,31.63
66.04,99.45,18.80
66.09,103.54,31.14
66.22,105.75,31.54
66.38,107.85,32.00
66.26,107.21,31.86
66.13,99.34,19.05
66.23,101.93,30.47
66.45,98.79,20.27
66.36,99.77,38.70
66.38,101.17,29.99
66.33,101.41,30.16
66.28,101.67,30.32
66.10,103.83,31.21
66.13,104.12,31.26
66.16,104.42,31.30
66.19,104.75,31.35
66.21,105.08,31.41
66.45,108.16,32.09
66.22,105.41,31.47
66.41,98.88,20.02
66.31,107.56,31.93
66.21,99.22,19.29
66.44,100.93,29.80
66.49,98.72,20.55
66.35,98.99,19.77
66.28,99.11,19.53
66.60,98.43,23.10
66.58,98.42,23.43
66.63,98.53,22.20
66.61,98.46,22.80
66.63,98.56,25.06
66.60,98.50,24.76
66.68,98.84,26.05
66.59,98.62,21.40
66.61,98.59,21.67
66.56,98.64,21.11
66.68,98.92,26.31
66.69,98.99,26.57
66.64,99.72,28.32
66.58,99.83,38.63
66.61,99.86,28.57
66.55,100.31,29.21
66.52,100.49,29.41
66.49,100.70,29.61
66.58,98.46,24.44
66.52,98.67,20.83
66.57,98.42,23.77
66.57,98.44,24.11
66.68,99.59,28.07
66.58,100.15,29.01
66.54,108.48,32.20
66.90,109.53,32.73
66.60,100.00,28.80
66.62,98.57,21.94
66.68,98.77,25.80
66.62,108.77,32.32
66.71,99.47,27.82
67.00,109.74,32.87
66.67,98.69,25.57
66.69,99.07,26.83
66.71,99.25,27.33
66.72,99.36,27.58
66.80,99.90,38.56
66.71,109.05,32.45
67.10,109.93,33.03
67.21,110.10,33.19
67.18,100.04,38.41
67.00,99.97,38.49
67.32,110.25,33.35
67.77,100.40,38.16
67.67,110.59,33.87
67.43,110.38,33.52
67.91,110.73,34.24
67.96,100.56,38.09
68.03,110.79,34.42
68.14,100.73,38.02
68.15,110.84,34.61
68.31,100.92,37.96
68.27,110.86,34.80
68.47,101.14,37.90
68.50,110.86,35.19
68.73,110.78,35.59
68.39,110.87,34.99
68.63,101.35,37.85
69.51,108.09,37.91
69.03,102.08,37.73
69.35,103.25,37.72
69.46,107.30,37.98
68.92,101.82,37.76
69.14,102.36,37.71
69.22,102.65,37.70
69.39,103.55,37.75
69.44,103.84,37.80
69.48,104.11,37.87
69.50,104.36,37.93
69.46,106.08,38.02
69.45,106.39,38.00
69.45,106.71,37.98
69.12,110.43,36.37
69.03,110.54,36.18
69.19,110.30,36.55
68.93,110.64,35.98
68.83,110.72,35.78
69.52,108.81,37.70
69.52,108.34,37.86
69.48,107.57,37.97
69.45,107.02,37.98
69.47,105.77,38.04
69.27,110.15,36.73
69.51,104.88,38.02
69.50,105.16,38.04
69.49,107.84,37.95
69.48,105.46,38.05
69.46,109.45,37.36
69.51,109.03,37.60
69.33,110.00,36.90
69.43,109.64,37.22
69.38,109.83,37.06
