79.63,89.19,16.16
76.93,88.81,35.30
77.11,88.98,34.72
77.93,89.26,32.34
78.12,89.59,30.20
78.38,89.76,28.62
74.71,88.64,38.81
78.74,90.00,27.00
79.62,88.78,15.04
79.65,88.31,12.42
74.96,88.49,38.76
74.76,88.59,38.82
74.73,88.62,38.82
74.78,88.58,38.82
74.74,88.61,38.82
74.88,88.53,38.80
74.80,88.57,38.82
74.82,88.56,38.82
74.94,88.50,38.77
74.92,88.51,38.78
74.84,88.55,38.81
74.90,88.52,38.79
75.13,88.46,38.62
74.86,88.54,38.81
75.36,88.45,38.43
75.02,88.48,38.72
74.99,88.48,38.74
75.23,88.45,38.54
75.06,88.47,38.68
75.86,88.47,37.99
75.46,88.44,38.32
75.58,88.44,38.22
75.71,88.45,38.11
76.01,88.50,37.85
76.15,88.53,37.71
76.28,88.56,37.55
76.40,88.59,37.40
76.88,88.75,35.74
76.93,88.18,6.82
76.88,88.76,35.90
76.91,88.79,35.41
76.88,88.76,35.97
76.89,88.75,35.83
76.89,88.76,35.63
76.50,88.62,37.24
76.99,88.88,35.07
76.67,88.66,36.92
76.74,88.69,36.77
76.79,88.70,36.62
76.85,88.73,36.37
76.88,88.75,36.14
76.83,88.72,36.49
77.03,88.91,34.95
76.59,88.64,37.08
76.87,88.74,36.28
76.90,88.77,35.53
76.88,88.76,36.08
76.87,88.75,36.21
76.88,88.76,36.02
76.96,88.85,35.18
76.99,88.13,7.10
77.16,89.02,34.62
77.08,88.07,7.37
77.20,89.04,34.51
77.18,88.02,7.63
77.31,89.08,34.28
77.07,88.95,34.84
77.30,87.97,7.88
77.39,89.12,34.02
77.25,89.06,34.41
77.47,89.18,33.70
77.35,89.10,34.15
77.53,89.24,33.31
77.58,89.23,33.12
77.61,89.23,33.02
77.65,89.22,32.92
77.55,89.24,33.21
77.69,89.22,32.82
77.47,89.19,33.63
77.48,89.21,33.57
77.49,89.22,33.49
77.51,89.23,33.40
77.42,89.14,33.90
77.45,89.16,33.78
77.78,87.83,8.69
77.66,87.86,8.51
77.42,87.92,8.11
77.89,87.81,8.83
77.78,89.22,32.62
77.73,89.22,32.72
77.83,89.23,32.53
77.88,89.24,32.43
78.13,87.81,9.12
77.54,87.89,8.31
78.14,89.72,29.82
78.16,89.75,29.68
78.12,89.35,31.67
78.12,89.35,31.62
77.98,87.81,8.94
78.12,89.35,31.56
78.11,89.35,31.78
78.12,89.36,31.49
78.07,89.33,31.96
78.10,89.35,31.84
78.12,89.35,31.72
78.00,89.30,32.17
78.06,89.33,32.03
77.97,89.28,32.25
78.12,89.47,30.53
78.12,89.51,30.41
78.12,89.55,30.30
78.12,89.64,30.09
78.13,89.68,29.96
78.18,89.77,29.53
78.20,89.79,29.38
78.22,89.80,29.23
78.13,89.37,31.22
78.12,89.37,31.38
78.09,89.34,31.90
78.03,89.31,32.10
78.28,89.80,28.93
78.25,89.81,29.08
78.13,89.44,30.68
78.13,89.41,30.85
78.13,89.39,31.03
78.05,87.81,9.03
78.26,87.82,9.32
78.33,87.82,9.43
78.50,87.82,9.89
78.55,87.82,9.99
78.47,87.82,9.79
78.43,87.82,9.68
78.19,87.81,9.21
78.35,89.77,28.70
78.44,89.75,28.46
78.32,89.78,28.80
78.46,89.76,28.38
78.58,89.83,28.06
78.53,89.79,28.21
78.50,89.77,28.30
78.41,89.75,28.53
78.39,87.82,9.56
78.75,90.00,26.73
78.75,89.99,26.38
78.78,90.02,21.25
78.75,90.27,22.19
78.74,90.31,22.62
78.75,90.18,23.94
78.75,90.08,24.31
78.75,90.13,24.12
78.75,90.00,25.62
78.75,90.04,24.50
78.75,90.01,24.73
78.75,90.00,25.00
78.75,90.00,25.31
78.62,89.88,27.89
78.75,90.25,23.55
78.74,90.30,22.47
78.75,90.30,22.79
78.75,90.30,23.09
78.75,90.28,23.34
78.75,90.22,23.74
78.76,90.16,21.71
78.74,90.29,22.32
78.79,90.01,21.18
78.85,90.01,20.97
78.75,89.99,25.96
78.76,90.00,26.59
78.75,89.99,26.17
78.74,90.00,26.82
78.74,90.00,26.92
78.72,89.98,27.22
78.70,89.96,27.39
78.73,89.99,27.08
78.66,89.91,27.72
78.68,89.94,27.55
78.77,90.04,21.32
78.76,90.09,21.53
78.76,90.05,21.39
78.75,90.23,21.93
78.76,90.06,21.46
78.75,90.20,21.81
78.76,90.11,21.61
78.75,90.26,22.05
78.92,90.01,20.79
78.59,87.82,10.09
78.97,87.86,10.70
78.65,87.83,10.19
78.97,89.95,19.60
78.81,90.01,21.11
78.99,90.01,20.55
78.97,89.97,19.70
78.98,89.93,19.49
78.99,89.90,19.38
79.01,89.85,19.27
78.79,87.83,10.41
78.82,90.01,21.04
78.97,90.01,20.63
78.95,90.01,20.71
78.88,90.01,20.88
79.01,90.01,20.46
79.01,90.01,20.37
79.03,89.81,19.11
78.97,89.98,19.80
78.88,87.84,10.53
78.71,87.83,10.30
79.03,87.88,10.84
79.06,89.78,18.94
78.93,87.85,10.62
79.20,88.05,11.30
79.00,87.87,10.77
79.13,87.98,11.13
79.08,87.92,10.96
79.11,87.96,11.08
79.14,89.73,18.61
79.01,90.01,20.19
79.00,90.01,20.10
79.01,90.01,20.29
78.99,90.00,20.00
78.98,90.00,19.91
79.05,87.90,10.90
79.26,89.68,18.16
79.39,88.13,11.64
79.33,88.11,11.53
79.27,88.09,11.43
79.10,87.93,11.02
79.15,88.00,11.18
79.10,89.75,18.77
79.17,88.03,11.24
79.28,89.67,18.02
79.18,89.71,18.44
79.33,89.63,17.74
79.23,89.69,18.29
79.45,88.68,14.00
79.38,89.48,17.11
79.31,89.65,17.89
79.35,89.59,17.59
79.36,89.53,17.36
79.51,88.60,13.71
79.46,89.35,16.65
79.57,89.23,16.29
79.52,89.28,16.46
79.42,89.41,16.87
79.53,88.75,14.76
79.44,88.73,14.35
79.44,88.69,14.09
79.56,88.75,14.85
79.47,88.74,14.54
79.46,88.66,13.91
79.48,88.63,13.82
79.44,88.72,14.27
79.44,88.71,14.18
79.55,88.21,12.02
79.23,88.07,11.36
79.51,88.18,11.89
79.45,88.74,14.44
79.59,88.76,14.95
79.65,88.80,15.12
79.67,88.82,15.20
79.69,88.85,15.29
79.66,88.34,12.55
79.62,88.49,13.29
79.65,88.46,13.04
79.59,88.52,13.42
79.50,88.74,14.65
79.71,88.88,15.37
79.67,88.38,12.68
79.59,88.24,12.16
79.56,88.55,13.56
79.67,88.44,12.92
79.67,88.41,12.80
79.62,88.27,12.29
79.72,88.91,15.46
79.64,88.47,13.16
79.45,88.15,11.76
79.66,89.15,16.07
79.74,88.98,15.62
79.74,89.01,15.71
79.69,89.12,15.97
79.72,89.09,15.88
79.73,89.05,15.80
79.73,88.94,15.54
