61.35,97.97,39.49
61.45,98.04,39.34
61.25,98.10,39.55
61.25,98.41,39.38
61.34,99.32,39.05
61.58,99.42,38.67
61.31,99.48,39.24
61.38,99.39,39.30
61.39,99.84,38.92
61.63,100.16,38.69
60.97,100.00,39.06
61.25,100.00,39.34
61.64,97.92,39.33
61.66,97.71,39.60
61.32,97.85,39.76
61.52,97.71,39.96
61.36,97.86,40.01
61.73,97.81,40.26
61.56,98.12,39.09
61.30,98.08,39.81
61.48,98.05,40.06
61.28,98.44,39.06
61.83,98.25,38.97
61.32,98.32,39.48
61.67,98.45,39.81
61.28,98.75,38.75
61.40,98.51,39.43
61.47,98.91,39.33
61.28,100.31,38.75
61.56,100.03,39.38
61.28,100.31,39.38
61.28,100.62,39.06
61.78,100.59,38.85
61.97,97.56,40.05
61.79,98.14,40.23
61.87,98.80,38.58
61.93,98.37,38.80
62.06,98.35,40.17
61.78,99.16,39.49
61.58,99.39,39.39
61.84,98.92,39.62
61.85,99.94,38.38
61.67,99.69,39.45
61.60,99.93,39.42
61.74,100.05,39.45
62.01,100.22,39.54
62.05,100.55,38.50
61.98,100.75,38.67
62.03,97.64,40.37
62.33,97.80,40.59
62.01,98.00,40.45
62.11,98.19,40.38
62.14,98.77,38.37
62.09,99.30,28.35
62.15,98.84,28.55
62.13,99.08,28.94
62.02,99.38,28.89
62.01,99.29,38.23
62.27,98.77,38.26
61.87,99.49,39.52
62.08,99.32,39.66
62.27,98.91,39.87
62.05,99.41,28.08
62.09,99.41,28.01
62.01,99.29,29.09
61.98,99.46,38.10
62.06,99.45,38.05
62.09,99.58,28.07
62.14,99.56,27.95
62.04,99.52,29.08
62.14,99.35,29.22
62.02,99.58,38.08
62.12,99.55,38.00
62.12,99.80,28.32
62.11,99.86,28.74
62.00,99.79,38.16
61.84,99.78,39.52
62.06,99.78,39.61
62.51,99.77,39.87
62.19,100.15,28.44
62.22,100.30,28.63
62.13,100.17,38.21
62.26,100.42,39.74
62.01,100.65,39.29
62.11,97.75,39.22
62.26,97.47,39.63
62.40,97.55,40.41
62.06,98.02,39.01
62.39,98.14,40.52
62.27,98.46,38.48
62.40,98.16,38.62
62.29,98.05,38.82
62.34,98.45,40.15
62.16,98.54,40.01
62.41,98.35,40.32
62.31,98.59,38.34
62.25,99.24,27.93
62.28,98.66,28.23
62.32,98.63,28.74
62.36,99.30,37.93
62.40,98.84,38.11
62.52,98.45,38.26
62.26,99.95,28.05
62.23,99.82,29.11
62.21,99.80,38.00
62.32,100.47,28.39
62.28,100.36,28.77
62.50,100.22,38.01
62.33,100.46,38.25
62.40,100.63,38.36
62.46,100.38,40.02
62.37,100.77,38.57
62.36,100.73,39.90
62.13,100.80,38.77
62.32,100.88,39.51
62.75,98.33,26.06
62.86,97.33,26.60
62.83,97.47,27.04
62.63,98.26,27.66
62.87,97.58,25.52
62.91,97.36,28.01
62.73,97.44,39.27
62.60,97.35,39.66
62.67,98.41,17.53
62.73,97.89,17.78
62.73,97.87,18.14
62.66,98.18,18.09
62.80,98.06,25.08
62.90,97.62,25.13
62.83,97.54,28.24
62.65,97.87,28.40
62.83,97.63,28.62
62.74,97.89,28.84
62.71,97.84,38.62
63.01,97.63,38.61
62.88,97.56,38.84
62.60,97.63,38.96
62.59,97.40,40.03
62.70,97.64,40.66
63.12,97.82,40.86
62.85,98.03,16.54
62.78,98.20,18.54
62.91,97.88,18.57
62.87,98.11,24.79
62.81,98.23,29.29
62.97,98.06,29.37
62.79,98.11,38.29
62.92,98.45,37.91
62.42,97.81,38.92
62.75,98.05,40.69
62.75,98.44,16.73
62.86,98.18,16.36
62.89,98.12,18.75
62.71,98.57,24.13
62.81,98.41,24.18
62.82,98.32,24.50
62.74,98.37,24.63
62.97,98.20,29.51
62.57,98.17,38.45
62.42,98.60,40.05
62.58,98.51,40.20
62.95,98.53,40.44
62.75,98.89,16.51
62.99,98.91,16.18
62.74,98.79,18.87
62.73,99.28,18.96
62.69,98.71,23.70
62.73,98.81,23.49
62.46,98.23,28.35
62.57,98.26,28.85
62.60,99.22,29.58
62.91,98.76,29.95
62.67,98.74,40.09
62.79,99.20,16.48
63.04,99.48,16.30
62.67,98.85,23.78
62.74,98.96,23.47
62.90,98.88,30.07
62.78,99.16,37.57
62.96,98.72,37.68
62.97,98.96,40.11
62.70,99.13,39.97
62.69,98.74,24.62
62.69,99.18,25.25
62.85,99.28,30.37
62.74,99.38,37.40
62.82,99.33,37.39
62.89,99.65,16.47
62.87,99.77,16.64
62.65,98.99,18.39
62.68,99.72,18.81
62.75,99.33,24.60
62.74,99.61,25.19
62.82,99.85,25.35
62.83,99.94,30.67
62.79,99.52,37.42
63.00,99.39,37.37
62.74,99.37,17.14
62.66,99.75,18.35
62.48,99.69,27.65
62.44,100.51,29.02
62.94,99.84,31.10
62.63,99.76,37.70
62.78,99.99,18.00
62.71,100.00,18.66
62.89,100.20,25.88
62.81,99.92,25.90
62.90,100.35,26.01
62.44,100.76,28.52
62.91,100.24,31.36
62.91,100.21,37.70
62.78,100.44,38.01
63.01,100.42,37.80
62.55,100.51,38.20
62.74,100.16,40.16
62.63,100.52,40.29
62.92,100.26,40.41
63.02,100.50,40.61
62.93,100.59,31.78
62.63,100.67,38.35
62.77,100.78,40.36
62.89,100.70,26.44
62.92,100.96,26.67
62.94,100.92,31.99
62.55,100.92,39.84
63.22,100.98,40.25
62.75,100.15,26.92
62.56,100.72,27.88
62.80,101.43,31.56
62.84,101.76,32.23
62.85,101.22,27.30
62.61,101.24,28.56
62.81,101.55,27.86
62.66,101.51,28.83
62.65,101.32,29.61
62.79,101.87,28.53
62.69,103.20,30.95
62.77,102.82,29.22
62.75,102.79,32.22
62.82,102.19,32.38
62.88,102.69,32.71
62.68,103.73,32.51
62.73,103.85,32.96
62.76,103.78,29.72
62.79,103.43,29.24
62.87,104.51,29.65
62.93,104.98,29.88
62.69,104.15,32.77
62.68,104.00,32.93
62.76,104.58,32.20
62.94,105.15,30.13
62.78,105.01,30.67
62.92,105.32,30.31
62.84,105.27,32.27
62.91,105.11,32.63
62.69,105.41,31.11
62.74,105.40,31.57
62.72,105.59,31.17
62.77,105.76,31.48
62.98,97.14,25.54
62.98,97.09,26.20
63.03,96.96,27.12
62.99,97.18,27.78
62.95,97.35,25.25
63.06,97.12,28.21
63.22,97.38,39.45
62.95,97.35,39.75
62.97,97.81,16.50
62.89,97.84,17.10
62.95,97.72,18.27
62.99,97.95,24.68
62.97,97.70,24.83
63.01,97.35,25.03
63.00,97.25,28.31
63.00,97.44,28.67
62.96,97.80,29.10
63.17,98.00,37.99
63.13,97.83,38.26
63.37,97.48,38.83
63.07,97.39,40.09
63.20,97.54,40.52
62.94,97.97,16.32
62.99,97.85,18.78
62.93,98.14,24.66
63.04,97.99,29.39
63.17,98.14,40.83
62.95,98.39,16.24
62.99,98.05,16.21
62.95,98.03,18.81
62.92,98.66,19.18
62.98,98.89,23.25
62.88,98.47,23.67
62.93,98.19,24.35
63.04,98.11,29.49
63.05,98.18,29.60
62.98,98.42,29.75
63.39,98.40,40.78
63.07,98.54,30.08
63.03,98.55,37.74
63.01,98.72,30.14
63.04,98.76,30.25
62.98,98.94,30.31
62.99,98.83,37.58
63.06,98.64,37.66
63.16,99.21,40.09
62.95,99.37,39.99
63.20,99.00,40.23
62.86,99.15,23.79
63.03,99.07,30.59
63.00,99.72,16.24
62.96,99.79,16.35
62.99,99.90,16.50
63.02,99.57,24.17
62.84,99.69,24.85
62.92,99.90,25.14
62.93,99.34,30.65
62.98,99.42,30.82
63.02,99.59,31.04
62.91,99.95,17.04
62.88,99.91,18.80
62.96,100.09,25.54
63.05,99.70,31.25
63.07,99.86,37.43
62.96,99.68,39.98
63.03,100.24,17.49
63.02,100.32,25.76
62.95,100.38,25.94
63.03,100.57,25.99
62.98,99.88,31.29
63.01,99.98,31.45
63.02,100.20,31.67
63.15,100.27,37.51
63.12,100.38,37.62
63.13,100.50,37.73
62.91,99.87,40.05
63.12,99.85,40.24
62.99,100.68,26.15
63.02,100.38,31.91
62.92,100.60,38.08
63.00,101.02,26.39
62.98,101.11,26.52
63.02,101.24,26.59
63.00,100.57,32.01
63.07,100.72,32.15
62.98,101.37,32.27
62.65,100.90,38.92
62.97,101.16,26.82
63.12,101.55,27.01
62.97,101.65,27.42
63.02,101.79,27.64
62.98,101.87,27.95
63.06,102.17,28.20
62.93,102.48,28.58
62.93,102.92,28.78
62.91,101.95,32.52
62.95,102.31,32.72
63.11,102.49,32.94
62.91,103.34,32.95
62.94,103.70,29.10
62.99,104.52,29.34
62.98,104.83,29.55
63.06,105.05,29.59
63.07,105.19,29.81
62.87,104.20,33.01
63.05,105.27,30.01
62.99,105.28,30.15
63.01,105.49,30.22
63.01,105.41,32.77
62.94,105.42,32.56
62.99,105.01,32.86
62.96,105.80,30.48
62.88,106.01,31.15
62.90,105.80,32.05
63.38,96.18,24.66
63.47,95.84,24.61
63.43,95.94,24.82
63.34,96.34,25.37
63.54,96.11,24.11
63.54,96.18,25.78
63.39,97.05,23.53
63.53,96.53,23.50
63.50,96.40,23.86
63.38,96.58,24.22
63.45,96.32,26.02
63.33,96.42,26.12
63.44,96.41,26.57
63.30,96.49,26.49
63.53,96.92,23.02
63.20,96.59,26.14
63.30,96.61,27.00
63.33,96.81,28.04
63.31,97.36,17.42
63.72,96.95,17.74
63.50,97.18,18.58
63.30,97.51,19.16
63.54,97.23,22.69
63.10,96.79,25.66
63.22,97.08,28.50
63.64,97.02,29.13
63.22,97.55,29.29
63.35,97.50,16.40
63.60,97.53,16.09
63.52,97.36,19.75
63.56,97.63,22.19
63.18,96.96,24.78
63.08,96.99,25.23
63.11,97.22,28.57
63.43,97.39,29.74
63.12,97.60,16.63
63.11,98.03,19.67
63.45,97.55,20.37
63.33,97.79,20.57
63.51,97.69,21.47
63.10,97.89,29.40
63.38,97.65,29.94
63.62,97.37,39.40
63.80,97.41,39.95
63.71,97.70,40.89
64.00,97.87,41.07
63.22,97.90,16.12
63.48,98.24,15.94
63.09,97.79,16.28
63.00,98.07,19.05
63.12,97.70,24.14
63.01,98.02,24.55
63.09,98.05,29.52
63.13,98.05,29.64
63.31,98.17,30.19
63.56,98.07,30.53
63.51,98.03,41.02
63.18,98.87,20.43
63.50,98.25,30.61
63.33,98.76,30.81
63.33,98.40,37.64
63.51,98.19,40.96
63.42,99.10,21.36
63.37,98.27,22.30
63.12,98.58,30.23
63.16,98.64,30.38
63.60,98.68,31.12
63.12,98.65,37.61
63.05,98.99,37.47
63.11,98.51,37.71
63.57,99.15,21.77
63.54,98.94,22.01
63.50,98.83,22.20
63.55,99.00,22.29
63.56,98.91,31.30
63.30,99.57,31.51
63.15,99.54,40.07
63.29,99.37,40.22
63.37,99.10,40.40
63.38,99.75,20.36
63.46,99.46,21.03
63.48,98.99,22.69
63.16,99.38,23.44
63.07,99.14,30.77
63.13,99.27,30.98
63.59,99.35,31.78
63.18,99.81,16.23
63.06,99.86,16.29
63.55,99.82,20.57
63.50,99.64,20.80
63.52,99.52,21.09
63.55,99.16,22.65
63.29,99.82,24.15
63.51,99.81,23.82
63.04,99.84,24.69
63.55,99.73,32.03
63.18,100.02,16.55
63.08,99.54,19.65
63.31,99.95,24.37
63.29,100.07,24.70
63.09,100.06,25.12
63.09,99.79,31.40
63.11,99.93,31.58
63.61,99.98,32.40
63.08,99.76,40.06
63.42,99.61,40.44
63.37,100.26,16.61
63.22,100.50,17.20
63.42,100.41,16.63
63.14,100.60,18.19
63.51,100.40,19.85
63.56,100.22,20.16
63.47,100.03,24.32
63.34,100.46,25.33
63.44,100.31,24.72
63.11,100.52,25.82
63.13,100.27,31.92
63.61,100.49,32.69
63.29,100.36,37.45
63.21,100.45,37.57
63.30,100.10,40.60
63.45,100.35,40.85
63.26,100.64,17.24
63.20,100.75,17.63
63.28,100.81,18.69
63.24,100.40,19.26
63.06,100.45,32.04
63.33,100.83,32.42
63.55,101.19,32.87
63.15,100.66,37.83
63.57,100.69,40.82
63.43,100.80,17.38
63.36,100.94,18.01
63.43,101.00,17.81
63.53,101.04,18.35
63.55,101.08,18.67
63.35,100.85,18.95
63.38,100.76,19.18
63.69,100.89,25.27
63.71,101.06,25.49
63.11,101.08,26.28
63.06,101.23,26.46
63.13,100.96,38.06
62.99,101.18,38.86
63.26,101.15,38.09
63.11,101.13,39.60
64.14,101.06,40.20
64.48,100.92,40.71
63.76,100.93,40.80
63.35,100.94,25.87
63.21,101.32,26.47
63.09,101.29,39.07
63.56,101.28,39.47
63.70,101.37,26.07
63.45,101.57,26.62
63.36,101.77,27.15
63.66,101.73,26.79
63.13,101.77,27.37
63.50,101.31,38.78
63.80,101.37,39.29
63.41,101.87,27.36
63.29,101.95,27.67
63.63,101.97,27.28
63.31,102.27,28.14
63.51,102.18,27.97
63.17,102.87,28.54
63.08,101.87,32.68
63.25,101.86,32.81
63.40,101.93,32.99
63.51,102.56,28.29
63.49,103.29,28.57
63.33,102.85,33.25
63.17,103.75,33.29
63.51,103.45,33.50
63.73,103.86,33.71
63.30,104.10,28.90
63.70,104.42,28.65
63.11,104.49,29.19
63.08,104.86,29.39
63.49,104.98,28.96
63.26,105.19,29.36
63.49,105.51,29.10
63.16,105.49,29.84
63.07,105.43,30.07
63.01,105.64,32.60
63.12,106.07,32.65
63.34,104.86,33.28
63.54,104.14,33.58
63.12,105.89,30.12
63.06,106.76,31.77
63.42,106.61,32.99
63.58,105.83,33.24
63.33,106.14,29.70
63.46,105.86,29.27
63.46,106.96,29.65
63.23,107.11,30.54
63.47,107.54,29.79
63.29,108.67,32.32
63.53,107.68,33.04
63.46,108.61,33.21
63.33,109.44,33.26
63.46,109.19,33.54
63.38,108.78,30.79
63.66,108.39,29.85
63.55,109.44,30.27
63.52,109.94,30.48
63.49,110.25,30.78
63.41,110.14,31.07
63.48,110.53,30.94
63.29,109.92,33.14
63.39,109.98,33.52
63.37,110.91,33.03
63.48,111.14,31.29
63.66,111.03,30.95
63.45,111.87,32.88
63.50,111.71,33.23
63.38,111.08,31.90
63.38,111.85,32.41
63.45,112.03,32.00
63.41,112.15,32.26
63.62,95.88,24.07
63.56,95.88,24.31
63.57,95.81,24.82
63.61,95.98,25.51
63.60,96.06,23.95
63.66,96.09,25.94
63.67,96.53,22.93
63.70,96.19,23.34
63.60,96.19,23.72
63.62,96.23,26.39
63.68,96.37,27.32
63.59,96.57,27.92
63.62,96.81,22.81
63.55,96.70,28.32
63.80,97.29,16.11
63.74,97.17,16.50
63.64,97.01,18.59
63.63,97.14,19.38
63.68,97.34,22.22
63.62,97.31,22.50
63.65,96.93,22.69
63.50,96.81,28.53
63.76,97.22,29.84
63.65,97.31,20.26
63.64,97.50,21.93
63.52,97.38,30.02
63.61,97.45,20.89
63.64,97.49,21.57
63.45,97.51,30.07
63.69,97.64,30.32
63.69,97.91,30.53
63.45,97.93,37.85
63.73,97.63,38.09
63.68,97.99,30.62
63.56,97.99,37.70
63.75,98.12,41.22
63.63,98.10,30.67
63.70,98.23,30.87
63.67,98.51,31.08
63.46,99.10,37.34
63.58,98.39,37.52
63.63,98.09,37.61
63.65,98.57,40.86
63.48,98.84,40.63
63.67,98.31,40.97
63.70,98.60,31.20
63.67,99.12,22.10
63.65,99.13,22.00
63.61,99.07,22.16
63.67,99.24,22.16
63.68,98.71,31.28
63.75,98.78,31.53
63.66,99.10,31.66
63.45,99.14,15.95
63.67,99.26,21.87
63.68,99.37,22.31
63.71,99.19,31.82
63.61,99.65,21.02
63.61,99.77,20.75
63.59,99.41,21.43
63.75,99.66,22.50
63.75,99.69,23.47
63.68,99.36,31.94
63.73,99.48,32.18
63.72,99.68,32.40
63.73,99.92,16.11
63.66,99.90,20.63
63.75,100.00,23.47
63.69,99.80,32.49
63.61,99.38,40.61
63.65,100.24,16.25
63.53,100.34,16.37
63.60,100.43,16.45
63.71,100.35,20.27
63.66,100.46,20.04
63.64,100.07,20.45
63.75,100.31,24.72
63.68,100.00,32.59
63.78,100.14,32.83
63.72,100.97,33.03
63.58,99.81,40.66
63.66,100.10,40.88
63.75,100.31,41.22
63.52,100.57,16.85
63.78,100.69,19.94
63.67,100.53,24.93
63.45,100.02,37.29
64.20,100.84,16.95
63.63,100.93,17.47
63.42,100.96,17.68
63.54,101.09,17.81
63.51,100.95,19.09
63.51,101.06,18.86
63.58,100.77,19.46
63.58,100.68,37.41
63.42,101.01,37.63
63.50,101.13,37.64
63.81,101.20,17.87
63.77,101.22,18.79
63.90,101.23,25.60
63.57,101.24,37.96
64.72,101.13,40.00
64.05,101.24,18.05
64.38,101.43,18.55
63.95,101.37,25.82
65.01,101.45,39.45
63.87,101.88,26.85
63.88,102.03,27.05
63.57,102.06,27.69
63.66,102.19,27.86
63.66,102.34,28.05
63.60,101.63,33.10
63.75,102.61,28.16
63.64,102.88,28.41
63.69,103.36,28.51
63.55,102.17,33.24
63.63,102.43,33.40
63.79,103.72,28.49
63.65,105.25,28.83
63.58,105.48,28.95
63.59,105.91,29.05
63.63,104.73,33.60
63.73,106.00,33.29
63.67,106.72,33.18
63.66,105.41,33.42
63.55,106.40,29.29
63.68,107.07,29.30
63.57,107.43,29.52
63.58,107.78,29.61
63.68,107.40,33.18
63.63,107.88,33.26
63.62,108.23,33.48
63.62,108.94,33.75
63.83,109.33,29.82
63.75,109.72,30.01
63.61,109.76,30.17
63.65,109.95,30.25
63.63,110.15,30.50
63.59,110.35,30.74
63.52,110.48,30.87
63.55,110.68,30.92
63.52,110.41,33.67
63.60,111.86,33.31
63.54,112.03,33.05
63.58,111.26,33.52
63.73,111.93,31.39
63.56,112.17,32.55
63.59,112.24,31.90
63.88,95.56,23.95
64.08,95.25,24.20
64.37,95.20,24.86
63.84,95.66,25.50
64.07,95.53,22.97
64.02,95.48,25.98
63.91,96.41,22.17
64.16,95.91,22.04
64.10,95.75,22.53
63.91,95.91,22.96
63.69,95.74,24.05
63.76,95.96,26.09
63.89,95.68,26.38
63.86,95.85,26.53
64.08,95.79,27.10
63.91,95.92,26.93
64.13,96.19,21.23
63.68,95.89,23.85
63.74,96.10,26.32
63.85,96.07,26.97
63.97,96.24,27.90
63.98,96.65,18.91
64.37,96.42,18.32
64.12,96.41,19.93
63.91,96.70,20.48
63.79,96.29,22.82
63.98,96.40,28.23
63.85,96.60,28.45
64.59,96.47,28.85
63.95,96.65,28.75
63.85,96.78,18.24
64.02,96.71,17.66
63.76,96.90,19.04
63.75,96.83,22.54
63.74,96.60,22.68
63.68,96.76,28.69
63.96,96.75,29.10
63.99,96.86,16.83
63.74,97.12,20.29
63.76,97.01,22.30
64.76,97.02,30.06
63.83,97.28,30.10
63.70,97.31,20.83
63.75,97.18,21.52
63.60,97.44,30.18
63.97,97.34,30.25
64.36,97.34,30.46
64.04,97.99,15.65
64.19,97.74,30.79
63.82,97.92,30.69
64.02,97.80,37.64
64.14,98.12,15.39
63.73,98.03,30.73
63.87,97.98,30.82
63.99,98.03,31.06
63.85,98.23,37.45
64.37,98.01,37.31
63.72,97.91,37.66
64.16,98.28,15.29
64.22,98.24,15.17
63.90,98.31,31.24
63.78,98.51,31.26
64.15,98.75,37.02
64.52,98.18,37.08
63.75,99.17,40.85
63.78,98.44,40.94
64.06,98.16,41.25
63.98,98.75,41.36
64.18,98.59,15.28
63.76,98.62,31.34
63.92,98.53,31.50
63.89,98.71,31.76
64.09,99.42,36.81
64.49,99.13,36.49
64.15,98.95,41.60
64.27,99.05,41.76
64.19,98.97,15.27
64.07,99.14,15.46
63.72,99.23,22.03
63.71,99.23,22.10
63.91,98.97,31.95
63.77,99.11,31.87
63.86,98.79,15.60
63.73,99.43,21.90
63.75,99.24,31.96
63.80,99.21,32.04
63.90,99.28,32.29
63.90,99.39,15.73
63.69,99.83,20.84
63.75,99.80,21.22
63.87,99.51,32.49
63.76,99.68,32.53
64.15,99.30,41.65
64.42,99.33,41.72
63.74,100.01,20.73
63.85,99.83,22.04
63.74,99.82,32.62
63.92,99.68,32.74
63.97,99.86,33.00
63.74,99.75,40.82
63.78,100.00,40.94
64.08,99.49,41.47
63.98,100.30,16.20
63.72,100.36,16.27
63.79,100.53,20.20
64.14,100.34,21.65
64.06,100.13,22.78
64.00,100.37,23.79
64.21,100.37,23.16
63.78,100.31,24.69
64.01,100.52,33.20
63.84,101.24,33.26
64.16,99.81,36.72
64.32,99.95,36.52
64.06,100.28,41.25
63.96,100.49,16.44
63.89,100.63,20.25
63.89,100.33,20.75
64.04,100.59,24.10
63.86,100.54,24.50
64.01,101.36,33.41
64.64,101.07,33.62
63.90,99.91,37.04
63.95,101.05,17.47
64.26,101.07,17.26
63.60,101.04,17.69
63.64,101.12,18.97
63.77,101.08,19.27
63.95,101.01,19.77
64.05,100.82,20.34
64.19,100.63,20.99
64.05,100.73,24.35
63.77,100.72,24.90
64.25,100.83,37.12
63.95,101.07,37.43
64.32,101.18,37.41
63.65,101.03,37.44
63.91,101.18,17.73
63.86,101.23,19.05
63.76,101.18,37.61
64.08,101.36,18.95
64.25,101.32,19.55
64.25,101.38,38.02
63.83,102.14,27.23
63.87,102.31,27.49
63.91,102.26,27.26
63.71,102.16,27.64
63.78,102.36,27.86
63.70,101.72,33.25
63.81,101.82,33.39
63.90,102.44,33.58
63.92,102.63,27.85
63.87,102.84,28.13
64.01,102.97,27.97
63.78,102.97,28.34
63.93,103.15,28.22
64.13,103.32,28.07
63.82,103.32,28.40
63.92,103.28,33.77
64.03,103.71,28.28
63.86,104.11,28.46
63.94,104.44,33.89
63.78,105.05,33.77
63.87,106.86,33.91
64.30,105.27,34.18
63.92,105.74,28.74
64.23,105.42,28.49
63.68,105.74,28.89
63.76,105.75,33.62
63.78,106.55,33.32
63.78,106.05,33.42
64.04,106.53,28.83
64.70,106.58,28.59
63.75,106.35,29.00
63.91,107.02,29.06
63.86,107.46,29.27
64.04,107.53,29.16
63.75,107.77,29.46
63.73,107.30,33.31
63.76,107.07,33.55
64.04,107.94,29.31
64.32,107.98,29.12
63.97,108.30,29.48
64.09,108.82,29.51
63.98,109.08,29.63
64.04,108.11,34.28
63.99,109.83,29.85
63.72,109.87,30.10
64.08,109.79,34.60
63.98,110.62,34.57
64.09,110.64,34.80
63.89,110.16,30.16
64.05,110.06,29.91
63.73,110.40,30.58
63.65,110.62,30.81
64.16,110.69,30.22
64.18,111.09,30.49
64.00,111.12,34.39
64.06,110.99,34.70
63.90,110.78,30.58
63.82,110.16,34.04
64.07,111.33,30.71
63.94,111.65,30.92
63.61,112.04,33.09
63.73,111.74,33.34
64.11,111.58,34.30
64.15,111.35,34.60
64.00,111.71,33.83
63.80,112.39,32.01
64.13,112.26,33.55
64.17,112.14,33.85
63.98,112.55,32.15
63.97,112.35,32.88
64.17,112.64,31.69
64.11,112.64,32.35
64.27,95.23,22.87
64.18,95.11,23.85
64.42,95.30,25.99
64.20,95.46,22.58
64.11,95.45,26.44
64.28,96.00,21.11
64.30,95.76,21.69
64.24,95.62,22.25
63.96,95.59,26.60
64.17,96.05,27.85
64.22,96.19,20.60
64.14,96.18,28.26
64.22,96.64,17.29
64.27,96.27,19.82
64.10,96.27,28.34
64.27,96.30,28.53
64.36,96.65,29.27
64.14,96.74,16.91
64.07,96.75,29.35
64.02,97.35,15.99
64.08,96.96,16.33
64.18,96.80,16.53
63.97,96.80,29.36
64.12,96.86,29.49
64.76,97.02,30.34
64.68,97.09,30.40
64.15,97.52,15.85
64.23,97.90,15.48
64.22,97.72,15.69
64.23,97.57,15.78
64.33,97.88,31.16
64.45,97.74,37.47
64.49,97.55,37.72
64.09,97.43,38.42
64.20,98.11,15.29
64.14,98.00,31.27
64.47,98.38,15.04
64.34,98.18,15.05
64.26,98.15,15.15
64.07,98.12,31.32
64.38,98.23,31.59
64.22,98.50,31.81
64.45,98.65,36.75
64.57,98.35,36.89
64.37,98.51,41.57
64.43,98.83,41.75
64.68,99.05,15.00
64.00,98.65,31.91
64.35,99.12,15.14
64.21,99.12,15.28
64.22,99.23,15.36
63.99,98.76,31.96
64.50,98.79,32.19
64.33,99.06,32.35
64.16,99.35,15.51
64.11,99.24,32.49
64.28,99.61,15.59
63.99,99.76,15.85
64.08,99.95,15.92
64.02,99.36,32.55
64.40,99.39,32.81
64.22,99.57,33.00
64.40,100.12,15.96
64.12,99.68,33.12
64.33,99.81,41.62
64.30,100.30,22.41
64.30,100.37,22.10
64.32,100.34,22.70
64.36,100.47,23.05
64.07,99.91,33.17
64.29,100.15,33.31
64.34,100.09,41.49
64.97,100.45,16.22
64.42,100.64,21.71
64.23,100.58,23.66
64.43,100.45,36.77
65.14,100.89,16.61
64.21,101.00,20.42
64.14,101.05,20.15
64.33,100.91,20.89
64.28,100.81,24.04
64.07,100.94,24.71
63.98,101.10,25.16
64.57,100.82,36.92
64.46,101.24,17.44
64.21,101.17,20.00
64.63,101.34,37.49
64.52,101.34,17.76
64.33,101.48,25.82
63.86,101.58,26.34
63.99,101.74,26.55
64.74,101.51,37.75
64.11,101.87,26.67
64.31,102.08,26.81
63.98,102.18,27.09
64.04,102.32,27.18
64.04,102.40,27.32
64.27,102.63,27.48
64.05,102.80,27.75
64.14,102.96,27.77
64.27,103.20,27.86
64.54,103.67,27.92
64.12,102.50,33.73
64.42,104.36,28.13
64.03,104.30,28.33
64.00,104.67,28.42
64.04,103.28,33.84
64.16,103.72,33.96
64.18,106.98,28.83
64.07,107.28,29.00
64.19,107.56,29.03
64.35,108.62,29.29
64.38,109.32,29.41
64.20,109.31,29.52
64.11,109.58,29.65
64.22,107.38,34.37
64.18,108.61,34.51
64.35,109.13,34.75
64.30,110.42,34.94
64.20,110.16,29.84
64.42,110.74,29.96
64.30,111.00,30.28
64.34,111.18,30.40
64.29,111.31,30.54
64.21,111.05,34.85
64.37,111.53,30.59
64.17,111.70,30.76
64.12,111.97,30.88
64.27,111.58,34.56
64.22,111.65,34.42
64.30,111.41,34.74
64.32,112.25,33.98
64.26,112.36,33.75
64.25,111.91,34.20
64.18,112.31,31.05
64.35,112.55,33.53
64.27,112.80,32.39
64.29,112.72,32.90
64.60,94.69,23.50
65.03,94.66,23.21
65.00,94.59,23.69
64.63,94.64,23.70
64.35,94.90,23.43
64.57,94.87,23.04
64.62,94.78,23.95
65.02,94.82,24.27
64.53,95.48,21.44
64.93,95.21,21.23
64.67,95.08,22.28
64.78,94.96,24.48
65.52,95.08,25.92
64.53,95.32,26.62
65.04,95.22,26.87
64.61,95.30,26.91
64.67,95.61,20.51
64.31,95.47,22.20
64.15,95.52,26.84
64.59,95.43,27.18
64.99,95.49,27.57
64.60,96.02,19.47
64.87,95.80,19.27
64.73,95.70,20.02
64.57,95.84,20.26
64.41,95.83,21.07
64.88,95.84,28.06
64.35,96.09,28.32
64.44,96.16,19.55
64.56,96.18,18.80
64.35,96.06,20.47
64.25,96.20,28.47
64.60,96.17,28.55
65.66,96.13,28.68
64.60,96.59,16.64
65.20,96.46,16.59
64.83,96.42,17.18
64.41,96.56,17.18
64.49,96.31,18.32
64.41,96.69,29.49
64.37,96.85,16.25
64.84,96.62,16.15
64.30,96.70,16.73
64.16,96.78,29.50
64.73,96.74,29.72
65.32,96.74,29.91
64.66,97.11,15.78
65.12,96.83,15.90
64.64,97.14,38.66
64.90,96.90,38.67
65.15,96.96,39.16
64.66,97.13,39.08
64.39,97.53,15.63
64.68,97.54,15.37
64.30,97.36,15.83
64.34,97.31,38.62
64.50,97.35,38.15
64.49,97.28,39.26
64.42,97.83,15.31
65.13,97.72,31.30
64.42,97.92,31.35
65.75,97.46,40.03
64.36,98.05,15.12
64.57,97.97,15.08
64.28,98.03,15.26
64.24,98.05,31.42
64.62,97.98,31.51
65.26,98.00,31.70
65.36,98.34,32.03
64.35,98.55,32.00
64.16,98.67,32.04
64.66,98.58,32.13
65.58,98.62,32.29
64.51,99.26,15.14
64.32,99.20,15.23
65.60,98.94,32.56
64.57,99.12,32.59
64.39,99.37,15.32
64.31,99.26,32.66
65.05,99.11,32.79
65.43,99.23,33.02
65.06,99.49,36.16
64.94,99.55,15.17
64.65,99.88,15.61
65.31,99.90,15.48
64.22,99.86,15.79
64.92,99.47,33.16
64.39,99.61,33.18
64.51,99.68,36.26
64.76,99.93,36.17
64.42,100.01,15.82
64.26,99.77,33.23
64.75,99.90,33.36
64.35,99.73,36.37
64.64,99.91,41.60
65.14,100.14,15.75
64.43,100.47,22.38
64.43,100.46,22.76
64.58,100.10,36.32
64.50,100.30,36.52
64.52,100.20,41.52
64.54,100.64,22.32
64.52,100.71,23.11
64.36,101.13,20.49
64.56,101.08,21.10
64.60,100.92,21.61
64.65,100.80,22.29
64.49,101.04,24.30
64.80,101.02,23.62
64.23,101.10,24.81
64.50,101.29,20.23
64.81,101.28,20.89
64.63,101.20,24.60
64.40,101.24,25.00
64.79,101.19,33.77
65.13,101.53,20.33
65.11,101.41,20.90
65.04,101.33,24.44
64.73,101.43,25.26
64.65,101.60,25.99
64.70,101.69,26.09
64.82,101.66,26.04
64.24,101.66,26.25
64.78,101.75,33.92
64.53,101.86,26.40
64.67,102.54,34.08
64.80,102.30,34.09
65.34,102.15,26.42
65.10,102.42,26.88
65.94,102.39,26.54
64.27,102.29,27.04
64.41,102.46,27.19
65.34,102.69,27.21
64.88,102.92,27.45
66.12,102.97,27.32
64.27,102.87,27.62
64.50,103.08,27.64
64.65,103.34,27.71
64.31,102.54,33.85
64.46,103.13,34.04
64.98,103.19,34.25
65.24,104.30,27.88
64.20,104.70,28.27
64.71,104.15,34.33
64.62,105.22,34.39
64.41,106.53,34.40
64.72,106.70,34.61
64.96,107.31,34.93
64.54,104.90,28.16
64.80,104.76,28.05
64.45,105.18,28.28
65.01,105.88,28.29
64.45,107.16,28.70
64.93,107.40,28.64
64.26,107.36,28.86
64.55,107.54,28.74
64.99,108.10,28.73
64.46,107.76,28.90
64.65,108.19,28.94
64.56,108.42,29.10
64.65,109.42,29.25
64.34,109.78,29.55
64.36,107.86,34.53
64.49,108.13,34.67
64.64,108.41,34.85
64.56,109.77,35.12
64.46,110.61,35.12
64.59,110.64,35.26
64.89,110.12,35.48
64.59,109.96,29.43
64.92,110.10,29.22
64.47,110.30,29.65
64.75,110.68,29.57
64.60,111.01,29.96
64.76,111.00,29.73
64.43,111.08,30.20
64.49,111.27,30.31
64.65,111.47,30.33
64.52,111.78,30.56
64.71,111.74,30.42
64.33,111.84,30.70
64.28,111.73,34.43
64.36,111.72,34.54
64.49,111.36,34.97
64.69,111.11,35.36
64.68,112.01,30.53
64.80,112.01,30.45
64.39,112.42,33.89
64.77,112.20,34.85
64.79,111.86,35.26
64.48,112.15,30.71
64.51,112.51,33.92
64.55,112.26,34.30
64.40,112.95,32.28
64.54,112.99,31.77
64.50,112.97,32.89
64.61,112.86,33.46
64.70,112.69,33.98
64.74,112.57,34.23
64.50,113.07,32.63
64.62,113.17,32.87
64.61,113.16,32.38
64.62,113.24,32.72
64.82,94.79,23.00
65.05,94.59,23.94
65.13,94.66,24.09
64.72,94.90,22.78
64.79,95.44,20.60
65.10,94.97,21.91
64.87,94.92,22.51
64.93,95.25,27.13
64.99,95.31,27.29
64.77,95.58,20.17
64.73,96.08,18.51
64.81,95.65,19.83
65.37,95.82,28.29
65.79,95.88,28.35
64.60,96.23,18.28
64.88,96.48,16.13
65.01,96.46,16.22
65.01,96.24,17.57
64.60,96.29,18.04
65.14,96.57,29.49
65.56,96.61,29.82
65.06,97.32,15.46
65.25,97.07,15.69
65.07,97.04,30.52
64.79,97.17,30.59
64.87,97.24,37.93
64.88,97.04,38.26
65.02,96.88,38.35
65.34,97.13,39.49
65.64,97.24,39.71
65.08,97.72,15.18
64.67,97.32,30.62
64.79,97.38,37.75
64.54,97.46,30.68
64.75,97.53,30.89
65.87,97.73,31.50
65.92,97.81,31.63
64.80,97.72,37.31
64.89,97.54,37.46
64.92,97.45,37.55
64.85,98.11,14.97
64.72,97.94,37.15
66.16,98.32,32.19
66.39,98.44,32.25
64.75,98.50,36.60
64.80,98.22,36.81
64.78,98.08,36.97
64.71,98.50,41.68
64.83,98.79,41.76
64.74,98.73,36.41
65.72,99.00,32.81
65.85,99.09,32.94
64.83,98.73,36.36
64.79,98.75,36.34
64.95,99.16,41.72
64.92,99.43,14.89
64.97,99.53,14.91
65.63,99.65,33.39
65.48,100.14,33.55
64.75,99.54,41.71
65.79,100.04,15.54
65.40,100.43,36.16
65.82,100.16,15.67
64.92,100.37,36.33
64.70,100.35,36.43
64.73,100.50,36.58
64.60,100.20,41.35
64.78,100.63,36.69
64.75,100.98,16.81
64.55,100.99,16.94
64.59,101.11,17.10
64.79,100.92,22.46
64.76,100.96,22.12
64.79,100.92,22.91
64.92,101.04,23.25
64.89,100.83,36.79
64.68,100.98,37.00
64.69,101.15,37.17
64.95,101.30,17.19
64.88,101.13,21.74
65.10,101.16,23.53
64.97,101.31,37.24
65.21,101.41,17.43
64.47,101.54,19.09
64.70,101.57,19.57
64.85,101.56,25.67
64.77,101.60,25.92
64.95,101.67,26.00
65.00,101.63,34.01
65.11,101.99,34.09
65.04,101.47,37.47
64.85,101.65,38.03
64.94,101.69,38.52
65.00,101.72,26.03
65.86,102.53,26.78
66.09,102.62,26.96
65.33,103.32,27.49
64.88,103.41,27.64
64.71,103.49,27.75
64.79,103.61,27.77
64.94,103.81,27.77
64.91,103.67,34.38
64.85,103.85,34.40
64.79,104.27,34.41
64.93,104.83,34.52
65.50,105.20,34.81
65.26,105.21,28.09
65.40,105.78,28.15
64.84,108.53,28.84
64.73,108.58,28.98
64.69,108.91,29.10
64.78,108.33,34.96
64.71,108.92,35.05
64.76,109.25,35.23
64.92,109.50,29.02
65.28,110.79,29.30
64.98,110.93,29.48
64.85,110.96,29.58
64.86,111.08,29.69
64.76,111.19,29.97
64.98,111.38,30.02
64.81,111.52,30.27
64.86,111.66,30.30
64.91,111.91,30.35
64.87,111.44,35.53
64.92,112.27,35.26
64.89,112.31,35.11
64.94,112.07,35.42
65.12,112.44,30.49
64.97,112.53,34.93
64.60,112.64,30.95
64.57,112.89,31.30
64.90,113.08,31.41
64.90,112.85,34.11
64.86,112.94,33.86
64.89,112.66,34.42
64.91,113.18,31.79
64.90,113.15,33.57
64.97,113.33,32.11
64.79,113.36,32.78
65.07,94.73,22.90
65.15,94.81,22.52
65.55,94.79,22.07
64.89,94.83,22.81
65.24,95.37,19.74
65.66,95.26,19.53
65.71,95.08,20.81
65.07,95.31,20.42
65.01,95.56,19.51
65.15,95.56,19.25
64.91,95.52,19.91
65.36,95.93,17.92
65.96,95.81,17.99
65.41,95.76,18.47
64.98,95.95,18.40
65.21,95.67,18.94
65.75,95.68,28.11
65.33,96.04,17.57
65.83,96.08,17.29
64.86,96.12,17.98
65.02,96.49,16.15
65.09,96.45,16.20
65.82,96.30,17.06
65.22,97.30,37.67
65.19,96.83,38.31
65.29,97.13,30.84
64.93,97.26,30.74
65.08,97.30,37.63
65.21,96.74,38.75
64.80,97.39,30.75
65.10,97.37,30.94
65.70,97.33,31.11
65.07,97.47,37.44
65.01,97.35,37.61
65.63,97.88,15.22
65.06,97.81,37.10
64.68,97.68,40.76
64.46,97.81,41.09
65.22,98.04,15.01
65.46,98.01,15.08
65.64,98.00,15.15
64.96,98.17,36.77
64.92,97.91,37.05
65.14,98.51,14.91
65.42,98.20,14.98
65.61,98.09,15.09
64.97,98.44,36.48
64.65,98.25,41.41
65.15,98.45,41.60
64.95,98.59,36.35
65.11,98.47,36.54
64.88,98.59,36.38
65.22,98.76,41.67
65.36,99.39,41.46
65.60,99.23,41.38
65.52,99.45,41.36
65.39,99.05,41.55
65.02,99.32,14.85
65.12,99.47,14.89
65.05,99.50,41.61
65.20,99.75,41.41
65.30,100.06,41.21
65.11,100.52,36.38
64.91,100.47,36.45
64.99,100.63,36.57
64.93,100.51,41.04
65.22,101.12,16.79
65.61,101.03,16.63
64.80,101.08,16.91
64.90,101.03,22.54
64.91,101.02,22.97
65.29,100.77,36.50
65.26,101.05,36.81
65.46,100.97,36.59
64.94,101.06,36.97
64.32,100.83,40.95
65.00,101.21,16.99
65.20,101.22,22.41
65.10,101.13,23.02
65.07,101.19,37.05
64.98,101.78,18.88
65.69,101.84,18.56
64.83,101.71,19.26
65.15,101.73,19.69
65.58,101.44,21.45
65.74,101.40,23.10
65.07,101.54,25.30
65.13,101.68,25.73
65.33,101.72,25.47
64.98,101.65,25.88
65.18,101.68,37.79
65.12,101.72,38.95
65.19,101.91,18.94
65.19,101.87,19.18
65.11,101.72,25.95
65.57,101.98,18.87
65.75,101.91,19.55
65.40,101.87,25.89
65.03,103.52,27.61
64.85,103.51,27.69
64.96,103.64,27.68
65.27,103.78,27.60
65.13,103.88,34.47
64.97,103.81,34.44
64.92,104.04,34.45
65.09,104.23,34.53
65.25,106.37,34.98
65.16,107.10,35.13
64.99,107.88,35.16
65.24,107.85,35.35
65.38,108.06,35.45
65.04,108.90,28.73
65.48,108.85,28.63
64.87,108.97,28.90
64.84,108.44,35.10
64.96,108.73,35.31
65.39,108.68,35.48
65.24,109.40,28.69
65.52,109.47,28.65
65.05,109.40,28.82
65.49,109.62,35.62
65.41,109.99,28.85
65.18,110.45,35.80
64.99,111.10,35.71
65.13,111.24,35.88
65.32,110.88,36.06
65.13,111.08,29.52
64.96,111.05,29.56
65.02,111.19,29.72
65.48,111.37,29.63
65.21,111.57,29.99
65.63,111.88,29.91
64.97,111.54,30.17
65.09,111.74,30.17
65.18,112.05,30.22
64.96,112.44,35.15
65.03,112.43,35.22
65.15,112.12,35.60
65.26,111.58,36.01
65.11,112.89,30.80
64.99,113.01,31.08
65.01,112.96,34.16
65.45,113.02,35.30
65.41,112.76,35.72
65.39,113.11,30.97
65.14,113.10,34.21
65.18,112.85,34.78
65.90,113.09,30.78
65.88,113.29,31.44
65.15,113.59,32.21
66.15,113.61,31.83
64.96,113.62,32.81
65.14,113.51,33.49
65.34,113.29,34.27
65.44,113.17,34.81
65.06,113.74,32.28
65.03,113.73,32.51
65.61,113.80,32.33
65.31,113.76,33.20
65.66,94.67,22.40
65.55,94.65,22.74
65.68,94.56,24.14
65.48,94.68,24.36
65.34,94.83,24.51
65.41,95.42,19.16
65.10,94.94,24.56
65.13,94.99,24.97
65.40,95.21,27.22
65.36,95.33,27.46
65.32,95.56,18.98
65.29,95.48,27.61
66.29,95.97,17.28
66.07,95.90,17.54
65.70,95.60,18.49
65.43,95.61,18.73
65.25,95.62,27.85
65.50,95.61,27.91
65.47,96.52,16.35
65.26,96.65,16.10
65.73,96.98,37.97
65.51,96.74,38.42
65.52,97.03,30.91
65.62,97.09,30.97
65.58,96.63,38.89
65.50,96.71,39.12
65.75,97.44,37.50
65.64,98.10,36.86
64.71,97.96,41.16
65.58,98.42,14.95
65.70,98.25,15.04
65.58,98.22,41.28
65.50,98.56,36.38
65.61,98.63,41.48
65.44,99.16,14.93
65.78,98.97,41.37
65.88,99.47,41.21
65.55,99.48,15.06
65.30,100.76,33.76
65.54,100.82,36.33
65.52,100.91,36.45
65.60,101.04,36.52
65.37,100.76,40.88
65.87,101.20,16.84
65.06,101.01,33.80
65.52,101.12,36.70
65.40,101.32,17.04
65.37,101.66,20.18
65.30,101.69,20.05
65.47,101.57,24.68
65.30,101.59,25.05
65.49,101.74,25.22
65.11,101.20,33.89
65.31,101.43,34.01
66.14,102.08,34.24
65.44,101.38,37.03
65.36,101.59,37.49
65.50,101.75,37.65
65.23,101.61,39.41
65.14,101.67,39.21
65.42,101.60,39.56
65.93,102.04,18.67
65.47,101.79,19.89
65.62,101.85,25.41
65.53,101.87,37.83
65.45,101.82,38.98
65.89,102.08,18.75
65.38,101.88,38.14
65.46,101.90,38.61
65.63,102.98,34.36
65.62,103.64,27.46
65.35,103.33,34.38
65.59,103.82,27.50
65.23,103.57,34.41
65.41,103.98,34.54
65.44,105.99,35.05
65.33,106.48,35.13
65.50,106.89,35.32
65.79,107.65,35.43
66.15,109.33,28.63
65.55,109.77,35.67
65.84,110.07,28.70
65.39,109.97,35.74
65.59,110.17,35.97
65.60,110.67,36.25
65.88,111.16,29.26
65.87,111.39,29.45
65.43,112.15,30.11
65.26,112.26,30.24
65.41,112.44,30.26
65.71,112.67,30.32
65.48,111.36,36.23
65.52,112.91,35.87
65.54,113.13,35.66
65.43,112.25,36.01
66.17,112.99,30.50
65.70,113.33,35.52
66.18,113.17,30.62
65.58,113.47,34.36
65.46,113.52,34.04
65.65,113.40,34.82
66.89,113.77,31.87
65.42,113.64,33.78
66.62,114.04,32.24
65.90,94.69,22.45
65.82,94.61,22.68
65.93,94.60,24.62
65.75,94.72,24.79
66.13,94.63,25.07
65.95,94.69,25.06
65.42,94.88,24.79
65.87,94.78,25.27
66.28,94.80,25.61
65.80,95.36,18.91
66.04,95.26,27.64
65.58,95.42,27.63
65.66,95.50,18.66
66.05,95.46,18.52
65.50,95.49,18.86
65.45,95.54,27.75
65.76,95.49,27.86
66.32,95.39,28.03
66.11,95.66,18.26
65.92,96.64,16.46
66.30,96.60,16.62
66.23,96.47,16.76
65.70,96.70,16.26
66.06,96.74,16.42
66.34,96.72,16.57
65.98,96.62,38.79
65.84,96.64,39.12
65.75,97.41,15.53
65.81,96.94,15.95
66.09,96.83,16.27
66.52,96.84,16.47
65.66,97.06,30.83
65.92,97.17,31.00
66.08,97.21,37.78
66.20,96.89,38.11
65.93,96.71,38.37
65.89,96.78,39.31
66.02,97.47,37.54
66.31,97.48,37.62
66.35,97.30,37.78
66.14,97.82,37.25
66.05,97.66,40.44
65.77,97.73,40.73
66.59,97.83,40.52
65.99,98.15,36.92
66.30,98.16,36.99
66.40,98.00,37.17
66.17,97.82,40.75
66.64,97.95,40.66
65.63,97.88,40.97
65.91,98.46,15.06
66.07,98.44,36.67
66.49,98.03,40.81
66.13,98.07,41.03
66.29,98.30,41.10
65.71,98.74,14.96
65.80,98.64,36.37
66.04,98.73,36.41
66.20,98.69,36.53
66.22,98.72,41.20
65.90,99.02,15.01
65.93,99.20,15.05
66.14,99.21,15.14
66.11,99.09,15.11
66.23,99.08,15.17
65.78,98.99,36.12
66.25,98.86,36.22
66.21,98.81,36.40
65.96,99.35,15.12
66.33,99.12,15.26
65.82,100.14,41.01
66.19,100.55,40.78
66.52,100.46,40.74
66.38,100.63,40.74
65.82,100.48,40.89
66.28,100.31,40.83
65.81,100.66,40.86
66.10,100.71,40.79
65.94,100.54,33.82
65.52,100.77,33.85
65.84,101.03,36.28
65.66,101.00,36.40
65.37,100.99,33.90
65.85,101.02,34.00
65.74,101.22,36.54
65.96,101.41,17.25
65.49,101.74,20.08
65.61,101.72,20.23
65.83,101.69,20.47
65.80,101.60,20.79
65.83,101.58,24.15
65.79,101.75,24.67
66.12,101.79,24.37
65.53,101.69,24.95
65.90,101.52,36.64
65.87,101.67,36.94
66.07,101.71,36.63
65.65,101.69,37.36
65.38,101.72,39.24
65.69,101.72,39.43
66.11,101.72,39.72
65.70,101.82,20.00
65.88,101.86,24.78
65.78,101.84,25.01
65.94,101.84,37.22
65.77,101.89,37.58
65.85,101.85,39.16
66.11,101.85,20.21
66.18,101.93,24.67
66.15,101.98,25.24
66.17,102.05,37.34
65.86,102.05,37.85
66.12,102.02,38.86
66.16,101.93,39.12
66.16,103.04,34.48
65.66,103.34,34.45
66.15,103.47,27.41
65.47,103.59,34.46
65.84,103.82,34.60
65.93,103.77,27.48
65.90,105.18,28.06
66.00,105.37,35.05
65.92,105.54,28.13
65.96,105.60,35.13
65.72,105.88,35.17
65.80,106.33,35.36
65.99,106.33,35.44
65.52,106.28,35.22
66.01,106.66,35.41
66.51,108.58,35.52
66.09,109.58,35.76
65.61,109.86,35.75
65.84,109.82,35.84
66.26,109.75,36.05
66.03,110.33,36.40
65.77,111.08,36.48
65.87,111.49,36.62
65.95,111.52,36.70
65.83,112.28,30.03
65.49,112.32,30.16
65.81,112.53,30.17
66.33,112.79,30.27
65.63,113.16,35.81
65.63,112.77,36.04
65.69,111.95,36.35
65.94,112.05,36.56
65.74,113.16,35.90
65.82,112.75,36.20
65.65,113.59,34.30
65.79,113.59,34.71
65.90,113.60,35.17
65.91,113.33,35.86
66.03,112.97,36.32
65.56,113.73,33.91
65.77,113.71,34.44
65.66,113.83,33.85
66.01,113.90,34.60
65.98,94.63,22.88
65.86,94.59,23.48
66.23,94.65,25.38
66.31,94.68,25.52
65.98,94.85,21.84
66.17,95.31,18.79
66.36,95.21,19.44
66.49,94.96,21.71
66.43,95.23,27.95
66.56,95.24,28.03
66.47,96.68,38.85
66.23,96.69,39.15
66.37,96.71,38.48
66.31,96.81,39.34
66.30,97.36,31.10
65.95,98.18,15.19
66.14,98.45,15.17
66.18,98.79,15.14
66.17,100.59,35.86
66.18,100.78,34.01
66.32,101.12,34.09
66.07,101.66,20.80
66.04,101.68,20.67
66.14,101.45,36.34
66.12,101.65,36.45
66.23,101.76,36.48
66.15,101.76,20.56
66.50,101.93,24.32
66.26,101.85,36.77
66.80,101.93,39.77
66.50,102.01,24.49
66.64,102.08,36.86
65.99,102.15,38.28
66.56,101.97,39.35
66.28,103.56,34.64
66.49,104.34,34.88
65.67,104.01,27.62
65.92,104.25,27.77
66.15,105.39,35.11
65.65,106.02,28.21
65.82,106.41,28.39
66.11,105.51,35.13
66.17,105.64,35.22
66.22,105.99,35.32
66.38,109.66,35.89
66.52,109.66,35.96
66.47,109.94,28.60
66.10,110.21,28.67
65.81,110.40,28.78
65.76,110.70,28.98
66.10,111.33,36.74
66.37,111.30,29.18
66.11,111.47,29.38
65.92,111.52,29.52
65.89,111.68,29.62
66.44,112.19,29.79
66.37,112.54,30.07
66.22,112.66,36.68
66.11,113.47,36.09
66.06,113.60,35.73
66.23,113.32,36.39
66.15,113.75,35.52
65.87,113.97,33.17
66.28,94.72,22.76
66.39,94.70,23.19
66.62,94.69,23.70
66.46,94.62,25.32
66.52,94.69,25.51
66.42,94.83,22.40
66.70,94.84,22.96
66.77,94.80,23.34
66.58,95.36,18.71
66.89,95.28,19.08
67.31,95.01,22.92
66.97,94.89,23.21
66.56,95.20,27.86
66.65,95.28,27.99
65.93,96.54,29.71
65.96,96.57,29.86
66.32,97.20,15.80
66.52,97.11,16.00
66.59,97.01,16.23
65.95,97.07,30.48
66.33,97.21,30.83
66.99,97.24,30.50
66.90,96.84,38.58
66.68,96.82,39.09
66.41,97.47,15.67
66.64,97.32,15.80
66.73,97.24,15.92
66.89,97.34,30.78
67.25,97.38,30.65
66.68,97.38,30.96
66.72,97.55,15.75
66.88,97.40,15.89
67.20,97.52,30.91
66.68,97.48,31.11
66.30,98.42,15.27
66.63,98.27,40.93
66.68,98.53,41.02
66.47,98.66,15.33
66.25,99.56,33.39
66.53,99.97,33.54
66.13,99.84,35.78
67.39,99.46,35.69
66.11,99.98,15.49
66.18,99.96,35.59
66.64,99.89,35.55
66.55,99.81,40.91
66.29,100.03,15.61
66.32,100.16,35.56
66.79,100.20,35.47
66.58,100.24,40.79
65.79,100.61,16.26
66.33,100.43,35.67
66.21,100.84,16.56
66.60,101.04,16.85
66.66,100.95,16.78
66.74,101.11,16.96
66.79,101.02,16.90
66.94,101.08,17.02
66.48,100.77,34.00
66.79,101.28,34.09
66.73,100.89,35.76
66.68,101.22,17.09
66.47,101.42,17.45
66.19,101.72,20.75
66.15,101.67,20.99
66.34,101.63,21.34
66.45,101.62,36.28
66.28,101.68,36.35
66.30,102.01,18.70
66.35,101.80,20.67
66.70,101.78,20.95
66.41,101.77,36.42
66.14,102.05,18.96
66.62,101.90,20.40
66.47,102.22,37.27
66.32,102.32,37.79
66.58,102.35,37.38
66.39,102.41,38.17
66.46,102.32,38.51
66.45,102.46,37.89
66.49,102.50,38.01
66.58,102.52,37.80
66.58,102.57,38.03
66.73,103.18,27.37
66.95,103.35,27.46
66.49,103.63,27.51
66.71,103.86,27.69
67.03,103.53,27.60
67.18,103.75,27.79
66.21,104.01,27.65
66.54,104.93,35.13
66.76,105.15,28.21
66.53,105.43,28.21
66.77,105.71,28.33
66.83,105.42,28.29
66.97,105.58,28.37
66.22,105.17,35.09
66.30,105.93,28.28
66.20,105.46,35.17
66.28,105.53,35.24
66.50,105.37,35.25
66.35,110.47,28.71
66.63,110.23,28.65
66.04,110.60,28.80
66.39,111.29,37.07
66.23,110.89,28.94
66.63,110.63,28.82
66.49,111.51,37.25
66.59,111.61,37.34
66.53,111.00,28.98
66.31,111.64,29.38
66.59,111.68,29.36
66.12,111.66,29.49
66.22,111.86,29.58
66.52,111.99,29.54
66.46,111.93,37.18
66.57,111.98,37.30
66.36,112.17,36.99
66.21,113.69,35.92
66.29,113.62,36.22
66.59,113.60,36.57
66.48,113.14,36.90
66.30,113.78,35.84
66.42,113.76,36.11
66.39,114.23,32.71
66.78,114.25,32.26
66.17,114.17,33.67
66.23,114.14,34.56
66.26,114.02,35.15
66.53,113.92,35.77
66.77,113.84,36.30
66.61,114.39,33.18
66.50,114.32,34.00
66.92,114.53,32.82
67.39,114.49,33.94
66.45,94.57,24.20
66.40,94.57,24.77
67.01,94.83,23.61
66.84,94.78,25.12
66.48,94.95,25.73
66.21,95.19,27.02
66.46,95.19,27.58
66.56,95.55,18.35
66.74,95.45,27.96
66.43,95.57,28.09
66.29,96.69,29.81
66.51,97.16,37.87
66.72,96.94,38.13
66.52,97.37,37.75
66.98,97.73,15.84
66.63,97.86,37.26
66.53,97.66,37.46
66.62,97.50,37.63
66.49,98.05,15.52
66.55,98.07,37.11
66.52,98.50,36.62
66.47,98.30,36.82
66.61,98.16,36.98
66.93,98.30,40.78
66.77,98.87,15.49
66.37,98.73,36.50
66.87,98.84,41.00
67.28,98.97,35.96
66.68,98.85,36.17
66.47,98.80,36.34
66.29,99.63,15.42
65.95,99.38,33.24
67.24,99.99,35.45
67.47,99.70,35.53
66.59,99.18,41.05
66.21,100.20,15.90
66.21,100.48,16.21
66.74,100.24,40.75
66.66,100.52,40.70
66.66,100.41,33.79
66.81,100.58,35.56
66.52,100.55,33.91
67.02,100.91,35.66
65.81,101.52,17.99
66.74,101.84,18.80
67.00,101.59,21.83
66.73,101.63,23.04
66.39,101.63,23.64
66.42,101.76,24.04
67.04,101.91,20.35
67.22,101.78,20.81
66.54,101.26,36.08
66.67,102.01,19.02
66.65,101.98,19.69
66.81,102.03,24.56
66.77,101.83,36.41
66.64,102.24,37.07
66.73,102.32,37.11
66.65,102.10,39.00
66.61,102.20,38.80
66.78,102.49,37.33
66.84,102.46,38.66
66.71,102.42,34.41
66.83,102.77,37.68
66.70,102.68,38.18
66.57,102.64,34.45
66.56,102.92,34.52
66.64,103.28,34.65
67.07,103.69,34.80
66.63,104.56,28.04
66.89,105.08,35.16
66.82,105.73,35.28
66.26,107.62,28.65
66.86,108.38,28.73
66.79,109.40,28.63
66.64,109.60,35.93
66.74,109.60,36.10
66.81,109.83,28.63
66.71,109.60,36.29
66.85,110.17,28.72
66.48,109.81,36.42
66.47,110.35,36.80
66.62,110.97,37.26
66.93,110.42,28.88
66.84,110.99,29.09
67.00,111.56,29.36
66.81,111.97,29.54
66.87,112.08,37.50
66.63,113.52,37.01
66.64,113.70,36.87
66.65,112.79,37.17
66.91,113.88,36.83
66.51,114.09,35.52
66.36,114.15,35.12
67.65,113.96,36.68
66.89,114.43,32.45
66.60,114.31,34.72
66.92,114.55,32.49
66.90,94.70,24.28
66.76,94.61,24.65
67.19,94.86,24.12
67.07,95.40,18.85
67.27,95.36,19.16
67.51,95.06,24.49
67.07,95.35,27.11
67.39,95.44,26.84
66.76,95.28,27.65
67.00,95.53,18.55
67.25,95.51,18.81
67.34,95.47,18.98
67.35,95.52,27.27
67.48,95.57,27.09
67.09,95.50,27.62
66.56,95.91,17.45
66.56,95.85,17.58
67.29,95.59,18.70
67.39,95.54,18.93
67.32,95.62,27.45
66.95,95.74,27.84
66.56,95.99,28.46
66.85,96.59,16.81
66.95,96.52,16.90
66.56,96.45,29.22
67.15,96.64,29.53
67.76,96.65,29.31
67.64,96.73,29.52
67.95,96.76,29.43
67.26,96.74,29.68
67.14,97.39,16.13
66.97,97.11,16.28
67.80,96.87,29.64
67.14,96.82,29.81
66.93,97.24,37.76
67.29,97.12,38.00
66.29,97.03,39.46
66.51,97.28,39.80
66.85,97.56,37.48
66.73,97.37,37.71
67.07,98.13,15.75
67.35,98.03,15.94
66.53,97.69,31.38
66.30,97.82,31.68
67.00,97.79,37.15
67.23,97.45,37.42
67.04,98.46,15.65
66.92,98.12,36.82
67.47,98.01,36.61
66.77,98.02,37.08
67.12,98.39,36.46
67.75,98.23,36.42
67.06,98.78,40.85
67.14,99.33,40.71
67.35,98.39,15.81
67.56,98.32,15.93
66.95,98.71,36.25
66.66,98.65,36.45
67.09,98.90,40.93
67.12,99.20,15.61
67.34,98.77,15.72
67.58,98.52,15.88
67.34,99.46,15.73
67.19,99.68,15.69
66.94,99.84,15.67
67.26,99.86,15.82
67.39,99.75,15.80
67.50,99.79,15.93
66.82,99.55,33.30
67.41,99.53,33.13
66.97,99.17,40.93
66.83,99.99,15.78
67.16,99.96,15.96
67.48,99.71,33.25
67.89,99.76,33.10
67.20,99.82,33.37
66.97,99.65,40.80
66.89,100.50,16.38
67.17,100.18,16.25
67.25,100.48,16.49
67.29,100.36,16.41
67.45,100.38,16.52
67.69,99.95,33.28
67.32,100.09,33.45
67.34,100.55,33.65
67.01,100.65,16.56
67.46,100.49,16.65
67.13,100.85,16.87
66.90,100.77,33.92
67.13,101.26,17.32
67.23,100.93,33.86
67.42,101.03,33.81
67.11,101.12,33.97
67.16,101.33,17.66
67.41,101.80,19.58
67.41,101.84,20.23
67.20,101.68,22.76
66.95,101.78,23.56
66.70,101.76,23.81
67.31,101.19,33.91
67.24,101.42,34.02
67.06,101.96,19.34
67.22,101.94,19.83
67.16,101.76,23.20
67.33,101.88,23.46
67.20,101.92,23.68
66.94,101.92,23.96
67.37,101.98,23.77
67.24,102.03,24.06
67.00,102.05,36.58
66.96,102.23,36.81
67.23,102.24,36.65
66.78,102.23,36.92
66.86,102.24,38.89
66.96,102.21,39.08
67.14,102.20,39.27
67.21,102.12,39.47
67.05,102.39,34.39
66.88,102.36,37.01
67.06,102.47,38.87
66.94,102.66,34.52
67.27,102.83,34.59
67.12,102.72,37.10
67.34,102.45,36.71
67.03,103.57,37.95
67.13,103.06,38.61
66.78,102.86,34.55
67.03,103.02,34.65
67.30,103.22,34.73
67.24,103.17,37.13
67.15,103.34,37.40
67.25,103.53,37.27
67.20,103.97,37.60
67.29,103.83,37.33
67.25,104.50,28.26
67.11,104.69,28.26
67.27,104.78,28.35
67.33,104.60,28.33
67.42,104.68,28.38
67.21,104.47,37.82
67.07,104.51,37.96
67.18,104.76,37.91
67.03,105.14,28.31
67.44,104.95,28.42
67.06,105.19,37.95
67.24,105.02,37.83
67.05,105.12,38.37
67.20,104.15,38.58
67.21,105.15,35.16
67.14,105.53,37.62
67.34,105.09,37.69
67.18,104.96,38.79
67.31,105.26,35.16
67.36,105.36,35.14
67.14,105.41,35.23
67.04,105.95,37.56
67.10,105.87,37.44
67.16,105.66,38.98
67.21,105.86,39.22
67.29,105.52,35.21
67.13,105.83,35.25
66.96,106.77,35.24
67.03,106.22,37.94
67.13,106.22,37.50
67.12,106.53,38.67
67.21,106.14,39.15
67.20,106.83,37.68
67.03,107.11,37.95
67.18,107.28,37.84
67.04,107.52,38.32
67.21,107.51,38.63
67.30,107.13,38.79
67.03,107.87,37.98
67.22,107.56,37.84
67.13,107.73,28.88
67.07,107.92,28.87
67.30,107.88,29.00
67.29,107.82,28.98
67.41,107.85,29.02
67.36,107.87,35.20
67.10,108.01,37.70
67.31,107.68,37.74
67.27,107.95,28.97
67.38,107.93,29.00
67.01,108.34,37.61
67.11,108.32,37.47
67.32,108.39,28.84
67.30,108.08,28.90
66.99,108.87,28.71
67.01,108.76,37.65
67.05,109.17,38.46
67.18,108.22,38.62
67.20,109.08,28.77
67.07,109.45,28.72
67.20,109.65,28.86
67.29,109.27,28.86
67.43,109.44,29.00
67.15,109.36,37.04
67.16,108.72,37.21
67.23,108.79,38.82
67.35,109.44,36.63
67.09,110.23,39.00
67.17,110.40,39.22
67.05,109.54,36.13
67.02,109.54,36.37
67.30,109.51,36.41
67.13,109.55,36.68
67.01,109.80,28.73
66.82,109.69,36.60
66.85,109.98,37.02
67.06,110.04,28.83
66.93,110.44,37.72
67.24,110.14,29.02
67.30,111.45,29.44
67.14,111.73,29.45
67.21,111.87,29.57
67.28,111.69,29.52
67.41,111.76,29.65
67.11,111.15,38.70
67.13,110.72,39.13
67.07,111.89,29.52
67.24,112.32,38.50
67.23,112.07,38.78
67.28,112.09,29.81
66.91,112.46,29.99
67.25,112.88,37.99
67.23,112.74,38.16
66.80,113.15,30.58
67.11,112.15,38.05
66.59,113.19,30.68
66.77,113.83,36.96
66.85,113.60,37.08
67.33,113.48,37.28
67.50,113.05,37.84
67.06,113.85,36.98
66.72,114.27,35.42
67.09,114.18,35.96
67.05,114.44,35.10
67.43,114.44,35.76
67.71,114.55,35.35
67.71,114.55,35.77
67.14,95.24,19.62
67.16,95.15,20.89
67.88,95.28,24.84
67.16,95.21,25.94
67.52,95.55,19.08
67.55,95.51,26.57
67.13,95.82,18.11
67.47,95.65,27.10
66.86,96.13,17.32
66.99,96.17,28.72
67.02,96.45,17.04
67.05,96.80,16.73
67.12,97.04,16.45
67.73,97.18,38.02
67.41,97.43,39.77
67.51,97.83,36.69
67.42,97.74,36.93
67.68,97.40,37.45
66.39,97.99,31.78
67.92,98.67,36.02
67.74,98.53,36.19
67.65,98.68,15.87
67.61,99.65,15.92
67.57,99.84,16.11
67.46,100.26,16.46
67.59,100.29,16.57
67.61,100.44,35.40
67.36,101.12,17.27
67.39,100.97,35.60
67.17,101.08,35.73
67.09,101.22,35.86
67.69,101.11,33.73
66.77,100.56,40.55
67.63,101.61,22.56
67.49,101.33,33.89
66.55,101.68,40.06
66.91,101.90,39.97
66.43,101.36,40.18
67.52,101.78,23.11
67.12,101.87,34.18
67.27,101.47,35.95
67.56,101.92,23.52
67.35,102.05,36.13
67.26,102.13,36.41
67.44,102.48,36.54
67.41,102.19,39.53
67.33,102.20,39.40
67.37,102.27,34.28
67.41,102.39,39.30
67.56,102.84,34.40
67.42,103.20,38.85
67.35,103.61,38.72
67.33,102.64,39.05
67.51,103.25,34.67
67.42,102.84,36.74
67.46,103.78,34.80
67.36,103.17,36.95
67.34,103.42,37.08
67.35,103.72,37.18
67.39,104.24,37.32
67.35,104.46,37.67
67.32,104.63,37.84
67.37,104.79,37.86
67.39,104.93,34.98
67.41,104.91,37.80
67.39,104.09,38.79
67.26,105.78,37.34
67.38,105.21,37.46
67.46,104.94,37.67
67.31,104.58,38.85
67.31,105.09,39.06
67.36,105.71,39.33
67.32,105.74,35.16
67.16,105.99,28.51
67.38,106.60,37.37
67.32,106.28,39.29
67.34,107.02,28.72
67.43,107.12,37.59
67.36,107.20,37.73
67.39,107.38,37.80
67.42,107.24,38.92
67.40,107.56,38.80
67.33,106.73,39.07
67.41,107.52,37.80
67.41,107.76,28.97
67.54,107.92,28.99
67.34,107.85,37.52
67.46,107.64,37.70
67.56,108.38,35.46
67.48,108.14,28.92
67.34,107.93,38.74
67.43,109.08,28.93
67.56,109.17,29.04
67.45,109.23,36.57
67.37,108.71,36.80
67.32,108.17,37.13
67.33,108.32,38.82
67.36,108.66,39.02
67.25,109.58,39.13
67.24,108.92,35.70
67.46,109.45,36.42
66.92,109.33,35.87
67.35,109.45,36.18
67.72,109.55,29.23
67.38,110.84,29.31
67.48,111.54,29.58
67.36,110.96,39.30
67.36,112.29,38.88
67.33,112.40,38.74
67.36,111.88,39.00
67.56,112.60,38.68
67.01,112.72,30.22
67.06,112.99,30.47
67.33,112.96,38.15
67.28,113.01,38.05
67.42,112.78,38.36
67.38,113.08,37.99
67.70,113.74,37.34
67.82,113.81,37.25
68.13,114.35,36.19
68.27,114.55,35.83
67.51,95.37,19.50
67.60,95.31,20.05
67.86,95.33,20.64
67.71,95.35,25.48
68.03,95.44,24.93
67.54,95.32,25.80
67.84,95.50,19.72
67.95,95.44,20.18
67.88,95.52,25.49
68.05,95.56,25.08
67.65,95.43,25.94
67.76,96.04,17.72
67.91,96.06,17.92
68.11,95.58,20.08
67.97,95.61,25.47
67.89,95.68,26.33
67.50,96.03,28.30
68.07,96.08,28.13
67.53,96.07,17.58
67.91,96.15,17.57
68.05,96.15,17.70
68.03,96.13,28.37
68.27,96.17,28.28
67.75,96.16,28.55
67.74,96.65,17.13
67.76,96.53,17.28
67.77,96.27,17.46
68.09,96.27,17.61
68.13,96.21,28.48
67.73,96.30,28.74
67.43,96.67,16.97
67.93,96.79,17.11
68.04,96.77,17.22
67.62,97.24,16.46
67.80,97.11,16.78
67.82,96.89,17.00
68.12,96.90,17.18
67.00,97.03,30.04
67.54,97.24,30.23
67.79,97.30,37.65
67.96,97.24,37.98
67.36,97.24,39.54
67.99,97.28,39.34
67.72,97.55,16.31
67.87,97.38,16.45
67.92,97.28,16.59
67.86,97.40,37.48
67.91,97.39,37.56
67.91,97.33,37.72
67.92,97.37,39.60
68.20,97.39,39.45
67.96,97.66,16.37
68.04,97.47,16.52
67.52,97.73,31.09
67.56,97.85,31.29
67.98,97.87,31.10
67.73,97.85,36.73
67.94,97.69,37.06
68.05,97.42,37.68
68.03,97.43,39.62
67.63,97.73,39.89
67.41,98.40,40.53
67.91,97.97,31.31
68.15,98.00,31.22
67.38,97.95,31.52
67.95,98.07,31.48
67.41,98.10,31.75
66.84,98.27,32.06
67.10,98.45,32.22
67.65,99.00,15.86
66.49,99.10,32.85
66.59,99.28,33.07
67.84,99.39,16.03
67.70,99.92,16.35
67.86,99.67,16.22
67.83,99.99,16.51
67.94,99.79,16.42
68.00,99.88,16.55
67.62,100.13,16.48
67.78,100.25,33.37
67.84,100.49,33.46
67.83,100.20,16.66
67.83,100.52,16.94
67.87,101.05,17.45
68.00,101.09,17.63
68.06,100.99,17.55
68.12,101.05,17.76
67.96,101.11,35.46
67.43,101.29,35.78
67.73,101.17,17.57
67.88,101.20,17.92
67.94,101.64,23.08
67.95,101.71,23.21
68.02,101.65,23.16
68.05,101.69,23.33
67.73,101.57,33.86
67.73,101.40,35.68
68.03,101.53,35.59
67.30,101.93,40.15
67.23,101.62,40.34
67.78,101.82,23.36
67.93,101.79,23.50
67.46,101.65,34.01
67.58,101.62,35.87
67.78,102.04,40.22
67.87,102.05,35.84
67.70,103.77,36.23
67.91,102.84,35.99
67.51,102.65,36.35
67.49,102.34,39.48
67.55,102.25,39.79
68.38,102.57,39.97
68.39,102.26,40.17
66.58,102.51,26.67
67.91,101.89,33.85
68.10,102.21,33.78
67.64,102.13,34.09
66.86,102.62,26.94
67.96,102.43,33.93
67.89,103.00,34.12
67.85,103.64,34.35
67.52,103.72,38.91
67.72,102.81,39.40
68.24,102.84,39.78
67.49,103.09,27.40
67.70,103.61,34.58
67.55,103.33,36.58
67.44,103.18,27.45
67.62,103.68,34.72
67.49,103.59,36.82
67.43,103.84,37.02
67.64,103.25,39.09
67.83,103.25,39.26
67.92,103.25,39.39
68.13,104.24,35.98
67.69,103.94,39.16
67.88,103.57,39.25
67.83,103.91,28.20
67.54,104.26,28.26
67.88,104.28,28.37
67.94,104.04,28.31
68.10,104.13,28.39
67.89,104.06,39.42
67.58,104.53,28.37
67.66,104.83,39.45
67.91,104.55,39.74
67.47,104.79,37.53
67.44,104.69,37.77
67.85,104.14,34.51
68.00,104.38,34.34
67.71,104.27,34.70
67.48,104.81,37.76
67.48,104.46,39.05
67.45,105.02,39.23
67.93,104.65,34.52
67.91,105.07,34.68
67.50,105.20,36.96
67.70,105.97,39.77
67.82,105.15,39.89
67.65,106.01,35.01
67.88,105.58,40.09
67.65,106.24,36.25
67.69,107.92,39.70
68.28,108.87,40.51
67.94,106.18,28.78
67.77,106.73,28.78
67.93,107.18,28.94
68.07,106.69,28.91
68.17,106.91,29.05
67.82,106.55,35.82
67.82,105.55,35.97
67.95,106.71,34.93
67.91,107.08,35.67
67.47,106.61,39.42
67.72,107.13,28.83
67.73,107.11,35.95
67.81,107.36,35.81
67.53,107.33,37.53
67.51,107.35,37.69
67.48,107.50,38.93
67.49,107.29,39.17
67.47,107.54,28.89
67.65,107.41,36.20
67.80,107.70,35.95
67.52,107.60,37.55
67.53,107.50,37.71
67.91,107.89,35.06
67.68,108.00,36.21
67.83,108.19,36.03
67.60,108.22,28.95
67.98,108.27,35.66
67.65,108.72,35.81
67.88,108.40,35.90
67.62,108.69,36.24
67.50,108.76,28.94
67.53,107.57,36.62
67.48,107.28,37.23
67.47,107.97,39.03
67.45,108.74,39.31
67.50,109.71,39.57
67.43,109.17,36.00
67.52,109.29,36.28
67.93,110.20,29.48
67.73,110.58,29.44
67.79,110.92,29.56
67.90,110.64,29.56
68.02,110.71,29.66
67.62,110.93,29.46
67.83,110.21,40.08
68.01,109.88,40.39
67.61,111.21,29.54
67.91,111.05,29.69
67.85,111.49,39.86
67.87,111.30,40.06
67.61,110.87,39.70
67.89,112.05,30.07
67.71,112.28,30.10
67.84,112.44,30.25
67.95,112.27,30.21
68.05,112.39,30.32
67.47,112.47,38.83
67.59,112.36,38.97
67.71,112.11,39.23
67.76,111.80,39.54
67.46,112.49,30.13
67.89,112.69,30.45
67.66,112.54,38.87
67.77,113.03,30.65
68.06,113.12,30.84
68.27,112.95,30.77
68.44,113.07,30.97
67.40,113.07,38.08
67.51,112.98,38.23
67.87,112.92,38.49
68.09,112.64,38.99
67.40,113.17,30.74
68.11,113.18,31.02
67.65,113.09,38.15
67.19,113.23,31.01
67.35,114.45,32.42
67.18,114.53,32.69
67.95,95.26,21.26
68.00,95.20,22.01
68.17,95.50,20.55
68.31,95.55,24.70
67.94,95.90,18.72
68.11,95.78,19.54
68.31,95.66,20.43
68.14,95.62,25.23
68.20,95.89,27.07
67.91,95.94,27.64
68.24,96.29,17.93
68.34,96.13,27.94
68.19,96.54,17.58
68.23,96.85,17.35
68.16,97.04,17.13
67.99,97.16,38.35
67.55,97.09,38.84
68.20,97.46,16.75
67.80,97.42,30.42
68.13,97.34,37.93
68.28,97.34,39.06
68.18,97.85,16.47
68.00,97.69,30.82
68.23,97.90,31.06
68.30,97.45,37.85
68.12,97.49,39.49
67.85,98.27,16.13
68.24,98.03,31.22
68.00,98.04,36.60
68.19,98.10,31.38
68.12,98.16,31.88
67.35,98.78,32.33
68.07,98.97,16.15
67.16,99.11,32.67
67.76,99.47,32.89
68.17,99.45,16.42
68.16,99.91,16.69
68.19,99.78,32.96
68.09,100.21,16.85
68.18,100.04,33.08
67.97,100.76,33.51
67.88,100.85,17.32
68.15,100.92,17.68
68.13,101.05,18.15
68.12,101.57,33.63
67.60,101.43,18.88
67.68,101.62,20.48
68.10,101.42,21.30
68.07,101.39,22.03
68.08,101.48,22.71
68.13,101.62,23.34
68.12,101.74,23.83
68.61,101.67,35.46
67.80,101.34,40.54
67.60,101.97,24.09
67.10,102.14,25.83
68.07,101.92,35.75
67.91,102.15,35.89
67.96,102.35,35.93
67.94,101.72,40.42
68.26,102.38,33.68
68.18,102.86,35.94
67.08,102.71,27.19
67.51,102.95,27.39
68.23,103.32,33.87
68.08,103.92,34.12
67.71,103.33,27.70
67.70,103.69,27.99
68.04,103.44,39.45
67.97,103.45,39.33
68.08,103.22,39.57
68.03,103.59,39.34
68.14,103.90,28.32
68.29,104.01,28.42
68.02,103.74,39.39
68.12,103.99,39.67
68.08,104.52,39.99
68.05,104.72,28.55
68.13,104.53,34.20
68.17,105.05,34.36
67.97,105.65,34.82
67.93,104.88,40.00
67.89,105.63,28.66
67.90,105.20,40.12
67.99,105.42,40.24
68.12,106.31,40.24
68.19,106.27,34.83
67.90,105.36,35.92
68.22,106.28,28.95
68.34,106.36,29.08
68.25,106.56,34.85
68.11,106.69,35.50
67.98,106.22,35.68
67.91,105.81,35.81
68.30,106.75,34.83
68.24,107.18,35.38
68.34,106.93,29.20
68.24,107.14,34.83
67.97,107.50,35.68
67.92,107.95,29.11
67.81,107.44,34.94
67.94,107.96,35.91
67.98,107.72,34.87
68.12,108.12,35.59
67.98,108.14,35.90
68.12,108.10,35.66
68.06,108.15,35.77
68.13,108.71,29.36
68.06,110.33,29.60
68.22,110.13,29.69
68.23,110.66,29.82
68.13,110.60,40.53
67.88,111.53,29.85
67.99,111.61,40.11
67.95,111.71,39.99
68.01,111.18,40.25
68.15,111.98,39.93
68.11,112.19,30.25
68.26,112.28,30.38
68.01,112.30,39.51
67.91,112.30,39.40
68.06,112.11,39.69
68.02,112.47,39.27
68.17,113.03,38.51
67.76,113.53,37.57
67.73,113.69,37.41
68.01,113.44,37.85
68.39,113.28,38.39
67.98,113.78,37.43
67.56,114.25,32.25
68.52,113.82,37.49
68.24,95.41,21.11
68.37,95.34,21.74
68.59,95.34,22.34
68.30,95.42,24.42
68.54,95.45,24.19
68.41,95.58,20.94
68.55,95.52,21.50
68.67,95.44,22.02
68.50,95.50,24.36
68.60,95.54,24.38
68.25,95.97,18.98
68.43,96.00,19.37
68.60,96.03,19.94
68.76,95.57,21.86
68.52,95.57,24.52
68.43,96.00,27.20
68.63,96.05,26.68
68.28,96.01,27.57
68.11,96.07,18.41
68.46,96.13,18.97
68.59,96.13,19.42
68.55,96.11,27.35
68.68,96.16,27.08
68.49,96.12,27.62
68.37,96.71,17.66
68.50,96.61,17.99
68.57,96.37,18.61
68.65,96.25,19.17
68.64,96.20,27.46
68.13,96.54,28.90
68.15,96.66,29.18
68.32,96.78,17.53
68.41,96.83,17.61
68.49,96.78,17.76
68.27,97.26,17.03
68.51,97.16,17.35
68.44,96.94,17.52
68.54,96.90,17.70
68.07,97.09,29.80
68.08,97.27,30.00
68.53,97.24,29.79
68.24,97.26,38.27
68.20,97.21,38.63
68.33,97.39,16.95
68.42,97.38,17.05
68.52,97.34,17.18
68.57,97.37,29.87
68.71,97.37,29.90
68.39,97.43,30.08
68.41,97.39,38.13
68.48,97.38,38.54
68.32,98.43,16.38
68.56,98.02,16.74
68.48,97.54,16.94
68.60,97.46,17.12
68.63,97.46,30.01
68.39,97.55,30.37
68.29,98.01,31.25
68.26,97.92,36.88
68.43,97.78,37.17
68.25,97.55,37.50
68.72,97.57,38.10
68.13,97.93,40.15
68.50,97.84,39.89
68.19,98.46,16.23
68.23,98.12,31.42
68.16,98.12,31.56
68.45,98.06,31.73
68.43,98.09,36.74
68.65,98.05,36.93
68.76,97.96,37.12
68.54,97.87,40.12
68.78,97.88,40.03
68.33,98.00,40.29
68.44,98.44,31.84
67.68,98.41,32.03
68.77,98.14,36.83
68.95,98.08,37.03
68.70,97.93,40.21
68.51,98.19,40.37
68.15,98.89,40.51
68.11,98.58,32.02
68.53,98.65,31.91
68.21,98.63,16.23
68.39,98.82,32.09
68.18,99.36,32.60
68.33,98.89,16.35
68.59,98.83,16.67
68.28,99.55,32.75
68.33,100.00,16.91
68.48,99.55,16.84
68.44,100.02,17.09
68.49,99.82,17.00
68.56,99.85,17.15
68.56,100.02,17.32
68.63,99.62,32.52
68.72,99.73,32.46
68.42,99.77,32.77
68.28,100.31,17.18
68.53,100.26,17.56
68.49,100.55,18.10
68.55,100.38,17.85
68.62,100.41,18.25
68.65,99.91,32.61
68.54,100.21,32.86
68.22,100.45,33.27
68.52,100.46,33.07
68.09,100.61,17.26
68.31,100.67,17.80
68.47,100.72,18.56
68.60,100.58,18.74
68.19,100.64,33.40
68.62,100.81,19.53
68.59,101.02,20.01
68.68,100.94,20.14
68.68,101.03,20.42
68.43,101.09,22.23
68.61,100.95,22.25
68.50,101.09,22.02
68.45,101.08,22.50
68.53,100.98,22.43
68.58,101.00,22.67
68.35,101.00,19.05
68.41,101.24,20.43
68.34,101.21,22.06
68.44,101.19,21.89
68.32,101.27,22.52
68.54,101.16,22.90
68.47,100.59,33.22
68.59,100.70,33.11
68.31,100.82,33.39
68.53,101.27,21.18
68.54,101.20,21.59
68.41,101.70,24.65
68.61,101.69,25.35
68.70,101.56,25.04
68.75,101.63,25.68
68.53,100.88,33.25
68.46,101.39,33.37
67.97,101.90,24.75
68.29,101.85,25.49
68.65,101.74,25.88
68.41,101.36,40.47
68.41,102.21,26.82
68.60,102.34,27.14
68.86,102.24,27.16
68.91,102.27,27.29
68.23,102.04,35.73
68.00,102.06,35.85
68.49,101.95,40.34
67.66,102.46,26.87
68.46,102.44,27.32
68.13,102.30,35.86
68.33,102.92,27.57
68.35,102.70,27.53
68.57,102.96,27.71
68.68,102.84,27.71
68.79,102.88,27.85
68.56,102.48,35.74
68.66,103.21,35.93
68.02,103.06,27.56
68.53,103.06,27.88
68.19,103.92,33.99
68.27,103.55,28.20
68.40,103.30,28.09
68.55,103.54,28.35
68.60,103.38,28.28
68.73,103.45,28.43
68.09,103.58,39.44
68.19,103.52,39.61
68.47,103.29,39.85
68.32,103.73,28.33
68.10,103.70,39.46
68.17,103.71,39.59
68.33,103.71,39.83
68.41,104.13,40.10
68.20,104.66,40.21
68.44,104.39,35.90
68.48,104.66,40.32
69.02,104.28,40.37
68.56,104.50,28.78
68.41,104.93,28.77
68.47,105.31,28.92
68.57,104.88,28.89
68.59,105.17,28.99
68.31,104.96,35.79
68.69,104.60,35.75
68.40,104.23,33.89
68.53,104.10,33.77
68.28,104.45,34.04
68.24,105.50,35.68
68.70,105.50,35.50
68.49,104.72,33.92
68.50,105.28,34.10
68.40,105.68,34.42
68.61,105.85,34.24
68.17,105.55,34.60
68.02,104.97,40.18
68.21,105.19,40.31
68.69,105.42,40.44
68.22,105.55,28.80
68.37,105.86,28.99
68.52,105.98,34.47
68.63,106.16,34.39
68.35,105.97,34.65
68.15,105.87,35.64
68.35,106.25,35.42
68.04,105.39,35.82
68.56,106.20,34.54
68.56,106.52,34.66
68.42,106.59,34.79
68.44,106.85,34.79
68.56,106.86,29.38
68.36,107.83,29.38
68.46,108.39,29.55
68.56,107.53,29.48
68.63,107.89,29.59
68.48,107.07,34.81
68.40,107.46,34.96
68.11,107.62,34.87
68.18,107.77,35.04
68.16,107.81,35.62
68.00,107.81,35.78
68.44,107.84,35.31
68.15,108.02,35.66
68.07,107.99,35.77
68.31,108.62,29.47
68.19,109.44,29.53
68.36,109.40,40.65
68.37,109.91,40.79
68.24,110.43,40.80
68.35,110.63,40.96
68.66,110.27,40.99
68.58,110.52,30.04
68.36,111.21,30.04
68.49,111.57,30.22
68.60,111.16,30.17
68.68,111.36,30.31
68.38,111.00,40.97
68.48,110.92,41.03
68.38,111.13,40.85
68.27,111.59,30.08
68.11,111.85,40.07
68.22,111.70,40.24
68.31,111.45,40.48
68.43,111.40,40.71
68.24,111.90,30.20
68.36,111.96,40.15
68.10,112.48,39.41
68.32,112.47,39.53
68.46,112.32,39.79
68.46,112.14,40.03
68.42,112.39,30.55
68.31,112.59,39.33
68.45,112.66,30.70
68.36,113.20,31.20
68.05,113.22,31.16
67.95,113.69,37.51
68.06,113.61,37.66
68.34,113.60,37.89
67.76,113.73,31.78
68.18,113.72,37.59
67.79,113.92,31.98
68.33,114.21,32.36
68.29,114.08,32.20
68.65,114.26,32.59
68.82,114.09,32.46
69.04,114.19,32.75
68.25,114.33,32.54
68.72,114.36,32.89
67.93,114.45,32.84
68.37,95.27,22.89
68.31,95.32,23.87
68.82,95.48,22.30
68.64,95.51,24.18
68.65,95.77,21.04
68.87,95.63,22.10
68.51,95.66,24.92
68.43,95.87,26.29
68.73,96.22,19.67
68.86,96.17,26.24
68.78,96.52,18.87
68.80,96.40,19.32
68.80,96.26,26.95
68.71,96.32,27.59
68.37,96.31,28.35
68.74,96.88,18.07
68.33,96.77,29.27
68.70,97.07,17.70
68.54,97.03,29.69
68.74,97.23,29.94
68.85,97.45,17.36
68.74,97.37,30.13
68.78,97.70,17.12
68.66,97.50,30.26
68.50,97.76,31.04
68.75,97.81,31.84
68.58,97.62,39.00
68.35,97.72,39.42
68.81,98.44,16.80
68.93,97.92,39.76
68.94,98.02,40.09
68.73,98.66,31.87
68.87,98.73,16.88
68.75,98.86,32.00
68.73,99.14,32.31
68.80,98.99,35.75
68.07,99.16,35.76
68.63,99.61,17.10
68.71,99.70,17.31
68.21,99.86,35.38
68.25,99.47,35.56
68.23,99.29,35.70
68.74,99.68,32.50
68.67,100.19,17.79
68.82,100.18,18.26
68.81,100.39,19.00
68.75,100.08,32.61
68.47,100.24,35.24
68.63,100.65,32.93
68.49,100.75,35.23
68.71,100.76,19.83
68.75,100.85,20.21
68.75,101.01,20.68
68.71,100.97,21.95
68.88,100.79,22.40
68.74,100.88,22.61
68.79,100.99,22.96
68.97,101.03,40.43
68.45,101.45,23.64
69.00,101.37,25.26
68.86,101.55,25.77
68.81,101.67,26.24
68.66,101.44,33.12
68.85,101.54,40.35
68.57,102.82,33.47
68.57,101.92,26.47
68.93,102.11,27.15
68.96,102.23,27.41
68.93,101.86,40.22
68.83,102.36,35.56
68.91,102.64,27.86
68.91,102.87,28.04
68.91,102.59,35.65
68.84,103.25,28.41
68.88,103.46,28.62
68.53,103.52,39.99
68.63,103.85,28.59
68.51,103.72,40.06
68.72,103.76,40.20
68.71,105.02,29.12
69.06,105.12,35.51
68.93,104.77,35.59
68.69,104.27,33.67
68.63,104.89,33.85
68.75,106.22,34.18
68.53,105.91,29.15
68.72,106.53,34.40
68.49,106.66,35.24
68.58,106.85,34.76
68.60,106.95,35.14
68.68,107.14,29.52
68.75,107.63,29.67
68.62,107.17,34.83
68.43,107.22,35.19
68.68,107.18,35.09
68.90,107.44,34.95
68.46,107.44,35.16
68.30,107.53,35.34
68.46,109.17,40.67
68.56,109.17,29.78
68.45,109.54,40.72
68.54,109.72,40.83
68.74,110.84,30.23
68.82,111.02,30.40
68.67,111.70,40.78
68.58,111.70,40.64
68.62,111.53,40.87
68.62,111.88,40.47
68.60,111.83,30.43
68.63,112.19,40.13
68.59,112.27,39.99
68.65,112.10,40.27
68.74,112.41,39.91
68.74,112.70,30.95
68.70,113.10,31.21
68.45,112.83,38.91
68.26,112.93,38.67
68.58,112.77,39.09
69.03,112.73,39.44
68.16,113.27,31.39
67.68,113.54,31.69
68.60,113.54,38.32
68.54,113.57,38.19
68.70,113.71,38.01
68.83,95.49,22.75
68.69,95.40,23.33
68.91,96.25,20.57
68.93,95.83,22.23
68.81,95.66,23.70
68.81,95.97,25.20
69.08,96.20,23.10
69.01,96.19,25.12
68.89,96.57,19.14
68.93,96.49,19.60
69.13,96.48,20.93
69.27,96.56,21.50
69.29,96.49,23.13
68.99,96.57,27.65
69.18,96.68,27.27
68.68,96.50,28.28
68.81,96.66,18.67
69.04,96.63,19.64
69.21,96.67,20.32
69.18,96.78,28.01
69.25,96.83,27.66
68.86,96.72,28.61
68.94,97.29,17.59
69.09,97.21,18.15
69.09,96.93,18.90
69.21,96.82,19.71
69.31,96.92,28.05
69.42,96.92,28.50
69.05,96.87,29.43
68.97,97.07,30.29
68.82,97.28,30.38
69.67,96.98,31.23
69.03,97.32,31.16
69.03,97.41,17.49
69.13,97.39,17.57
69.16,97.35,17.75
68.76,97.49,30.73
68.78,97.50,31.56
69.03,97.51,31.69
68.93,98.12,17.06
69.15,97.50,17.57
69.24,97.43,17.71
69.06,97.78,31.88
68.92,97.82,37.43
68.83,97.67,37.69
69.05,97.83,38.84
69.32,97.92,38.67
68.71,97.82,39.38
68.96,98.56,16.99
69.12,98.35,17.37
69.10,98.19,31.90
69.18,97.95,39.01
69.41,98.00,38.85
69.11,97.97,39.40
69.23,98.36,17.60
69.14,98.55,17.50
69.17,98.70,17.60
69.22,98.48,17.66
69.28,98.58,17.74
68.92,98.57,31.93
68.78,98.56,36.19
68.49,98.25,36.51
69.33,98.03,39.19
68.93,98.43,40.23
68.57,99.24,40.42
68.90,98.85,31.99
69.01,98.80,32.07
69.29,98.51,32.19
68.94,98.78,16.98
69.35,98.92,32.60
68.89,99.46,32.65
69.29,98.70,35.88
68.93,99.05,17.26
69.28,98.90,17.82
68.94,99.51,32.86
69.02,99.46,32.92
68.71,99.25,35.63
68.52,99.16,35.72
69.17,99.45,17.91
69.05,99.95,18.13
69.13,99.80,18.06
69.19,99.88,18.31
68.91,99.74,32.78
69.18,99.62,32.90
68.85,99.88,17.75
68.95,100.03,18.12
69.09,100.01,18.47
68.82,99.85,32.64
69.15,99.98,35.19
68.98,100.46,20.18
69.16,100.11,19.54
69.04,100.60,21.27
69.15,100.50,21.91
69.18,100.35,20.96
69.26,100.35,21.74
69.58,100.78,32.49
68.95,100.65,32.64
69.27,100.15,32.74
68.94,100.34,35.12
68.76,100.65,19.71
68.88,100.79,20.71
68.98,100.71,21.99
69.09,100.61,22.42
69.21,100.49,22.33
68.70,100.48,32.73
69.10,100.63,35.02
69.30,100.44,40.48
68.73,101.09,21.10
68.86,100.89,21.49
69.00,101.05,23.37
69.13,101.13,23.76
69.19,100.97,23.48
69.26,101.03,23.87
68.87,101.01,35.13
69.07,101.29,40.09
69.17,101.08,40.09
69.24,101.25,40.02
69.12,101.03,40.26
68.74,101.19,23.33
68.93,101.25,23.91
69.18,101.16,24.38
68.80,101.23,32.79
68.91,101.76,26.81
69.02,101.58,26.54
69.08,101.86,27.32
69.15,101.61,27.13
69.23,101.73,27.50
69.03,101.56,33.12
68.99,101.45,40.23
68.96,101.92,27.10
69.04,102.06,27.39
69.04,101.57,32.55
69.17,101.56,32.29
68.80,103.26,33.27
69.16,101.48,40.08
69.07,102.30,32.04
69.12,102.23,31.97
69.14,102.55,31.87
69.08,102.05,32.11
68.92,102.29,27.59
69.22,102.16,27.94
68.95,102.21,35.50
69.03,102.88,28.20
69.14,102.66,28.20
69.07,102.95,28.30
69.13,102.84,28.28
69.18,102.88,28.38
69.09,102.47,35.60
68.87,103.05,28.20
69.11,103.03,28.49
69.06,102.51,32.24
69.14,102.96,31.68
68.96,103.74,29.00
69.11,103.26,28.83
69.11,103.78,29.44
69.19,103.40,29.25
69.22,103.50,29.54
69.07,103.41,31.42
69.14,103.49,31.22
69.11,103.58,31.23
69.07,103.18,31.85
69.11,103.29,31.44
69.21,102.81,40.11
68.78,103.30,40.08
69.17,103.85,29.71
69.10,103.51,31.66
69.16,103.76,31.10
69.03,103.75,32.81
68.70,103.53,40.13
69.06,103.44,40.25
68.82,103.83,28.81
69.23,103.93,30.10
69.06,104.47,30.33
69.08,104.38,30.70
69.14,104.07,30.65
69.21,103.73,31.69
69.19,104.10,31.08
68.80,104.20,28.97
69.03,104.84,29.76
69.18,104.84,35.58
69.05,104.59,35.61
69.07,104.94,30.25
69.07,104.75,30.54
69.18,104.56,30.86
68.81,103.91,33.41
69.22,105.48,30.32
69.15,105.13,30.46
69.20,104.95,30.69
68.78,105.40,33.82
68.95,104.54,33.27
69.06,106.25,33.09
69.00,105.87,33.57
68.96,106.80,33.98
68.79,106.28,35.20
68.80,106.41,29.58
69.19,106.16,30.45
69.12,106.74,30.56
69.11,106.84,30.72
69.13,106.64,30.64
69.17,106.79,30.78
69.09,105.41,33.29
69.19,106.35,33.46
69.25,107.57,33.66
68.85,107.25,34.50
68.82,106.66,35.10
69.14,106.97,30.72
69.20,106.97,30.83
68.69,106.90,34.68
69.06,106.92,35.11
68.96,108.03,30.07
69.10,106.70,30.28
69.20,106.97,30.69
69.24,107.09,30.81
68.76,107.19,34.75
69.02,107.22,35.12
69.27,107.10,35.18
69.20,107.61,30.55
69.31,107.39,35.13
69.59,107.23,35.24
68.76,106.73,40.55
69.23,107.84,30.72
69.15,108.11,30.71
69.18,108.04,30.70
69.18,108.06,30.78
69.05,107.73,34.70
69.64,108.12,34.75
69.70,107.65,35.03
69.96,107.45,35.22
69.12,107.61,40.81
68.69,108.74,40.79
69.17,108.15,30.71
69.20,108.12,30.80
69.05,108.58,41.02
69.16,108.85,41.12
69.18,108.25,30.45
69.21,108.13,30.65
69.23,108.17,30.77
69.15,109.06,30.54
69.10,108.09,34.17
69.20,108.59,33.91
69.08,108.06,34.50
69.28,108.27,34.61
69.19,109.14,30.65
69.13,109.36,30.61
69.13,109.69,30.67
69.18,109.39,30.71
69.18,110.18,30.81
69.21,108.82,34.12
69.31,108.66,34.38
68.57,109.31,40.77
68.74,109.31,40.93
69.03,109.35,41.08
68.85,109.86,30.21
69.01,110.45,30.60
68.76,111.84,40.71
68.83,111.76,40.85
68.80,111.28,40.98
68.89,111.95,40.71
69.06,111.87,40.84
68.83,111.40,30.55
68.74,112.30,40.10
68.81,112.23,40.26
69.03,112.14,40.55
68.77,111.98,30.69
69.10,111.59,30.96
69.01,112.41,40.16
69.10,113.11,31.38
69.15,112.68,31.25
69.19,113.17,31.49
69.29,113.05,31.45
69.33,113.11,31.56
68.53,112.98,38.78
68.69,112.87,39.03
68.91,113.19,31.42
69.06,113.22,31.58
68.79,113.05,38.92
68.83,113.55,31.90
69.01,113.36,31.82
69.18,113.60,32.07
69.29,113.50,32.04
69.48,113.51,32.19
68.78,113.66,38.24
68.84,113.60,38.36
69.17,113.59,38.57
69.26,113.32,38.93
68.55,113.70,31.94
69.30,113.65,32.25
68.78,113.89,32.23
69.35,113.77,38.10
69.24,114.26,33.05
69.09,114.45,33.71
69.41,96.60,23.93
69.12,96.44,25.80
69.31,96.78,20.48
69.29,96.77,26.93
69.27,97.19,18.85
69.36,97.05,19.80
69.36,96.97,27.70
69.44,97.04,28.11
69.26,96.84,30.33
69.28,97.42,18.01
69.41,97.35,31.93
69.30,97.54,17.90
69.25,97.82,32.03
69.17,97.93,31.90
69.31,97.64,32.12
69.20,97.78,37.85
69.21,97.79,38.40
69.32,98.09,31.93
69.12,98.01,37.22
69.52,97.97,38.53
69.30,98.40,17.73
69.38,98.53,17.87
69.34,98.17,31.93
69.36,98.24,32.00
69.16,98.29,36.62
69.15,98.14,36.96
69.51,98.13,39.06
69.24,98.12,39.68
69.49,98.59,36.17
69.00,99.98,40.48
69.43,98.76,18.06
69.42,99.02,32.77
69.23,99.26,32.84
69.43,99.46,35.36
69.87,98.82,35.96
69.27,99.66,18.26
69.30,99.78,18.75
69.74,99.84,32.91
69.35,99.99,20.03
69.34,100.15,20.87
69.30,100.37,22.02
69.90,100.22,32.84
69.45,100.27,35.01
69.64,100.03,35.10
69.45,99.96,40.62
69.62,100.59,34.91
69.14,100.69,22.81
69.35,100.80,23.64
69.35,100.95,24.30
69.43,101.14,32.28
69.23,100.92,35.00
69.01,101.21,35.16
69.15,101.36,35.28
69.37,100.79,40.23
69.34,101.08,40.06
69.22,101.28,25.86
69.32,101.38,26.84
69.41,101.73,27.87
69.23,101.46,32.20
69.38,101.56,35.34
69.43,102.01,28.22
69.20,101.87,32.03
69.26,102.43,31.75
69.21,102.05,35.54
69.25,102.74,28.39
69.29,102.82,28.53
69.26,102.86,31.56
69.08,102.72,35.79
69.19,103.11,35.95
69.31,103.23,29.25
69.32,103.34,29.51
69.29,103.53,29.73
69.26,103.29,31.24
69.23,103.62,30.98
69.55,103.41,40.33
69.37,103.65,40.38
69.39,103.71,30.20
69.30,103.79,30.58
69.39,104.05,31.54
69.32,103.82,32.02
69.33,104.36,31.16
69.38,104.38,33.09
68.83,103.85,35.93
69.15,104.36,35.75
69.35,104.78,31.02
69.34,105.30,30.74
69.38,105.68,30.59
69.36,105.91,30.62
69.17,106.03,35.25
69.24,106.55,30.76
69.31,106.74,30.96
69.25,105.51,33.16
69.15,106.50,35.11
69.35,106.94,31.03
69.43,107.58,33.34
69.46,106.68,35.15
69.33,107.03,30.95
69.84,106.87,35.29
69.23,107.89,30.83
69.28,107.88,30.97
69.30,108.09,41.01
69.48,108.91,41.09
69.32,108.03,31.01
69.31,108.22,30.89
69.35,108.57,33.60
69.28,109.52,30.91
69.32,109.05,33.93
69.37,109.05,34.15
69.28,110.45,41.03
69.23,111.24,41.01
69.34,111.67,40.91
69.31,112.01,40.78
69.33,110.65,31.17
69.37,112.15,40.67
69.39,112.28,40.48
69.46,112.65,31.53
69.41,113.08,31.73
69.43,112.49,40.12
69.52,113.38,32.13
69.47,113.34,39.03
69.65,113.70,38.56
69.94,113.74,38.40
69.65,96.79,23.68
69.48,96.76,25.64
69.73,96.55,29.94
70.02,96.44,29.99
69.99,96.45,30.45
69.67,96.51,30.39
69.46,96.78,21.81
69.34,96.73,29.95
69.47,96.77,29.37
69.68,96.62,30.62
69.46,97.62,18.84
69.64,97.31,20.79
69.69,97.00,22.21
69.85,97.06,23.23
69.85,96.91,24.10
69.78,97.01,25.30
69.86,97.31,26.53
69.65,97.09,26.63
69.47,97.00,27.12
69.57,97.18,27.84
69.71,97.10,28.17
69.46,96.88,28.95
70.12,97.15,32.03
70.00,97.31,32.36
69.76,97.23,21.80
69.81,97.14,22.41
69.77,97.32,27.12
69.90,97.43,27.04
69.68,97.29,27.48
69.73,97.38,27.84
69.19,97.85,17.65
69.71,97.74,19.99
69.85,97.77,20.76
69.85,97.50,21.56
69.86,97.34,22.18
69.94,97.46,27.33
69.83,97.46,27.72
69.37,98.00,32.03
69.45,97.85,32.21
69.67,97.59,32.39
69.42,97.99,37.55
69.51,97.92,38.09
69.31,98.27,17.73
69.81,98.08,19.52
69.79,97.93,19.93
69.82,97.89,20.22
69.41,98.13,31.98
69.45,98.13,32.13
69.60,98.03,32.37
69.49,98.40,18.26
69.69,98.27,18.91
69.96,98.23,19.77
69.91,98.08,20.01
69.40,98.35,36.70
69.54,98.21,37.16
69.67,98.18,38.28
69.42,98.64,39.72
69.71,98.87,18.97
69.77,98.46,37.21
69.82,98.54,38.87
69.71,99.21,39.94
69.43,99.20,18.43
69.82,99.00,19.12
69.73,99.25,19.32
69.79,99.27,19.47
69.81,99.14,19.20
69.86,99.16,19.43
70.08,98.75,38.82
69.91,99.64,39.80
69.75,99.49,20.07
69.89,99.26,20.02
69.90,99.51,21.14
69.69,99.85,21.29
69.63,100.21,22.73
69.75,100.17,23.41
69.82,99.90,22.36
69.88,99.91,23.32
69.51,99.70,19.85
69.45,100.21,21.83
69.81,100.12,24.20
69.87,100.11,25.67
69.64,100.71,25.99
69.70,100.82,26.93
69.80,100.54,26.66
69.83,100.70,27.32
69.75,100.30,34.92
69.81,100.11,35.00
69.54,99.70,40.52
69.44,100.49,23.09
69.58,100.54,24.29
69.96,100.81,32.28
69.63,100.06,40.35
69.69,101.38,31.74
69.88,101.04,31.60
69.73,101.41,31.44
69.70,101.08,32.11
70.34,100.84,32.00
69.60,101.01,35.00
70.22,100.74,34.85
69.28,101.17,35.13
69.35,101.07,25.45
69.54,101.02,26.63
69.72,101.08,27.57
69.41,101.25,35.31
69.60,101.80,28.32
69.66,101.47,28.06
69.73,101.67,28.43
69.73,101.57,28.37
69.79,101.57,28.47
69.38,101.46,32.05
69.90,101.24,35.04
69.69,101.53,35.62
69.60,101.95,35.67
69.84,102.30,35.90
69.91,101.85,35.76
70.07,102.34,35.92
69.69,101.87,28.48
69.78,101.68,28.49
69.50,102.44,28.63
69.79,101.87,28.59
69.75,102.47,28.94
69.75,102.22,28.74
69.85,102.29,28.93
69.43,102.03,31.69
69.36,102.38,35.70
69.72,102.76,29.30
69.89,102.51,29.31
69.77,102.11,31.11
69.52,102.59,35.87
69.88,102.81,29.97
69.68,102.96,30.57
69.86,102.72,30.54
69.46,102.81,31.25
69.33,103.01,28.90
69.49,103.27,29.77
69.44,103.63,30.31
69.44,103.43,30.68
69.49,104.17,31.63
69.44,104.23,32.06
69.47,104.40,31.43
69.39,104.24,32.72
69.60,104.36,35.87
69.65,103.30,35.96
69.47,104.92,31.50
69.48,104.89,35.71
69.74,104.80,35.85
69.92,104.20,35.95
69.59,105.51,35.53
69.74,105.14,35.75
69.92,104.85,35.89
69.45,105.59,31.16
69.38,106.15,31.13
69.66,106.25,32.81
69.43,106.41,31.45
69.66,106.56,33.12
69.57,106.29,35.24
69.43,106.58,31.44
69.50,107.23,33.18
69.77,106.57,35.25
69.32,106.83,31.09
69.33,107.28,31.18
69.40,107.32,31.47
69.59,107.82,40.95
70.04,108.35,40.97
69.42,107.87,31.46
69.32,108.62,30.89
69.49,107.88,33.10
69.33,109.16,30.97
69.45,108.90,33.42
69.57,109.55,31.84
69.47,109.20,33.67
69.63,109.22,34.01
69.65,108.96,34.29
69.66,109.31,33.19
69.74,109.39,33.72
70.07,109.29,33.99
69.81,109.62,32.76
70.00,109.60,33.25
70.19,109.47,33.69
69.83,110.03,31.93
69.85,109.79,32.14
69.94,109.69,32.50
69.93,110.77,31.78
70.08,110.24,32.12
70.10,109.82,32.41
69.80,110.00,40.98
69.76,111.39,40.85
69.85,110.98,40.83
69.91,111.49,40.74
69.53,111.28,40.94
69.66,111.61,40.85
69.68,111.90,40.69
69.44,110.78,31.40
69.41,111.54,31.36
69.69,111.55,31.63
69.85,112.19,40.36
69.60,113.15,32.00
69.73,112.53,31.79
69.79,113.06,32.14
69.81,112.84,32.03
69.88,112.81,32.11
69.91,112.51,39.96
69.73,113.21,32.19
69.91,112.85,32.20
69.59,113.21,39.09
69.53,113.36,39.02
69.73,113.28,32.31
69.68,113.84,32.77
69.79,114.19,33.13
69.87,114.12,33.07
69.98,114.23,33.30
69.55,114.26,33.21
69.85,114.34,33.53
69.17,114.48,35.87
68.85,114.58,35.76
69.91,96.67,29.20
70.20,96.43,30.94
70.06,96.49,30.98
69.68,96.82,28.95
69.95,97.11,23.90
69.95,97.17,24.58
69.82,97.32,27.96
70.07,97.15,28.06
70.02,96.93,28.37
69.76,96.88,28.67
69.91,97.34,22.79
70.00,97.50,26.84
69.83,97.46,27.86
69.98,97.85,21.53
69.97,97.64,22.34
69.89,97.49,27.81
69.96,97.87,32.61
69.93,98.02,20.43
69.85,98.48,19.22
69.99,98.47,19.63
70.05,98.34,20.00
70.03,98.21,20.32
69.91,98.76,19.27
69.74,98.38,32.57
69.91,98.99,19.33
69.96,99.05,19.80
69.71,98.68,32.68
69.66,98.90,32.79
69.77,99.22,32.93
70.32,98.72,38.59
70.17,98.70,38.99
70.03,100.06,39.73
70.01,99.37,21.43
69.99,99.50,22.36
69.98,99.63,24.20
69.66,99.84,35.16
70.01,99.80,26.37
70.00,100.18,27.05
70.02,100.21,34.90
69.82,99.96,35.08
69.97,100.79,27.93
69.94,100.97,31.46
69.86,101.29,31.31
70.20,100.88,31.67
70.20,101.24,34.85
69.77,101.28,40.00
69.82,101.49,28.44
69.85,101.57,28.53
70.00,101.56,31.22
70.13,101.35,34.93
69.88,101.98,28.77
69.95,102.12,29.07
70.00,102.14,30.81
70.02,102.66,30.07
70.00,102.54,30.40
70.16,104.43,35.96
70.02,105.08,35.82
69.65,106.05,40.60
69.61,107.12,40.82
69.50,108.52,34.59
70.13,108.98,34.25
69.62,108.74,34.48
69.97,108.96,41.06
69.78,109.32,41.08
70.02,111.13,31.69
70.15,110.64,40.75
69.96,111.56,31.73
69.90,112.92,39.19
69.73,113.39,38.93
69.60,113.56,38.78
70.07,114.11,33.26
70.24,114.25,33.75
69.13,114.25,36.35
69.66,114.52,34.61
68.85,114.56,35.12
70.26,96.64,28.88
70.09,96.79,28.62
70.49,96.71,28.51
69.93,96.77,28.82
70.03,97.73,23.81
70.03,97.58,25.84
70.02,97.33,27.88
70.31,97.26,27.80
70.56,96.96,28.12
70.11,97.58,26.48
70.00,97.43,27.71
69.91,97.44,27.85
70.23,97.51,32.60
70.04,98.20,20.90
70.07,98.20,22.12
70.28,97.81,26.56
70.31,97.53,26.88
70.51,97.87,26.71
70.20,97.43,27.44
70.42,97.93,32.77
70.43,98.25,26.64
70.10,98.23,32.75
70.09,98.61,20.10
70.10,98.47,20.41
70.37,98.56,26.75
70.30,98.72,26.82
70.34,98.67,27.06
70.35,98.59,26.97
70.40,98.59,27.14
70.32,98.32,32.86
70.51,98.35,32.89
70.02,98.81,19.78
70.32,98.82,26.96
70.43,98.73,27.24
69.90,98.55,32.73
70.05,98.64,32.86
70.29,98.76,32.93
70.39,98.96,27.20
70.32,99.26,27.43
70.35,99.13,27.31
70.40,99.25,27.70
70.33,99.15,35.51
70.26,98.90,35.68
70.34,98.86,38.79
70.46,98.95,38.59
70.14,99.10,39.26
70.05,98.92,20.97
70.08,98.85,23.28
70.27,99.50,27.61
70.41,99.42,27.90
70.22,99.58,35.13
70.32,98.96,38.85
70.41,99.13,38.74
70.25,99.19,39.12
70.21,99.90,39.48
70.37,99.66,28.15
70.27,99.89,28.10
70.36,100.11,28.42
70.39,99.88,28.38
70.53,100.05,28.52
70.00,99.66,35.08
70.33,99.23,38.95
70.34,99.72,39.17
70.37,100.30,39.38
70.18,98.99,26.32
70.17,99.81,27.50
70.24,99.92,32.87
70.17,99.85,34.97
69.91,99.86,35.06
70.20,100.47,28.19
70.13,100.27,32.83
70.54,100.36,28.57
70.06,100.89,28.32
70.52,100.75,28.66
70.44,101.27,28.91
70.53,101.04,28.79
70.74,101.08,28.95
69.97,101.10,31.34
70.25,101.02,31.48
70.85,100.96,31.76
70.05,101.38,28.61
70.33,101.59,29.24
70.69,101.32,29.23
70.03,101.25,31.25
70.30,101.31,34.89
70.32,100.59,39.55
70.47,100.86,39.42
70.17,100.72,39.72
70.38,101.65,29.90
70.16,101.83,30.49
70.31,101.53,30.94
70.30,101.40,31.25
70.21,101.37,34.90
70.38,101.04,39.60
70.34,101.37,39.68
70.10,102.20,30.50
70.09,102.24,29.80
70.09,102.45,30.25
70.14,103.76,40.32
69.73,104.18,40.44
70.21,105.39,35.76
70.18,105.77,35.62
70.40,105.69,35.75
70.55,105.44,35.90
70.44,105.92,35.68
70.61,105.75,35.84
69.99,107.49,40.81
70.29,107.20,40.66
70.24,108.41,34.57
70.33,107.87,40.74
70.53,107.75,40.67
70.24,108.15,40.84
69.90,108.44,34.60
70.42,108.20,40.77
70.34,108.36,40.86
70.45,108.41,40.86
69.94,108.70,34.46
70.24,108.68,34.40
69.73,108.53,34.60
70.30,108.69,40.96
70.35,109.69,40.85
70.64,109.50,40.76
70.60,110.15,40.65
70.38,109.15,40.92
70.21,109.69,33.05
70.46,109.65,33.49
70.14,111.19,31.97
70.40,110.86,32.28
70.05,109.53,40.99
70.06,111.17,31.74
70.20,110.13,40.82
70.37,110.59,40.66
70.07,111.48,31.81
70.32,112.35,40.16
70.45,112.25,40.12
70.37,112.41,40.06
70.19,112.22,40.23
70.42,112.07,40.23
69.99,112.21,31.99
70.21,112.46,40.08
70.36,112.45,39.88
70.48,112.91,38.91
70.70,112.86,38.84
70.51,113.09,38.79
70.31,112.85,39.08
70.58,112.74,39.02
70.12,113.13,38.95
70.44,113.00,32.52
70.23,113.38,32.55
70.34,113.68,32.63
70.39,113.46,32.53
70.46,113.61,32.67
70.24,113.79,32.84
70.43,113.78,32.90
70.21,113.48,38.65
70.43,114.28,34.64
70.09,114.30,35.73
70.65,114.07,35.12
70.49,113.71,38.04
70.04,114.43,34.25
69.92,114.47,35.13
70.58,96.54,28.84
70.64,96.47,29.51
70.69,97.17,27.84
70.65,97.66,32.67
70.70,97.41,27.49
70.76,98.02,32.76
70.79,98.15,26.69
70.70,98.32,32.85
70.57,98.37,26.80
70.45,98.50,26.99
70.50,98.57,27.20
70.58,98.76,32.92
70.54,98.69,27.31
70.59,98.90,27.40
70.46,99.13,27.61
70.48,99.28,27.85
70.45,98.89,35.97
70.54,98.75,37.21
70.67,99.52,35.31
70.60,99.35,38.52
70.50,99.61,28.14
70.52,99.84,28.37
70.57,99.96,28.50
70.24,99.34,32.95
70.48,99.62,38.85
70.49,100.01,34.97
70.55,100.42,39.11
70.27,100.16,32.70
70.56,101.07,34.89
70.68,101.19,31.50
70.63,101.15,39.29
70.64,101.35,31.37
70.28,101.34,35.16
70.22,101.81,35.70
70.33,103.10,35.97
70.53,101.32,39.49
70.39,101.74,39.74
70.65,102.38,39.78
70.33,102.84,40.05
70.18,103.21,40.20
70.28,104.97,40.46
70.51,104.61,36.00
70.67,105.97,35.78
70.26,106.23,35.51
70.73,106.65,40.47
70.68,108.41,34.57
70.66,107.72,40.65
70.54,108.18,40.76
70.53,108.69,34.39
70.74,109.16,40.77
70.43,109.86,32.81
70.46,110.23,32.50
70.55,111.28,32.38
70.62,111.94,40.15
70.58,112.24,39.98
70.25,112.31,32.36
70.36,112.59,39.39
70.54,113.27,32.64
70.62,113.48,33.02
70.49,113.93,33.63
70.91,113.85,34.46
70.72,96.49,30.70
70.32,96.48,31.09
70.95,97.25,27.78
70.98,97.03,27.99
70.97,97.07,31.72
70.85,97.41,32.35
70.90,97.36,27.65
71.06,97.36,27.71
71.29,97.32,27.83
70.99,97.87,26.84
70.83,97.63,27.11
71.05,97.45,27.59
71.31,97.47,27.68
71.02,98.10,32.61
70.90,98.69,32.78
70.77,98.42,26.87
71.00,98.33,26.74
70.59,98.47,27.01
70.76,98.71,32.88
70.66,98.61,27.17
70.93,98.70,27.05
70.77,99.16,27.50
70.58,99.18,27.72
70.67,99.07,35.81
70.81,98.98,36.32
71.11,98.99,36.80
70.71,99.01,38.12
70.82,99.61,38.32
71.07,99.67,38.07
70.87,99.53,27.62
71.09,99.54,27.43
70.60,99.43,27.88
70.77,99.27,35.62
70.95,99.21,36.00
71.07,99.14,36.39
70.62,99.19,32.89
70.95,99.80,35.21
71.17,99.47,35.76
71.19,99.29,36.24
71.07,99.86,27.72
70.72,99.79,28.06
70.72,99.50,32.78
71.35,99.23,32.52
70.83,100.04,34.98
70.99,99.95,35.08
71.14,99.87,35.19
70.78,100.15,38.61
70.94,100.06,28.13
70.72,100.04,28.42
70.80,100.33,34.87
71.05,100.10,34.99
71.12,99.96,35.10
70.76,100.24,28.58
70.89,100.70,34.86
70.95,100.01,38.32
71.09,100.16,38.20
70.93,100.48,28.73
71.02,100.90,34.92
70.88,101.00,34.95
71.00,100.95,35.07
71.07,100.93,35.00
71.16,100.89,35.18
71.00,100.34,38.36
71.06,100.71,38.40
71.14,101.21,38.59
70.99,101.25,29.32
70.79,101.09,35.16
71.06,100.99,35.32
70.84,101.03,38.94
70.85,101.38,29.78
70.85,103.16,36.14
71.06,102.88,36.30
71.08,102.10,36.22
71.19,102.38,36.42
70.98,101.53,39.03
71.17,101.67,38.88
70.76,101.77,39.41
71.02,101.85,39.15
71.01,102.10,39.27
71.03,102.26,39.36
70.94,102.15,39.41
71.01,102.31,39.46
71.08,102.44,39.42
70.92,102.32,39.56
71.05,102.51,39.54
71.01,102.77,39.67
70.70,103.83,40.20
70.76,104.89,40.36
70.87,104.49,36.19
71.00,103.93,36.31
71.15,103.41,36.47
71.01,104.81,36.32
71.09,104.39,36.44
70.80,106.16,35.72
70.89,105.98,35.87
70.81,106.33,35.64
71.00,106.23,35.74
71.05,106.08,35.87
71.12,104.90,40.19
71.36,105.46,40.00
71.07,105.69,40.31
70.84,106.70,35.58
71.04,106.39,35.70
71.16,106.28,35.80
71.26,105.76,40.16
71.17,106.27,40.20
70.62,108.05,34.90
70.19,107.65,35.11
71.00,108.46,34.63
70.73,107.96,40.67
70.89,108.66,34.46
71.09,108.63,34.55
71.20,108.60,34.63
70.78,108.66,40.73
71.09,108.82,34.48
71.24,108.73,34.60
70.67,109.71,33.36
71.02,109.73,33.66
70.59,109.75,33.14
70.85,109.78,33.30
71.01,109.79,33.45
70.74,111.07,32.57
71.04,110.60,32.91
70.89,109.95,33.13
71.10,109.90,33.34
70.62,111.65,32.49
70.52,111.30,40.42
71.00,111.70,40.07
71.10,111.56,40.07
71.10,111.71,39.96
70.81,111.70,40.15
70.93,111.54,40.17
70.88,111.92,39.96
71.16,111.86,39.72
70.98,112.22,39.50
71.11,112.17,39.43
71.02,112.27,39.38
70.79,112.23,39.69
71.07,112.10,39.57
71.02,111.48,32.84
70.83,112.34,39.45
70.88,112.41,39.28
70.76,112.51,32.84
71.10,112.24,33.10
70.95,112.83,33.13
70.95,113.13,33.29
71.02,112.90,33.25
71.00,113.14,33.39
70.91,113.09,33.27
70.95,113.27,33.45
71.08,113.66,34.29
71.20,113.53,34.23
71.21,113.67,34.50
71.05,113.57,38.33
71.17,113.49,38.26
71.13,113.61,38.21
70.80,113.52,38.41
71.05,113.40,38.39
70.98,113.41,33.75
71.05,113.75,34.48
71.15,113.76,34.68
70.94,113.66,38.24
71.06,113.64,38.02
70.96,96.52,28.61
71.45,96.41,28.78
70.87,96.71,28.30
70.55,96.69,31.14
71.22,97.13,27.93
71.02,96.83,28.14
71.11,98.13,26.69
71.22,98.40,26.80
71.22,98.69,26.96
71.11,99.11,27.23
71.07,98.89,37.22
70.93,98.86,37.50
71.27,99.19,36.56
71.34,99.72,37.88
71.37,99.42,27.40
71.47,99.35,36.39
71.31,99.83,27.61
71.28,100.02,27.83
71.25,99.90,35.19
71.12,100.14,28.02
71.16,100.21,28.45
71.30,100.01,35.10
71.27,100.16,37.99
71.01,100.79,28.97
71.11,101.07,29.22
71.30,100.84,35.23
71.30,100.90,35.59
71.18,100.48,38.14
71.34,101.41,38.43
71.24,101.33,29.78
71.10,101.36,30.22
70.94,101.50,35.85
71.25,101.67,36.44
71.30,102.75,36.81
71.31,101.96,38.75
71.17,102.15,39.06
71.14,102.44,39.25
71.15,102.82,39.46
71.14,103.82,39.75
71.21,104.07,36.68
71.13,104.82,36.56
70.96,105.46,36.17
71.44,105.03,39.78
71.34,106.20,36.00
71.27,106.52,35.78
71.25,106.28,40.00
71.13,107.03,35.59
71.13,107.81,40.40
70.77,107.27,35.45
70.69,107.63,35.23
71.33,108.66,40.46
71.32,108.97,34.58
70.87,109.15,34.26
70.90,109.56,33.88
71.15,109.45,40.53
71.33,109.98,33.56
71.27,110.26,33.27
71.25,110.93,32.95
70.91,110.28,40.48
71.06,111.36,40.14
71.24,111.47,39.96
71.24,111.31,33.00
71.20,112.06,39.46
71.16,112.27,39.21
71.16,112.74,33.40
71.07,113.16,33.55
70.88,112.62,38.99
70.87,113.09,38.62
71.39,113.54,34.60
71.36,113.69,35.01
71.20,113.26,38.23
71.22,113.52,38.04
71.05,113.86,35.34
70.03,113.95,36.72
71.46,96.52,28.35
71.74,96.62,28.21
71.87,96.43,28.51
71.55,96.48,30.15
71.46,96.56,30.67
71.88,96.58,30.50
71.40,96.85,28.09
71.17,96.65,28.26
71.74,96.66,30.77
71.99,96.68,30.66
71.39,96.68,30.92
71.88,96.76,30.83
71.27,97.21,32.08
71.57,97.23,31.86
71.55,97.26,32.04
71.74,97.33,31.91
71.38,97.31,32.17
71.47,98.06,27.02
71.80,98.25,27.24
71.65,97.37,32.04
71.56,97.58,32.16
71.54,98.15,32.35
71.31,98.15,26.80
71.52,98.59,27.06
71.34,99.05,37.15
71.23,99.20,37.61
71.47,99.19,36.84
71.58,99.32,37.26
71.57,99.69,37.67
71.60,99.68,27.76
71.45,100.01,28.03
71.55,99.98,28.25
71.71,99.80,28.10
71.78,99.83,28.32
71.45,99.81,35.38
71.83,99.70,37.27
71.78,100.01,37.54
71.26,100.16,28.11
71.38,100.11,28.27
71.56,100.05,28.47
71.53,100.03,35.17
71.34,100.37,28.82
71.69,100.18,28.81
71.46,100.44,28.99
71.60,100.33,28.97
71.67,100.40,29.11
71.34,100.30,35.04
71.24,100.53,28.92
71.49,100.56,29.14
70.99,100.42,32.32
71.37,100.68,35.16
71.63,100.20,37.68
71.84,100.48,37.27
71.46,100.09,37.83
71.46,101.09,29.59
71.67,100.82,29.63
71.69,101.07,29.93
71.79,100.98,30.00
71.87,101.07,30.21
70.86,100.65,32.18
71.39,100.90,36.30
71.71,100.72,36.09
71.76,100.72,36.90
71.45,100.90,37.60
71.23,101.24,29.51
71.49,101.25,29.95
71.77,101.19,30.27
71.31,101.24,31.55
71.33,101.12,36.60
71.39,101.59,36.99
71.43,101.29,38.15
70.98,101.37,31.38
71.41,102.34,37.64
71.41,101.76,38.28
71.33,103.04,38.84
71.38,103.94,39.32
71.35,104.36,37.34
71.47,105.78,36.57
71.63,105.46,37.80
71.52,104.83,39.07
71.75,105.96,37.11
71.82,105.82,37.99
71.78,105.68,38.73
71.56,105.68,39.77
71.49,106.16,36.11
71.57,106.15,36.16
71.64,106.08,36.40
71.56,106.25,39.97
71.41,106.94,35.71
71.64,106.68,35.99
71.58,106.33,36.04
71.66,106.24,36.18
71.58,106.53,39.61
71.72,106.51,39.53
71.68,106.57,39.44
71.53,106.56,39.69
71.62,106.40,39.72
71.27,106.83,40.09
71.31,107.18,35.61
71.60,106.63,39.48
71.72,106.68,39.38
71.50,106.82,39.73
71.48,107.55,40.03
71.63,106.81,39.50
71.67,107.29,39.69
71.66,107.82,39.96
71.35,107.32,35.60
71.59,107.27,35.69
71.77,107.13,35.86
71.26,107.86,35.21
71.43,107.70,35.43
71.52,107.48,35.61
71.81,107.43,35.79
71.37,108.13,35.05
71.62,108.01,35.21
71.66,107.92,35.33
71.73,108.32,35.09
71.83,108.12,35.27
71.61,108.07,40.12
71.72,108.21,40.07
71.49,108.23,40.27
71.53,109.13,34.64
71.52,108.98,34.69
71.67,108.40,40.20
71.62,108.63,40.30
71.67,109.00,40.32
71.40,109.19,34.52
71.62,109.25,34.59
71.67,109.12,34.68
71.65,109.33,40.34
71.37,109.67,33.95
71.53,109.63,34.16
71.54,109.37,34.43
71.77,109.33,34.57
71.62,110.16,40.16
71.82,109.96,40.08
71.73,110.37,40.00
71.67,109.68,40.25
71.42,109.80,33.81
71.61,109.77,33.95
71.65,109.71,34.05
71.39,110.82,33.21
71.67,110.70,33.56
71.65,110.00,33.80
71.75,109.85,33.98
71.32,111.04,33.06
71.25,110.26,40.33
71.36,110.88,40.07
71.74,110.88,39.76
71.59,111.65,39.53
71.69,111.56,39.50
71.64,111.75,39.37
71.47,111.45,39.73
71.66,111.39,39.63
71.69,111.40,33.54
71.42,111.94,39.35
71.66,111.94,39.02
71.44,111.74,33.38
71.69,111.88,33.65
71.55,112.34,33.70
71.58,112.65,33.86
71.69,112.34,33.80
71.75,112.53,33.93
71.57,112.26,38.53
71.71,112.13,38.51
71.64,112.29,38.34
71.37,112.55,38.58
71.61,112.13,38.71
71.56,112.46,38.30
71.70,112.56,37.94
71.65,112.77,37.86
71.71,112.79,37.71
71.70,112.91,37.62
71.35,112.83,33.75
71.60,112.85,34.00
71.58,112.83,37.86
71.76,113.15,37.03
71.51,113.18,34.31
71.46,113.66,35.93
71.71,113.45,36.33
71.06,113.78,36.36
71.25,113.45,37.39
72.02,96.60,28.32
72.12,96.46,28.60
71.51,97.16,27.96
71.76,97.49,27.87
71.87,97.35,31.73
71.45,97.78,27.41
71.90,97.53,31.85
71.88,98.53,27.25
71.91,98.30,32.24
72.03,98.72,32.27
71.91,98.94,27.49
71.94,99.89,28.58
71.85,99.78,35.67
71.75,99.58,36.03
71.80,99.47,36.73
71.79,100.05,35.46
71.96,100.14,37.21
71.89,100.30,29.12
71.93,100.45,29.36
71.72,100.42,35.46
72.00,100.42,37.12
71.94,100.95,30.18
72.03,101.12,30.57
71.18,100.75,32.06
71.72,100.99,31.78
71.94,100.76,36.33
71.92,100.71,36.64
71.51,101.32,30.64
71.44,101.35,31.24
71.90,106.04,37.81
71.91,105.96,38.47
71.89,106.05,39.11
71.73,105.75,39.42
71.75,106.19,36.53
71.74,106.18,39.65
71.76,106.42,36.32
71.84,106.44,39.48
71.84,106.64,39.31
71.88,107.01,36.08
71.85,106.88,39.29
71.75,106.95,39.43
72.04,107.34,36.15
71.82,108.01,39.84
71.93,107.76,35.72
71.96,108.10,35.45
72.00,108.43,35.20
71.43,108.66,34.78
71.81,108.59,40.11
71.95,109.30,34.70
71.89,109.68,34.43
71.91,109.73,40.06
71.90,110.26,39.86
71.80,109.87,34.06
71.85,110.20,33.89
71.87,110.92,33.64
71.89,110.64,39.71
71.85,111.33,33.67
71.78,111.27,39.55
71.78,111.53,39.32
71.84,112.03,33.80
71.92,112.26,33.98
71.97,112.05,38.25
71.78,112.28,38.14
71.77,111.97,38.73
71.82,112.68,34.20
71.83,112.75,37.41
71.80,112.93,37.31
71.72,113.40,35.31
71.90,113.28,36.13
72.28,96.70,28.60
72.30,96.57,30.13
72.12,96.64,30.49
72.13,96.87,28.30
71.86,96.99,28.10
71.88,97.25,31.49
72.29,97.30,31.13
72.03,97.34,28.06
72.18,97.22,28.21
72.33,97.07,28.43
72.23,97.39,31.32
72.39,97.44,31.18
72.10,97.45,31.54
72.08,98.38,27.55
72.22,98.18,27.86
72.27,97.71,28.11
72.40,97.46,28.34
72.31,97.50,31.33
72.26,97.72,31.55
72.00,98.07,32.03
72.45,98.25,31.74
72.03,98.51,27.39
72.03,98.39,32.19
72.23,98.43,31.95
72.36,98.59,31.91
72.14,98.52,32.10
72.12,98.64,27.51
72.27,98.65,32.01
72.28,98.77,32.11
72.19,98.80,27.70
72.30,98.68,27.85
72.24,99.33,28.16
72.13,100.02,28.87
72.35,99.78,28.70
72.42,100.02,29.04
72.47,99.89,28.90
72.01,99.83,36.01
71.99,99.64,36.36
72.10,100.17,29.06
72.03,99.88,36.67
72.12,100.44,29.54
72.19,100.38,29.44
72.29,100.42,29.59
72.33,100.44,32.13
72.49,100.38,32.04
72.43,100.52,31.94
72.02,100.36,32.23
72.35,100.27,32.17
71.99,100.27,36.07
72.06,100.35,36.77
72.04,100.57,29.73
72.25,100.53,29.81
72.00,100.66,32.00
72.47,100.67,31.55
72.00,100.63,36.43
72.01,100.58,36.89
72.29,101.08,31.06
72.27,100.95,31.54
72.45,100.86,31.16
71.99,101.27,31.03
71.99,101.21,31.42
71.91,106.36,37.16
71.99,106.30,38.41
71.93,106.31,39.24
71.99,106.59,38.93
71.95,106.84,36.55
72.01,107.00,38.93
72.15,107.16,36.76
72.13,106.98,37.76
71.92,107.46,39.39
72.16,107.98,35.78
72.26,107.82,36.04
72.37,107.54,36.75
72.41,107.65,37.60
72.34,107.77,38.26
72.11,108.06,35.65
72.23,108.12,35.72
72.27,108.04,35.83
72.30,107.82,38.56
72.38,107.89,38.37
72.21,107.74,38.71
72.16,108.76,35.09
72.26,108.55,35.38
72.27,108.25,35.66
72.33,108.14,35.77
72.38,108.03,38.67
72.39,108.62,39.06
72.32,109.40,39.41
71.95,108.79,34.94
72.07,108.75,39.67
71.90,108.91,40.11
72.11,109.13,34.82
72.21,109.05,34.94
72.35,108.93,35.18
71.89,109.28,40.12
71.98,110.26,34.19
72.33,110.37,34.72
72.27,109.45,34.86
72.39,109.24,35.09
72.02,109.78,39.82
71.96,110.89,33.86
72.18,110.00,39.50
72.39,110.28,39.14
72.30,110.92,39.06
72.36,110.95,38.92
72.31,111.17,38.88
71.97,110.85,39.46
72.23,110.92,39.10
72.33,111.37,38.57
72.01,111.70,33.95
72.35,111.75,38.31
72.22,111.80,38.36
72.17,111.43,38.83
72.30,111.65,38.48
72.20,111.51,34.56
72.44,111.22,34.75
72.34,111.93,37.40
71.94,111.68,38.89
72.02,112.21,34.26
72.48,111.80,35.37
72.20,112.33,35.83
72.02,112.42,37.29
72.35,112.19,36.42
71.97,112.73,35.02
71.96,113.15,35.68
71.97,112.91,36.47
72.48,96.99,28.66
72.17,96.74,30.59
71.94,96.96,30.97
72.60,97.41,28.61
72.52,97.42,31.02
72.60,97.93,28.36
72.51,97.57,31.16
72.46,98.40,27.99
72.51,98.69,31.93
72.45,98.65,28.02
72.39,98.78,32.01
72.27,99.35,32.24
72.08,99.95,32.24
72.47,100.28,29.40
72.49,100.53,29.94
72.52,100.19,31.93
72.55,100.44,31.77
72.32,100.74,30.46
72.51,100.69,31.10
72.60,107.82,36.67
72.55,107.74,36.96
72.39,108.04,35.93
72.49,107.93,37.87
72.43,108.19,35.88
72.51,108.11,38.26
72.52,108.37,38.61
72.44,108.79,35.44
72.49,109.48,39.09
72.51,109.08,35.58
72.50,109.70,35.39
72.54,110.78,34.96
72.50,109.89,39.07
72.45,110.74,38.66
72.39,111.16,38.59
72.55,111.12,34.98
72.39,111.58,38.25
72.39,111.69,38.05
72.62,111.87,35.60
72.54,111.96,36.17
72.61,96.86,28.90
72.97,96.91,29.10
72.28,96.54,29.23
72.76,96.56,29.77
72.77,96.61,30.01
73.03,96.65,29.86
72.61,97.11,28.79
72.94,96.71,30.03
73.09,96.74,29.95
72.60,96.78,30.32
72.96,96.83,30.12
72.81,97.03,30.39
72.60,97.30,30.79
72.95,97.31,30.48
72.69,97.26,28.81
72.76,97.13,28.90
72.90,97.05,28.99
72.83,97.43,30.68
72.98,97.46,30.55
72.70,97.49,30.87
72.78,98.56,28.38
72.96,98.08,28.66
72.84,97.41,28.84
72.92,97.22,28.96
72.88,97.53,30.71
72.82,97.66,30.91
72.60,97.83,31.32
72.90,97.85,31.12
72.53,98.34,28.12
72.76,97.92,31.34
72.95,98.00,31.31
72.66,98.03,31.49
72.84,98.07,31.46
72.77,98.25,31.62
72.81,98.69,31.83
72.59,98.83,28.20
72.50,98.98,32.10
72.76,99.08,28.44
73.02,98.87,28.62
72.78,99.20,32.00
73.04,99.16,31.74
72.62,99.34,32.12
72.80,99.90,31.51
72.90,99.78,31.43
72.84,100.02,31.27
72.90,99.61,31.64
72.67,99.69,31.90
72.96,100.15,30.96
72.66,100.57,30.49
72.97,100.44,30.06
72.90,100.42,30.63
73.23,100.22,30.49
72.55,100.59,30.70
72.66,100.37,31.20
72.65,107.92,36.59
72.60,108.09,36.93
72.53,107.98,36.30
72.61,108.33,37.64
72.61,108.54,38.06
72.50,108.52,35.96
72.57,108.97,38.49
72.61,109.28,37.00
72.59,110.83,35.73
72.54,109.95,38.55
72.63,111.55,35.37
72.49,111.07,37.75
72.64,111.67,35.81
72.57,111.59,36.55
73.16,96.72,29.86
73.12,96.86,30.00
73.14,97.43,28.97
73.12,97.38,30.38
73.11,97.57,30.54
73.23,98.67,28.70
73.19,98.01,31.09
73.14,98.32,31.47
73.11,98.71,31.71
73.22,99.02,28.73
73.07,99.54,31.42
72.98,99.86,31.22
73.18,96.79,29.71
73.33,97.16,29.13
73.22,97.12,30.12
73.56,97.12,29.86
73.59,97.74,29.13
73.48,97.24,30.03
73.66,97.31,29.95
73.33,97.40,30.23
73.36,98.30,28.85
73.55,97.42,30.09
73.50,97.72,30.30
73.24,97.83,30.73
73.62,97.99,30.46
73.35,98.71,28.75
73.50,97.97,30.66
73.68,98.05,30.59
73.41,97.99,30.85
73.59,98.05,30.76
73.34,98.73,31.56
73.32,98.86,28.72
73.50,99.34,31.01
73.67,99.22,30.86
73.60,99.51,30.71
73.61,99.07,31.09
73.39,99.13,31.35
73.35,98.88,28.81
73.59,98.67,29.02
73.03,99.52,28.93
73.28,99.73,30.95
73.62,99.79,30.39
73.31,100.20,29.58
73.35,97.04,29.32
73.70,97.22,29.61
73.86,97.74,29.40
73.81,97.49,29.85
73.90,98.39,29.25
73.72,97.61,30.04
73.82,98.16,30.49
73.77,98.17,30.73
73.53,98.18,31.03
73.61,98.50,31.27
73.68,98.80,31.20
73.54,98.76,31.41
73.82,99.17,30.58
73.80,98.92,30.88
73.84,99.12,29.26
73.75,99.50,30.48
73.66,100.21,29.68
73.57,100.16,29.95
73.96,97.84,29.69
74.02,98.76,29.56
73.90,98.34,30.16
73.92,98.36,30.63
73.80,98.33,30.93
73.93,98.71,30.58
73.86,98.58,30.94
73.94,98.89,30.38
74.02,99.30,29.42
73.87,99.25,30.30
73.78,99.72,29.53
73.88,99.43,29.96
61.25,98.41,39.38
61.56,100.03,39.38
64.06,98.16,41.25
64.06,100.28,41.25
68.12,108.12,35.59
68.16,98.12,31.56
69.06,97.78,31.88
69.41,101.25,35.31
70.00,97.50,26.84
70.03,101.25,31.25
71.25,106.28,40.00
69.06,103.78,32.81
69.00,103.60,32.94
69.03,101.56,33.12
69.38,104.38,33.09
69.03,103.75,32.81
61.28,98.44,39.06
61.56,100.03,39.38
61.25,100.00,39.34
61.28,100.31,38.75
61.28,100.62,39.06
61.28,100.31,39.38
69.38,104.38,33.09
69.06,103.78,32.81
63.75,99.66,23.44
63.75,99.66,23.44
63.75,99.69,23.47
63.75,100.00,23.47
63.78,100.31,24.69
63.75,100.31,24.72
