21.00,19.00,9.00
32.00,25.00,33.00
12.00,25.00,32.00
33.00,25.00,28.00
43.00,42.00,44.00
95.00,59.00,52.00
124.00,133.00,134.00
138.00,141.00,137.00
138.00,139.00,150.00
141.00,153.00,143.00
153.00,82.00,83.00
155.00,156.00,176.00
173.00,172.00,174.00
95.00,197.00,99.00
206.00,193.00,202.00
206.00,199.00,7450.00
219.00,216.00,217.00
109.00,108.00,301.00
249.00,172.00,173.00
273.00,272.00,274.00
108.00,302.00,301.00
305.00,303.00,304.00
321.00,231.00,320.00
408.00,364.00,384.00
405.00,751.00,406.00
267.00,499.00,509.00
557.00,444.00,446.00
557.00,556.00,444.00
575.00,499.00,493.00
963.00,499.00,575.00
589.00,588.00,590.00
629.00,628.00,6155.00
789.00,551.00,424.00
815.00,551.00,789.00
557.00,850.00,556.00
577.00,575.00,493.00
1008.00,587.00,963.00
1009.00,964.00,965.00
1024.00,594.00,588.00
1202.00,1056.00,512.00
1303.00,705.00,1065.00
1081.00,1080.00,716.00
1130.00,1129.00,928.00
1635.00,965.00,1129.00
1237.00,1236.00,1238.00
1264.00,1238.00,1049.00
643.00,1264.00,1049.00
1281.00,1280.00,1282.00
692.00,1264.00,643.00
1281.00,1282.00,1314.00
1081.00,1322.00,1301.00
1339.00,1338.00,1340.00
1889.00,1349.00,1350.00
1391.00,1389.00,1430.00
1498.00,1533.00,1532.00
1129.00,1130.00,1635.00
1616.00,1643.00,1642.00
1698.00,1171.00,1635.00
1699.00,1636.00,1637.00
1797.00,1796.00,1211.00
1857.00,1338.00,1339.00
2444.00,1642.00,1946.00
1948.00,1947.00,1678.00
2473.00,1735.00,1947.00
2013.00,2012.00,2014.00
2021.00,2019.00,2020.00
2029.00,2028.00,7055.00
2022.00,2026.00,1789.00
1797.00,2078.00,1796.00
1822.00,2078.00,1797.00
2078.00,2118.00,2107.00
2089.00,2090.00,2112.00
1301.00,2119.00,1822.00
2107.00,2118.00,2120.00
2124.00,2110.00,2111.00
2161.00,2160.00,2162.00
2161.00,2162.00,2204.00
2216.00,1301.00,1322.00
7089.00,2272.00,1362.00
2285.00,1884.00,2212.00
2216.00,2286.00,2287.00
2325.00,1921.00,1891.00
7216.00,2724.00,7173.00
2404.00,2415.00,2414.00
2428.00,1932.00,2419.00
2445.00,1947.00,1948.00
1948.00,1949.00,2445.00
2465.00,1969.00,2432.00
2432.00,1969.00,1941.00
1946.00,1970.00,2444.00
2445.00,2473.00,1947.00
2473.00,2445.00,2474.00
2012.00,2576.00,2020.00
2576.00,2580.00,2020.00
2597.00,2596.00,2050.00
2102.00,2630.00,2597.00
2081.00,2900.00,2082.00
2282.00,2710.00,2281.00
6333.00,2414.00,2752.00
2835.00,2581.00,2580.00
2839.00,2875.00,2583.00
2865.00,2888.00,2867.00
2630.00,3329.00,2935.00
3337.00,2888.00,2940.00
2953.00,2633.00,2632.00
3343.00,2118.00,2119.00
3016.00,2660.00,2661.00
3086.00,3092.00,3093.00
2751.00,3443.00,3175.00
3194.00,3177.00,3176.00
3206.00,3224.00,2805.00
2900.00,3308.00,2841.00
3321.00,3320.00,2924.00
3028.00,3376.00,3321.00
3342.00,3344.00,2120.00
3360.00,3362.00,3008.00
6355.00,3376.00,3028.00
3341.00,3379.00,3029.00
3037.00,3386.00,3039.00
3422.00,3419.00,3086.00
3093.00,3422.00,3086.00
3219.00,3472.00,2752.00
3541.00,3540.00,3542.00
3545.00,3543.00,3544.00
3573.00,3979.00,3308.00
3591.00,3589.00,4268.00
3572.00,3609.00,3573.00
3572.00,3635.00,3609.00
3610.00,3573.00,3609.00
3609.00,4014.00,3610.00
3711.00,3760.00,3762.00
3711.00,3762.00,3712.00
3782.00,3780.00,3422.00
3820.00,3819.00,3821.00
3821.00,3827.00,3820.00
3443.00,3807.00,3837.00
3460.00,3850.00,3446.00
3862.00,3876.00,3877.00
3464.00,3865.00,3866.00
3939.00,3927.00,3940.00
3540.00,3974.00,3544.00
3712.00,3762.00,4080.00
4093.00,3797.00,3414.00
4108.00,4098.00,3782.00
4111.00,3807.00,3797.00
3820.00,4120.00,3819.00
3877.00,4138.00,3862.00
4184.00,4174.00,3926.00
3564.00,4246.00,4245.00
3996.00,4270.00,4234.00
3996.00,4234.00,3979.00
4287.00,4285.00,4312.00
4312.00,4336.00,4287.00
4689.00,4691.00,3741.00
4704.00,4074.00,3755.00
4374.00,4375.00,4296.00
4392.00,4417.00,4419.00
4425.00,4399.00,4098.00
4414.00,4459.00,4100.00
4463.00,4111.00,4445.00
4112.00,4446.00,4108.00
4113.00,4732.00,4447.00
4477.00,4469.00,4486.00
4700.00,4702.00,6343.00
4729.00,4450.00,4431.00
4477.00,4738.00,4469.00
4744.00,4742.00,4496.00
4773.00,4542.00,4549.00
4574.00,4576.00,4788.00
4823.00,4842.00,4825.00
4854.00,4835.00,4853.00
4933.00,4705.00,4704.00
4920.00,5002.00,4922.00
4922.00,5002.00,5004.00
4922.00,5004.00,4924.00
5069.00,5370.00,4736.00
4744.00,5102.00,4742.00
5161.00,5132.00,5131.00
5183.00,4773.00,4757.00
4779.00,5422.00,5233.00
5267.00,5265.00,4788.00
4854.00,5320.00,5305.00
4992.00,4994.00,5356.00
5002.00,5366.00,5004.00
5369.00,5038.00,5367.00
5440.00,5307.00,5438.00
5805.00,5534.00,5523.00
5543.00,5347.00,6602.00
5560.00,5544.00,5356.00
5567.00,5820.00,5814.00
5587.00,5367.00,5366.00
5370.00,5588.00,5368.00
5643.00,5383.00,5382.00
5643.00,5666.00,5669.00
5805.00,5808.00,5534.00
5867.00,5878.00,5791.00
5905.00,5928.00,5805.00
5812.00,5930.00,5810.00
5902.00,6040.00,6033.00
6033.00,6048.00,6032.00
5961.00,6054.00,6044.00
233.00,239.00,143.00
590.00,588.00,594.00
822.00,827.00,856.00
305.00,655.00,6062.00
1233.00,1235.00,1279.00
1389.00,1884.00,1891.00
1735.00,2473.00,2011.00
2218.00,1886.00,2286.00
1891.00,1884.00,2285.00
2404.00,2396.00,2415.00
1965.00,1171.00,1698.00
2021.00,2581.00,2583.00
2061.00,2021.00,2583.00
2049.00,2851.00,2877.00
2851.00,2852.00,2858.00
2089.00,2178.00,3028.00
2637.00,2633.00,2953.00
3040.00,2637.00,2953.00
3183.00,2768.00,3186.00
2779.00,2760.00,3209.00
6581.00,3614.00,3637.00
3016.00,3362.00,3651.00
3376.00,6355.00,3661.00
3183.00,3159.00,3465.00
3224.00,3206.00,3485.00
3255.00,3260.00,3942.00
3259.00,3939.00,3539.00
3727.00,3693.00,3774.00
3784.00,3785.00,3802.00
3849.00,3445.00,3829.00
3567.00,4245.00,3995.00
3997.00,3567.00,3995.00
3774.00,4397.00,4093.00
4111.00,3797.00,4445.00
4106.00,3805.00,4110.00
3819.00,4120.00,4129.00
3637.00,3591.00,4273.00
3733.00,4023.00,4287.00
4109.00,4100.00,4459.00
4708.00,4074.00,4705.00
4368.00,4367.00,4713.00
4371.00,4715.00,4946.00
4425.00,4426.00,4724.00
4430.00,5033.00,4729.00
4426.00,4447.00,4730.00
4469.00,4738.00,4743.00
4788.00,4576.00,4802.00
4705.00,4933.00,5017.00
4924.00,5004.00,5005.00
4776.00,4779.00,5233.00
5356.00,4994.00,5368.00
5082.00,5382.00,5383.00
5083.00,5082.00,5383.00
5236.00,5201.00,5421.00
5534.00,5515.00,5523.00
4998.00,7268.00,5580.00
5904.00,5925.00,5946.00
5905.00,5904.00,5946.00
4397.00,6261.00,4445.00
5519.00,6296.00,5549.00
5549.00,6296.00,5565.00
1111.00,741.00,1393.00
2062.00,6073.00,2061.00
2835.00,2832.00,2836.00
3651.00,3362.00,3752.00
3365.00,3651.00,3755.00
3654.00,3365.00,3755.00
3386.00,3690.00,3774.00
3693.00,3386.00,3774.00
3875.00,6103.00,3887.00
21.00,29.00,19.00
44.00,54.00,43.00
9.00,69.00,21.00
77.00,83.00,37.00
29.00,77.00,37.00
133.00,132.00,134.00
75.00,143.00,153.00
175.00,174.00,176.00
174.00,182.00,173.00
214.00,215.00,210.00
216.00,214.00,211.00
216.00,219.00,218.00
214.00,216.00,218.00
173.00,183.00,249.00
271.00,270.00,218.00
219.00,271.00,218.00
269.00,271.00,219.00
217.00,269.00,219.00
301.00,302.00,304.00
303.00,301.00,304.00
321.00,320.00,303.00
406.00,426.00,405.00
270.00,271.00,510.00
512.00,272.00,513.00
304.00,302.00,655.00
305.00,304.00,655.00
426.00,444.00,556.00
611.00,606.00,612.00
822.00,856.00,821.00
856.00,827.00,6166.00
1024.00,588.00,1025.00
699.00,716.00,1080.00
1076.00,699.00,1080.00
1111.00,1119.00,855.00
857.00,1120.00,1113.00
821.00,857.00,1113.00
1300.00,1301.00,1822.00
1081.00,1301.00,1300.00
1080.00,1081.00,1300.00
1394.00,1395.00,1327.00
1402.00,1403.00,1339.00
1340.00,1402.00,1339.00
1533.00,1556.00,1532.00
1735.00,1734.00,1151.00
6958.00,1280.00,1829.00
1327.00,1395.00,1849.00
1699.00,1969.00,1698.00
1642.00,1701.00,1946.00
2012.00,2020.00,2019.00
2014.00,2012.00,2019.00
2026.00,2022.00,2014.00
2019.00,2026.00,2014.00
1798.00,1796.00,2079.00
2111.00,2110.00,2085.00
1931.00,2422.00,2423.00
2415.00,2424.00,2414.00
2580.00,2581.00,2021.00
2020.00,2580.00,2021.00
2660.00,2160.00,2661.00
2779.00,2805.00,2525.00
2527.00,2806.00,2788.00
2484.00,2527.00,2788.00
2581.00,2835.00,2839.00
2583.00,2581.00,2839.00
2028.00,2029.00,2841.00
2840.00,2028.00,2841.00
2600.00,2863.00,2865.00
2602.00,2600.00,2865.00
2602.00,2865.00,2867.00
2082.00,2900.00,2841.00
2029.00,2082.00,2841.00
2924.00,2089.00,3028.00
3321.00,2924.00,3028.00
2940.00,3336.00,3337.00
3041.00,3389.00,3393.00
3415.00,3414.00,2710.00
3129.00,3444.00,3436.00
3108.00,3129.00,3436.00
3219.00,3226.00,3918.00
3472.00,3219.00,3918.00
4184.00,3926.00,3942.00
3542.00,3540.00,3544.00
3543.00,3542.00,3544.00
3572.00,3307.00,3344.00
3337.00,3336.00,3631.00
3342.00,3632.00,3633.00
3344.00,3342.00,3633.00
3694.00,3632.00,3390.00
3741.00,3743.00,3069.00
3067.00,3741.00,3069.00
3069.00,3743.00,3071.00
4127.00,4124.00,3831.00
4468.00,3839.00,4496.00
4185.00,4215.00,3971.00
4306.00,4274.00,4044.00
4417.00,4390.00,6263.00
4425.00,4098.00,4108.00
4113.00,4447.00,4446.00
4677.00,4679.00,4312.00
4285.00,4677.00,4312.00
4747.00,5105.00,4744.00
4691.00,4689.00,4920.00
4691.00,4920.00,4922.00
4693.00,4691.00,4922.00
4693.00,4922.00,4924.00
5033.00,5032.00,5065.00
5069.00,4736.00,4742.00
5102.00,5069.00,4742.00
6881.00,4747.00,6273.00
5198.00,5230.00,4776.00
5267.00,4788.00,4802.00
4873.00,5331.00,5333.00
4889.00,5339.00,4898.00
5002.00,5363.00,5366.00
5560.00,5356.00,5368.00
5588.00,5560.00,5368.00
5592.00,5565.00,6296.00
5643.00,5382.00,5640.00
5383.00,5643.00,5669.00
5201.00,6305.00,5746.00
5534.00,5808.00,5535.00
5789.00,5859.00,5867.00
5791.00,5789.00,5867.00
5805.00,5803.00,5905.00
5821.00,5973.00,5995.00
5941.00,6044.00,5917.00
6044.00,5941.00,5961.00
5884.00,6032.00,6049.00
6035.00,6049.00,6051.00
6037.00,6035.00,6051.00
6038.00,6052.00,6053.00
6040.00,6038.00,6053.00
6052.00,5917.00,6044.00
6054.00,6052.00,6044.00
5963.00,6055.00,6054.00
5961.00,5963.00,6054.00
2062.00,6179.00,6073.00
6984.00,6185.00,6182.00
850.00,560.00,912.00
1889.00,2202.00,2305.00
2081.00,3307.00,2900.00
3774.00,3690.00,4397.00
4074.00,3758.00,3654.00
3755.00,4074.00,3654.00
4034.00,4296.00,6259.00
4299.00,4034.00,6259.00
4417.00,6263.00,3794.00
5363.00,5584.00,6297.00
1081.00,716.00,6175.00
1770.00,1729.00,6080.00
3447.00,3463.00,3175.00
3443.00,3447.00,3175.00
3727.00,3774.00,4093.00
4374.00,4720.00,4375.00
5419.00,5749.00,7368.00
69.00,233.00,143.00
6137.00,286.00,6138.00
114.00,107.00,109.00
229.00,114.00,109.00
1701.00,1642.00,1643.00
3255.00,3942.00,3926.00
3494.00,3255.00,3926.00
3611.00,3583.00,3589.00
5565.00,5592.00,5567.00
5918.00,6038.00,5901.00
87.00,43.00,186.00
212.00,99.00,197.00
1327.00,1303.00,1394.00
3891.00,3464.00,3177.00
3979.00,3978.00,3308.00
4112.00,4108.00,3782.00
4363.00,3758.00,4708.00
4704.00,4705.00,4074.00
3665.00,3376.00,6571.00
1403.00,1857.00,1339.00
32.00,33.00,40.00
2940.00,2888.00,2865.00
2863.00,2940.00,2865.00
5792.00,5487.00,5793.00
3539.00,4215.00,4212.00
2218.00,1849.00,1395.00
1886.00,2218.00,1395.00
3362.00,3360.00,3752.00
4074.00,4708.00,3758.00
4273.00,4673.00,6486.00
3752.00,6490.00,3651.00
5868.00,5930.00,5931.00
560.00,850.00,557.00
2597.00,2630.00,2935.00
3321.00,3376.00,3665.00
6882.00,1643.00,1616.00
206.00,202.00,210.00
1965.00,6390.00,1008.00
1829.00,1281.00,1388.00
1882.00,1829.00,1388.00
2102.00,2100.00,2630.00
3831.00,4124.00,3805.00
3671.00,4034.00,4299.00
4496.00,3839.00,3854.00
4741.00,5062.00,4738.00
4775.00,5229.00,5257.00
4801.00,4775.00,5257.00
5638.00,5666.00,5640.00
211.00,202.00,99.00
212.00,211.00,99.00
3548.00,3543.00,3545.00
3557.00,3548.00,3545.00
4399.00,4398.00,4096.00
4098.00,4399.00,4096.00
4549.00,4542.00,6109.00
5515.00,5534.00,5341.00
5713.00,5765.00,5746.00
5852.00,5794.00,5860.00
6250.00,3898.00,3472.00
3918.00,6250.00,3472.00
269.00,217.00,267.00
478.00,562.00,463.00
2102.00,2597.00,2050.00
1181.00,2102.00,2050.00
3361.00,3360.00,3008.00
3009.00,3361.00,3008.00
5812.00,5810.00,5549.00
5565.00,5812.00,5549.00
5814.00,5820.00,5950.00
6013.00,6031.00,5831.00
2404.00,2414.00,6333.00
770.00,6160.00,6176.00
1700.00,1972.00,1701.00
1643.00,1700.00,1701.00
249.00,254.00,440.00
3751.00,6343.00,3752.00
5746.00,6359.00,5713.00
6408.00,6483.00,5793.00
3369.00,3758.00,3760.00
4704.00,6490.00,4702.00
6080.00,7369.00,1770.00
6455.00,6550.00,7271.00
1362.00,2272.00,6331.00
2011.00,2473.00,2804.00
3028.00,2178.00,6355.00
6372.00,6092.00,3128.00
3666.00,3320.00,3321.00
3665.00,3666.00,3321.00
3372.00,3661.00,6355.00
6343.00,4702.00,6490.00
3752.00,6343.00,6490.00
5584.00,6359.00,6297.00
5930.00,5868.00,5810.00
2047.00,2074.00,2042.00
217.00,212.00,267.00
6273.00,4138.00,4752.00
4208.00,4606.00,6421.00
238.00,137.00,239.00
3661.00,4024.00,6571.00
3376.00,3661.00,6571.00
3637.00,4273.00,6486.00
3194.00,6099.00,6510.00
3186.00,6245.00,6353.00
4363.00,4710.00,4080.00
6259.00,4296.00,4375.00
362.00,751.00,6157.00
3985.00,4229.00,6338.00
6352.00,6641.00,6203.00
912.00,560.00,6530.00
1498.00,1532.00,1927.00
1560.00,1584.00,1935.00
1932.00,1580.00,2419.00
2202.00,2203.00,2305.00
2416.00,1930.00,1557.00
1932.00,2416.00,1557.00
4918.00,4998.00,5361.00
2840.00,2841.00,3308.00
3978.00,2840.00,3308.00
3807.00,4111.00,3837.00
4165.00,4156.00,4551.00
4184.00,4573.00,6292.00
5037.00,5369.00,5640.00
5580.00,5361.00,4998.00
5783.00,6545.00,5852.00
1700.00,1736.00,2484.00
1972.00,1700.00,2484.00
4933.00,4704.00,4702.00
6455.00,6092.00,6550.00
3755.00,3651.00,6490.00
4704.00,3755.00,6490.00
50.00,52.00,59.00
320.00,4.00,229.00
1930.00,2415.00,2396.00
3386.00,3693.00,3039.00
4776.00,5230.00,4560.00
5793.00,6483.00,6126.00
5161.00,5131.00,5160.00
5198.00,5412.00,5731.00
5794.00,5487.00,5792.00
3800.00,3829.00,3785.00
6093.00,6092.00,6455.00
3751.00,3752.00,3360.00
4368.00,4024.00,4367.00
4741.00,4738.00,4477.00
2752.00,3472.00,6510.00
3862.00,3144.00,6101.00
6571.00,4291.00,3665.00
1918.00,1480.00,6503.00
2322.00,1918.00,6503.00
238.00,239.00,403.00
734.00,706.00,733.00
892.00,862.00,6661.00
930.00,892.00,6661.00
650.00,6662.00,1202.00
6579.00,3741.00,3067.00
2422.00,1931.00,2751.00
3483.00,3887.00,3480.00
3540.00,3541.00,4632.00
1886.00,1432.00,2327.00
4246.00,4247.00,4245.00
3734.00,3391.00,3359.00
5785.00,5856.00,5859.00
301.00,229.00,109.00
680.00,682.00,1078.00
706.00,734.00,1078.00
682.00,706.00,1078.00
5902.00,5901.00,6038.00
6040.00,5902.00,6038.00
6401.00,6994.00,6107.00
4529.00,6401.00,6107.00
4705.00,5017.00,6689.00
5878.00,5867.00,6346.00
6102.00,3539.00,6515.00
12.00,14.00,25.00
193.00,54.00,58.00
4720.00,4374.00,4371.00
176.00,156.00,175.00
1110.00,757.00,828.00
2014.00,2022.00,2013.00
2576.00,2832.00,2835.00
2580.00,2576.00,2835.00
3456.00,3177.00,3464.00
3866.00,3456.00,3464.00
3465.00,3875.00,3887.00
3483.00,3465.00,3887.00
4603.00,4802.00,4576.00
4665.00,4873.00,4666.00
4741.00,4731.00,5065.00
5160.00,5131.00,4752.00
6055.00,5963.00,5944.00
4109.00,4123.00,3800.00
38.00,32.00,40.00
2061.00,6073.00,2026.00
1350.00,1349.00,6187.00
6102.00,2575.00,3259.00
3539.00,6102.00,3259.00
3751.00,3360.00,3361.00
3412.00,3751.00,3361.00
3396.00,3418.00,3776.00
4652.00,4247.00,4246.00
4651.00,4652.00,4246.00
4724.00,4722.00,4399.00
4425.00,4724.00,4399.00
3108.00,3436.00,3435.00
2777.00,2753.00,3175.00
3447.00,3443.00,3837.00
3853.00,3447.00,3837.00
1403.00,2350.00,1857.00
3567.00,3997.00,3570.00
3566.00,3567.00,3570.00
4390.00,4388.00,4414.00
6263.00,4390.00,4414.00
2448.00,2760.00,2779.00
2525.00,2448.00,2779.00
5946.00,5925.00,5944.00
4247.00,4249.00,4254.00
4430.00,6259.00,4375.00
4723.00,4430.00,4375.00
5033.00,4723.00,5032.00
3006.00,3005.00,3000.00
5438.00,6408.00,5440.00
6571.00,4024.00,4368.00
4291.00,6571.00,4368.00
560.00,557.00,446.00
463.00,560.00,446.00
3557.00,3985.00,6338.00
6107.00,6500.00,3907.00
6127.00,5069.00,5102.00
2877.00,2878.00,2617.00
3546.00,3556.00,3541.00
3542.00,3546.00,3541.00
4823.00,4634.00,4838.00
3337.00,3631.00,3341.00
5738.00,5851.00,5705.00
2857.00,2881.00,2955.00
5468.00,5785.00,4863.00
1736.00,6590.00,2484.00
302.00,108.00,6778.00
5860.00,6612.00,5852.00
2526.00,6624.00,2552.00
5193.00,6653.00,6250.00
4705.00,6689.00,4708.00
4708.00,6689.00,6114.00
6114.00,6694.00,6597.00
6421.00,6699.00,7094.00
578.00,6733.00,999.00
6151.00,210.00,215.00
2527.00,2484.00,6590.00
6342.00,3412.00,6601.00
1670.00,1144.00,6678.00
6597.00,4941.00,4710.00
6114.00,6597.00,4710.00
644.00,1048.00,6662.00
650.00,644.00,6662.00
1789.00,2026.00,6073.00
612.00,1789.00,6073.00
7049.00,7275.00,6205.00
6555.00,6641.00,6720.00
446.00,444.00,407.00
6273.00,4747.00,3444.00
6473.00,1018.00,6709.00
2575.00,6102.00,6654.00
7426.00,6647.00,7370.00
1409.00,6532.00,1408.00
1349.00,1409.00,1408.00
6597.00,6694.00,6115.00
1890.00,1918.00,1865.00
100.00,101.00,6732.00
1018.00,6473.00,6678.00
1010.00,1018.00,6678.00
2272.00,3071.00,6601.00
6331.00,2272.00,6601.00
4698.00,5010.00,6623.00
4700.00,4698.00,6623.00
6689.00,5017.00,6694.00
6114.00,6689.00,6694.00
5017.00,6575.00,6694.00
1678.00,1151.00,6734.00
6072.00,1678.00,6734.00
551.00,815.00,461.00
6606.00,6507.00,6164.00
6659.00,6198.00,6647.00
6555.00,1974.00,6659.00
774.00,1428.00,780.00
2286.00,2216.00,2218.00
3712.00,4080.00,4367.00
4715.00,4371.00,4291.00
4368.00,4715.00,4291.00
5338.00,5802.00,5523.00
1046.00,2082.00,2029.00
1281.00,1829.00,1280.00
628.00,629.00,1040.00
2777.00,3175.00,3463.00
3460.00,3463.00,3850.00
560.00,463.00,6530.00
5783.00,5852.00,6612.00
5856.00,5783.00,6612.00
6678.00,6473.00,1670.00
1972.00,2484.00,2788.00
1970.00,1972.00,2788.00
3177.00,3456.00,3176.00
4854.00,5305.00,4820.00
4835.00,4854.00,4820.00
5005.00,5004.00,5038.00
4755.00,4486.00,4469.00
4743.00,4755.00,4469.00
1947.00,1735.00,1151.00
1678.00,1947.00,1151.00
6503.00,1480.00,1516.00
5798.00,5791.00,5881.00
1181.00,1202.00,6662.00
5376.00,5592.00,5075.00
3224.00,3485.00,3509.00
626.00,606.00,611.00
5831.00,5626.00,5624.00
6160.00,6887.00,766.00
1889.00,1350.00,2157.00
822.00,1519.00,1522.00
6231.00,6352.00,6656.00
2289.00,7005.00,2354.00
2335.00,2289.00,2354.00
1286.00,1292.00,1067.00
260.00,188.00,199.00
1322.00,1849.00,2218.00
2216.00,1322.00,2218.00
1845.00,2212.00,1884.00
3226.00,3219.00,3203.00
6041.00,6053.00,6055.00
2180.00,2212.00,1845.00
2181.00,2180.00,1845.00
2867.00,2869.00,2606.00
5032.00,5062.00,4741.00
5065.00,5032.00,4741.00
3144.00,3862.00,6822.00
4691.00,4693.00,3743.00
3741.00,4691.00,3743.00
6359.00,5746.00,7373.00
5257.00,5229.00,6665.00
6323.00,930.00,6831.00
4529.00,6107.00,3474.00
3911.00,4529.00,3474.00
6473.00,6709.00,7374.00
6659.00,1736.00,6198.00
6447.00,6458.00,1428.00
1340.00,1441.00,1402.00
1580.00,1932.00,1557.00
1556.00,1580.00,1557.00
1824.00,1237.00,1838.00
2836.00,2832.00,2606.00
2869.00,2836.00,2606.00
3008.00,3010.00,3009.00
4616.00,4802.00,4603.00
5101.00,4743.00,4738.00
5062.00,5101.00,4738.00
5535.00,5551.00,5341.00
5534.00,5535.00,5341.00
2287.00,3060.00,2216.00
4368.00,4713.00,4715.00
7368.00,5749.00,6305.00
1494.00,1441.00,6187.00
6390.00,6644.00,587.00
1008.00,6390.00,587.00
1939.00,1637.00,1131.00
1939.00,2423.00,1941.00
4249.00,4247.00,4652.00
4653.00,4249.00,4652.00
5904.00,5885.00,6035.00
6037.00,5904.00,6035.00
4034.00,3671.00,3597.00
5082.00,6623.00,5010.00
2744.00,2408.00,6224.00
6333.00,2744.00,6224.00
4729.00,5033.00,5065.00
2022.00,1789.00,602.00
6472.00,2022.00,602.00
6405.00,6116.00,4946.00
6500.00,4477.00,4486.00
6273.00,4752.00,6881.00
5203.00,5201.00,5236.00
6932.00,5203.00,5236.00
4941.00,4713.00,4367.00
606.00,602.00,1789.00
612.00,606.00,1789.00
1825.00,2633.00,2637.00
3572.00,3573.00,3307.00
2166.00,2162.00,2160.00
4679.00,4677.00,4893.00
238.00,237.00,137.00
6472.00,602.00,598.00
753.00,740.00,819.00
3695.00,4044.00,3633.00
6515.00,6110.00,4208.00
7097.00,4779.00,6267.00
296.00,626.00,6732.00
6159.00,734.00,733.00
6250.00,6653.00,3898.00
2112.00,1838.00,680.00
3255.00,3494.00,3234.00
3254.00,3255.00,3234.00
3844.00,6103.00,3821.00
3819.00,3844.00,3821.00
4445.00,3797.00,4093.00
4397.00,4445.00,4093.00
827.00,862.00,6166.00
4112.00,3093.00,3098.00
2102.00,6745.00,2100.00
6575.00,6758.00,6694.00
4693.00,6762.00,3743.00
626.00,6778.00,6732.00
6446.00,6784.00,7185.00
6421.00,6802.00,6699.00
4430.00,6804.00,6259.00
4702.00,6819.00,4933.00
5713.00,6847.00,6667.00
6667.00,6847.00,5580.00
1120.00,6855.00,1113.00
4186.00,6875.00,4603.00
3092.00,2721.00,3090.00
3541.00,3556.00,6841.00
1144.00,1670.00,6816.00
4603.00,6875.00,4616.00
5867.00,5859.00,6836.00
6612.00,5860.00,6760.00
3260.00,3263.00,6875.00
6759.00,7185.00,6784.00
6662.00,1048.00,6745.00
3839.00,4468.00,6860.00
3814.00,3839.00,6860.00
6547.00,1144.00,6816.00
6769.00,6093.00,6455.00
4606.00,7013.00,6802.00
6421.00,4606.00,6802.00
6470.00,6777.00,6791.00
6601.00,3071.00,6762.00
6342.00,6601.00,6762.00
5180.00,6780.00,6512.00
6784.00,6446.00,6794.00
6847.00,5584.00,5361.00
5580.00,6847.00,5361.00
6115.00,6694.00,6758.00
100.00,6732.00,6778.00
108.00,100.00,6778.00
150.00,80.00,82.00
362.00,6157.00,692.00
6446.00,6699.00,6802.00
6794.00,6446.00,6802.00
3128.00,3108.00,6372.00
4299.00,6259.00,6804.00
4113.00,3814.00,6860.00
4732.00,4113.00,6860.00
4700.00,6623.00,6819.00
4702.00,4700.00,6819.00
6297.00,6359.00,7375.00
6663.00,6709.00,6919.00
5746.00,6305.00,7373.00
3129.00,3144.00,6822.00
6847.00,5713.00,6359.00
5584.00,6847.00,6359.00
1120.00,6718.00,6855.00
6822.00,3862.00,4138.00
6273.00,6822.00,4138.00
6176.00,6447.00,770.00
6745.00,2102.00,1181.00
6662.00,6745.00,1181.00
3092.00,3086.00,6328.00
4823.00,4838.00,5307.00
4842.00,4823.00,5307.00
3862.00,6101.00,3876.00
2022.00,6472.00,2013.00
4802.00,4616.00,6851.00
5267.00,4802.00,6851.00
237.00,238.00,401.00
132.00,130.00,134.00
3226.00,3203.00,3204.00
2778.00,3226.00,3204.00
2432.00,2422.00,2753.00
1010.00,6678.00,1144.00
4790.00,5287.00,7004.00
611.00,302.00,6778.00
626.00,611.00,6778.00
1841.00,696.00,2181.00
4398.00,4399.00,4722.00
4332.00,4398.00,4722.00
5567.00,5592.00,5376.00
5515.00,5341.00,4898.00
5339.00,5515.00,4898.00
4731.00,4741.00,4477.00
5904.00,6037.00,5925.00
751.00,408.00,406.00
756.00,757.00,1110.00
4083.00,4388.00,4085.00
172.00,176.00,174.00
7189.00,6746.00,6821.00
154.00,155.00,246.00
399.00,154.00,246.00
1046.00,1798.00,2082.00
2991.00,2681.00,2203.00
6500.00,4156.00,3907.00
3071.00,3743.00,6762.00
2013.00,2606.00,2832.00
3611.00,3345.00,3583.00
5242.00,6708.00,5303.00
3396.00,3695.00,3694.00
2804.00,2805.00,3224.00
7019.00,5287.00,4790.00
5246.00,7019.00,4790.00
362.00,323.00,364.00
1480.00,1353.00,6589.00
2473.00,2474.00,2804.00
2085.00,2086.00,2635.00
2609.00,2613.00,2062.00
2632.00,6179.00,2062.00
2613.00,2632.00,2062.00
3206.00,2805.00,2779.00
3209.00,3206.00,2779.00
3224.00,3509.00,3508.00
5464.00,5440.00,6408.00
5487.00,5464.00,6408.00
1049.00,1048.00,644.00
5361.00,5584.00,6936.00
6930.00,6665.00,6758.00
5798.00,5328.00,5791.00
6239.00,2681.00,2991.00
6687.00,6239.00,2991.00
6555.00,6720.00,6624.00
1974.00,6555.00,6624.00
4775.00,4801.00,4178.00
4770.00,4775.00,4178.00
6612.00,6760.00,6836.00
5996.00,6014.00,5941.00
6623.00,5082.00,5083.00
6889.00,6550.00,6092.00
5961.00,5941.00,6014.00
441.00,399.00,246.00
172.00,441.00,246.00
1812.00,1813.00,2096.00
3342.00,3343.00,3632.00
3876.00,3865.00,3888.00
3877.00,3876.00,3888.00
3509.00,3485.00,3907.00
5479.00,5331.00,4872.00
3730.00,4050.00,4306.00
1081.00,6175.00,1322.00
44.00,42.00,50.00
206.00,262.00,199.00
511.00,269.00,267.00
509.00,511.00,267.00
2465.00,2432.00,2753.00
2777.00,2465.00,2753.00
3831.00,3446.00,3850.00
3853.00,3831.00,3850.00
6032.00,5884.00,5883.00
1344.00,6187.00,1441.00
1340.00,1344.00,1441.00
2857.00,2878.00,2858.00
5464.00,6545.00,5440.00
6164.00,6160.00,770.00
774.00,6164.00,770.00
965.00,1635.00,1171.00
1009.00,965.00,1171.00
6187.00,1349.00,1408.00
1494.00,6187.00,1408.00
2404.00,6333.00,6224.00
2408.00,2744.00,2399.00
999.00,7190.00,6614.00
6349.00,999.00,6614.00
6515.00,3539.00,4212.00
4573.00,5265.00,6470.00
6292.00,4573.00,6470.00
590.00,286.00,282.00
589.00,590.00,282.00
1729.00,1770.00,1179.00
1017.00,1729.00,1179.00
3734.00,3733.00,4685.00
1049.00,1238.00,1236.00
1048.00,1049.00,1236.00
6261.00,4463.00,4445.00
262.00,206.00,210.00
6151.00,262.00,210.00
2404.00,6224.00,2392.00
4677.00,4674.00,4893.00
2525.00,2805.00,2804.00
2474.00,2525.00,2804.00
6203.00,6641.00,6583.00
5878.00,5881.00,5791.00
1889.00,2305.00,1409.00
3844.00,4141.00,3868.00
2204.00,2162.00,6458.00
6447.00,2204.00,6458.00
1146.00,983.00,6530.00
6333.00,2752.00,6099.00
6855.00,6718.00,1516.00
2526.00,6590.00,1974.00
6624.00,2526.00,1974.00
4721.00,4723.00,4375.00
4720.00,4721.00,4375.00
1366.00,6188.00,1362.00
6331.00,1366.00,1362.00
5905.00,5803.00,5885.00
5904.00,5905.00,5885.00
6323.00,966.00,930.00
3727.00,3393.00,3389.00
3693.00,3727.00,3389.00
6670.00,6777.00,6309.00
5779.00,6670.00,6309.00
1918.00,2322.00,1865.00
5314.00,5315.00,4847.00
1533.00,1498.00,6532.00
6498.00,1120.00,857.00
6200.00,6498.00,857.00
4024.00,3661.00,4025.00
3365.00,2660.00,3016.00
3651.00,3365.00,3016.00
2525.00,2474.00,2448.00
6331.00,6601.00,3412.00
5376.00,5075.00,5105.00
5384.00,5376.00,5105.00
1430.00,1921.00,1527.00
6159.00,733.00,6616.00
2047.00,6880.00,2049.00
1350.00,6940.00,2157.00
5303.00,6905.00,5242.00
6579.00,6910.00,7106.00
1211.00,6935.00,628.00
5363.00,6936.00,5584.00
3546.00,2038.00,3556.00
7193.00,6938.00,1450.00
6143.00,6953.00,6948.00
6639.00,6954.00,6347.00
5229.00,6960.00,6665.00
6665.00,6960.00,6758.00
6510.00,7031.00,3194.00
2047.00,2042.00,6880.00
4818.00,6977.00,5303.00
6363.00,6979.00,6882.00
6500.00,4486.00,4156.00
2246.00,2250.00,6921.00
4918.00,5361.00,6936.00
1480.00,6589.00,6855.00
1516.00,1480.00,6855.00
6919.00,1179.00,1770.00
6251.00,6919.00,1770.00
5180.00,6512.00,6960.00
5229.00,5180.00,6960.00
6155.00,628.00,6935.00
640.00,6155.00,6935.00
6070.00,7454.00,6079.00
2445.00,1949.00,2448.00
2474.00,2445.00,2448.00
2203.00,2681.00,6938.00
6758.00,6575.00,6930.00
5386.00,5384.00,6881.00
6115.00,6758.00,6960.00
6512.00,6115.00,6960.00
6160.00,6831.00,6887.00
6954.00,6639.00,6953.00
6143.00,6954.00,6953.00
7283.00,6663.00,6919.00
6251.00,7283.00,6919.00
6910.00,3391.00,3734.00
6092.00,6372.00,6889.00
1857.00,2350.00,6970.00
1865.00,6837.00,7119.00
5303.00,6977.00,6905.00
6363.00,6882.00,6913.00
7001.00,1606.00,931.00
3176.00,3456.00,2399.00
2744.00,3176.00,2399.00
4667.00,4666.00,4669.00
3465.00,3159.00,3875.00
4724.00,4426.00,4951.00
3853.00,3837.00,4127.00
3831.00,3853.00,4127.00
6231.00,6720.00,6641.00
6352.00,6231.00,6641.00
6473.00,2510.00,1670.00
1017.00,1179.00,1023.00
1974.00,6590.00,1736.00
6659.00,1974.00,1736.00
2013.00,6472.00,6918.00
2606.00,2013.00,6918.00
1942.00,2440.00,1940.00
2425.00,2752.00,2414.00
2424.00,2425.00,2414.00
3758.00,4363.00,3760.00
170.00,167.00,133.00
827.00,828.00,862.00
1606.00,892.00,931.00
6239.00,3005.00,2246.00
1118.00,1119.00,1527.00
3343.00,3390.00,3632.00
3037.00,2875.00,6376.00
6376.00,2875.00,2839.00
6182.00,6185.00,6429.00
4124.00,4127.00,4463.00
2124.00,2111.00,6927.00
4641.00,4241.00,4639.00
2158.00,2202.00,2157.00
5033.00,4430.00,4723.00
2742.00,3456.00,3866.00
6794.00,6977.00,4818.00
2038.00,6727.00,3556.00
724.00,1314.00,1320.00
6173.00,6734.00,1151.00
1146.00,6530.00,6173.00
4127.00,3837.00,4111.00
4463.00,4127.00,4111.00
1235.00,1233.00,1228.00
1130.00,1131.00,1636.00
1635.00,1130.00,1636.00
2062.00,2061.00,2609.00
2635.00,2878.00,2857.00
2955.00,2635.00,2857.00
5523.00,5802.00,5803.00
5805.00,5523.00,5803.00
5369.00,5638.00,5640.00
5464.00,5794.00,5852.00
6545.00,5464.00,5852.00
2676.00,2161.00,2708.00
5720.00,5132.00,5161.00
5319.00,5456.00,4853.00
2090.00,2096.00,1813.00
5765.00,5713.00,7057.00
5713.00,6667.00,7057.00
7023.00,6687.00,2991.00
6581.00,3637.00,7023.00
6919.00,6709.00,7065.00
3259.00,2551.00,3939.00
1942.00,1612.00,2444.00
5510.00,5884.00,5802.00
5333.00,5510.00,5802.00
6299.00,6457.00,7067.00
1813.00,1824.00,2090.00
2246.00,3005.00,2250.00
7073.00,6910.00,6579.00
6661.00,6887.00,6831.00
930.00,6661.00,6831.00
2202.00,2158.00,7078.00
3777.00,3780.00,4096.00
246.00,155.00,176.00
172.00,246.00,176.00
2112.00,1292.00,2178.00
2089.00,2112.00,2178.00
4770.00,4178.00,4542.00
5338.00,5523.00,5515.00
5339.00,5338.00,5515.00
5720.00,5161.00,7377.00
12.00,32.00,38.00
788.00,751.00,405.00
554.00,788.00,405.00
3039.00,2613.00,3037.00
6880.00,2042.00,3548.00
3557.00,6880.00,3548.00
3464.00,3891.00,3888.00
3865.00,3464.00,3888.00
930.00,966.00,931.00
892.00,930.00,931.00
6187.00,1344.00,1350.00
1557.00,1930.00,1532.00
1556.00,1557.00,1532.00
5883.00,5902.00,6033.00
6032.00,5883.00,6033.00
4679.00,4908.00,5347.00
5101.00,6116.00,6405.00
2465.00,2777.00,6755.00
1965.00,2465.00,6755.00
6563.00,6008.00,6379.00
5856.00,5785.00,5468.00
5783.00,5856.00,5468.00
6323.00,6831.00,6507.00
6070.00,6323.00,6507.00
4390.00,4417.00,4392.00
6300.00,5752.00,5766.00
6098.00,6372.00,3108.00
3435.00,6098.00,3108.00
2852.00,6880.00,3557.00
6338.00,2852.00,3557.00
3802.00,3438.00,3794.00
3341.00,3631.00,3682.00
507.00,215.00,270.00
510.00,507.00,270.00
1941.00,2423.00,2422.00
2432.00,1941.00,2422.00
6099.00,3194.00,3176.00
983.00,1146.00,1729.00
1017.00,983.00,1729.00
1825.00,2181.00,696.00
1046.00,2029.00,7201.00
3974.00,4220.00,3977.00
5881.00,5901.00,5902.00
1349.00,1889.00,1409.00
5671.00,5720.00,6131.00
6676.00,5671.00,6131.00
3583.00,3584.00,3589.00
2075.00,2617.00,2086.00
639.00,640.00,7285.00
6164.00,6507.00,6831.00
6160.00,6164.00,6831.00
5075.00,5102.00,4744.00
5105.00,5075.00,4744.00
695.00,1841.00,741.00
740.00,695.00,741.00
3876.00,6101.00,3865.00
1182.00,1056.00,1202.00
1188.00,1024.00,1025.00
5037.00,5005.00,5038.00
5369.00,5037.00,5038.00
2152.00,2158.00,2157.00
6940.00,2152.00,2157.00
3546.00,3548.00,2042.00
2038.00,3546.00,2042.00
5973.00,5970.00,5995.00
5883.00,5884.00,5510.00
5798.00,5883.00,5510.00
4108.00,4446.00,4425.00
3391.00,3007.00,3359.00
1353.00,1352.00,1354.00
6589.00,1353.00,1354.00
4560.00,5230.00,5193.00
6250.00,4560.00,5193.00
6941.00,5944.00,5963.00
6881.00,5384.00,5105.00
4747.00,6881.00,5105.00
2281.00,6955.00,2324.00
650.00,1202.00,512.00
513.00,650.00,512.00
3128.00,3144.00,3129.00
3108.00,3128.00,3129.00
4468.00,4496.00,4742.00
4736.00,4468.00,4742.00
4559.00,4549.00,6109.00
2753.00,2422.00,2751.00
3175.00,2753.00,2751.00
6267.00,4779.00,4776.00
4560.00,6267.00,4776.00
3591.00,3637.00,3614.00
1729.00,1146.00,6080.00
6041.00,6055.00,5944.00
5925.00,6041.00,5944.00
1616.00,7378.00,6882.00
6647.00,6992.00,6718.00
6841.00,7011.00,3541.00
3541.00,7011.00,4632.00
6977.00,7013.00,7004.00
6930.00,7020.00,6665.00
6769.00,7127.00,6970.00
2858.00,3566.00,2857.00
2857.00,3566.00,2881.00
2124.00,7056.00,2110.00
6429.00,7062.00,6182.00
6919.00,7065.00,1179.00
1179.00,7065.00,1023.00
6131.00,7067.00,6676.00
6676.00,7067.00,6457.00
6769.00,7071.00,6093.00
6954.00,7077.00,6347.00
7083.00,862.00,828.00
757.00,7083.00,828.00
4820.00,4632.00,7011.00
4835.00,4820.00,7011.00
1734.00,6080.00,1146.00
1516.00,6718.00,6992.00
6430.00,1516.00,6992.00
1018.00,1023.00,7065.00
6709.00,1018.00,7065.00
4790.00,7004.00,7013.00
4606.00,4790.00,7013.00
6794.00,6802.00,7013.00
6977.00,6794.00,7013.00
7205.00,6759.00,6784.00
5257.00,6665.00,7020.00
6537.00,5257.00,7020.00
6745.00,1048.00,1812.00
2100.00,6745.00,1812.00
1533.00,6532.00,7034.00
6661.00,862.00,7083.00
6887.00,6661.00,7083.00
6500.00,6107.00,6994.00
4477.00,6500.00,6994.00
6620.00,6616.00,7028.00
1312.00,1313.00,7005.00
2881.00,3566.00,3570.00
6948.00,6953.00,7064.00
6060.00,6347.00,7077.00
779.00,780.00,6620.00
6654.00,6657.00,7049.00
7423.00,6654.00,7049.00
6072.00,6734.00,7052.00
6184.00,6182.00,7062.00
6550.00,2124.00,7271.00
7056.00,2124.00,6550.00
6889.00,7056.00,6550.00
440.00,254.00,7077.00
1121.00,1118.00,1489.00
2760.00,2448.00,7084.00
6769.00,2368.00,7071.00
6675.00,3061.00,7073.00
6837.00,6675.00,7073.00
2858.00,6971.00,3566.00
3067.00,6837.00,7073.00
6579.00,3067.00,7073.00
2203.00,2202.00,7078.00
2991.00,2203.00,7078.00
4863.00,4855.00,5317.00
2744.00,6333.00,6099.00
3176.00,2744.00,6099.00
7290.00,6842.00,6692.00
7023.00,2991.00,7078.00
1211.00,628.00,1040.00
1884.00,1885.00,1845.00
1927.00,1532.00,1930.00
2396.00,1927.00,1930.00
4174.00,4184.00,6292.00
6989.00,5626.00,5831.00
6993.00,274.00,282.00
3446.00,3831.00,3805.00
3442.00,3446.00,3805.00
5878.00,5918.00,5901.00
5881.00,5878.00,5901.00
5406.00,6299.00,7067.00
362.00,408.00,751.00
4597.00,6604.00,6110.00
6905.00,6977.00,7004.00
1891.00,2285.00,2325.00
883.00,928.00,477.00
789.00,553.00,817.00
815.00,789.00,817.00
1927.00,2396.00,1528.00
4913.00,4685.00,4336.00
5543.00,4913.00,4336.00
4225.00,4229.00,4220.00
5320.00,5446.00,5305.00
124.00,102.00,127.00
6353.00,6245.00,7050.00
4736.00,5370.00,5035.00
2510.00,1763.00,1670.00
2632.00,2613.00,2953.00
6346.00,5867.00,6836.00
2202.00,1889.00,2157.00
6992.00,6647.00,6198.00
6620.00,7028.00,779.00
132.00,157.00,244.00
3365.00,7172.00,2660.00
2888.00,3337.00,3341.00
3029.00,2888.00,3341.00
3997.00,3995.00,4254.00
6049.00,6035.00,5885.00
5884.00,6049.00,5885.00
5479.00,5328.00,5798.00
5510.00,5479.00,5798.00
1286.00,1320.00,1314.00
1282.00,1286.00,1314.00
5793.00,5487.00,6408.00
3329.00,2630.00,7151.00
4924.00,5005.00,7154.00
3671.00,3329.00,7151.00
3177.00,3194.00,7031.00
3891.00,3177.00,7031.00
6331.00,3412.00,3361.00
5794.00,5464.00,5487.00
7212.00,282.00,274.00
272.00,7212.00,274.00
6267.00,3918.00,7153.00
1403.00,1402.00,2392.00
6816.00,1670.00,1763.00
5720.00,5671.00,5132.00
1841.00,1885.00,741.00
7019.00,7159.00,5385.00
6343.00,3751.00,7160.00
6098.00,2374.00,7161.00
1643.00,6882.00,6979.00
6794.00,4818.00,6784.00
757.00,756.00,766.00
770.00,6447.00,1428.00
774.00,770.00,1428.00
1798.00,6935.00,1211.00
1796.00,1798.00,1211.00
1939.00,1131.00,1609.00
4853.00,5456.00,5320.00
4854.00,4853.00,5320.00
5143.00,7019.00,5385.00
3665.00,4291.00,4031.00
3666.00,3665.00,4031.00
1408.00,6532.00,1498.00
1494.00,1408.00,1498.00
6137.00,6993.00,282.00
286.00,6137.00,282.00
928.00,883.00,853.00
1939.00,1941.00,1637.00
3911.00,3209.00,2760.00
3898.00,7031.00,6510.00
3472.00,3898.00,6510.00
680.00,1078.00,1067.00
4332.00,4050.00,4398.00
3645.00,3359.00,3006.00
3000.00,3645.00,3006.00
6127.00,5102.00,5075.00
5592.00,6127.00,5075.00
6458.00,1882.00,1388.00
1428.00,6458.00,1388.00
5881.00,5902.00,5883.00
5798.00,5881.00,5883.00
815.00,883.00,461.00
153.00,141.00,82.00
5805.00,5928.00,5808.00
3611.00,3614.00,2152.00
4634.00,4220.00,3974.00
6798.00,6932.00,6367.00
3190.00,7050.00,6755.00
2777.00,3190.00,6755.00
2881.00,3570.00,6821.00
364.00,408.00,362.00
2835.00,2836.00,2839.00
6935.00,1798.00,1046.00
640.00,6935.00,1046.00
52.00,50.00,38.00
40.00,52.00,38.00
6620.00,724.00,6159.00
6616.00,6620.00,6159.00
4332.00,4271.00,4275.00
1131.00,1637.00,1636.00
788.00,733.00,706.00
2415.00,1930.00,2416.00
2424.00,2415.00,2416.00
3682.00,3631.00,3713.00
1391.00,1430.00,1393.00
6918.00,2602.00,2867.00
2606.00,6918.00,2867.00
493.00,197.00,495.00
5265.00,5267.00,6309.00
6031.00,5851.00,5831.00
1121.00,1609.00,1131.00
254.00,249.00,183.00
964.00,1009.00,1008.00
963.00,964.00,1008.00
5814.00,5930.00,5812.00
2840.00,6727.00,2028.00
4123.00,4109.00,4459.00
7056.00,1313.00,1279.00
2110.00,7056.00,1279.00
7064.00,323.00,324.00
6948.00,7064.00,324.00
7276.00,1312.00,2289.00
931.00,966.00,6205.00
7001.00,931.00,6205.00
612.00,613.00,611.00
2711.00,3415.00,2710.00
2282.00,2711.00,2710.00
2609.00,2875.00,3037.00
2613.00,2609.00,3037.00
5851.00,6572.00,5705.00
215.00,507.00,6151.00
4386.00,4388.00,4083.00
2440.00,2466.00,2439.00
5183.00,4757.00,4754.00
2166.00,2160.00,2660.00
7172.00,2166.00,2660.00
3308.00,2900.00,3307.00
3573.00,3308.00,3307.00
215.00,214.00,218.00
270.00,215.00,218.00
5412.00,5198.00,5233.00
1352.00,7089.00,1354.00
4924.00,7091.00,4693.00
4693.00,7091.00,6762.00
6664.00,7146.00,4301.00
3069.00,7119.00,3067.00
6604.00,7113.00,6110.00
3734.00,7106.00,6910.00
2350.00,7120.00,2368.00
4918.00,7125.00,4916.00
4916.00,7125.00,7106.00
1450.00,7132.00,6913.00
6198.00,7142.00,6992.00
5820.00,7145.00,7086.00
3229.00,7153.00,2778.00
6979.00,7163.00,1643.00
1643.00,7163.00,1700.00
5828.00,7086.00,5621.00
3882.00,3480.00,7171.00
2354.00,7005.00,7161.00
2374.00,2354.00,7161.00
7091.00,4924.00,7154.00
7079.00,7091.00,7154.00
7091.00,7079.00,6342.00
6762.00,7091.00,6342.00
1025.00,1056.00,1182.00
7299.00,2166.00,7172.00
5567.00,5376.00,7145.00
5820.00,5567.00,7145.00
3868.00,3882.00,7171.00
1736.00,1700.00,7163.00
6198.00,1736.00,7163.00
7106.00,3734.00,4685.00
5311.00,4641.00,7147.00
4559.00,6109.00,7449.00
2600.00,2602.00,1024.00
7132.00,1450.00,6938.00
3343.00,2119.00,3390.00
6993.00,6137.00,7156.00
7118.00,7136.00,6251.00
6430.00,6992.00,7142.00
7142.00,6198.00,7163.00
6979.00,7142.00,7163.00
1430.00,1527.00,1393.00
5246.00,6897.00,7159.00
7019.00,5246.00,7159.00
3365.00,3654.00,7172.00
3009.00,1366.00,6331.00
3361.00,3009.00,6331.00
2630.00,2100.00,7151.00
3887.00,6103.00,7171.00
3480.00,3887.00,7171.00
3597.00,3671.00,7151.00
7145.00,5376.00,5384.00
5386.00,7145.00,5384.00
6709.00,6663.00,7374.00
7153.00,3229.00,7097.00
6267.00,7153.00,7097.00
3226.00,2778.00,7153.00
3918.00,3226.00,7153.00
4698.00,7079.00,7154.00
5010.00,4698.00,7154.00
6224.00,2408.00,7120.00
2392.00,6224.00,7120.00
6769.00,6455.00,7127.00
4700.00,6343.00,7160.00
4698.00,4700.00,7160.00
6372.00,6098.00,7161.00
6784.00,4818.00,7205.00
6670.00,6989.00,5738.00
6777.00,6670.00,5738.00
4176.00,3930.00,7166.00
7079.00,4698.00,7160.00
6342.00,7079.00,7160.00
6699.00,7152.00,7094.00
1763.00,2510.00,2550.00
1997.00,1763.00,2550.00
1946.00,1701.00,1972.00
1970.00,1946.00,1972.00
2808.00,2527.00,6590.00
2526.00,2808.00,6590.00
1528.00,2396.00,2404.00
2392.00,1528.00,2404.00
4853.00,4832.00,5319.00
6523.00,556.00,850.00
4838.00,4634.00,4632.00
4820.00,4838.00,4632.00
588.00,589.00,1025.00
6013.00,5831.00,5624.00
5821.00,6013.00,5624.00
3911.00,3474.00,3209.00
424.00,551.00,253.00
5569.00,5949.00,5970.00
6088.00,6921.00,2250.00
6581.00,7023.00,7078.00
2158.00,6581.00,7078.00
4129.00,4120.00,6700.00
251.00,53.00,459.00
4673.00,4273.00,4667.00
6994.00,4450.00,4731.00
4477.00,6994.00,4731.00
5918.00,5917.00,6052.00
6038.00,5918.00,6052.00
1056.00,1025.00,589.00
1797.00,1211.00,1040.00
3848.00,3875.00,3159.00
4296.00,4031.00,4374.00
3671.00,7233.00,3329.00
1303.00,1327.00,705.00
4124.00,4110.00,3805.00
5859.00,5789.00,5785.00
6008.00,5970.00,5949.00
7119.00,6837.00,3067.00
6510.00,6099.00,2752.00
6157.00,706.00,682.00
6732.00,101.00,221.00
296.00,6732.00,221.00
1389.00,1391.00,1885.00
1884.00,1389.00,1885.00
3219.00,2752.00,2425.00
3203.00,3219.00,2425.00
3800.00,3785.00,4109.00
4023.00,4284.00,4285.00
4287.00,4023.00,4285.00
4507.00,4486.00,4755.00
4506.00,4507.00,4755.00
6483.00,6408.00,5438.00
5446.00,6483.00,5438.00
1041.00,1300.00,1822.00
6239.00,2246.00,2242.00
2681.00,6239.00,2242.00
7005.00,2289.00,1312.00
323.00,362.00,692.00
643.00,323.00,692.00
2935.00,3329.00,7243.00
7244.00,7084.00,2448.00
1949.00,7244.00,2448.00
323.00,643.00,7305.00
6938.00,2681.00,2242.00
7132.00,6938.00,2242.00
5963.00,5961.00,7263.00
1797.00,1040.00,1041.00
1822.00,1797.00,1041.00
6206.00,6683.00,7383.00
7253.00,6989.00,6670.00
3432.00,3435.00,7256.00
6158.00,704.00,1849.00
6733.00,7257.00,999.00
6614.00,7259.00,6349.00
7260.00,7132.00,2242.00
4998.00,4953.00,7268.00
1182.00,1202.00,1181.00
3820.00,4123.00,4120.00
3942.00,4186.00,4184.00
4669.00,4666.00,4873.00
5333.00,4669.00,4873.00
4916.00,7106.00,4685.00
5792.00,5793.00,5868.00
1891.00,1921.00,1430.00
1389.00,1891.00,1430.00
4710.00,4941.00,4367.00
4080.00,4710.00,4367.00
4176.00,7166.00,4178.00
4801.00,4176.00,4178.00
5905.00,5946.00,5928.00
174.00,175.00,182.00
1845.00,1885.00,1841.00
2181.00,1845.00,1841.00
6639.00,6347.00,6460.00
478.00,6639.00,6460.00
751.00,788.00,706.00
6157.00,751.00,706.00
6791.00,6777.00,5738.00
5705.00,6791.00,5738.00
6791.00,5705.00,5766.00
1262.00,692.00,6157.00
6913.00,7132.00,1462.00
6363.00,6913.00,1462.00
4689.00,7125.00,4918.00
1118.00,1527.00,1489.00
40.00,53.00,52.00
4666.00,4667.00,4268.00
4665.00,4666.00,4268.00
7261.00,4296.00,4034.00
6695.00,446.00,407.00
384.00,6695.00,407.00
2286.00,1886.00,2327.00
1825.00,696.00,6062.00
2633.00,1825.00,6062.00
1533.00,7034.00,1560.00
1556.00,1533.00,1560.00
6375.00,2552.00,6624.00
6720.00,6375.00,6624.00
1890.00,1353.00,1480.00
1918.00,1890.00,1480.00
6910.00,7073.00,3061.00
3391.00,6910.00,3061.00
4442.00,6261.00,4394.00
4419.00,4442.00,4394.00
7215.00,6941.00,5963.00
1262.00,1238.00,1264.00
692.00,1262.00,1264.00
2434.00,2424.00,2416.00
5317.00,4855.00,4847.00
5315.00,5317.00,4847.00
75.00,21.00,69.00
143.00,75.00,69.00
513.00,272.00,273.00
4573.00,4574.00,4788.00
5265.00,4573.00,4788.00
7309.00,3980.00,3978.00
3654.00,3758.00,3369.00
7172.00,3654.00,3369.00
83.00,77.00,75.00
153.00,83.00,75.00
4638.00,4225.00,4825.00
5303.00,7264.00,4818.00
862.00,892.00,6166.00
4.00,320.00,231.00
197.00,95.00,251.00
1935.00,1584.00,1940.00
2420.00,1935.00,1940.00
320.00,229.00,301.00
303.00,320.00,301.00
7064.00,384.00,364.00
323.00,7064.00,364.00
4916.00,4953.00,4998.00
4918.00,4916.00,4998.00
6984.00,2335.00,7386.00
6185.00,6984.00,6513.00
7058.00,5421.00,5765.00
1939.00,1609.00,2423.00
3005.00,3006.00,3007.00
2250.00,3005.00,3007.00
4855.00,4863.00,4864.00
4653.00,4855.00,4864.00
5032.00,4723.00,5062.00
3682.00,3713.00,3763.00
6564.00,5412.00,5752.00
6300.00,6564.00,5752.00
3733.00,3734.00,3359.00
855.00,819.00,1111.00
7377.00,5161.00,7199.00
1300.00,1041.00,1076.00
1080.00,1300.00,1076.00
3090.00,2724.00,3098.00
1678.00,6072.00,1949.00
1948.00,1678.00,1949.00
4336.00,4685.00,3733.00
6228.00,2440.00,1942.00
3183.00,3465.00,3483.00
2768.00,3183.00,3483.00
3419.00,3422.00,3780.00
5035.00,5370.00,5368.00
4994.00,5035.00,5368.00
2840.00,3978.00,3980.00
6727.00,2840.00,3980.00
740.00,753.00,693.00
1841.00,695.00,696.00
4034.00,3597.00,7261.00
2354.00,7173.00,2335.00
4174.00,7175.00,3926.00
3926.00,7175.00,3494.00
286.00,7177.00,6138.00
6421.00,7182.00,4208.00
4208.00,7182.00,6515.00
6512.00,7187.00,6115.00
7084.00,7190.00,7312.00
2305.00,7193.00,1409.00
6143.00,7194.00,6954.00
6954.00,7194.00,7077.00
7055.00,7201.00,2029.00
2751.00,7211.00,3443.00
7234.00,7215.00,7367.00
3432.00,7216.00,2374.00
6905.00,7221.00,5242.00
5242.00,7221.00,5419.00
3329.00,7233.00,7243.00
6941.00,7234.00,6379.00
6379.00,7234.00,6563.00
4779.00,7388.00,5422.00
6446.00,7241.00,6699.00
6699.00,7241.00,7152.00
5791.00,7389.00,5789.00
7118.00,7247.00,3508.00
6188.00,7251.00,1362.00
6667.00,7253.00,7057.00
6460.00,7259.00,7052.00
7132.00,7260.00,1462.00
6457.00,7263.00,6676.00
6798.00,7264.00,6932.00
441.00,7156.00,399.00
3854.00,3839.00,7256.00
7175.00,7097.00,3229.00
3494.00,7175.00,3229.00
2246.00,6921.00,7260.00
2242.00,2246.00,7260.00
6102.00,6515.00,7182.00
6654.00,6102.00,7182.00
6164.00,774.00,7183.00
6606.00,6164.00,7183.00
6421.00,7094.00,7182.00
6727.00,2038.00,7176.00
2028.00,6727.00,7176.00
6842.00,6759.00,7205.00
6798.00,6842.00,7205.00
6014.00,6676.00,7263.00
5961.00,6014.00,7263.00
7233.00,3671.00,4299.00
7174.00,7233.00,4299.00
7077.00,7194.00,440.00
6759.00,6329.00,7185.00
2751.00,1931.00,7211.00
7255.00,6245.00,3186.00
2768.00,7255.00,3186.00
7214.00,6716.00,3336.00
6941.00,7215.00,7234.00
512.00,1056.00,7212.00
272.00,512.00,7212.00
7216.00,3432.00,3814.00
2724.00,7216.00,3814.00
6382.00,2973.00,7231.00
7272.00,6382.00,7231.00
7381.00,7303.00,6909.00
6486.00,4674.00,7390.00
7189.00,7322.00,6746.00
983.00,1017.00,7258.00
7126.00,983.00,7258.00
124.00,127.00,7226.00
1931.00,2423.00,1609.00
1578.00,1931.00,1609.00
1931.00,1578.00,7211.00
5779.00,6309.00,7203.00
6905.00,7004.00,5287.00
7221.00,6905.00,5287.00
5779.00,7057.00,7253.00
6670.00,5779.00,7253.00
6072.00,6614.00,7244.00
1949.00,6072.00,7244.00
239.00,233.00,693.00
5456.00,5319.00,7239.00
6060.00,6349.00,7259.00
7241.00,6446.00,7185.00
6656.00,7241.00,7185.00
6597.00,6115.00,7187.00
4941.00,6597.00,7187.00
2721.00,2335.00,7173.00
5303.00,6708.00,7264.00
7189.00,3997.00,7324.00
1409.00,7193.00,6532.00
3570.00,3997.00,7189.00
6821.00,3570.00,7189.00
7190.00,999.00,7257.00
7312.00,7190.00,7257.00
6909.00,7391.00,1016.00
7264.00,6798.00,7205.00
4818.00,7264.00,7205.00
7256.00,3435.00,3436.00
7057.00,5779.00,7058.00
5765.00,7057.00,7058.00
5161.00,4758.00,7199.00
3320.00,3666.00,7261.00
2354.00,2374.00,7216.00
7173.00,2354.00,7216.00
7190.00,7084.00,7244.00
6614.00,7190.00,7244.00
7211.00,2324.00,6955.00
7224.00,1462.00,7260.00
6921.00,7224.00,7260.00
2282.00,2285.00,2212.00
2711.00,2282.00,2212.00
3763.00,3713.00,4047.00
4450.00,4729.00,5065.00
4731.00,4450.00,5065.00
5973.00,5569.00,5970.00
4953.00,4916.00,4685.00
4913.00,4953.00,4685.00
5161.00,5160.00,4758.00
5265.00,6309.00,6777.00
6470.00,5265.00,6777.00
4305.00,6716.00,7214.00
3676.00,4305.00,7214.00
589.00,282.00,7212.00
1056.00,589.00,7212.00
7392.00,7152.00,7241.00
6656.00,7392.00,7241.00
7198.00,6839.00,7224.00
1890.00,1865.00,7119.00
3645.00,4023.00,3733.00
221.00,360.00,7213.00
77.00,29.00,21.00
75.00,77.00,21.00
156.00,155.00,157.00
3090.00,2721.00,7173.00
2724.00,3090.00,7173.00
4245.00,3567.00,3564.00
7393.00,2392.00,1402.00
1494.00,1498.00,1927.00
1528.00,1494.00,1927.00
7263.00,6457.00,7215.00
5963.00,7263.00,7215.00
1286.00,1067.00,1320.00
5551.00,5535.00,5569.00
6390.00,1965.00,6755.00
4863.00,5317.00,5468.00
3483.00,3480.00,7329.00
5946.00,5944.00,6941.00
3418.00,3419.00,3776.00
1188.00,2600.00,1024.00
7049.00,6657.00,7275.00
7049.00,6205.00,7395.00
4573.00,4184.00,4574.00
6184.00,1233.00,1312.00
14.00,8.00,25.00
682.00,680.00,1838.00
7119.00,3069.00,7333.00
3802.00,3445.00,3438.00
1522.00,7251.00,1110.00
6143.00,7235.00,7194.00
5643.00,5640.00,5666.00
6881.00,4752.00,5386.00
7199.00,3888.00,3891.00
6909.00,7303.00,7258.00
7261.00,3597.00,7242.00
554.00,405.00,426.00
756.00,1110.00,7251.00
6188.00,756.00,7251.00
5230.00,6303.00,5193.00
6188.00,1366.00,1370.00
42.00,167.00,170.00
7235.00,7337.00,6993.00
699.00,672.00,716.00
4652.00,4651.00,4653.00
5101.00,5124.00,4743.00
1235.00,2086.00,2085.00
6101.00,3144.00,7295.00
578.00,999.00,6349.00
50.00,42.00,170.00
7266.00,3234.00,3494.00
3224.00,3508.00,2804.00
6623.00,5083.00,6819.00
7113.00,5246.00,7291.00
4679.00,5347.00,4312.00
3777.00,4096.00,4398.00
4050.00,3777.00,4398.00
3359.00,3645.00,3733.00
6663.00,3244.00,7344.00
7279.00,6692.00,6842.00
6729.00,6537.00,4597.00
4665.00,7346.00,4872.00
1301.00,2216.00,2119.00
3060.00,3390.00,2119.00
2216.00,3060.00,2119.00
7099.00,6700.00,4120.00
3336.00,6716.00,3631.00
4529.00,3911.00,3882.00
7355.00,3263.00,2808.00
7396.00,7355.00,2808.00
5143.00,7221.00,5287.00
7019.00,5143.00,5287.00
4651.00,4246.00,7358.00
424.00,425.00,553.00
789.00,424.00,553.00
2596.00,2597.00,2935.00
4100.00,4109.00,3785.00
3784.00,4100.00,3785.00
4951.00,7397.00,4895.00
1340.00,1338.00,1344.00
1487.00,1921.00,2325.00
2324.00,1487.00,2325.00
4287.00,4336.00,3733.00
1849.00,1322.00,6175.00
6158.00,1849.00,6175.00
175.00,156.00,87.00
54.00,193.00,186.00
43.00,54.00,186.00
4284.00,7390.00,4674.00
6160.00,766.00,6176.00
7047.00,3584.00,7384.00
5339.00,4889.00,4673.00
4597.00,4212.00,6729.00
321.00,303.00,305.00
7328.00,321.00,305.00
3888.00,7199.00,4758.00
3877.00,3888.00,4758.00
4249.00,4259.00,4254.00
6460.00,7052.00,562.00
478.00,6460.00,562.00
6676.00,6014.00,5671.00
3564.00,6971.00,4232.00
4241.00,3564.00,4232.00
4012.00,3635.00,4274.00
1188.00,1025.00,1182.00
1118.00,1121.00,853.00
3010.00,2661.00,2676.00
2708.00,3010.00,2676.00
3190.00,2777.00,3463.00
3460.00,3190.00,3463.00
101.00,102.00,134.00
1609.00,1121.00,1489.00
1578.00,1609.00,1489.00
4306.00,4044.00,3730.00
3138.00,3119.00,3117.00
3459.00,3138.00,3117.00
5808.00,5928.00,5949.00
6127.00,5592.00,6296.00
5588.00,6127.00,6296.00
3061.00,2250.00,3007.00
3391.00,3061.00,3007.00
3632.00,3694.00,3695.00
3633.00,3632.00,3695.00
4417.00,3794.00,4106.00
4419.00,4417.00,4106.00
461.00,883.00,477.00
4273.00,3591.00,4268.00
4667.00,4273.00,4268.00
4332.00,4275.00,4050.00
4186.00,3942.00,3260.00
6875.00,4186.00,3260.00
705.00,704.00,639.00
182.00,188.00,183.00
173.00,182.00,183.00
3159.00,3183.00,3459.00
2551.00,2792.00,3497.00
2434.00,2428.00,3204.00
3203.00,2434.00,3204.00
3645.00,3000.00,4284.00
4023.00,3645.00,4284.00
3693.00,3389.00,3040.00
3039.00,3693.00,3040.00
6513.00,1394.00,1303.00
6185.00,6513.00,1303.00
1262.00,1838.00,1237.00
1238.00,1262.00,1237.00
1940.00,1584.00,1612.00
1942.00,1940.00,1612.00
1560.00,1935.00,1580.00
1556.00,1560.00,1580.00
2419.00,1580.00,1935.00
2420.00,2419.00,1935.00
7299.00,7172.00,3369.00
6955.00,3414.00,3797.00
3807.00,6955.00,3797.00
6564.00,6563.00,6929.00
2869.00,2867.00,2973.00
4507.00,4506.00,4520.00
1016.00,1023.00,1018.00
1010.00,1016.00,1018.00
883.00,815.00,817.00
6203.00,6583.00,6498.00
6200.00,6203.00,6498.00
7146.00,6664.00,6700.00
7099.00,7146.00,6700.00
7148.00,5328.00,6592.00
3844.00,3868.00,7171.00
6103.00,3844.00,7171.00
6602.00,5624.00,7111.00
5543.00,6602.00,7111.00
7402.00,4832.00,7365.00
2440.00,6228.00,2466.00
3676.00,7174.00,4301.00
6109.00,4542.00,4178.00
1113.00,1519.00,822.00
821.00,1113.00,822.00
6683.00,6206.00,7096.00
251.00,95.00,52.00
53.00,251.00,52.00
1636.00,1699.00,1698.00
1635.00,1636.00,1698.00
1699.00,1637.00,1941.00
1969.00,1699.00,1941.00
680.00,1067.00,1292.00
2112.00,680.00,1292.00
3474.00,6107.00,3907.00
3485.00,3474.00,3907.00
4112.00,3782.00,3422.00
3093.00,4112.00,3422.00
28.00,19.00,29.00
37.00,28.00,29.00
6523.00,850.00,912.00
7126.00,6523.00,912.00
740.00,693.00,695.00
2120.00,2118.00,3343.00
3342.00,2120.00,3343.00
7058.00,5779.00,7203.00
7399.00,7058.00,7203.00
5183.00,4770.00,4542.00
4773.00,5183.00,4542.00
6116.00,4721.00,4720.00
828.00,827.00,1110.00
1065.00,6429.00,6185.00
1303.00,1065.00,6185.00
6804.00,4431.00,6664.00
4301.00,6804.00,6664.00
3556.00,6727.00,3980.00
6841.00,3556.00,3980.00
6855.00,6589.00,1519.00
1113.00,6855.00,1519.00
6583.00,6641.00,6555.00
5198.00,4776.00,5233.00
33.00,80.00,53.00
40.00,33.00,53.00
12.00,38.00,7226.00
3829.00,3445.00,3802.00
3785.00,3829.00,3802.00
1822.00,2119.00,2118.00
2078.00,1822.00,2118.00
2466.00,7266.00,2778.00
724.00,7267.00,1314.00
1314.00,7267.00,1281.00
5995.00,7273.00,6572.00
6572.00,7273.00,6300.00
3009.00,7274.00,1366.00
1366.00,7274.00,1370.00
6182.00,7276.00,6984.00
6984.00,7276.00,2289.00
4804.00,7279.00,6367.00
4838.00,7280.00,5307.00
5307.00,7280.00,5438.00
5950.00,7284.00,5931.00
5931.00,7284.00,5860.00
1065.00,7285.00,7201.00
1812.00,7286.00,2100.00
2100.00,7286.00,7151.00
7084.00,7288.00,2760.00
2760.00,7288.00,3911.00
7086.00,7289.00,5621.00
6329.00,7290.00,6375.00
4208.00,7291.00,4606.00
324.00,7292.00,330.00
324.00,7305.00,7292.00
7071.00,7295.00,6093.00
756.00,7296.00,766.00
766.00,7296.00,6176.00
7085.00,7297.00,5406.00
5406.00,7297.00,6653.00
6958.00,7299.00,7452.00
4941.00,7269.00,4713.00
3891.00,7401.00,7199.00
6746.00,7304.00,6911.00
6911.00,7304.00,7127.00
323.00,7305.00,324.00
6958.00,7306.00,1280.00
7402.00,7310.00,4832.00
6606.00,7311.00,6547.00
6547.00,7311.00,7403.00
3480.00,7312.00,7329.00
7218.00,7316.00,2921.00
2921.00,7316.00,7202.00
6913.00,7318.00,1450.00
1450.00,7318.00,7034.00
7086.00,7319.00,5820.00
2144.00,7323.00,7218.00
7202.00,7324.00,4259.00
695.00,7328.00,696.00
7257.00,7329.00,7312.00
6346.00,5941.00,5917.00
6664.00,7340.00,6700.00
6700.00,7340.00,4129.00
3128.00,7295.00,3144.00
6349.00,7342.00,578.00
3125.00,7343.00,3460.00
3460.00,7343.00,3190.00
2792.00,7344.00,3497.00
7047.00,7346.00,3584.00
2272.00,7405.00,3071.00
183.00,7351.00,254.00
254.00,7351.00,7342.00
6472.00,7353.00,6918.00
6918.00,7353.00,2602.00
1519.00,7356.00,1522.00
1522.00,7356.00,7251.00
1338.00,7359.00,1344.00
6503.00,7361.00,2322.00
2322.00,7361.00,7198.00
7156.00,7363.00,399.00
6457.00,7367.00,7215.00
7266.00,2466.00,6228.00
3234.00,7266.00,6228.00
7280.00,5305.00,5446.00
5438.00,7280.00,5446.00
6184.00,1312.00,7276.00
6182.00,6184.00,7276.00
4249.00,4653.00,7339.00
4259.00,4249.00,7339.00
7274.00,3009.00,3010.00
2708.00,7274.00,3010.00
7274.00,2708.00,7293.00
1370.00,7274.00,7293.00
1281.00,7267.00,1388.00
6405.00,4946.00,7269.00
7280.00,4838.00,4820.00
5305.00,7280.00,4820.00
2011.00,2804.00,3508.00
7247.00,2011.00,3508.00
7284.00,6760.00,5860.00
6188.00,1370.00,7296.00
756.00,6188.00,7296.00
1428.00,1388.00,7267.00
780.00,1428.00,7267.00
2096.00,7242.00,7286.00
1812.00,2096.00,7286.00
7001.00,6205.00,7275.00
6683.00,7001.00,7275.00
6759.00,6842.00,7290.00
6329.00,6759.00,7290.00
3244.00,6663.00,7283.00
4180.00,3244.00,7283.00
7288.00,7084.00,7312.00
3480.00,7288.00,7312.00
7289.00,7086.00,7145.00
5386.00,7289.00,7145.00
7291.00,4208.00,6110.00
7113.00,7291.00,6110.00
7293.00,2708.00,2161.00
7086.00,5828.00,7319.00
7297.00,7031.00,3898.00
6653.00,7297.00,3898.00
2836.00,6376.00,2839.00
7269.00,4941.00,7187.00
7136.00,4180.00,7283.00
6251.00,7136.00,7283.00
6564.00,6300.00,7273.00
7323.00,1338.00,1857.00
7286.00,7242.00,3597.00
7151.00,7286.00,3597.00
7096.00,6203.00,6200.00
7127.00,6455.00,7271.00
6911.00,7127.00,7271.00
7228.00,3690.00,7272.00
7304.00,6746.00,7322.00
7306.00,6958.00,3372.00
6355.00,7306.00,3372.00
7306.00,1282.00,1280.00
6875.00,3263.00,7355.00
4616.00,6875.00,7355.00
7251.00,7089.00,1362.00
4953.00,4913.00,7268.00
7050.00,3190.00,7343.00
6353.00,7050.00,7343.00
4270.00,4271.00,7310.00
7311.00,6606.00,7183.00
779.00,7311.00,7183.00
7028.00,7403.00,7311.00
779.00,7028.00,7311.00
7324.00,3997.00,4254.00
4259.00,7324.00,4254.00
7316.00,7218.00,7322.00
7189.00,7316.00,7322.00
7034.00,7318.00,1560.00
6137.00,6138.00,7363.00
7156.00,6137.00,7363.00
2768.00,3483.00,7329.00
7323.00,2144.00,7359.00
1338.00,7323.00,7359.00
7316.00,7189.00,7324.00
7202.00,7316.00,7324.00
1046.00,7201.00,7285.00
640.00,1046.00,7285.00
7328.00,695.00,693.00
6349.00,6060.00,7342.00
124.00,134.00,102.00
4306.00,4050.00,4275.00
6927.00,6911.00,7271.00
2124.00,6927.00,7271.00
1522.00,1110.00,827.00
822.00,1522.00,827.00
4847.00,4651.00,7358.00
5314.00,4847.00,7358.00
50.00,170.00,7226.00
38.00,50.00,7226.00
274.00,6993.00,7337.00
273.00,274.00,7337.00
2110.00,1279.00,1235.00
2085.00,2110.00,1235.00
4574.00,4184.00,4186.00
5124.00,4754.00,4506.00
4653.00,4864.00,7339.00
3444.00,7404.00,3854.00
7385.00,7411.00,7340.00
6664.00,4431.00,7340.00
4790.00,4606.00,7291.00
5246.00,4790.00,7291.00
6839.00,7198.00,7361.00
6430.00,6839.00,7361.00
7020.00,6930.00,7410.00
6798.00,6367.00,7279.00
6842.00,6798.00,7279.00
4603.00,4576.00,4574.00
4186.00,4603.00,4574.00
4123.00,4459.00,7099.00
4120.00,4123.00,7099.00
4665.00,4268.00,7346.00
3589.00,3584.00,7346.00
4268.00,3589.00,7346.00
4241.00,4641.00,7358.00
7127.00,7304.00,6970.00
1352.00,1353.00,7333.00
598.00,594.00,7353.00
6472.00,598.00,7353.00
650.00,513.00,7292.00
6292.00,7412.00,4174.00
7213.00,360.00,7363.00
6138.00,7213.00,7363.00
1024.00,2602.00,7353.00
594.00,1024.00,7353.00
7356.00,1519.00,6589.00
1354.00,7356.00,6589.00
6429.00,7055.00,6207.00
7062.00,6429.00,6207.00
7296.00,1370.00,7293.00
3777.00,4050.00,3730.00
3776.00,3777.00,3730.00
705.00,639.00,7285.00
1065.00,705.00,7285.00
2552.00,6375.00,7290.00
6692.00,2552.00,7290.00
7408.00,6299.00,6303.00
1824.00,1813.00,1236.00
1237.00,1824.00,1236.00
3882.00,3911.00,7288.00
3480.00,3882.00,7288.00
4639.00,4842.00,7147.00
4641.00,4639.00,7147.00
1882.00,2166.00,7299.00
58.00,59.00,95.00
99.00,58.00,95.00
4855.00,4653.00,4651.00
4847.00,4855.00,4651.00
6897.00,5246.00,7113.00
6604.00,6897.00,7113.00
1642.00,2444.00,1612.00
1616.00,1642.00,1612.00
4141.00,3844.00,3819.00
4129.00,4141.00,3819.00
3676.00,7214.00,7243.00
7034.00,6532.00,7193.00
1450.00,7034.00,7193.00
4804.00,6851.00,4616.00
554.00,6523.00,7303.00
4864.00,7148.00,7339.00
7351.00,500.00,578.00
7342.00,7351.00,578.00
1890.00,7119.00,7333.00
1353.00,1890.00,7333.00
2160.00,2161.00,2676.00
2661.00,2160.00,2676.00
5267.00,6851.00,7203.00
6309.00,5267.00,7203.00
6841.00,3980.00,7309.00
5160.00,4752.00,4138.00
4723.00,4721.00,5062.00
7266.00,3494.00,3229.00
7106.00,7125.00,6579.00
3229.00,2778.00,7266.00
5422.00,5766.00,5752.00
856.00,6166.00,6200.00
3007.00,3006.00,3359.00
324.00,330.00,6948.00
1829.00,1882.00,7299.00
6958.00,1829.00,7299.00
2289.00,2335.00,6984.00
50.00,59.00,44.00
1121.00,1131.00,1130.00
7011.00,6841.00,7365.00
4835.00,7011.00,7365.00
3244.00,4180.00,7166.00
1527.00,1921.00,1489.00
4732.00,4730.00,4447.00
3138.00,3186.00,6353.00
5230.00,5198.00,5731.00
6303.00,5230.00,5731.00
1584.00,1560.00,7318.00
4284.00,3000.00,6687.00
7111.00,5624.00,5626.00
6941.00,7455.00,5946.00
7120.00,2408.00,2368.00
3849.00,3848.00,3159.00
3459.00,3849.00,3159.00
7126.00,7258.00,7303.00
6523.00,7126.00,7303.00
2921.00,2144.00,7218.00
4085.00,7417.00,3379.00
3713.00,3631.00,6716.00
3320.00,7261.00,7242.00
182.00,175.00,188.00
4732.00,4736.00,5035.00
7418.00,2090.00,2089.00
2924.00,7418.00,2089.00
7419.00,5519.00,6126.00
7394.00,7419.00,6126.00
5385.00,7159.00,7320.00
7213.00,6138.00,7177.00
562.00,7052.00,6734.00
6173.00,562.00,6734.00
5101.00,6405.00,5124.00
6088.00,2250.00,3061.00
6675.00,6088.00,3061.00
817.00,853.00,883.00
3690.00,3386.00,7422.00
3927.00,3939.00,2551.00
3497.00,3927.00,2551.00
4994.00,4992.00,4730.00
5035.00,4994.00,4730.00
4732.00,5035.00,4730.00
6305.00,5201.00,5203.00
4371.00,4946.00,6116.00
4720.00,4371.00,6116.00
4951.00,4992.00,7397.00
5535.00,5808.00,5949.00
5569.00,5535.00,5949.00
5792.00,5868.00,5931.00
5794.00,5792.00,5931.00
5860.00,5794.00,5931.00
4285.00,4284.00,4674.00
4677.00,4285.00,4674.00
7420.00,7438.00,7320.00
7272.00,3690.00,7422.00
296.00,221.00,6754.00
3186.00,3138.00,3459.00
3183.00,3186.00,3459.00
7424.00,6897.00,6604.00
6606.00,6547.00,7425.00
3882.00,3868.00,4529.00
2.00,114.00,229.00
4.00,2.00,229.00
2011.00,7247.00,7428.00
6860.00,4468.00,4736.00
4732.00,6860.00,4736.00
6791.00,5766.00,7429.00
260.00,500.00,7351.00
7235.00,7447.00,7337.00
7380.00,5315.00,5314.00
7430.00,554.00,7303.00
3940.00,3971.00,4215.00
4234.00,4270.00,7310.00
7111.00,5626.00,7268.00
4853.00,4835.00,7365.00
4832.00,4853.00,7365.00
3204.00,2428.00,2439.00
360.00,221.00,101.00
7115.00,7319.00,5828.00
5996.00,7115.00,5828.00
4259.00,7339.00,7434.00
7202.00,4259.00,7434.00
7213.00,7177.00,6754.00
221.00,7213.00,6754.00
6245.00,7255.00,7442.00
4047.00,3713.00,6716.00
7284.00,5950.00,7437.00
5338.00,4669.00,5333.00
5802.00,5338.00,5333.00
7386.00,2335.00,2721.00
251.00,459.00,495.00
197.00,251.00,495.00
6760.00,7284.00,7437.00
5083.00,7320.00,7438.00
5828.00,7439.00,5996.00
7443.00,7320.00,7159.00
7115.00,5996.00,7382.00
7439.00,5828.00,5621.00
2742.00,7295.00,7071.00
2973.00,6382.00,2869.00
183.00,188.00,260.00
7351.00,183.00,260.00
7446.00,6692.00,7279.00
7255.00,2768.00,7406.00
7272.00,7231.00,4392.00
2.00,8.00,14.00
500.00,260.00,501.00
580.00,500.00,501.00
1320.00,1067.00,1078.00
734.00,1320.00,1078.00
4825.00,4842.00,4639.00
4638.00,4825.00,4639.00
6155.00,7448.00,672.00
629.00,6155.00,672.00
4431.00,6804.00,4430.00
4729.00,4431.00,4430.00
6033.00,6040.00,6050.00
6048.00,6033.00,6050.00
6093.00,7295.00,3128.00
6092.00,6093.00,3128.00
407.00,444.00,426.00
406.00,407.00,426.00
3041.00,2711.00,2212.00
2180.00,3041.00,2212.00
4100.00,3784.00,6263.00
4414.00,4100.00,6263.00
655.00,613.00,6062.00
4414.00,4388.00,4386.00
4459.00,4414.00,4386.00
202.00,193.00,58.00
99.00,202.00,58.00
5569.00,5973.00,6602.00
5551.00,5569.00,6602.00
5749.00,5419.00,5666.00
5638.00,5749.00,5666.00
4176.00,4801.00,6729.00
4185.00,4176.00,6729.00
4165.00,7118.00,3508.00
3509.00,4165.00,3508.00
3419.00,3780.00,3777.00
3776.00,3419.00,3777.00
553.00,425.00,403.00
753.00,553.00,403.00
211.00,214.00,210.00
202.00,211.00,210.00
139.00,138.00,137.00
237.00,139.00,137.00
6746.00,6911.00,6927.00
6821.00,6746.00,6927.00
644.00,7305.00,643.00
1049.00,644.00,643.00
4908.00,4679.00,4893.00
6955.00,2281.00,2710.00
3414.00,6955.00,2710.00
1344.00,7359.00,6940.00
1350.00,1344.00,6940.00
6328.00,3086.00,2327.00
1432.00,6328.00,2327.00
463.00,446.00,6695.00
478.00,463.00,6695.00
4098.00,4096.00,3780.00
3782.00,4098.00,3780.00
2152.00,6940.00,3345.00
3611.00,2152.00,3345.00
2661.00,3010.00,3016.00
1395.00,1394.00,1432.00
1886.00,1395.00,1432.00
254.00,7342.00,6060.00
7077.00,254.00,6060.00
3564.00,3567.00,3566.00
6971.00,3564.00,3566.00
7292.00,7305.00,644.00
650.00,7292.00,644.00
6228.00,1942.00,2444.00
1970.00,6228.00,2444.00
6050.00,6041.00,5925.00
6037.00,6050.00,5925.00
1489.00,1921.00,1487.00
1578.00,1489.00,1487.00
4549.00,4559.00,4520.00
100.00,107.00,102.00
101.00,100.00,102.00
2465.00,1965.00,1698.00
1969.00,2465.00,1698.00
5560.00,5588.00,6296.00
5519.00,5560.00,6296.00
231.00,233.00,69.00
6375.00,6720.00,6231.00
6329.00,6375.00,6231.00
4044.00,4274.00,3635.00
3633.00,4044.00,3635.00
4419.00,4394.00,4392.00
3418.00,3396.00,3060.00
2287.00,3418.00,3060.00
3829.00,3800.00,3827.00
4271.00,4270.00,4275.00
3119.00,3138.00,3125.00
655.00,302.00,611.00
613.00,655.00,611.00
7118.00,4165.00,7136.00
7001.00,6683.00,7096.00
1606.00,7001.00,7096.00
6363.00,6839.00,6979.00
6206.00,6352.00,6203.00
7096.00,6206.00,6203.00
4667.00,4669.00,4673.00
2322.00,7198.00,6088.00
6675.00,2322.00,6088.00
1228.00,1233.00,6184.00
7062.00,1228.00,6184.00
7111.00,7268.00,4913.00
5543.00,7111.00,4913.00
6564.00,7273.00,6008.00
6563.00,6564.00,6008.00
3730.00,4044.00,3695.00
4212.00,4597.00,6110.00
6515.00,4212.00,6110.00
2074.00,2047.00,2075.00
1228.00,2074.00,2075.00
3497.00,7344.00,3930.00
3927.00,3497.00,3930.00
509.00,587.00,507.00
3930.00,4176.00,4185.00
3971.00,3930.00,4185.00
114.00,127.00,102.00
107.00,114.00,102.00
507.00,510.00,511.00
509.00,507.00,511.00
892.00,1606.00,6166.00
206.00,7450.00,186.00
193.00,206.00,186.00
3659.00,4025.00,3661.00
3372.00,3659.00,3661.00
2049.00,6880.00,2852.00
2851.00,2049.00,2852.00
2851.00,2858.00,2878.00
2877.00,2851.00,2878.00
2510.00,2792.00,2551.00
2550.00,2510.00,2551.00
5363.00,5002.00,4920.00
6936.00,5363.00,4920.00
3996.00,3979.00,3573.00
3610.00,3996.00,3573.00
3676.00,7243.00,7233.00
7174.00,3676.00,7233.00
3690.00,7228.00,4397.00
7226.00,127.00,14.00
12.00,7226.00,14.00
253.00,80.00,150.00
401.00,253.00,150.00
3682.00,3763.00,4083.00
4085.00,3682.00,4083.00
7295.00,2742.00,6101.00
5193.00,6303.00,6653.00
2327.00,3418.00,2287.00
2286.00,2327.00,2287.00
3442.00,3805.00,3438.00
6261.00,4442.00,4463.00
6695.00,384.00,7064.00
6953.00,6695.00,7064.00
6958.00,7452.00,3372.00
580.00,501.00,6961.00
3041.00,3393.00,3415.00
2711.00,3041.00,3415.00
5367.00,5038.00,5004.00
5366.00,5367.00,5004.00
2808.00,3263.00,2806.00
2527.00,2808.00,2806.00
4632.00,4634.00,3974.00
3540.00,4632.00,3974.00
157.00,132.00,133.00
167.00,157.00,133.00
3432.00,2374.00,6098.00
3435.00,3432.00,6098.00
4093.00,3414.00,3727.00
4447.00,4426.00,4425.00
4446.00,4447.00,4425.00
857.00,821.00,856.00
6200.00,857.00,856.00
5917.00,5918.00,5878.00
6346.00,5917.00,5878.00
3379.00,7231.00,2973.00
3029.00,3379.00,2973.00
4367.00,4024.00,4025.00
3712.00,4367.00,4025.00
4031.00,4296.00,7261.00
3666.00,4031.00,7261.00
2079.00,1796.00,2078.00
2107.00,2079.00,2078.00
6620.00,780.00,7267.00
724.00,6620.00,7267.00
5970.00,6008.00,7273.00
5995.00,5970.00,7273.00
7289.00,5386.00,4752.00
5131.00,7289.00,4752.00
4520.00,4506.00,4754.00
4757.00,4520.00,4754.00
513.00,273.00,330.00
7292.00,513.00,330.00
7456.00,6667.00,5580.00
107.00,100.00,108.00
109.00,107.00,108.00
3255.00,3254.00,3260.00
3390.00,3060.00,3396.00
3694.00,3390.00,3396.00
2324.00,2325.00,2281.00
239.00,137.00,141.00
143.00,239.00,141.00
5868.00,5793.00,6126.00
5810.00,5868.00,6126.00
4551.00,4156.00,4486.00
4507.00,4551.00,4486.00
6239.00,6687.00,3000.00
3005.00,6239.00,3000.00
780.00,779.00,7183.00
774.00,780.00,7183.00
4724.00,4951.00,4722.00
216.00,211.00,212.00
217.00,216.00,212.00
4220.00,4229.00,3985.00
3977.00,4220.00,3985.00
7147.00,5440.00,6545.00
5311.00,7147.00,6545.00
4825.00,4225.00,4823.00
3509.00,3907.00,4156.00
4165.00,3509.00,4156.00
3659.00,3711.00,3712.00
4025.00,3659.00,3712.00
253.00,401.00,425.00
424.00,253.00,425.00
7247.00,7369.00,7428.00
1120.00,7370.00,6718.00
6718.00,7370.00,6647.00
6547.00,7371.00,1144.00
1144.00,7371.00,1010.00
606.00,7372.00,602.00
602.00,7372.00,598.00
6359.00,7373.00,7375.00
5638.00,7375.00,7373.00
2596.00,7376.00,2863.00
2863.00,7376.00,2940.00
7318.00,7378.00,1584.00
2368.00,7379.00,7071.00
7071.00,7379.00,2742.00
6616.00,7381.00,7028.00
6836.00,7382.00,6346.00
7152.00,7383.00,7409.00
7202.00,7384.00,2921.00
4450.00,7385.00,4431.00
4431.00,7385.00,7340.00
6984.00,7386.00,6513.00
6513.00,7386.00,7435.00
6176.00,7387.00,6447.00
6447.00,7387.00,2204.00
4174.00,7388.00,7175.00
4864.00,7389.00,7148.00
6687.00,7390.00,4284.00
1017.00,7391.00,7258.00
7258.00,7391.00,6909.00
2392.00,7393.00,1528.00
1528.00,7393.00,1494.00
5446.00,7394.00,6483.00
6483.00,7394.00,6126.00
1997.00,7395.00,6079.00
6692.00,7396.00,2552.00
1182.00,7398.00,1188.00
1188.00,7398.00,7431.00
1313.00,7400.00,7005.00
7005.00,7400.00,7161.00
7085.00,7401.00,7297.00
4744.00,7404.00,4747.00
4747.00,7404.00,3444.00
7333.00,7405.00,1352.00
6733.00,7406.00,7257.00
7055.00,7407.00,6207.00
7367.00,7408.00,6929.00
6657.00,7409.00,7275.00
6897.00,7410.00,7159.00
4141.00,7411.00,6401.00
6401.00,7411.00,7385.00
7235.00,7413.00,7194.00
7194.00,7413.00,440.00
1286.00,7414.00,1292.00
1292.00,7414.00,2178.00
4392.00,7417.00,4390.00
4933.00,7420.00,5017.00
5017.00,7420.00,6575.00
2038.00,7421.00,7176.00
7176.00,7421.00,7407.00
2550.00,7423.00,1997.00
7020.00,7424.00,6537.00
6816.00,7425.00,6547.00
6555.00,7426.00,6583.00
6583.00,7426.00,7370.00
7177.00,7427.00,6754.00
6292.00,7429.00,7412.00
733.00,7430.00,6616.00
2863.00,7431.00,2596.00
7099.00,7432.00,7146.00
7146.00,7432.00,4305.00
1857.00,7433.00,7323.00
7323.00,7433.00,7218.00
2721.00,7435.00,7386.00
7187.00,7436.00,7269.00
7269.00,7436.00,6405.00
4933.00,7438.00,7420.00
7363.00,7440.00,399.00
6644.00,7441.00,7453.00
7441.00,7442.00,6961.00
6961.00,7442.00,7255.00
6575.00,7443.00,6930.00
6390.00,7444.00,6644.00
6644.00,7444.00,7441.00
7355.00,7446.00,4616.00
6143.00,7447.00,7235.00
704.00,7448.00,639.00
4165.00,7449.00,7136.00
188.00,7450.00,199.00
3345.00,7451.00,3583.00
3583.00,7451.00,3584.00
3369.00,7452.00,7299.00
501.00,7453.00,6961.00
6961.00,7453.00,7441.00
1763.00,7454.00,6816.00
6379.00,7455.00,6941.00
6989.00,7456.00,5626.00
1735.00,2011.00,7428.00
1734.00,1735.00,7428.00
6131.00,5720.00,7377.00
7085.00,6131.00,7377.00
640.00,639.00,7448.00
6155.00,640.00,7448.00
1441.00,1494.00,7393.00
1402.00,1441.00,7393.00
2466.00,2778.00,3204.00
2439.00,2466.00,3204.00
3939.00,3940.00,4215.00
3539.00,3939.00,4215.00
6507.00,6606.00,7425.00
6070.00,6507.00,7425.00
5242.00,5419.00,7368.00
6708.00,5242.00,7368.00
6498.00,6583.00,7370.00
1120.00,6498.00,7370.00
3320.00,7242.00,7418.00
2924.00,3320.00,7418.00
788.00,554.00,7430.00
733.00,788.00,7430.00
6158.00,672.00,7448.00
704.00,6158.00,7448.00
7371.00,6547.00,7403.00
6909.00,7371.00,7403.00
626.00,296.00,7372.00
606.00,626.00,7372.00
7372.00,296.00,6754.00
188.00,175.00,7450.00
5749.00,5638.00,7373.00
6305.00,5749.00,7373.00
7371.00,6909.00,1016.00
1010.00,7371.00,1016.00
7376.00,2596.00,2935.00
5587.00,6297.00,7375.00
5638.00,5587.00,7375.00
6151.00,6644.00,7453.00
2096.00,2090.00,7418.00
7242.00,2096.00,7418.00
5783.00,5468.00,7380.00
130.00,360.00,101.00
134.00,130.00,101.00
7381.00,6616.00,7430.00
7303.00,7381.00,7430.00
6687.00,7023.00,7390.00
4332.00,4722.00,7415.00
4271.00,4332.00,7415.00
7384.00,7202.00,7434.00
7047.00,7384.00,7434.00
1181.00,2050.00,7398.00
1182.00,1181.00,7398.00
7376.00,7214.00,3336.00
2940.00,7376.00,3336.00
7387.00,7293.00,2161.00
2204.00,7387.00,2161.00
6512.00,6780.00,7436.00
7187.00,6512.00,7436.00
4804.00,6367.00,7399.00
7394.00,5446.00,5320.00
5456.00,7394.00,5320.00
6913.00,6882.00,7378.00
7318.00,6913.00,7378.00
2600.00,1188.00,7431.00
2863.00,2600.00,7431.00
441.00,440.00,7413.00
7156.00,441.00,7413.00
7253.00,6667.00,7456.00
6989.00,7253.00,7456.00
7239.00,4895.00,7397.00
5544.00,7239.00,7397.00
4180.00,7136.00,7449.00
6109.00,4180.00,7449.00
7400.00,1313.00,7056.00
6889.00,7400.00,7056.00
7400.00,6889.00,6372.00
7161.00,7400.00,6372.00
4832.00,7310.00,7416.00
5319.00,4832.00,7416.00
6592.00,7047.00,7434.00
7148.00,6592.00,7434.00
7339.00,7148.00,7434.00
7404.00,4744.00,4496.00
3854.00,7404.00,4496.00
6457.00,6299.00,7408.00
7367.00,6457.00,7408.00
6251.00,1770.00,7369.00
2510.00,6473.00,7374.00
2792.00,2510.00,7374.00
6683.00,7275.00,7409.00
7383.00,6683.00,7409.00
7409.00,6657.00,7094.00
7152.00,7409.00,7094.00
1282.00,7306.00,7414.00
1286.00,1282.00,7414.00
3069.00,3071.00,7405.00
7333.00,3069.00,7405.00
7413.00,7235.00,6993.00
7156.00,7413.00,6993.00
7414.00,7306.00,6355.00
2178.00,7414.00,6355.00
7344.00,2792.00,7374.00
6663.00,7344.00,7374.00
7410.00,6930.00,7443.00
7159.00,7410.00,7443.00
4014.00,4012.00,4275.00
4270.00,4014.00,4275.00
5083.00,5383.00,5385.00
7320.00,5083.00,5385.00
7421.00,2074.00,6207.00
7407.00,7421.00,6207.00
1612.00,1584.00,7378.00
1616.00,1612.00,7378.00
5317.00,5315.00,7380.00
5468.00,5317.00,7380.00
7415.00,4895.00,7416.00
4271.00,7415.00,7416.00
7310.00,4271.00,7416.00
7417.00,4392.00,7231.00
3379.00,7417.00,7231.00
493.00,499.00,197.00
5406.00,6653.00,6303.00
6299.00,5406.00,6303.00
819.00,855.00,853.00
6841.00,7309.00,7402.00
7365.00,6841.00,7402.00
6352.00,6206.00,7392.00
6656.00,6352.00,7392.00
5124.00,6405.00,7436.00
6780.00,5124.00,7436.00
3037.00,6376.00,7422.00
3386.00,3037.00,7422.00
4386.00,4047.00,7432.00
5203.00,6708.00,7368.00
6305.00,5203.00,7368.00
5356.00,5544.00,7397.00
4992.00,5356.00,7397.00
7420.00,7320.00,7443.00
6575.00,7420.00,7443.00
7421.00,2038.00,2042.00
2074.00,7421.00,2042.00
6382.00,7272.00,7422.00
6376.00,6382.00,7422.00
2575.00,6654.00,7423.00
2550.00,2575.00,7423.00
7426.00,6555.00,6659.00
6647.00,7426.00,6659.00
7427.00,7177.00,286.00
590.00,7427.00,286.00
6080.00,1734.00,7428.00
7369.00,6080.00,7428.00
7396.00,2808.00,2526.00
2552.00,7396.00,2526.00
4234.00,7310.00,7402.00
7309.00,4234.00,7402.00
2050.00,2596.00,7431.00
7398.00,2050.00,7431.00
7268.00,5626.00,7456.00
5580.00,7268.00,7456.00
6970.00,7304.00,7433.00
1857.00,6970.00,7433.00
7097.00,7175.00,7388.00
4779.00,7097.00,7388.00
7389.00,5791.00,5328.00
7148.00,7389.00,5328.00
5820.00,7319.00,7437.00
5950.00,5820.00,7437.00
7451.00,2921.00,7384.00
3584.00,7451.00,7384.00
7115.00,6760.00,7437.00
7319.00,7115.00,7437.00
7031.00,7297.00,7401.00
3891.00,7031.00,7401.00
6819.00,5083.00,7438.00
4933.00,6819.00,7438.00
7433.00,7304.00,7322.00
7218.00,7433.00,7322.00
4864.00,4863.00,7389.00
6014.00,5996.00,7439.00
5671.00,6014.00,7439.00
360.00,130.00,7440.00
7363.00,360.00,7440.00
4804.00,4616.00,7446.00
7279.00,4804.00,7446.00
5941.00,6346.00,7382.00
5996.00,5941.00,7382.00
5132.00,5671.00,7439.00
5621.00,5132.00,7439.00
7444.00,6390.00,6755.00
7050.00,7444.00,6755.00
7405.00,2272.00,7089.00
1352.00,7405.00,7089.00
7329.00,7257.00,7406.00
2768.00,7329.00,7406.00
6948.00,330.00,7447.00
6143.00,6948.00,7447.00
7142.00,6979.00,6839.00
6430.00,7142.00,6839.00
928.00,1129.00,577.00
477.00,928.00,577.00
2144.00,2921.00,7451.00
3345.00,2144.00,7451.00
3659.00,3372.00,7452.00
7455.00,5949.00,5928.00
5946.00,7455.00,5928.00
853.00,817.00,819.00
7377.00,7199.00,7401.00
7085.00,7377.00,7401.00
7381.00,6909.00,7403.00
7028.00,7381.00,7403.00
7383.00,7152.00,7392.00
6206.00,7383.00,7392.00
7388.00,4174.00,7412.00
5422.00,7388.00,7412.00
7395.00,1997.00,7423.00
7049.00,7395.00,7423.00
7396.00,6692.00,7446.00
7355.00,7396.00,7446.00
7410.00,6897.00,7424.00
7020.00,7410.00,7424.00
7394.00,5456.00,7445.00
7419.00,7394.00,7445.00
7425.00,6816.00,7454.00
6070.00,7425.00,7454.00
7427.00,598.00,7372.00
6754.00,7427.00,7372.00
5382.00,5082.00,5010.00
2181.00,1825.00,2637.00
2180.00,2181.00,2637.00
554.00,426.00,556.00
6523.00,554.00,556.00
2617.00,2878.00,2635.00
2086.00,2617.00,2635.00
3763.00,4047.00,4386.00
4083.00,3763.00,4386.00
7379.00,2368.00,2408.00
2399.00,7379.00,2408.00
741.00,1885.00,1391.00
1393.00,741.00,1391.00
7385.00,4450.00,6994.00
6401.00,7385.00,6994.00
7239.00,5544.00,7445.00
5456.00,7239.00,7445.00
5621.00,7289.00,5131.00
5132.00,5621.00,5131.00
7356.00,1354.00,7089.00
7251.00,7356.00,7089.00
4889.00,4898.00,4908.00
4893.00,4889.00,4908.00
6470.00,6791.00,7429.00
6292.00,6470.00,7429.00
5314.00,5311.00,7380.00
5785.00,5789.00,7389.00
4863.00,5785.00,7389.00
4673.00,4889.00,6486.00
3849.00,3459.00,3117.00
3445.00,3849.00,3117.00
2637.00,3040.00,2180.00
3093.00,3092.00,3090.00
3098.00,3093.00,3090.00
3979.00,4234.00,7309.00
3978.00,3979.00,7309.00
4898.00,5341.00,5551.00
4908.00,4898.00,5551.00
5519.00,5549.00,5810.00
6126.00,5519.00,5810.00
5950.00,5931.00,5930.00
5814.00,5950.00,5930.00
5331.00,5479.00,5510.00
5333.00,5331.00,5510.00
612.00,6073.00,6179.00
613.00,612.00,6179.00
54.00,44.00,59.00
58.00,54.00,59.00
724.00,1320.00,734.00
6159.00,724.00,734.00
1118.00,853.00,855.00
1119.00,1118.00,855.00
3389.00,3041.00,2180.00
3040.00,3389.00,2180.00
4560.00,6250.00,3918.00
6267.00,4560.00,3918.00
5366.00,5363.00,6297.00
5587.00,5366.00,6297.00
5587.00,5638.00,5369.00
5367.00,5587.00,5369.00
6031.00,6013.00,5821.00
5995.00,6031.00,5821.00
6048.00,6050.00,6037.00
6051.00,6048.00,6037.00
6051.00,6049.00,6032.00
6048.00,6051.00,6032.00
4946.00,4715.00,4713.00
7269.00,4946.00,4713.00
3794.00,6263.00,3784.00
3802.00,3794.00,3784.00
4291.00,4371.00,4374.00
4031.00,4291.00,4374.00
6401.00,4529.00,3868.00
4141.00,6401.00,3868.00
2955.00,2111.00,2085.00
2635.00,2955.00,2085.00
2111.00,2955.00,2881.00
2420.00,2439.00,2428.00
2419.00,2420.00,2428.00
2420.00,1940.00,2440.00
2439.00,2420.00,2440.00
5101.00,5062.00,4721.00
6116.00,5101.00,4721.00
43.00,87.00,167.00
42.00,43.00,167.00
6537.00,6729.00,4801.00
5257.00,6537.00,4801.00
699.00,1076.00,629.00
672.00,699.00,629.00
1403.00,2392.00,7120.00
2350.00,1403.00,7120.00
4185.00,6729.00,4212.00
4215.00,4185.00,4212.00
1040.00,629.00,1076.00
1041.00,1040.00,1076.00
4551.00,4559.00,7449.00
4165.00,4551.00,7449.00
6780.00,5180.00,4770.00
5183.00,6780.00,4770.00
5859.00,5856.00,6612.00
6836.00,5859.00,6612.00
6804.00,4301.00,7174.00
4299.00,6804.00,7174.00
3092.00,6328.00,7435.00
2721.00,3092.00,7435.00
6769.00,6970.00,2350.00
2368.00,6769.00,2350.00
5479.00,4872.00,6592.00
5328.00,5479.00,6592.00
1023.00,1016.00,7391.00
1017.00,1023.00,7391.00
4388.00,4390.00,7417.00
4085.00,4388.00,7417.00
5037.00,5640.00,5382.00
5010.00,5037.00,5382.00
3456.00,2742.00,7379.00
2399.00,3456.00,7379.00
3341.00,3682.00,4085.00
3379.00,3341.00,4085.00
3259.00,2575.00,2550.00
2551.00,3259.00,2550.00
3369.00,3760.00,7452.00
3711.00,3659.00,7452.00
3760.00,3711.00,7452.00
5143.00,5669.00,7221.00
3875.00,3848.00,6103.00
753.00,819.00,817.00
553.00,753.00,817.00
4446.00,4112.00,3098.00
4113.00,4446.00,3098.00
3637.00,6486.00,7390.00
7023.00,3637.00,7390.00
5884.00,5885.00,5803.00
5802.00,5884.00,5803.00
3345.00,6940.00,7359.00
2144.00,3345.00,7359.00
406.00,408.00,384.00
407.00,406.00,384.00
3263.00,3260.00,3254.00
2806.00,3263.00,3254.00
3418.00,2327.00,3086.00
3419.00,3418.00,3086.00
6953.00,6639.00,478.00
6695.00,6953.00,478.00
7166.00,4180.00,6109.00
4178.00,7166.00,6109.00
6347.00,6060.00,7259.00
6460.00,6347.00,7259.00
6261.00,4397.00,7228.00
4394.00,6261.00,7228.00
262.00,6151.00,7453.00
501.00,262.00,7453.00
5440.00,7147.00,4842.00
5307.00,5440.00,4842.00
6760.00,7115.00,7382.00
6836.00,6760.00,7382.00
5010.00,7154.00,5005.00
5037.00,5010.00,5005.00
4459.00,4386.00,7432.00
7099.00,4459.00,7432.00
551.00,461.00,459.00
253.00,551.00,459.00
6008.00,5949.00,7455.00
6379.00,6008.00,7455.00
6657.00,6654.00,7182.00
7094.00,6657.00,7182.00
5814.00,5812.00,5565.00
5567.00,5814.00,5565.00
928.00,853.00,1121.00
1130.00,928.00,1121.00
3442.00,3125.00,3460.00
3446.00,3442.00,3460.00
5233.00,5422.00,5752.00
5412.00,5233.00,5752.00
244.00,157.00,155.00
154.00,244.00,155.00
3442.00,3438.00,3119.00
3125.00,3442.00,3119.00
5339.00,4673.00,4669.00
5338.00,5339.00,4669.00
4012.00,4274.00,4306.00
4275.00,4012.00,4306.00
3591.00,3614.00,3611.00
3589.00,3591.00,3611.00
4507.00,4520.00,4559.00
4551.00,4507.00,4559.00
1233.00,1279.00,1313.00
1312.00,1233.00,1313.00
5624.00,6602.00,5973.00
5821.00,5624.00,5973.00
1009.00,1171.00,1965.00
1008.00,1009.00,1965.00
1970.00,3254.00,3234.00
6228.00,1970.00,3234.00
4757.00,4773.00,4549.00
4520.00,4757.00,4549.00
6328.00,1432.00,1394.00
5069.00,6127.00,5588.00
5370.00,5069.00,5588.00
7062.00,6207.00,2074.00
1228.00,7062.00,2074.00
2324.00,7211.00,1578.00
1487.00,2324.00,1578.00
6733.00,580.00,7406.00
3572.00,3344.00,3633.00
3635.00,3572.00,3633.00
3393.00,3727.00,3414.00
3415.00,3393.00,3414.00
6971.00,6338.00,4229.00
4232.00,6971.00,4229.00
3008.00,3362.00,3016.00
3010.00,3008.00,3016.00
2724.00,3814.00,4113.00
3098.00,2724.00,4113.00
7387.00,6176.00,7296.00
7293.00,7387.00,7296.00
3854.00,7256.00,3436.00
3444.00,3854.00,3436.00
7256.00,3839.00,3814.00
3432.00,7256.00,3814.00
124.00,7226.00,170.00
133.00,124.00,170.00
7118.00,6251.00,7369.00
7247.00,7118.00,7369.00
6851.00,4804.00,7399.00
7203.00,6851.00,7399.00
6563.00,7234.00,7367.00
6929.00,6563.00,7367.00
7052.00,7259.00,6614.00
6072.00,7052.00,6614.00
2028.00,7176.00,7407.00
7055.00,2028.00,7407.00
5419.00,7221.00,5669.00
5666.00,5419.00,5669.00
3807.00,3443.00,7211.00
6955.00,3807.00,7211.00
7272.00,4392.00,4394.00
7228.00,7272.00,4394.00
6932.00,7264.00,6708.00
5203.00,6932.00,6708.00
2086.00,1235.00,1228.00
2075.00,2086.00,1228.00
127.00,114.00,2.00
14.00,127.00,2.00
4426.00,4730.00,4992.00
4951.00,4426.00,4992.00
1393.00,1527.00,1119.00
1111.00,1393.00,1119.00
4229.00,4225.00,4638.00
4232.00,4229.00,4638.00
87.00,186.00,7450.00
175.00,87.00,7450.00
233.00,231.00,321.00
7224.00,6839.00,6363.00
1462.00,7224.00,6363.00
3866.00,3865.00,6101.00
2742.00,3866.00,6101.00
4689.00,4918.00,6936.00
4920.00,4689.00,6936.00
493.00,495.00,477.00
577.00,493.00,477.00
461.00,477.00,495.00
459.00,461.00,495.00
7166.00,3930.00,7344.00
3244.00,7166.00,7344.00
459.00,53.00,80.00
253.00,459.00,80.00
509.00,499.00,963.00
587.00,509.00,963.00
510.00,271.00,269.00
511.00,510.00,269.00
2081.00,2079.00,2107.00
2120.00,2081.00,2107.00
1129.00,965.00,964.00
577.00,1129.00,964.00
2617.00,2075.00,2877.00
6929.00,5731.00,5412.00
6564.00,6929.00,5412.00
3927.00,3930.00,3971.00
3940.00,3927.00,3971.00
7198.00,7224.00,6921.00
6088.00,7198.00,6921.00
983.00,7126.00,912.00
6530.00,983.00,912.00
1865.00,2322.00,6675.00
6837.00,1865.00,6675.00
4270.00,3996.00,3610.00
4014.00,4270.00,3610.00
4597.00,6537.00,7424.00
6604.00,4597.00,7424.00
3776.00,3730.00,3695.00
3396.00,3776.00,3695.00
3821.00,6103.00,3848.00
3827.00,3821.00,3848.00
6821.00,6927.00,2111.00
2881.00,6821.00,2111.00
4012.00,4014.00,3609.00
3635.00,4012.00,3609.00
82.00,141.00,138.00
150.00,82.00,138.00
4634.00,4823.00,4225.00
4220.00,4634.00,4225.00
740.00,741.00,1111.00
819.00,740.00,1111.00
6329.00,6231.00,6656.00
7185.00,6329.00,6656.00
3741.00,6579.00,7125.00
4689.00,3741.00,7125.00
6376.00,2836.00,2869.00
6382.00,6376.00,2869.00
273.00,7337.00,7447.00
330.00,273.00,7447.00
6430.00,7361.00,6503.00
1516.00,6430.00,6503.00
696.00,7328.00,305.00
6062.00,696.00,305.00
6353.00,7343.00,3125.00
3138.00,6353.00,3125.00
4743.00,5124.00,4506.00
4755.00,4743.00,4506.00
4872.00,7346.00,7047.00
6592.00,4872.00,7047.00
7411.00,4141.00,4129.00
7340.00,7411.00,4129.00
4305.00,3676.00,4301.00
7146.00,4305.00,4301.00
5731.00,6929.00,7408.00
6303.00,5731.00,7408.00
6041.00,6050.00,6040.00
6053.00,6041.00,6040.00
7243.00,7214.00,7376.00
2935.00,7243.00,7376.00
5319.00,7416.00,4895.00
7239.00,5319.00,4895.00
3444.00,3129.00,6822.00
6273.00,3444.00,6822.00
7429.00,5766.00,5422.00
7412.00,7429.00,5422.00
5347.00,4908.00,5551.00
6602.00,5347.00,5551.00
7435.00,6328.00,1394.00
6513.00,7435.00,1394.00
7050.00,6245.00,7444.00
7442.00,7441.00,7444.00
6245.00,7442.00,7444.00
4.00,9.00,8.00
2.00,4.00,8.00
9.00,4.00,231.00
69.00,9.00,231.00
3445.00,3117.00,3119.00
3438.00,3445.00,3119.00
3254.00,1970.00,2788.00
2806.00,3254.00,2788.00
5331.00,4873.00,4665.00
4872.00,5331.00,4665.00
5160.00,4138.00,3877.00
4758.00,5160.00,3877.00
156.00,157.00,167.00
87.00,156.00,167.00
613.00,6179.00,2632.00
1824.00,1838.00,2112.00
2090.00,1824.00,2112.00
3485.00,3206.00,3209.00
3474.00,3485.00,3209.00
1813.00,1812.00,1048.00
1236.00,1813.00,1048.00
4638.00,4639.00,4241.00
4232.00,4638.00,4241.00
7395.00,6205.00,966.00
6079.00,7395.00,966.00
7201.00,7055.00,6429.00
1065.00,7201.00,6429.00
2867.00,2888.00,3029.00
2973.00,2867.00,3029.00
3447.00,3853.00,3850.00
3463.00,3447.00,3850.00
4247.00,4254.00,3995.00
4245.00,4247.00,3995.00
587.00,6644.00,6151.00
507.00,587.00,6151.00
6173.00,6530.00,463.00
562.00,6173.00,463.00
2953.00,2613.00,3039.00
3040.00,2953.00,3039.00
594.00,598.00,7427.00
590.00,594.00,7427.00
704.00,705.00,1327.00
1849.00,704.00,1327.00
2305.00,2203.00,6938.00
7193.00,2305.00,6938.00
37.00,83.00,82.00
28.00,37.00,82.00
2633.00,6062.00,613.00
2632.00,2633.00,613.00
6158.00,6175.00,716.00
672.00,6158.00,716.00
682.00,1838.00,1262.00
6157.00,682.00,1262.00
5543.00,4336.00,4312.00
5347.00,5543.00,4312.00
5705.00,6572.00,6300.00
5766.00,5705.00,6300.00
3820.00,3827.00,3800.00
4123.00,3820.00,3800.00
7328.00,693.00,233.00
321.00,7328.00,233.00
1932.00,2428.00,2434.00
2416.00,1932.00,2434.00
6887.00,7083.00,757.00
766.00,6887.00,757.00
3544.00,3974.00,3977.00
3545.00,3544.00,3977.00
3545.00,3977.00,3985.00
3557.00,3545.00,3985.00
6114.00,4710.00,4363.00
4708.00,6114.00,4363.00
6780.00,5183.00,4754.00
5124.00,6780.00,4754.00
249.00,440.00,441.00
172.00,249.00,441.00
1997.00,6079.00,7454.00
1763.00,1997.00,7454.00
1882.00,6458.00,2162.00
2166.00,1882.00,2162.00
7160.00,3751.00,3412.00
6342.00,7160.00,3412.00
7067.00,6131.00,7085.00
5406.00,7067.00,7085.00
575.00,577.00,964.00
963.00,575.00,964.00
3762.00,3760.00,4363.00
4080.00,3762.00,4363.00
2609.00,2061.00,2583.00
2875.00,2609.00,2583.00
212.00,197.00,499.00
267.00,212.00,499.00
3543.00,3548.00,3546.00
3542.00,3543.00,3546.00
2012.00,2013.00,2832.00
2576.00,2012.00,2832.00
2061.00,2026.00,2019.00
2021.00,2061.00,2019.00
9.00,19.00,8.00
4246.00,3564.00,4241.00
7358.00,4246.00,4241.00
4641.00,5311.00,5314.00
7358.00,4641.00,5314.00
6733.00,578.00,500.00
580.00,6733.00,500.00
2424.00,2434.00,3203.00
2425.00,2424.00,3203.00
5383.00,5669.00,5143.00
5385.00,5383.00,5143.00
4951.00,4895.00,7415.00
4722.00,4951.00,7415.00
2079.00,2081.00,2082.00
1798.00,2079.00,2082.00
6173.00,1151.00,1734.00
1146.00,6173.00,1734.00
5783.00,7380.00,5311.00
6545.00,5783.00,5311.00
5519.00,7419.00,5560.00
7440.00,244.00,154.00
399.00,7440.00,154.00
244.00,7440.00,130.00
132.00,244.00,130.00
5236.00,7399.00,6367.00
6932.00,5236.00,6367.00
7255.00,7406.00,580.00
6961.00,7255.00,580.00
6200.00,6166.00,1606.00
7096.00,6200.00,1606.00
25.00,8.00,19.00
28.00,25.00,19.00
2281.00,2325.00,2285.00
2282.00,2281.00,2285.00
4047.00,6716.00,4305.00
7432.00,4047.00,4305.00
5544.00,5560.00,7419.00
7445.00,5544.00,7419.00
3438.00,3805.00,4106.00
3794.00,3438.00,4106.00
6486.00,4889.00,4893.00
4674.00,6486.00,4893.00
501.00,260.00,199.00
262.00,501.00,199.00
4110.00,4442.00,4419.00
4106.00,4110.00,4419.00
5180.00,5229.00,4775.00
4770.00,5180.00,4775.00
3849.00,3829.00,3827.00
3848.00,3849.00,3827.00
6338.00,6971.00,2858.00
2852.00,6338.00,2858.00
2158.00,2152.00,3614.00
6581.00,2158.00,3614.00
6572.00,5851.00,6031.00
5995.00,6572.00,6031.00
2047.00,2049.00,2877.00
2075.00,2047.00,2877.00
7399.00,5236.00,5421.00
7058.00,7399.00,5421.00
6053.00,6052.00,6054.00
6055.00,6053.00,6054.00
3344.00,3307.00,2081.00
2120.00,3344.00,2081.00
4442.00,4110.00,4124.00
4463.00,4442.00,4124.00
403.00,239.00,693.00
753.00,403.00,693.00
28.00,82.00,80.00
33.00,28.00,80.00
6323.00,6070.00,6079.00
966.00,6323.00,6079.00
5765.00,5421.00,5201.00
5746.00,5765.00,5201.00
5851.00,5738.00,6989.00
5831.00,5851.00,6989.00
425.00,401.00,238.00
403.00,425.00,238.00
401.00,150.00,139.00
237.00,401.00,139.00
