73.16,78.90,30.36
72.92,77.32,23.43
72.82,77.93,25.57
71.12,75.63,15.19
70.70,75.08,13.82
70.45,74.55,12.77
70.14,73.36,11.28
70.01,72.46,9.62
70.08,73.12,10.91
69.99,72.24,9.12
72.92,78.51,27.57
69.99,72.14,8.86
69.99,72.35,9.37
70.01,72.04,8.60
70.05,71.94,8.34
70.12,71.85,8.08
70.20,71.77,7.81
70.04,72.58,9.87
70.10,73.23,11.09
70.06,73.02,10.72
70.17,73.49,11.47
70.06,72.70,10.10
70.06,72.80,10.32
70.30,71.70,7.56
70.21,73.65,11.67
70.39,74.39,12.53
70.66,71.49,6.90
70.06,72.91,10.53
70.28,74.00,12.08
70.33,74.20,12.30
70.24,73.82,11.87
70.41,71.63,7.32
70.78,71.41,6.72
70.53,71.56,7.10
70.88,75.31,14.35
70.55,74.84,13.29
70.50,74.70,13.03
70.78,75.20,14.09
70.61,74.96,13.56
70.98,75.40,14.62
71.05,75.51,14.90
71.18,75.75,15.48
71.27,75.87,15.81
71.37,75.99,16.13
71.48,76.11,16.46
71.58,76.23,16.80
71.69,76.35,17.14
71.77,76.47,17.50
71.86,76.56,17.79
72.18,76.77,18.79
71.97,76.65,18.10
72.28,76.81,19.16
72.08,76.72,18.43
72.47,76.87,20.27
72.35,76.83,19.53
72.50,76.88,20.62
72.52,76.88,20.92
72.55,76.89,21.21
72.58,76.91,21.50
72.61,76.95,21.76
72.63,77.00,22.02
72.42,76.86,19.90
72.74,77.15,22.74
72.79,78.12,26.14
72.84,78.33,26.73
72.65,77.05,22.25
72.80,78.02,25.85
72.69,77.10,22.50
72.81,78.23,26.44
72.86,77.82,25.32
72.87,77.27,23.20
72.91,77.71,25.01
72.87,78.41,27.02
72.90,78.47,27.30
72.81,77.21,22.97
72.94,77.62,24.72
73.02,78.56,28.67
72.95,78.54,27.84
72.97,78.56,28.10
72.96,77.54,24.45
73.10,78.64,29.32
72.96,77.37,23.68
72.97,77.42,23.93
73.06,78.58,28.99
73.15,79.15,31.09
73.14,79.23,31.46
73.12,79.38,32.19
73.12,79.51,32.47
73.13,79.32,31.82
73.12,79.77,32.73
73.12,79.95,32.92
72.97,77.48,24.19
72.98,78.56,28.36
73.16,79.03,30.72
73.30,78.88,30.56
73.12,78.72,29.66
73.15,78.80,30.01
73.44,78.28,30.31
