56.00,55.00,54.00
56.00,54.00,43.00
66.00,54.00,55.00
62.00,73.00,72.00
78.00,66.00,67.00
80.00,78.00,67.00
111.00,115.00,43.00
157.00,155.00,5658.00
176.00,168.00,169.00
169.00,177.00,176.00
125.00,225.00,226.00
247.00,245.00,246.00
284.00,282.00,261.00
290.00,309.00,308.00
323.00,325.00,357.00
221.00,412.00,513.00
421.00,427.00,261.00
530.00,527.00,523.00
533.00,421.00,527.00
533.00,427.00,421.00
427.00,533.00,534.00
535.00,541.00,534.00
544.00,541.00,535.00
552.00,547.00,546.00
303.00,541.00,550.00
562.00,561.00,559.00
563.00,561.00,562.00
636.00,619.00,618.00
650.00,633.00,651.00
650.00,651.00,666.00
687.00,691.00,150.00
547.00,730.00,538.00
949.00,635.00,761.00
785.00,786.00,798.00
800.00,786.00,681.00
798.00,786.00,800.00
690.00,798.00,800.00
835.00,711.00,829.00
713.00,835.00,836.00
739.00,888.00,738.00
904.00,897.00,896.00
746.00,905.00,744.00
849.00,1100.00,860.00
1131.00,1135.00,927.00
1229.00,1238.00,1100.00
1242.00,1104.00,1246.00
883.00,1257.00,894.00
1281.00,1135.00,1131.00
1335.00,1333.00,1334.00
1351.00,1007.00,1155.00
1371.00,1369.00,1370.00
1386.00,1425.00,1424.00
1473.00,1450.00,1451.00
1475.00,1474.00,1476.00
1487.00,1485.00,1486.00
1496.00,1476.00,1498.00
1510.00,1496.00,1498.00
1530.00,1539.00,1540.00
1598.00,1590.00,1214.00
1605.00,1229.00,1603.00
1296.00,1900.00,1300.00
1667.00,1932.00,1334.00
1429.00,1686.00,1394.00
1713.00,1462.00,1714.00
1724.00,2072.00,1486.00
1739.00,1510.00,1512.00
2279.00,1545.00,1529.00
2287.00,1553.00,1545.00
1767.00,1567.00,1566.00
1790.00,1795.00,1789.00
1789.00,1795.00,1796.00
1598.00,2354.00,1590.00
1813.00,1825.00,1817.00
1835.00,1845.00,1846.00
1851.00,1617.00,1614.00
1855.00,1849.00,1856.00
1856.00,1859.00,1855.00
1855.00,1859.00,1860.00
1871.00,1870.00,1868.00
1872.00,1871.00,1879.00
1907.00,1906.00,1904.00
1953.00,1951.00,1952.00
1972.00,1962.00,1963.00
2152.00,2113.00,2115.00
2190.00,2147.00,2191.00
1739.00,2198.00,1738.00
2203.00,2152.00,2153.00
2204.00,2203.00,2153.00
2190.00,2191.00,2217.00
2190.00,2217.00,2216.00
2195.00,2239.00,2240.00
1590.00,2354.00,1803.00
1856.00,2377.00,1859.00
2409.00,2415.00,1909.00
2427.00,2431.00,1935.00
2434.00,2771.00,1952.00
2450.00,2442.00,1966.00
2456.00,2453.00,2000.00
2468.00,2456.00,2000.00
2512.00,2511.00,2191.00
2513.00,2191.00,2194.00
2513.00,2512.00,2191.00
2513.00,2194.00,2514.00
2511.00,2217.00,2191.00
2521.00,2217.00,2511.00
2521.00,2529.00,2217.00
2522.00,2240.00,2530.00
2538.00,2537.00,2277.00
2651.00,2363.00,2362.00
2366.00,2652.00,2364.00
2675.00,2374.00,2673.00
2675.00,2375.00,2374.00
2690.00,2692.00,2377.00
2399.00,2719.00,2720.00
2410.00,2744.00,2408.00
2415.00,2735.00,2416.00
2452.00,2834.00,2450.00
2470.00,2864.00,2468.00
2482.00,2884.00,2480.00
2483.00,2890.00,2885.00
2915.00,2511.00,2512.00
2514.00,2916.00,2513.00
2939.00,2529.00,2521.00
2530.00,2940.00,2522.00
2991.00,2537.00,2538.00
2538.00,2539.00,2991.00
2997.00,2537.00,2991.00
2999.00,2539.00,2979.00
2999.00,2979.00,3000.00
3010.00,2999.00,3011.00
2614.00,3036.00,2616.00
2690.00,3063.00,2692.00
3081.00,6400.00,2729.00
3173.00,3193.00,2941.00
3205.00,2990.00,3208.00
3259.00,3268.00,3049.00
3332.00,3063.00,3059.00
3301.00,3334.00,3336.00
3320.00,3303.00,3072.00
3343.00,3079.00,3078.00
3320.00,3344.00,3345.00
2725.00,3344.00,3080.00
3356.00,3345.00,3084.00
3354.00,3363.00,3353.00
3382.00,3383.00,3359.00
3114.00,3416.00,3112.00
3441.00,3439.00,3440.00
3513.00,3193.00,3173.00
3514.00,3509.00,3537.00
3534.00,3190.00,3540.00
3534.00,3540.00,3541.00
3546.00,3541.00,3540.00
3560.00,3544.00,3545.00
3562.00,3561.00,3560.00
3562.00,3560.00,3545.00
3563.00,3561.00,3562.00
3216.00,3217.00,3579.00
3334.00,3615.00,3336.00
3354.00,3623.00,3363.00
3485.00,3704.00,3494.00
3609.00,3780.00,3608.00
3791.00,3621.00,3620.00
3791.00,3816.00,3818.00
6362.00,3851.00,3879.00
3851.00,3877.00,3886.00
3908.00,3916.00,3917.00
3959.00,3957.00,3958.00
3957.00,3959.00,3987.00
3738.00,3988.00,3736.00
3739.00,3994.00,3989.00
4022.00,4021.00,4019.00
4023.00,4021.00,4022.00
3998.00,4024.00,4025.00
4040.00,4025.00,4024.00
4057.00,4038.00,4039.00
4072.00,3597.00,3770.00
4072.00,3770.00,4082.00
4072.00,4082.00,4083.00
4090.00,4083.00,4082.00
4097.00,4096.00,3814.00
3846.00,4115.00,3857.00
3880.00,4140.00,4117.00
3922.00,3933.00,4164.00
4171.00,4175.00,3935.00
4180.00,4174.00,3938.00
4236.00,4040.00,4041.00
4263.00,4262.00,4090.00
4097.00,4268.00,4096.00
4301.00,4284.00,4118.00
4139.00,4350.00,4138.00
4626.00,4628.00,3898.00
4382.00,4341.00,4381.00
4412.00,4405.00,4164.00
4165.00,4409.00,4410.00
4168.00,4418.00,4417.00
4463.00,4481.00,4465.00
4466.00,4465.00,4481.00
4493.00,4492.00,4491.00
3959.00,4483.00,4211.00
4513.00,4511.00,4512.00
4215.00,4528.00,4515.00
4544.00,4543.00,4231.00
4231.00,4524.00,4544.00
4545.00,4526.00,4527.00
4251.00,4568.00,4565.00
4344.00,4616.00,4589.00
4657.00,4434.00,4656.00
4465.00,4466.00,4674.00
4748.00,4794.00,4796.00
4785.00,4762.00,4616.00
4794.00,4746.00,5885.00
4623.00,4814.00,4815.00
4821.00,4629.00,4628.00
4854.00,4879.00,4818.00
4879.00,4903.00,4904.00
5097.00,4651.00,4421.00
4651.00,5097.00,4948.00
4949.00,4657.00,4656.00
4963.00,4948.00,4964.00
4969.00,5106.00,4674.00
4995.00,4994.00,4993.00
4995.00,5126.00,4994.00
4697.00,5004.00,4696.00
5005.00,4699.00,4698.00
4705.00,5136.00,5007.00
4714.00,5010.00,4702.00
5011.00,4715.00,4703.00
5142.00,5015.00,5025.00
5051.00,4739.00,4737.00
5053.00,5052.00,4794.00
5105.00,4964.00,4948.00
5180.00,5067.00,5178.00
5183.00,5073.00,5072.00
5100.00,5284.00,5098.00
5320.00,5284.00,5102.00
5375.00,5350.00,5376.00
5396.00,5105.00,5355.00
5434.00,5136.00,5138.00
5456.00,5145.00,5127.00
5148.00,5458.00,5146.00
5461.00,5150.00,5151.00
5451.00,5461.00,5520.00
5603.00,5515.00,5507.00
5632.00,5618.00,5520.00
5628.00,5524.00,5631.00
5631.00,5524.00,5525.00
54.00,66.00,73.00
43.00,33.00,111.00
56.00,43.00,115.00
80.00,67.00,125.00
226.00,80.00,125.00
89.00,255.00,135.00
95.00,89.00,135.00
226.00,214.00,239.00
342.00,330.00,444.00
246.00,231.00,417.00
522.00,246.00,417.00
247.00,527.00,421.00
261.00,247.00,421.00
284.00,261.00,427.00
534.00,284.00,427.00
5657.00,370.00,358.00
689.00,137.00,696.00
406.00,510.00,518.00
540.00,430.00,546.00
444.00,445.00,589.00
666.00,679.00,5750.00
511.00,503.00,711.00
530.00,523.00,848.00
544.00,535.00,731.00
547.00,552.00,1110.00
888.00,744.00,896.00
946.00,762.00,959.00
809.00,1056.00,1059.00
1386.00,1369.00,1425.00
1371.00,1967.00,1699.00
1427.00,1371.00,1699.00
1473.00,1451.00,1719.00
1586.00,1590.00,1803.00
1802.00,1586.00,1803.00
1815.00,1813.00,1817.00
1851.00,1849.00,1855.00
1860.00,1851.00,1855.00
1871.00,1868.00,1878.00
1879.00,1871.00,1878.00
1636.00,1638.00,1879.00
1878.00,1636.00,1879.00
1907.00,1904.00,1926.00
2195.00,1721.00,1738.00
1738.00,2198.00,2195.00
5796.00,1752.00,2296.00
2364.00,1833.00,2366.00
2410.00,1648.00,1904.00
1925.00,2761.00,2427.00
1935.00,1925.00,2427.00
2514.00,2194.00,2522.00
2240.00,2217.00,2529.00
2530.00,2240.00,2529.00
2268.00,2281.00,2990.00
2566.00,2563.00,2572.00
2675.00,2673.00,2681.00
2690.00,2675.00,2681.00
2377.00,2375.00,2675.00
2690.00,2377.00,2675.00
2398.00,2744.00,2717.00
2835.00,2817.00,2834.00
3010.00,3018.00,3017.00
2704.00,3072.00,3070.00
3072.00,2706.00,3080.00
2743.00,3375.00,3097.00
3069.00,3336.00,3617.00
3620.00,3340.00,3617.00
3415.00,3433.00,3426.00
3413.00,3415.00,3426.00
3130.00,3132.00,3445.00
3451.00,3452.00,3674.00
3562.00,3545.00,3992.00
3783.00,3613.00,3332.00
3623.00,3818.00,4101.00
3932.00,3922.00,3690.00
3933.00,3922.00,3932.00
4035.00,3761.00,4036.00
4056.00,4035.00,4036.00
4072.00,4083.00,4255.00
4351.00,4350.00,5896.00
4405.00,4412.00,4389.00
4172.00,4174.00,4423.00
4422.00,4172.00,4423.00
3949.00,3945.00,4439.00
3958.00,3949.00,4439.00
4228.00,4542.00,4213.00
4523.00,4228.00,4213.00
4633.00,4389.00,4412.00
4674.00,4466.00,4678.00
4978.00,4949.00,4963.00
5840.00,4657.00,4949.00
5049.00,5046.00,5050.00
5051.00,5049.00,5050.00
4796.00,4794.00,5052.00
5055.00,4796.00,5052.00
4944.00,5102.00,5100.00
4948.00,5097.00,5355.00
5105.00,4948.00,5355.00
5142.00,5025.00,5146.00
5439.00,5868.00,5138.00
5468.00,5532.00,5530.00
5603.00,5583.00,5600.00
5640.00,5530.00,5634.00
679.00,6262.00,5750.00
996.00,6262.00,679.00
5543.00,5724.00,5344.00
585.00,5743.00,586.00
1010.00,5759.00,6239.00
1488.00,5773.00,5779.00
1967.00,1962.00,1699.00
3851.00,3848.00,3877.00
73.00,66.00,82.00
1958.00,5783.00,1967.00
2890.00,3500.00,5822.00
3500.00,4182.00,5822.00
4041.00,4239.00,4549.00
4434.00,4657.00,4439.00
3945.00,4434.00,4439.00
31.00,54.00,73.00
6207.00,58.00,46.00
67.00,66.00,55.00
239.00,89.00,79.00
11.00,166.00,13.00
83.00,128.00,72.00
239.00,255.00,89.00
128.00,83.00,130.00
231.00,230.00,219.00
247.00,261.00,245.00
309.00,326.00,308.00
246.00,522.00,247.00
460.00,474.00,470.00
802.00,809.00,5658.00
535.00,534.00,529.00
569.00,568.00,561.00
639.00,654.00,638.00
460.00,461.00,681.00
838.00,519.00,850.00
530.00,848.00,857.00
556.00,565.00,739.00
619.00,762.00,760.00
793.00,794.00,796.00
795.00,793.00,796.00
812.00,696.00,816.00
845.00,849.00,843.00
903.00,902.00,893.00
1121.00,1120.00,904.00
905.00,1121.00,904.00
1120.00,1121.00,1262.00
1425.00,1448.00,1424.00
1450.00,1448.00,1425.00
1427.00,1451.00,1450.00
1445.00,1446.00,1469.00
1476.00,1496.00,1475.00
5773.00,1494.00,5779.00
1539.00,1537.00,1540.00
1638.00,1278.00,2408.00
1686.00,1429.00,2470.00
1486.00,2072.00,1487.00
1504.00,1488.00,5779.00
1734.00,1504.00,5779.00
1547.00,1752.00,1749.00
1537.00,1547.00,1749.00
1774.00,1802.00,1775.00
1952.00,1951.00,5783.00
2434.00,1952.00,5783.00
1963.00,1962.00,1951.00
2153.00,2152.00,2115.00
2327.00,2329.00,1770.00
1783.00,2337.00,1790.00
1799.00,2345.00,1806.00
2363.00,2365.00,1829.00
2375.00,2377.00,1856.00
1849.00,2375.00,1856.00
2480.00,2119.00,2482.00
2532.00,2266.00,2534.00
2307.00,2316.00,6377.00
2471.00,2865.00,2864.00
2470.00,2471.00,2864.00
2483.00,2885.00,2884.00
2482.00,2483.00,2884.00
2916.00,2915.00,2512.00
2513.00,2916.00,2512.00
2521.00,2511.00,2915.00
2939.00,2521.00,2915.00
2940.00,2939.00,2915.00
2916.00,2940.00,2915.00
2940.00,2916.00,2514.00
2522.00,2940.00,2514.00
2939.00,2940.00,2530.00
2529.00,2939.00,2530.00
3017.00,3018.00,6110.00
2616.00,3036.00,2617.00
3037.00,3039.00,2617.00
2649.00,3047.00,3049.00
2672.00,3056.00,2673.00
3514.00,3537.00,2971.00
3049.00,3047.00,3259.00
3271.00,3056.00,2670.00
3320.00,3072.00,3080.00
3344.00,3320.00,3080.00
3563.00,3571.00,3561.00
3569.00,3585.00,3583.00
3620.00,3621.00,3341.00
3621.00,3623.00,3354.00
3341.00,3621.00,3354.00
3948.00,3957.00,3511.00
3541.00,3546.00,3738.00
3736.00,3541.00,3738.00
3761.00,3760.00,3583.00
3585.00,3761.00,3583.00
3604.00,3587.00,3607.00
3591.00,3763.00,3607.00
3620.00,3617.00,3791.00
3834.00,3804.00,3642.00
3949.00,3948.00,3943.00
3945.00,3949.00,3943.00
3712.00,3954.00,3500.00
4039.00,4038.00,4021.00
4023.00,4039.00,4021.00
4089.00,4088.00,4080.00
4103.00,4105.00,3631.00
4112.00,4113.00,3831.00
3830.00,4112.00,3831.00
4113.00,4115.00,3846.00
3831.00,4113.00,3846.00
4211.00,4213.00,3993.00
4025.00,4040.00,4236.00
4232.00,4025.00,4236.00
4235.00,4247.00,4057.00
4039.00,4235.00,4057.00
4258.00,4259.00,4081.00
4079.00,4258.00,4081.00
4259.00,4261.00,4089.00
4081.00,4259.00,4089.00
4083.00,4090.00,4262.00
4255.00,4083.00,4262.00
4268.00,4270.00,4099.00
4096.00,4268.00,4099.00
4118.00,4300.00,4301.00
4138.00,4350.00,4351.00
4140.00,4138.00,4351.00
4397.00,4398.00,4400.00
4510.00,4508.00,4512.00
4511.00,4510.00,4512.00
4491.00,4210.00,4212.00
4213.00,4211.00,4523.00
4524.00,4525.00,4509.00
4511.00,4526.00,4510.00
4527.00,4526.00,4511.00
4513.00,4527.00,4511.00
4526.00,4545.00,4544.00
4524.00,4526.00,4544.00
4251.00,4565.00,4564.00
4611.00,4613.00,4331.00
4918.00,4423.00,4652.00
4696.00,4508.00,4697.00
4508.00,4696.00,4698.00
4512.00,4508.00,4698.00
4698.00,4699.00,4513.00
4512.00,4698.00,4513.00
4699.00,4703.00,4527.00
4513.00,4699.00,4527.00
4702.00,4525.00,4714.00
4703.00,4715.00,4545.00
4527.00,4703.00,4545.00
4605.00,4603.00,4756.00
4631.00,4629.00,4821.00
4969.00,4674.00,4678.00
4680.00,4969.00,4678.00
4696.00,5004.00,5005.00
4698.00,4696.00,5005.00
5004.00,4697.00,4702.00
5010.00,5004.00,4702.00
5004.00,5010.00,5011.00
5005.00,5004.00,5011.00
4699.00,5005.00,5011.00
4703.00,4699.00,5011.00
4705.00,5007.00,5006.00
4715.00,5011.00,5010.00
4714.00,4715.00,5010.00
4737.00,4735.00,5051.00
5072.00,5073.00,4815.00
4814.00,5072.00,4815.00
5098.00,4929.00,5100.00
5063.00,5174.00,5176.00
5065.00,5176.00,5178.00
5067.00,5065.00,5178.00
5320.00,5102.00,5104.00
5356.00,5320.00,5104.00
5434.00,5138.00,5868.00
5413.00,5423.00,5508.00
5512.00,5517.00,5445.00
5525.00,5524.00,5456.00
5457.00,5525.00,5456.00
5517.00,5525.00,5457.00
5445.00,5517.00,5457.00
5505.00,5583.00,5603.00
5507.00,5505.00,5603.00
1257.00,883.00,877.00
3617.00,3336.00,3788.00
4536.00,4710.00,5854.00
4756.00,4802.00,5061.00
4804.00,4756.00,5061.00
4625.00,4623.00,4815.00
839.00,836.00,831.00
1279.00,1274.00,1267.00
1620.00,1853.00,1852.00
2053.00,1699.00,1962.00
1972.00,2053.00,1962.00
3084.00,3345.00,3344.00
3911.00,3906.00,3897.00
5657.00,5659.00,639.00
534.00,533.00,529.00
653.00,651.00,633.00
634.00,653.00,633.00
1246.00,1104.00,1254.00
1636.00,1276.00,1278.00
1638.00,1636.00,1278.00
5632.00,5520.00,5640.00
308.00,434.00,290.00
627.00,608.00,379.00
1839.00,2366.00,1610.00
5535.00,5522.00,5639.00
3426.00,3433.00,2794.00
5100.00,5102.00,5284.00
199.00,5732.00,198.00
1292.00,947.00,1658.00
3017.00,2315.00,2997.00
546.00,547.00,538.00
3886.00,3877.00,4139.00
4138.00,3886.00,4139.00
540.00,266.00,430.00
888.00,739.00,565.00
744.00,888.00,565.00
2673.00,2374.00,1846.00
2672.00,2673.00,1846.00
3780.00,3783.00,3332.00
3608.00,3780.00,3332.00
5811.00,2972.00,5973.00
1427.00,1450.00,1425.00
2537.00,2997.00,2277.00
230.00,255.00,239.00
444.00,330.00,346.00
445.00,444.00,346.00
882.00,892.00,889.00
1699.00,2053.00,1451.00
1427.00,1699.00,1451.00
2211.00,2527.00,2231.00
2329.00,2327.00,2563.00
2566.00,2329.00,2563.00
2670.00,3056.00,2672.00
3625.00,3642.00,3804.00
3816.00,4096.00,4099.00
3818.00,3816.00,4099.00
4544.00,4714.00,4525.00
4543.00,4544.00,4525.00
4658.00,4440.00,4660.00
5396.00,5355.00,5375.00
5643.00,5634.00,5530.00
5532.00,5643.00,5530.00
272.00,309.00,90.00
585.00,634.00,633.00
2720.00,2713.00,2715.00
2729.00,2720.00,2715.00
2483.00,2157.00,2890.00
3059.00,3063.00,2690.00
3072.00,3303.00,3070.00
3448.00,3439.00,3441.00
3455.00,3448.00,3441.00
5413.00,5868.00,5439.00
5423.00,5413.00,5439.00
1598.00,1604.00,1820.00
2571.00,2579.00,2337.00
2364.00,2652.00,2636.00
2358.00,2364.00,2636.00
3011.00,2999.00,3000.00
3013.00,3011.00,3000.00
3132.00,3140.00,3451.00
3674.00,3672.00,3445.00
3571.00,3563.00,4019.00
4036.00,3571.00,4019.00
3908.00,3902.00,3676.00
3734.00,3736.00,3981.00
3988.00,3738.00,3739.00
3989.00,3988.00,3739.00
4591.00,4588.00,4740.00
639.00,5659.00,5748.00
654.00,639.00,5748.00
3613.00,3334.00,3063.00
3332.00,3613.00,3063.00
2034.00,2039.00,2072.00
1473.00,1719.00,1718.00
896.00,897.00,886.00
1446.00,1445.00,1412.00
2314.00,2315.00,2323.00
2483.00,2482.00,2154.00
4400.00,4398.00,4640.00
4964.00,5105.00,4977.00
524.00,519.00,518.00
875.00,877.00,883.00
882.00,875.00,883.00
1114.00,886.00,897.00
1118.00,1114.00,897.00
1472.00,1448.00,1450.00
1473.00,1472.00,1450.00
5919.00,5773.00,1488.00
3734.00,3534.00,3541.00
3736.00,3734.00,3541.00
2410.00,2408.00,1648.00
1468.00,5919.00,1175.00
5809.00,3534.00,5824.00
5535.00,5965.00,5522.00
5522.00,5965.00,5145.00
5724.00,6339.00,5487.00
1976.00,5784.00,5934.00
1972.00,1976.00,5934.00
4390.00,4389.00,4633.00
5458.00,5148.00,5150.00
342.00,326.00,330.00
5534.00,5473.00,6004.00
5536.00,5534.00,6004.00
1925.00,1924.00,2762.00
2761.00,1925.00,2762.00
1369.00,1371.00,1427.00
1425.00,1369.00,1427.00
1686.00,2000.00,5997.00
5950.00,1334.00,1333.00
1364.00,5950.00,1333.00
5998.00,2490.00,5941.00
4301.00,4300.00,4336.00
5439.00,5138.00,5015.00
4082.00,3770.00,6016.00
358.00,370.00,347.00
5823.00,4203.00,5897.00
5909.00,5823.00,5897.00
5934.00,5784.00,6012.00
62.00,72.00,123.00
1047.00,1175.00,5919.00
3816.00,3788.00,4096.00
4079.00,4062.00,4003.00
4097.00,3814.00,4118.00
5053.00,4794.00,5885.00
2990.00,3205.00,2534.00
3283.00,3311.00,3608.00
4203.00,4481.00,4463.00
5897.00,4203.00,4463.00
4466.00,4481.00,4484.00
4678.00,4466.00,4484.00
2692.00,3063.00,3301.00
3067.00,2692.00,3301.00
4465.00,4674.00,4961.00
3037.00,3036.00,3235.00
286.00,252.00,238.00
5795.00,2279.00,1529.00
2223.00,5795.00,1529.00
2672.00,1846.00,1845.00
2365.00,2672.00,1845.00
2366.00,1839.00,2652.00
3625.00,3360.00,3349.00
3359.00,3625.00,3349.00
3475.00,3690.00,3917.00
4358.00,4343.00,5895.00
5055.00,5168.00,4798.00
5174.00,5063.00,4804.00
5061.00,5174.00,4804.00
5446.00,5518.00,5425.00
3886.00,3879.00,3851.00
4041.00,4040.00,3750.00
5126.00,5407.00,4994.00
653.00,769.00,651.00
1267.00,1274.00,1265.00
3989.00,3983.00,3988.00
5033.00,5034.00,5151.00
5061.00,4802.00,5172.00
556.00,739.00,432.00
1259.00,1627.00,1255.00
1721.00,2147.00,5942.00
4854.00,4818.00,4833.00
2539.00,2999.00,2991.00
850.00,854.00,1606.00
2191.00,2147.00,2194.00
3334.00,3301.00,3063.00
489.00,187.00,177.00
3069.00,3617.00,3340.00
3848.00,3646.00,3900.00
4144.00,4623.00,4625.00
1603.00,1229.00,845.00
31.00,43.00,54.00
4705.00,6095.00,5136.00
2281.00,2280.00,6379.00
169.00,490.00,489.00
4463.00,4671.00,5897.00
2662.00,2378.00,2696.00
2698.00,2662.00,2696.00
5659.00,6024.00,608.00
3417.00,3116.00,3442.00
5154.00,5528.00,5034.00
6016.00,3770.00,5977.00
1606.00,1607.00,1832.00
260.00,230.00,231.00
5461.00,5151.00,5526.00
1209.00,1214.00,1590.00
1586.00,1209.00,1590.00
5055.00,5052.00,5164.00
3613.00,3783.00,6080.00
2390.00,2699.00,2698.00
6092.00,608.00,627.00
3534.00,5809.00,3190.00
5907.00,5662.00,774.00
1593.00,1813.00,1815.00
1939.00,1942.00,1675.00
1347.00,1939.00,1675.00
3468.00,2856.00,3147.00
3467.00,3468.00,3147.00
3498.00,3707.00,3509.00
3514.00,3513.00,3498.00
5280.00,5278.00,5350.00
962.00,1320.00,959.00
1926.00,1927.00,1907.00
3301.00,3336.00,3069.00
3067.00,3301.00,3069.00
3340.00,1865.00,3069.00
3417.00,3416.00,3114.00
3116.00,3417.00,3114.00
3483.00,3699.00,3932.00
3761.00,3585.00,3571.00
4036.00,3761.00,3571.00
4515.00,4528.00,4704.00
4784.00,4822.00,4785.00
5772.00,1486.00,1485.00
5763.00,2452.00,2450.00
1966.00,5763.00,2450.00
2844.00,2034.00,2030.00
5721.00,4879.00,4904.00
1284.00,1283.00,1281.00
1282.00,1284.00,1281.00
1335.00,1334.00,1932.00
2353.00,1813.00,2352.00
3485.00,3494.00,3163.00
3625.00,3359.00,3383.00
3642.00,3625.00,3383.00
3644.00,3834.00,3642.00
3383.00,3644.00,3642.00
4437.00,4436.00,4183.00
5579.00,5396.00,5375.00
1429.00,1394.00,1162.00
1428.00,1429.00,1162.00
2972.00,5811.00,6341.00
4463.00,4465.00,4961.00
4671.00,4463.00,4961.00
1386.00,1347.00,1675.00
4300.00,4118.00,3842.00
4626.00,3898.00,3896.00
3132.00,3130.00,2817.00
4284.00,4268.00,4097.00
4118.00,4284.00,4097.00
4616.00,4762.00,4589.00
3477.00,5894.00,5701.00
1878.00,1868.00,1634.00
3461.00,3459.00,3462.00
4057.00,4247.00,4056.00
3761.00,4035.00,3760.00
4440.00,4183.00,3954.00
1566.00,1567.00,1183.00
1517.00,2113.00,2152.00
2223.00,1517.00,2152.00
4492.00,4700.00,4688.00
4654.00,4437.00,4658.00
886.00,738.00,888.00
896.00,886.00,888.00
5688.00,1719.00,1451.00
2053.00,5688.00,1451.00
6433.00,1495.00,2085.00
4851.00,6037.00,5053.00
5413.00,6067.00,5951.00
6135.00,6104.00,4203.00
2239.00,6106.00,2216.00
4481.00,4203.00,6104.00
4484.00,4481.00,6104.00
262.00,726.00,526.00
249.00,262.00,526.00
5907.00,5748.00,6092.00
5662.00,5907.00,6092.00
4217.00,4232.00,6095.00
5508.00,5584.00,6067.00
5413.00,5508.00,6067.00
4623.00,4144.00,6050.00
6106.00,2280.00,2269.00
5659.00,608.00,6092.00
5748.00,5659.00,6092.00
3786.00,3615.00,6080.00
246.00,245.00,260.00
231.00,246.00,260.00
4308.00,6518.00,4103.00
4144.00,4625.00,4626.00
3896.00,4144.00,4626.00
4341.00,5895.00,4270.00
4422.00,4423.00,4918.00
5824.00,6418.00,6104.00
2468.00,2850.00,3143.00
6018.00,5692.00,6064.00
5998.00,6018.00,6064.00
3320.00,3345.00,6420.00
79.00,80.00,226.00
239.00,79.00,226.00
226.00,225.00,214.00
261.00,282.00,245.00
1782.00,1569.00,2336.00
1923.00,1939.00,1335.00
1932.00,1923.00,1335.00
2690.00,2681.00,3059.00
5583.00,5501.00,5600.00
2704.00,3070.00,2699.00
5796.00,2280.00,6106.00
1752.00,5796.00,6106.00
1775.00,1802.00,5799.00
5965.00,5041.00,5927.00
3417.00,3382.00,3416.00
3561.00,3571.00,3585.00
635.00,949.00,6083.00
769.00,635.00,6083.00
4625.00,4815.00,4833.00
4818.00,4625.00,4833.00
2646.00,3249.00,2355.00
1428.00,1162.00,6091.00
4973.00,5723.00,4969.00
4680.00,4973.00,4969.00
6017.00,5771.00,2001.00
1413.00,6017.00,2001.00
4993.00,4994.00,4991.00
5692.00,1472.00,1718.00
730.00,855.00,726.00
1351.00,1175.00,1007.00
1413.00,2001.00,2043.00
4651.00,4948.00,4963.00
5106.00,5104.00,4946.00
2669.00,3049.00,3268.00
3084.00,2747.00,3112.00
3216.00,3011.00,3013.00
3217.00,3216.00,3013.00
4138.00,4140.00,3886.00
4632.00,4634.00,4390.00
5006.00,5007.00,4995.00
4993.00,5006.00,4995.00
5024.00,5025.00,5015.00
836.00,514.00,713.00
5823.00,6135.00,4203.00
1495.00,1469.00,2085.00
5942.00,2022.00,2026.00
4382.00,4784.00,4358.00
996.00,5759.00,6262.00
2041.00,2073.00,2039.00
3540.00,3190.00,3191.00
31.00,73.00,62.00
5795.00,2203.00,2264.00
552.00,738.00,886.00
1047.00,1028.00,6150.00
1851.00,1860.00,1617.00
3465.00,3686.00,3452.00
2771.00,3113.00,1953.00
194.00,187.00,196.00
3500.00,2890.00,2894.00
1642.00,2399.00,2720.00
2729.00,1642.00,2720.00
3895.00,3896.00,3898.00
1237.00,1100.00,1238.00
406.00,208.00,510.00
1734.00,1509.00,2206.00
2345.00,2344.00,2616.00
3704.00,3941.00,3707.00
3494.00,3704.00,3707.00
3640.00,3831.00,3846.00
183.00,13.00,168.00
2942.00,2207.00,2206.00
2231.00,2942.00,2206.00
211.00,55.00,56.00
4364.00,4814.00,4135.00
4623.00,6050.00,4135.00
4814.00,4623.00,4135.00
984.00,973.00,1155.00
2735.00,1895.00,6027.00
2736.00,2735.00,6027.00
3954.00,4183.00,4182.00
3500.00,3954.00,4182.00
6139.00,6012.00,2022.00
4748.00,4599.00,4115.00
238.00,252.00,123.00
893.00,892.00,894.00
988.00,5907.00,774.00
2160.00,1504.00,1734.00
2744.00,2725.00,2717.00
2412.00,2725.00,2744.00
2410.00,2412.00,2744.00
4507.00,4523.00,4211.00
4483.00,4507.00,4211.00
231.00,219.00,221.00
4794.00,4748.00,4746.00
4034.00,4015.00,5713.00
44.00,112.00,110.00
5773.00,5919.00,1468.00
1494.00,5773.00,1468.00
1927.00,1926.00,1660.00
2073.00,1487.00,2072.00
2039.00,2073.00,2072.00
2834.00,2452.00,2453.00
2835.00,2834.00,2453.00
4180.00,4436.00,4429.00
3311.00,3351.00,3609.00
3608.00,3311.00,3609.00
112.00,235.00,232.00
208.00,112.00,232.00
325.00,550.00,559.00
1229.00,1100.00,849.00
845.00,1229.00,849.00
2378.00,1853.00,1620.00
2651.00,2669.00,2670.00
3485.00,3163.00,2863.00
1530.00,1513.00,6196.00
4266.00,5836.00,4095.00
3442.00,3116.00,3126.00
1473.00,1718.00,1472.00
5852.00,4671.00,4943.00
5935.00,5857.00,5939.00
5361.00,5935.00,5939.00
1424.00,6015.00,1386.00
1347.00,1386.00,6015.00
5741.00,5658.00,809.00
3712.00,5821.00,3964.00
2711.00,2719.00,1268.00
2329.00,2566.00,5802.00
112.00,208.00,110.00
3459.00,2833.00,2832.00
4255.00,4262.00,4580.00
4572.00,4255.00,4580.00
1895.00,2409.00,1900.00
1894.00,1895.00,1900.00
2115.00,2861.00,2153.00
3482.00,3154.00,2872.00
4336.00,4300.00,4117.00
3712.00,3500.00,2894.00
3142.00,3143.00,3465.00
4418.00,4420.00,4417.00
4804.00,4605.00,4756.00
505.00,501.00,503.00
1386.00,1675.00,1370.00
1369.00,1386.00,1370.00
3397.00,3386.00,3379.00
2431.00,2775.00,1946.00
4737.00,4584.00,4735.00
5065.00,5063.00,5176.00
1721.00,2195.00,2194.00
2147.00,1721.00,2194.00
150.00,474.00,687.00
5487.00,5344.00,5724.00
6200.00,6064.00,5809.00
3114.00,2782.00,3116.00
3017.00,2997.00,3010.00
1566.00,1563.00,1767.00
5658.00,5741.00,157.00
830.00,829.00,708.00
3283.00,6193.00,3311.00
2190.00,6139.00,2147.00
137.00,6142.00,696.00
5671.00,6188.00,1462.00
1462.00,6188.00,1714.00
5919.00,6188.00,1047.00
5576.00,6190.00,5495.00
2211.00,6197.00,2527.00
2490.00,6200.00,6162.00
3758.00,6201.00,3210.00
2072.00,1724.00,2034.00
3177.00,2527.00,6197.00
984.00,943.00,973.00
1175.00,1047.00,6150.00
3629.00,3081.00,3353.00
3363.00,3629.00,3353.00
252.00,235.00,123.00
5771.00,5957.00,6159.00
2001.00,5771.00,6159.00
6519.00,650.00,6138.00
5863.00,5402.00,6115.00
2971.00,2969.00,3193.00
5750.00,627.00,6138.00
2919.00,6162.00,6151.00
5942.00,2147.00,6139.00
2022.00,5942.00,6139.00
225.00,125.00,211.00
1011.00,988.00,6127.00
6135.00,5823.00,6151.00
5671.00,6154.00,1028.00
785.00,798.00,806.00
5493.00,5376.00,5350.00
627.00,379.00,6138.00
1789.00,1796.00,1579.00
2833.00,3467.00,2844.00
4139.00,3877.00,3902.00
3097.00,1914.00,2752.00
2743.00,3097.00,2752.00
570.00,565.00,556.00
5423.00,5439.00,5142.00
561.00,563.00,569.00
2725.00,3080.00,2706.00
3563.00,3562.00,3992.00
4101.00,3629.00,3363.00
3623.00,4101.00,3363.00
2123.00,2489.00,1717.00
829.00,711.00,708.00
5671.00,5670.00,6154.00
168.00,176.00,183.00
5666.00,6154.00,5670.00
2123.00,1717.00,2043.00
6173.00,2123.00,2043.00
5671.00,1462.00,5670.00
6188.00,5919.00,1488.00
1714.00,6188.00,1488.00
5631.00,5617.00,6190.00
2662.00,2657.00,2370.00
1597.00,1815.00,1817.00
1135.00,1288.00,944.00
2713.00,2720.00,2719.00
2711.00,2713.00,2719.00
4399.00,4410.00,4409.00
2850.00,3146.00,3470.00
691.00,802.00,5658.00
2377.00,2692.00,1859.00
2971.00,3537.00,3544.00
3567.00,2971.00,3544.00
3707.00,3498.00,3494.00
303.00,550.00,325.00
169.00,489.00,177.00
21.00,31.00,6133.00
5439.00,5015.00,5142.00
3217.00,3013.00,3567.00
5247.00,5081.00,5225.00
1645.00,1283.00,1284.00
1642.00,1645.00,1284.00
1305.00,1659.00,1314.00
5896.00,4160.00,4405.00
1446.00,1412.00,1687.00
2001.00,6159.00,6173.00
2043.00,2001.00,6173.00
1813.00,1593.00,2352.00
988.00,1011.00,986.00
2205.00,2941.00,2967.00
3805.00,3804.00,3834.00
875.00,876.00,877.00
6024.00,5659.00,5657.00
358.00,6024.00,5657.00
34.00,44.00,1.00
325.00,323.00,303.00
417.00,231.00,221.00
513.00,417.00,221.00
618.00,450.00,636.00
654.00,988.00,986.00
2649.00,3049.00,2669.00
2835.00,2453.00,2456.00
3142.00,2835.00,2456.00
3163.00,3494.00,3498.00
1614.00,1244.00,1237.00
1238.00,1614.00,1237.00
490.00,169.00,157.00
5780.00,1617.00,1860.00
3067.00,5780.00,1860.00
368.00,379.00,608.00
6024.00,368.00,608.00
5824.00,6104.00,6135.00
2187.00,2510.00,6146.00
3916.00,3908.00,3676.00
5579.00,5375.00,5376.00
5495.00,5579.00,5376.00
2030.00,2034.00,1724.00
4135.00,6050.00,6203.00
518.00,519.00,509.00
635.00,769.00,653.00
634.00,635.00,653.00
2808.00,2819.00,1981.00
3544.00,3537.00,3539.00
3545.00,3544.00,3539.00
4182.00,4183.00,4436.00
4180.00,4182.00,4436.00
290.00,304.00,130.00
2207.00,2894.00,2160.00
3017.00,6110.00,2323.00
2315.00,3017.00,2323.00
2761.00,2762.00,2766.00
5811.00,2532.00,2987.00
4811.00,4364.00,4613.00
5067.00,4811.00,4613.00
198.00,5732.00,1.00
194.00,202.00,191.00
984.00,1007.00,6291.00
5783.00,1958.00,1946.00
2434.00,5783.00,1946.00
1958.00,1370.00,1675.00
1942.00,1958.00,1675.00
5603.00,5600.00,5515.00
1370.00,1958.00,1967.00
1371.00,1370.00,1967.00
2446.00,1981.00,5784.00
1976.00,2446.00,5784.00
1841.00,1839.00,1610.00
1616.00,1841.00,1610.00
3250.00,6068.00,2657.00
3070.00,3303.00,3302.00
2483.00,2154.00,2157.00
1627.00,1634.00,1868.00
4640.00,4398.00,4865.00
3509.00,3514.00,3498.00
2672.00,2365.00,2670.00
3397.00,3379.00,6487.00
988.00,654.00,5748.00
5907.00,988.00,5748.00
1242.00,1246.00,1616.00
5416.00,5126.00,5134.00
5434.00,5416.00,5134.00
3143.00,3142.00,2456.00
4412.00,4422.00,4918.00
4633.00,4412.00,4918.00
3900.00,3672.00,3674.00
168.00,155.00,157.00
169.00,168.00,157.00
5957.00,5771.00,1364.00
6015.00,5957.00,1364.00
5782.00,1932.00,1667.00
3455.00,3677.00,2832.00
3193.00,3513.00,3514.00
2971.00,3193.00,3514.00
5146.00,5458.00,5446.00
5142.00,5146.00,5446.00
4210.00,4491.00,4489.00
1.00,2.00,34.00
3760.00,4035.00,4034.00
2366.00,1607.00,1610.00
627.00,5750.00,6262.00
2835.00,3142.00,3140.00
1963.00,2785.00,1976.00
1010.00,1162.00,1394.00
6127.00,1010.00,1394.00
1966.00,6192.00,5763.00
1047.00,6188.00,5671.00
1028.00,1047.00,5671.00
6200.00,2490.00,5998.00
6064.00,6200.00,5998.00
2667.00,3052.00,2657.00
538.00,730.00,726.00
262.00,538.00,726.00
855.00,730.00,1104.00
1634.00,1276.00,1636.00
1878.00,1634.00,1636.00
3896.00,3895.00,3440.00
5067.00,4613.00,4611.00
5065.00,5067.00,4611.00
4785.00,4616.00,4784.00
4632.00,4390.00,4633.00
2203.00,2204.00,2205.00
6037.00,4851.00,5098.00
6127.00,988.00,774.00
1010.00,6127.00,774.00
3415.00,6203.00,3433.00
5824.00,6206.00,5809.00
5809.00,6206.00,6200.00
5897.00,6214.00,5909.00
5909.00,6214.00,5842.00
1645.00,6241.00,1894.00
2919.00,6265.00,6162.00
6203.00,3415.00,3872.00
4135.00,6203.00,3872.00
5468.00,5530.00,5528.00
5154.00,5468.00,5528.00
6206.00,5824.00,6135.00
6151.00,6206.00,6135.00
4865.00,4636.00,6209.00
5174.00,6426.00,6212.00
5176.00,5174.00,6212.00
996.00,5758.00,6239.00
5759.00,996.00,6239.00
4671.00,5852.00,6214.00
5897.00,4671.00,6214.00
5480.00,5303.00,6216.00
6214.00,5852.00,5910.00
2527.00,2942.00,2231.00
5759.00,5662.00,6262.00
3303.00,6226.00,3302.00
6206.00,6151.00,6162.00
6200.00,6206.00,6162.00
2427.00,2761.00,2775.00
2431.00,2427.00,2775.00
2490.00,6162.00,6265.00
5941.00,2490.00,6265.00
6239.00,6091.00,1162.00
1010.00,6239.00,1162.00
6241.00,1645.00,1642.00
2729.00,6241.00,1642.00
34.00,2.00,6207.00
46.00,34.00,6207.00
6136.00,3433.00,6203.00
6050.00,6136.00,6203.00
3993.00,4213.00,4230.00
2364.00,2358.00,1833.00
6241.00,2729.00,6400.00
2919.00,2489.00,6265.00
6213.00,6279.00,6225.00
6212.00,6213.00,6225.00
6353.00,6212.00,6225.00
1296.00,1649.00,1894.00
1900.00,1296.00,1894.00
1155.00,1007.00,984.00
5721.00,4904.00,4906.00
1011.00,5763.00,6192.00
986.00,1011.00,6192.00
5350.00,5278.00,5493.00
5033.00,4724.00,4728.00
5038.00,5033.00,4728.00
563.00,562.00,741.00
2669.00,3268.00,3271.00
2670.00,2669.00,3271.00
266.00,252.00,286.00
3108.00,5804.00,2766.00
3302.00,3052.00,2667.00
4422.00,4412.00,4164.00
4822.00,4784.00,4634.00
524.00,862.00,850.00
850.00,519.00,524.00
5150.00,5148.00,4724.00
959.00,1320.00,1660.00
3609.00,3626.00,3780.00
505.00,497.00,501.00
1953.00,1963.00,1951.00
1972.00,1963.00,1976.00
2747.00,2412.00,1906.00
2878.00,2879.00,2885.00
2572.00,5799.00,6297.00
2884.00,2879.00,2480.00
1734.00,5779.00,1509.00
2384.00,1627.00,1868.00
205.00,505.00,220.00
526.00,726.00,862.00
524.00,526.00,862.00
1851.00,1614.00,1238.00
1616.00,1246.00,1852.00
1825.00,1813.00,2353.00
2355.00,1825.00,2353.00
2817.00,2835.00,3140.00
3132.00,2817.00,3140.00
3360.00,3625.00,3804.00
3879.00,3886.00,4140.00
3880.00,3879.00,4140.00
510.00,526.00,524.00
379.00,6298.00,6138.00
4748.00,4283.00,6464.00
249.00,526.00,510.00
1320.00,5768.00,1927.00
1660.00,1320.00,1927.00
2669.00,2651.00,2649.00
183.00,33.00,21.00
5734.00,282.00,6305.00
2446.00,1976.00,2785.00
6521.00,2446.00,2785.00
2187.00,6146.00,5688.00
266.00,248.00,252.00
556.00,434.00,570.00
839.00,1221.00,844.00
716.00,839.00,844.00
843.00,716.00,844.00
845.00,843.00,844.00
903.00,911.00,902.00
764.00,962.00,959.00
762.00,764.00,959.00
2853.00,2844.00,3467.00
3147.00,2853.00,3467.00
4000.00,4024.00,3744.00
2987.00,4000.00,3744.00
4248.00,4559.00,4244.00
4559.00,4564.00,4565.00
4798.00,6327.00,4599.00
204.00,225.00,211.00
202.00,204.00,211.00
522.00,523.00,527.00
247.00,522.00,527.00
4419.00,4421.00,4433.00
3163.00,3498.00,2889.00
5734.00,255.00,230.00
260.00,5734.00,230.00
1604.00,1606.00,1832.00
1820.00,1604.00,1832.00
2280.00,2281.00,2268.00
2269.00,2280.00,2268.00
249.00,232.00,248.00
1686.00,5997.00,1394.00
1413.00,1687.00,6322.00
2190.00,2216.00,6086.00
58.00,123.00,235.00
681.00,786.00,784.00
680.00,681.00,784.00
82.00,66.00,78.00
5854.00,4710.00,5015.00
5138.00,5854.00,5015.00
882.00,889.00,880.00
875.00,882.00,880.00
4410.00,4399.00,4415.00
2532.00,5811.00,5973.00
2510.00,2532.00,5973.00
5750.00,6138.00,650.00
666.00,5750.00,650.00
1752.00,6106.00,2239.00
1749.00,1752.00,2239.00
282.00,5734.00,260.00
245.00,282.00,260.00
546.00,538.00,540.00
2648.00,1825.00,2355.00
3249.00,2648.00,2355.00
2157.00,2160.00,2894.00
2890.00,2157.00,2894.00
1595.00,831.00,832.00
902.00,586.00,751.00
5802.00,2571.00,2336.00
3742.00,3998.00,4215.00
4214.00,4215.00,4515.00
1853.00,1843.00,1841.00
1334.00,5950.00,1667.00
5666.00,679.00,666.00
3613.00,6080.00,3615.00
3334.00,3613.00,3615.00
2026.00,1474.00,5942.00
3302.00,6226.00,3260.00
3052.00,3302.00,3260.00
1445.00,1351.00,1412.00
962.00,986.00,6192.00
1320.00,962.00,6192.00
1282.00,1279.00,2399.00
1645.00,1649.00,1288.00
1283.00,1645.00,1288.00
5225.00,5081.00,5078.00
5424.00,5508.00,5423.00
5425.00,5424.00,5423.00
818.00,816.00,696.00
6142.00,818.00,696.00
4038.00,4036.00,4019.00
4021.00,4038.00,4019.00
2187.00,2232.00,2510.00
4796.00,4599.00,4748.00
5050.00,4738.00,4739.00
5051.00,5050.00,4739.00
3461.00,3468.00,3459.00
627.00,6262.00,5662.00
6092.00,627.00,5662.00
3511.00,3957.00,3987.00
1104.00,1242.00,855.00
3590.00,3569.00,3583.00
3591.00,3590.00,3583.00
2987.00,2532.00,2534.00
3205.00,2987.00,2534.00
3644.00,3646.00,3834.00
2113.00,1487.00,2073.00
2706.00,3072.00,2704.00
5640.00,5634.00,5632.00
4784.00,4616.00,4358.00
1475.00,1496.00,1738.00
1721.00,1475.00,1738.00
896.00,744.00,905.00
904.00,896.00,905.00
2206.00,1509.00,2231.00
3442.00,3444.00,3417.00
1717.00,2489.00,2085.00
1658.00,1660.00,1926.00
6265.00,2489.00,2123.00
5941.00,6265.00,2123.00
6.00,6266.00,2.00
2.00,6266.00,6207.00
5543.00,6358.00,5724.00
3250.00,6269.00,3232.00
5935.00,6280.00,6215.00
6215.00,6280.00,6213.00
5355.00,6281.00,5375.00
5375.00,6281.00,5350.00
3872.00,6284.00,4134.00
4134.00,6284.00,4331.00
3851.00,6294.00,3848.00
3848.00,6294.00,3805.00
568.00,6298.00,357.00
5489.00,6299.00,5551.00
4629.00,3897.00,4628.00
1714.00,6311.00,1713.00
5688.00,6326.00,2187.00
944.00,6332.00,943.00
943.00,6332.00,973.00
3052.00,3260.00,6269.00
4422.00,4164.00,3933.00
4172.00,4422.00,3933.00
11.00,6266.00,166.00
5280.00,5350.00,6281.00
5618.00,5632.00,6295.00
5097.00,6522.00,6281.00
5355.00,5097.00,6281.00
5688.00,2053.00,6326.00
6280.00,5935.00,5361.00
6524.00,6280.00,5361.00
138.00,142.00,6.00
2232.00,2187.00,6319.00
6213.00,6280.00,6279.00
4903.00,4879.00,4854.00
2160.00,2157.00,6311.00
1504.00,2160.00,6311.00
3851.00,6362.00,6294.00
6525.00,6537.00,6489.00
2408.00,1278.00,1648.00
3805.00,6294.00,3626.00
6269.00,3260.00,3244.00
6519.00,6138.00,6298.00
2736.00,6027.00,6367.00
5909.00,5842.00,6368.00
6319.00,2187.00,6326.00
6360.00,6319.00,6326.00
4015.00,4228.00,4523.00
3776.00,4062.00,4079.00
4081.00,3776.00,4079.00
1634.00,1262.00,1276.00
2398.00,2717.00,2703.00
1907.00,1927.00,2782.00
1906.00,1907.00,2782.00
3445.00,3672.00,3444.00
1872.00,2398.00,2703.00
2390.00,1872.00,2703.00
3440.00,3895.00,3673.00
3441.00,3440.00,3673.00
3037.00,2617.00,3036.00
80.00,79.00,88.00
78.00,80.00,88.00
1849.00,1851.00,1238.00
1605.00,1849.00,1238.00
1953.00,3113.00,2785.00
1963.00,1953.00,2785.00
4164.00,4405.00,4160.00
3922.00,4164.00,4160.00
4784.00,4382.00,4634.00
806.00,812.00,805.00
600.00,359.00,618.00
4658.00,4950.00,4654.00
1337.00,5966.00,6322.00
1942.00,1935.00,2431.00
4728.00,4724.00,4560.00
3993.00,4022.00,3992.00
2384.00,1620.00,1250.00
2207.00,2942.00,5821.00
2747.00,2725.00,2412.00
3736.00,3988.00,3983.00
3780.00,3626.00,6294.00
3783.00,3780.00,6294.00
5055.00,5164.00,5168.00
571.00,440.00,327.00
1739.00,1512.00,2198.00
4266.00,4584.00,4737.00
3020.00,6434.00,3006.00
4985.00,4680.00,6253.00
2279.00,2277.00,2276.00
5050.00,4734.00,4738.00
3786.00,6080.00,3842.00
3395.00,3444.00,3672.00
5024.00,5015.00,4710.00
6083.00,1028.00,6154.00
3936.00,4172.00,3933.00
5510.00,5618.00,6295.00
522.00,516.00,523.00
4840.00,4918.00,4652.00
199.00,198.00,406.00
538.00,262.00,540.00
3776.00,3604.00,3607.00
4214.00,4515.00,4493.00
4613.00,4364.00,4134.00
4331.00,4613.00,4134.00
5584.00,6376.00,6067.00
2713.00,2711.00,3078.00
3572.00,2987.00,3205.00
1007.00,1175.00,6150.00
2794.00,3433.00,2799.00
5741.00,809.00,1199.00
2442.00,2817.00,3130.00
2296.00,1752.00,1547.00
6136.00,3437.00,2799.00
3433.00,6136.00,2799.00
1572.00,1177.00,785.00
6340.00,6068.00,3250.00
5743.00,568.00,569.00
6393.00,6012.00,6139.00
2766.00,2762.00,6394.00
3108.00,2766.00,6394.00
21.00,6133.00,11.00
3052.00,6269.00,3250.00
2657.00,3052.00,3250.00
6397.00,2742.00,2736.00
6384.00,6083.00,949.00
3896.00,3440.00,6399.00
6400.00,6367.00,6027.00
4652.00,4654.00,4840.00
2034.00,2844.00,2853.00
2039.00,2034.00,2853.00
2879.00,2884.00,2885.00
3143.00,2850.00,3470.00
3993.00,3992.00,3987.00
4024.00,3998.00,3744.00
4419.00,4420.00,4421.00
4656.00,4434.00,4433.00
6524.00,5361.00,4974.00
5528.00,5530.00,5640.00
5526.00,5528.00,5640.00
3081.00,2729.00,2715.00
3079.00,3081.00,2715.00
4215.00,3998.00,4217.00
4528.00,4215.00,4217.00
110.00,208.00,406.00
198.00,110.00,406.00
490.00,157.00,5741.00
62.00,123.00,58.00
4180.00,4429.00,4174.00
4065.00,4062.00,3776.00
1296.00,1295.00,6332.00
1649.00,1296.00,6332.00
2819.00,2810.00,2822.00
1295.00,1296.00,1300.00
2468.00,3143.00,2456.00
1782.00,2336.00,1783.00
204.00,202.00,194.00
1832.00,1833.00,1820.00
325.00,559.00,357.00
4115.00,4113.00,4283.00
4748.00,4115.00,4283.00
1242.00,1616.00,1610.00
2374.00,2375.00,1849.00
1605.00,2374.00,1849.00
636.00,638.00,764.00
2453.00,2452.00,5997.00
2000.00,2453.00,5997.00
5183.00,5072.00,4811.00
860.00,1103.00,731.00
283.00,541.00,303.00
5126.00,5416.00,5407.00
4739.00,4738.00,4586.00
1780.00,2329.00,5802.00
6196.00,1528.00,1530.00
2894.00,2207.00,5821.00
3712.00,2894.00,5821.00
1254.00,1110.00,1114.00
5451.00,5520.00,5618.00
5518.00,5451.00,5618.00
346.00,359.00,445.00
2579.00,5922.00,2612.00
2588.00,2579.00,2612.00
4041.00,3750.00,4239.00
3465.00,3452.00,3451.00
4077.00,4060.00,4578.00
262.00,249.00,248.00
854.00,850.00,862.00
855.00,854.00,862.00
6433.00,1509.00,1495.00
1981.00,2446.00,2808.00
2616.00,2617.00,2347.00
2345.00,2616.00,2347.00
1537.00,1539.00,1546.00
4134.00,4364.00,4135.00
3872.00,4134.00,4135.00
4865.00,4398.00,4636.00
4564.00,4559.00,4248.00
5224.00,5225.00,5078.00
5075.00,5224.00,5078.00
5150.00,5461.00,5449.00
5458.00,5150.00,5449.00
4912.00,5278.00,5280.00
4641.00,4912.00,5280.00
3513.00,3173.00,2889.00
3498.00,3513.00,2889.00
1238.00,1229.00,1605.00
761.00,917.00,949.00
2232.00,6319.00,6086.00
2706.00,2717.00,2725.00
6142.00,5732.00,199.00
4704.00,4700.00,4515.00
4523.00,4507.00,6023.00
469.00,687.00,474.00
460.00,469.00,474.00
3356.00,3084.00,3112.00
3416.00,3356.00,3112.00
1762.00,1563.00,6555.00
514.00,836.00,839.00
716.00,514.00,839.00
1846.00,2374.00,1605.00
4436.00,4437.00,4429.00
1648.00,1278.00,921.00
1292.00,1648.00,921.00
3872.00,3415.00,3413.00
6284.00,3872.00,3413.00
4574.00,5158.00,4572.00
6285.00,5973.00,2972.00
2157.00,2154.00,1713.00
6311.00,2157.00,1713.00
5007.00,5134.00,5126.00
4995.00,5007.00,5126.00
5134.00,5007.00,5136.00
5434.00,5134.00,5136.00
4508.00,4510.00,4509.00
4697.00,4508.00,4509.00
534.00,541.00,283.00
284.00,534.00,283.00
5495.00,5376.00,5493.00
142.00,6435.00,6.00
3006.00,6337.00,3020.00
3020.00,6337.00,2550.00
5487.00,6339.00,6299.00
5922.00,6340.00,2612.00
5909.00,6346.00,5823.00
2527.00,6348.00,2942.00
2942.00,6348.00,5821.00
5632.00,6354.00,6295.00
6526.00,6326.00,2053.00
6012.00,6360.00,5934.00
6492.00,5480.00,5482.00
4798.00,6372.00,6327.00
2457.00,6374.00,2026.00
2026.00,6374.00,1474.00
5482.00,6376.00,5543.00
5796.00,6379.00,2280.00
5344.00,6438.00,4904.00
6319.00,6393.00,6086.00
3108.00,6394.00,5882.00
6127.00,6396.00,1011.00
1011.00,6396.00,5763.00
6050.00,6399.00,6136.00
6367.00,6400.00,3631.00
5682.00,6404.00,2119.00
6473.00,6480.00,5489.00
2973.00,2972.00,6341.00
2296.00,6337.00,5796.00
6404.00,1462.00,1713.00
1059.00,1577.00,1199.00
809.00,1059.00,1199.00
3006.00,3210.00,6379.00
6376.00,5584.00,6358.00
5543.00,6376.00,6358.00
6340.00,5922.00,6180.00
6068.00,6340.00,6180.00
6346.00,5909.00,6368.00
6346.00,6151.00,5823.00
5168.00,6527.00,6343.00
6406.00,5505.00,6402.00
2452.00,5763.00,6396.00
5997.00,2452.00,6396.00
5176.00,6212.00,6353.00
5178.00,5176.00,6353.00
6348.00,2527.00,3177.00
6474.00,6180.00,5922.00
323.00,6347.00,303.00
6354.00,5632.00,5634.00
6296.00,6354.00,5634.00
6136.00,6399.00,3437.00
4568.00,4251.00,6342.00
6339.00,5724.00,6354.00
6296.00,6339.00,6354.00
1724.00,1480.00,6374.00
6370.00,5148.00,5146.00
5025.00,6370.00,5146.00
6360.00,6012.00,6393.00
6319.00,6360.00,6393.00
1394.00,5997.00,6396.00
6127.00,1394.00,6396.00
5821.00,6348.00,3964.00
3631.00,4105.00,6367.00
6284.00,6392.00,6503.00
3783.00,6294.00,6362.00
6080.00,3783.00,6362.00
283.00,303.00,6347.00
6305.00,283.00,6347.00
5510.00,6295.00,6358.00
5584.00,5510.00,6358.00
6372.00,4798.00,6403.00
4802.00,6372.00,6403.00
1413.00,2043.00,1687.00
4493.00,4515.00,4700.00
4492.00,4493.00,4700.00
3177.00,6197.00,6346.00
1028.00,6083.00,6384.00
6150.00,1028.00,6384.00
3994.00,4214.00,4212.00
5480.00,6067.00,6376.00
5482.00,5480.00,6376.00
2190.00,6086.00,6393.00
6139.00,2190.00,6393.00
4603.00,6274.00,6401.00
4756.00,4603.00,6401.00
4660.00,6275.00,6385.00
5910.00,6051.00,6385.00
4489.00,4985.00,4210.00
3250.00,3232.00,6340.00
5882.00,6248.00,6442.00
3108.00,5882.00,6442.00
6397.00,2736.00,6367.00
4144.00,3896.00,6399.00
6050.00,4144.00,6399.00
4802.00,4756.00,6401.00
6372.00,4802.00,6401.00
4574.00,4575.00,4734.00
6403.00,4798.00,5168.00
6343.00,6403.00,5168.00
5583.00,5505.00,6406.00
5501.00,5583.00,6406.00
927.00,1135.00,944.00
3407.00,2772.00,6392.00
136.00,690.00,461.00
470.00,136.00,461.00
511.00,412.00,503.00
1103.00,1237.00,1244.00
518.00,510.00,524.00
3452.00,3676.00,3900.00
3674.00,3452.00,3900.00
183.00,176.00,33.00
6342.00,4072.00,4255.00
5941.00,2123.00,6173.00
5998.00,5941.00,6173.00
3879.00,3880.00,6362.00
4168.00,5894.00,4165.00
4410.00,4168.00,4165.00
2153.00,2861.00,2204.00
3758.00,4248.00,6375.00
2370.00,2657.00,6068.00
2560.00,2563.00,2327.00
2561.00,2560.00,2327.00
857.00,860.00,731.00
2198.00,1512.00,1540.00
2030.00,1724.00,6374.00
2457.00,2030.00,6374.00
2698.00,2699.00,2667.00
1469.00,1495.00,1494.00
3984.00,3989.00,3994.00
4212.00,3984.00,3994.00
168.00,13.00,155.00
1121.00,1276.00,1262.00
2316.00,2307.00,2306.00
855.00,862.00,726.00
1242.00,854.00,855.00
1953.00,1952.00,2771.00
1649.00,1645.00,1894.00
5758.00,5666.00,5670.00
4390.00,4381.00,4389.00
5280.00,6221.00,4641.00
5131.00,5445.00,5128.00
1835.00,1846.00,1605.00
46.00,112.00,44.00
34.00,46.00,44.00
6193.00,6329.00,6455.00
4641.00,4415.00,4640.00
2269.00,2216.00,6106.00
1607.00,1606.00,854.00
5050.00,5046.00,4734.00
5034.00,5039.00,5154.00
1530.00,1528.00,1552.00
1539.00,1530.00,1552.00
286.00,304.00,432.00
1267.00,1268.00,1279.00
6528.00,2550.00,6377.00
3216.00,3579.00,3019.00
3906.00,3677.00,3673.00
3895.00,3906.00,3673.00
2888.00,2863.00,3163.00
2889.00,2888.00,3163.00
4483.00,5840.00,6402.00
1254.00,1255.00,1250.00
5854.00,6095.00,4536.00
2772.00,2771.00,2434.00
5804.00,2772.00,2434.00
1540.00,1537.00,1749.00
2198.00,1540.00,1749.00
1607.00,854.00,1242.00
1610.00,1607.00,1242.00
516.00,522.00,417.00
513.00,516.00,417.00
691.00,5658.00,155.00
150.00,691.00,155.00
5456.00,5127.00,5457.00
764.00,638.00,962.00
5526.00,5640.00,5520.00
5461.00,5526.00,5520.00
2358.00,2636.00,6410.00
3631.00,6400.00,3081.00
3629.00,3631.00,3081.00
731.00,1103.00,869.00
208.00,232.00,249.00
510.00,208.00,249.00
46.00,58.00,235.00
112.00,46.00,235.00
460.00,470.00,461.00
711.00,835.00,713.00
511.00,711.00,713.00
1250.00,1620.00,1852.00
1790.00,2337.00,2339.00
1795.00,1790.00,2339.00
2327.00,1770.00,2561.00
3191.00,2961.00,3196.00
4865.00,4912.00,4641.00
4640.00,4865.00,4641.00
136.00,470.00,142.00
138.00,136.00,142.00
3039.00,3037.00,3244.00
3246.00,3039.00,3244.00
342.00,444.00,589.00
764.00,762.00,619.00
636.00,764.00,619.00
571.00,746.00,570.00
440.00,571.00,570.00
4840.00,4632.00,4633.00
4918.00,4840.00,4633.00
1546.00,2306.00,1547.00
1537.00,1546.00,1547.00
5451.00,5518.00,5449.00
5461.00,5451.00,5449.00
3676.00,3902.00,3900.00
4957.00,6051.00,5910.00
5852.00,4957.00,5910.00
3629.00,4101.00,4103.00
3631.00,3629.00,4103.00
3193.00,2969.00,2967.00
2941.00,3193.00,2967.00
4631.00,6209.00,4636.00
4629.00,4631.00,4636.00
6201.00,3572.00,3208.00
3210.00,6201.00,3208.00
497.00,196.00,187.00
489.00,497.00,187.00
90.00,309.00,290.00
5854.00,5138.00,5136.00
6095.00,5854.00,5136.00
5522.00,5145.00,5456.00
5524.00,5522.00,5456.00
3078.00,3079.00,2715.00
2713.00,3078.00,2715.00
746.00,744.00,565.00
570.00,746.00,565.00
3686.00,3470.00,3916.00
6241.00,6400.00,6027.00
6216.00,5951.00,6067.00
5480.00,6216.00,6067.00
5910.00,6385.00,5842.00
6214.00,5910.00,5842.00
3676.00,3452.00,3686.00
3916.00,3676.00,3686.00
3857.00,6327.00,6274.00
6352.00,3857.00,6274.00
4865.00,6209.00,4912.00
996.00,679.00,5666.00
1337.00,6322.00,1687.00
1412.00,1337.00,1687.00
4423.00,4174.00,4429.00
4652.00,4423.00,4429.00
2408.00,2744.00,2398.00
1638.00,2408.00,2398.00
5495.00,5493.00,5551.00
5576.00,5495.00,5551.00
3704.00,3485.00,5702.00
547.00,1110.00,730.00
1255.00,1254.00,1114.00
2344.00,2588.00,2614.00
2616.00,2344.00,2614.00
2971.00,3567.00,2969.00
832.00,831.00,829.00
830.00,832.00,829.00
2345.00,2347.00,1806.00
6193.00,3283.00,3271.00
3268.00,6193.00,3271.00
2160.00,1734.00,2206.00
2207.00,2160.00,2206.00
2752.00,1914.00,1306.00
2416.00,2752.00,1306.00
1909.00,2415.00,2416.00
1306.00,1909.00,2416.00
2539.00,2538.00,2277.00
4419.00,4417.00,4420.00
1796.00,1799.00,1579.00
843.00,849.00,848.00
5682.00,2119.00,2080.00
1659.00,1914.00,5782.00
1667.00,1659.00,5782.00
5836.00,4266.00,4586.00
4560.00,6370.00,4244.00
4559.00,4560.00,4244.00
2203.00,2205.00,2264.00
2655.00,1843.00,2370.00
6150.00,6384.00,6291.00
1007.00,6150.00,6291.00
6327.00,6372.00,6401.00
6274.00,6327.00,6401.00
445.00,598.00,589.00
4507.00,5131.00,6023.00
511.00,713.00,514.00
5768.00,3126.00,3116.00
5055.00,4798.00,4599.00
4796.00,5055.00,4599.00
5799.00,2572.00,2563.00
2560.00,5799.00,2563.00
469.00,793.00,687.00
2354.00,2622.00,6297.00
1803.00,2354.00,6297.00
155.00,13.00,166.00
150.00,155.00,166.00
4214.00,4493.00,4491.00
4212.00,4214.00,4491.00
5799.00,1802.00,1803.00
6297.00,5799.00,1803.00
4072.00,6342.00,3597.00
5796.00,6337.00,3006.00
6379.00,5796.00,3006.00
6346.00,6368.00,3177.00
6375.00,4718.00,4549.00
4572.00,5158.00,5042.00
327.00,308.00,326.00
342.00,327.00,326.00
4589.00,4762.00,4740.00
4588.00,4589.00,4740.00
2890.00,5822.00,2885.00
308.00,327.00,440.00
434.00,308.00,440.00
6004.00,5158.00,5046.00
5356.00,5723.00,5939.00
1649.00,6332.00,944.00
1288.00,1649.00,944.00
4605.00,6530.00,6248.00
1767.00,1780.00,1569.00
1567.00,1767.00,1569.00
2378.00,2662.00,2370.00
21.00,11.00,13.00
183.00,21.00,13.00
5356.00,5104.00,5106.00
2667.00,2657.00,2662.00
2698.00,2667.00,2662.00
31.00,21.00,33.00
43.00,31.00,33.00
31.00,62.00,6133.00
877.00,6417.00,1257.00
1257.00,6417.00,1266.00
6215.00,6419.00,5935.00
5935.00,6419.00,5857.00
1221.00,6431.00,844.00
150.00,6435.00,474.00
4080.00,6447.00,3604.00
3604.00,6447.00,3019.00
1566.00,6449.00,1563.00
3911.00,6483.00,3462.00
5922.00,6456.00,6474.00
4748.00,6464.00,4746.00
3018.00,3019.00,6447.00
6110.00,3018.00,6447.00
6415.00,5889.00,2316.00
2306.00,6415.00,2316.00
3303.00,3320.00,6420.00
6226.00,3303.00,6420.00
6213.00,6212.00,6426.00
6215.00,6213.00,6426.00
5977.00,6110.00,6447.00
4080.00,5977.00,6447.00
4381.00,4341.00,6463.00
6428.00,1472.00,5692.00
6018.00,6428.00,5692.00
4484.00,6104.00,6418.00
6253.00,4484.00,6418.00
5802.00,2566.00,6456.00
2571.00,5802.00,6456.00
3911.00,3897.00,6483.00
2579.00,2571.00,6456.00
5922.00,2579.00,6456.00
876.00,869.00,1103.00
1244.00,876.00,1103.00
3210.00,3006.00,6434.00
3758.00,3210.00,6434.00
58.00,6207.00,6133.00
62.00,58.00,6133.00
6479.00,135.00,6461.00
4906.00,4904.00,6438.00
2231.00,1509.00,6433.00
2211.00,2231.00,6433.00
150.00,166.00,6435.00
135.00,255.00,6461.00
176.00,177.00,191.00
5402.00,4974.00,4985.00
894.00,1257.00,1265.00
2889.00,3173.00,2941.00
2888.00,2889.00,2941.00
5361.00,5939.00,5723.00
3397.00,6487.00,6452.00
4611.00,4331.00,6448.00
4284.00,4301.00,6463.00
6248.00,6448.00,6442.00
795.00,796.00,1056.00
6091.00,5758.00,6534.00
5882.00,6394.00,6452.00
5977.00,3770.00,6414.00
6110.00,5977.00,6414.00
1718.00,1719.00,6453.00
5692.00,1718.00,6453.00
986.00,962.00,638.00
654.00,986.00,638.00
1424.00,1448.00,6428.00
6455.00,3351.00,3311.00
6193.00,6455.00,3311.00
5702.00,5894.00,4168.00
474.00,6435.00,470.00
5344.00,5487.00,6438.00
4417.00,4171.00,5702.00
4168.00,4417.00,5702.00
1104.00,730.00,1110.00
1254.00,1104.00,1110.00
1780.00,1770.00,2329.00
1605.00,1603.00,1835.00
689.00,690.00,136.00
290.00,434.00,304.00
5780.00,6417.00,1617.00
708.00,501.00,492.00
3079.00,3343.00,3353.00
3081.00,3079.00,3353.00
2316.00,5889.00,6414.00
6377.00,2316.00,6414.00
523.00,516.00,716.00
1251.00,1617.00,6417.00
877.00,1251.00,6417.00
4081.00,4089.00,4080.00
1579.00,1799.00,6413.00
5046.00,5158.00,4574.00
4734.00,5046.00,4574.00
1817.00,1825.00,2648.00
2550.00,2307.00,6377.00
2861.00,2888.00,2204.00
4985.00,4489.00,5402.00
5799.00,2560.00,1775.00
1281.00,1131.00,1282.00
6535.00,6574.00,3246.00
3205.00,3208.00,3572.00
142.00,470.00,6435.00
1221.00,1597.00,6431.00
4139.00,3902.00,3908.00
4350.00,4139.00,3908.00
3704.00,3935.00,3941.00
6392.00,3108.00,6442.00
2264.00,2279.00,5795.00
6461.00,255.00,5734.00
2681.00,2673.00,3056.00
3059.00,2681.00,3056.00
1805.00,1799.00,1806.00
1783.00,1785.00,1782.00
2810.00,3133.00,2822.00
5501.00,4977.00,5105.00
5396.00,5501.00,5105.00
559.00,561.00,568.00
357.00,559.00,568.00
2655.00,2370.00,6068.00
6180.00,2655.00,6068.00
3056.00,3271.00,3283.00
3059.00,3056.00,3283.00
4440.00,3954.00,6496.00
4171.00,4417.00,4419.00
4175.00,4171.00,4419.00
1598.00,1214.00,838.00
1604.00,1598.00,838.00
6493.00,5966.00,1295.00
6494.00,2785.00,3113.00
1059.00,1193.00,1577.00
6023.00,4690.00,5718.00
3917.00,4160.00,5896.00
3994.00,3739.00,3742.00
4440.00,6496.00,4660.00
137.00,138.00,6497.00
5741.00,6504.00,490.00
4603.00,4605.00,6488.00
6560.00,6513.00,6186.00
2362.00,1597.00,1817.00
2648.00,2362.00,1817.00
3987.00,3992.00,3545.00
2324.00,2561.00,1770.00
1762.00,2324.00,1770.00
6341.00,3742.00,2973.00
6500.00,1924.00,5782.00
1914.00,6500.00,5782.00
6528.00,6377.00,3597.00
6390.00,490.00,6504.00
3020.00,5892.00,6434.00
3133.00,2810.00,3437.00
5154.00,5158.00,5473.00
5468.00,5154.00,5473.00
461.00,690.00,800.00
681.00,461.00,800.00
1279.00,1282.00,1131.00
4564.00,4248.00,6505.00
6508.00,2471.00,1428.00
6449.00,794.00,680.00
6394.00,2762.00,3397.00
6452.00,6394.00,3397.00
6413.00,1799.00,1805.00
1584.00,6413.00,1805.00
5842.00,6385.00,6275.00
731.00,535.00,857.00
938.00,949.00,917.00
927.00,938.00,917.00
1262.00,1259.00,1118.00
1120.00,1262.00,1118.00
2339.00,2337.00,2579.00
2588.00,2339.00,2579.00
2622.00,2354.00,2356.00
3039.00,3246.00,2646.00
2865.00,3154.00,3146.00
2850.00,2865.00,3146.00
1120.00,1118.00,897.00
904.00,1120.00,897.00
5743.00,569.00,751.00
586.00,5743.00,751.00
3477.00,2856.00,3468.00
3461.00,3477.00,3468.00
5701.00,3485.00,2863.00
6416.00,5701.00,2863.00
3788.00,3786.00,3814.00
4096.00,3788.00,3814.00
3235.00,6269.00,3244.00
3037.00,3235.00,3244.00
1292.00,1658.00,1648.00
3343.00,2712.00,3341.00
893.00,902.00,892.00
1923.00,1924.00,1925.00
1935.00,1923.00,1925.00
973.00,6332.00,1295.00
5966.00,973.00,1295.00
4418.00,6221.00,4420.00
3386.00,3097.00,3375.00
3379.00,3386.00,3375.00
3459.00,3468.00,3467.00
2833.00,3459.00,3467.00
4065.00,4034.00,5713.00
4062.00,4065.00,5713.00
6498.00,1775.00,2560.00
3108.00,6392.00,2772.00
5804.00,3108.00,2772.00
5965.00,5927.00,5145.00
2476.00,2872.00,2080.00
893.00,894.00,1265.00
6291.00,938.00,943.00
984.00,6291.00,943.00
5758.00,996.00,5666.00
2041.00,3147.00,2856.00
2862.00,2041.00,2856.00
2771.00,2772.00,3407.00
3113.00,2771.00,3407.00
4247.00,4235.00,4553.00
4552.00,4247.00,4553.00
1870.00,2696.00,2384.00
1868.00,1870.00,2384.00
221.00,219.00,220.00
412.00,221.00,220.00
1513.00,1498.00,5772.00
1759.00,2314.00,2323.00
5889.00,1759.00,2323.00
869.00,880.00,741.00
735.00,869.00,741.00
4542.00,4543.00,4230.00
4213.00,4542.00,4230.00
4039.00,4023.00,4231.00
4235.00,4039.00,4231.00
3932.00,3690.00,3483.00
5247.00,5225.00,5224.00
1517.00,1485.00,1487.00
2113.00,1517.00,1487.00
5446.00,5458.00,5449.00
1474.00,6374.00,1480.00
1476.00,1474.00,1480.00
1553.00,1552.00,1545.00
619.00,760.00,600.00
618.00,619.00,600.00
5618.00,5510.00,5518.00
4628.00,3897.00,3898.00
2384.00,1250.00,1627.00
3360.00,3351.00,3349.00
3448.00,3455.00,2831.00
3133.00,3448.00,2831.00
3511.00,3509.00,3948.00
5039.00,5034.00,5033.00
5038.00,5039.00,5033.00
1265.00,1257.00,1266.00
5151.00,5150.00,4724.00
5033.00,5151.00,4724.00
5579.00,5495.00,6190.00
2264.00,2979.00,2539.00
3217.00,3590.00,3587.00
3579.00,3217.00,3587.00
4272.00,4308.00,4103.00
4101.00,4272.00,4103.00
5723.00,5356.00,5106.00
4969.00,5723.00,5106.00
3982.00,4210.00,3981.00
4344.00,4343.00,4358.00
4616.00,4344.00,4358.00
6375.00,4239.00,6201.00
3758.00,6375.00,6201.00
6404.00,1713.00,2154.00
2119.00,6404.00,2154.00
3857.00,4115.00,4599.00
6327.00,3857.00,4599.00
1110.00,552.00,886.00
1114.00,1110.00,886.00
6406.00,6402.00,4978.00
2972.00,2961.00,6285.00
5532.00,5534.00,5536.00
876.00,875.00,880.00
869.00,876.00,880.00
1428.00,6091.00,6508.00
1246.00,1254.00,1250.00
1852.00,1246.00,1250.00
1783.00,1790.00,1789.00
1785.00,1783.00,1789.00
2336.00,2571.00,2337.00
1783.00,2336.00,2337.00
5049.00,5539.00,5046.00
4626.00,4625.00,4818.00
4165.00,5894.00,3463.00
4631.00,4821.00,4906.00
290.00,130.00,90.00
2794.00,2799.00,2808.00
2997.00,2315.00,2276.00
2277.00,2997.00,2276.00
1614.00,1617.00,1251.00
1244.00,1614.00,1251.00
4815.00,5073.00,5075.00
4833.00,4815.00,5075.00
3382.00,3395.00,3383.00
1642.00,1284.00,1282.00
2399.00,1642.00,1282.00
272.00,90.00,95.00
4215.00,4214.00,3994.00
3742.00,4215.00,3994.00
3744.00,6341.00,5811.00
2987.00,3744.00,5811.00
89.00,95.00,88.00
79.00,89.00,88.00
286.00,238.00,128.00
2412.00,2410.00,1904.00
1906.00,2412.00,1904.00
3597.00,6377.00,6414.00
3770.00,3597.00,6414.00
3949.00,3958.00,3957.00
3948.00,3949.00,3957.00
5049.00,5051.00,4735.00
5041.00,5049.00,4735.00
1785.00,1789.00,1579.00
1577.00,1785.00,1579.00
4232.00,4217.00,3998.00
4025.00,4232.00,3998.00
3591.00,3583.00,3760.00
3763.00,3591.00,3760.00
552.00,546.00,430.00
738.00,552.00,430.00
4578.00,5927.00,5041.00
4735.00,4578.00,5041.00
509.00,199.00,406.00
518.00,509.00,406.00
2652.00,1839.00,2655.00
4705.00,4528.00,4217.00
6095.00,4705.00,4217.00
2862.00,2856.00,3477.00
4943.00,4944.00,5100.00
4929.00,4943.00,5100.00
5600.00,5512.00,5515.00
946.00,959.00,947.00
738.00,430.00,432.00
739.00,738.00,432.00
6226.00,3246.00,3260.00
6209.00,6473.00,4912.00
347.00,6479.00,6461.00
3462.00,6483.00,6484.00
4398.00,6484.00,4636.00
4636.00,6484.00,6483.00
6452.00,6488.00,5882.00
5178.00,6489.00,5180.00
1314.00,6493.00,1305.00
3426.00,6494.00,3413.00
6573.00,1546.00,1539.00
5732.00,6497.00,1.00
1924.00,6500.00,3386.00
4603.00,6501.00,6274.00
6274.00,6501.00,6352.00
4405.00,6502.00,5896.00
6448.00,6503.00,6442.00
1199.00,6504.00,5741.00
5892.00,6505.00,6434.00
4591.00,6506.00,4276.00
3246.00,6226.00,6535.00
6448.00,6510.00,4611.00
4611.00,6510.00,5065.00
4654.00,6513.00,4840.00
5885.00,6515.00,6516.00
3097.00,3386.00,6500.00
1914.00,3097.00,6500.00
2621.00,2347.00,2617.00
5628.00,5576.00,6466.00
5639.00,5628.00,6466.00
5278.00,4912.00,6473.00
5489.00,5278.00,6473.00
4762.00,4785.00,6541.00
6466.00,6545.00,5639.00
5063.00,5065.00,6510.00
6476.00,4222.00,5718.00
6392.00,6442.00,6503.00
5951.00,6216.00,6485.00
6464.00,4283.00,6472.00
2636.00,6180.00,6474.00
6410.00,2636.00,6474.00
4405.00,4389.00,6502.00
6456.00,2566.00,6474.00
6476.00,4060.00,4003.00
4222.00,6476.00,4003.00
4746.00,6464.00,6506.00
6478.00,911.00,903.00
1274.00,6478.00,903.00
6480.00,6438.00,5487.00
6484.00,4398.00,4397.00
6547.00,6561.00,6470.00
6521.00,2785.00,6494.00
6488.00,6452.00,6501.00
4603.00,6488.00,6501.00
6489.00,5178.00,6353.00
529.00,530.00,857.00
535.00,529.00,857.00
1300.00,1305.00,6493.00
1295.00,1300.00,6493.00
4744.00,4746.00,6506.00
4629.00,4636.00,6483.00
3897.00,4629.00,6483.00
4985.00,6253.00,3981.00
4210.00,4985.00,3981.00
3672.00,3900.00,3646.00
6540.00,4851.00,6516.00
825.00,1584.00,1587.00
1785.00,1577.00,1193.00
1782.00,1785.00,1193.00
3712.00,3964.00,6496.00
3954.00,3712.00,6496.00
3407.00,3413.00,6494.00
3113.00,3407.00,6494.00
6275.00,4660.00,6496.00
3964.00,6275.00,6496.00
1177.00,1572.00,6498.00
2324.00,1177.00,6498.00
6248.00,5882.00,6488.00
4605.00,6248.00,6488.00
2799.00,3437.00,2810.00
4351.00,5896.00,6502.00
4336.00,4351.00,6502.00
6501.00,6452.00,6487.00
6352.00,6501.00,6487.00
6503.00,6448.00,4331.00
6284.00,6503.00,4331.00
1199.00,6413.00,6504.00
4397.00,3463.00,6484.00
3244.00,3260.00,3246.00
6004.00,5046.00,5539.00
5536.00,6004.00,5539.00
4654.00,4950.00,6513.00
3011.00,3216.00,3019.00
4574.00,4572.00,4580.00
4575.00,4574.00,4580.00
5416.00,6547.00,6470.00
5407.00,5416.00,6470.00
1553.00,2287.00,2314.00
1759.00,1553.00,2314.00
2990.00,2281.00,3208.00
2277.00,2279.00,2264.00
2539.00,2277.00,2264.00
4994.00,5407.00,6115.00
4991.00,4994.00,6115.00
4991.00,6115.00,5402.00
3758.00,6434.00,6505.00
4248.00,3758.00,6505.00
3196.00,2973.00,3547.00
1183.00,1056.00,796.00
794.00,1183.00,796.00
6399.00,3440.00,3439.00
3437.00,6399.00,3439.00
2561.00,2324.00,6498.00
2560.00,2561.00,6498.00
5682.00,2080.00,6508.00
6091.00,5682.00,6508.00
4492.00,4688.00,4489.00
4491.00,4492.00,4489.00
3039.00,2646.00,2621.00
2617.00,3039.00,2621.00
5868.00,5413.00,5951.00
4658.00,4660.00,4950.00
586.00,902.00,911.00
6004.00,5473.00,5158.00
2864.00,2865.00,2850.00
2468.00,2864.00,2850.00
6091.00,6239.00,5758.00
6299.00,6339.00,6296.00
4239.00,6375.00,4549.00
2742.00,6397.00,3830.00
1250.00,1255.00,1627.00
2119.00,2154.00,2482.00
1553.00,1759.00,6572.00
570.00,434.00,440.00
5692.00,2932.00,6064.00
5446.00,5449.00,5518.00
6428.00,1448.00,1472.00
5892.00,6342.00,4251.00
2844.00,2030.00,2831.00
2833.00,2844.00,2831.00
4535.00,4236.00,4041.00
4549.00,4535.00,4041.00
1563.00,1762.00,1767.00
1806.00,2347.00,1810.00
1805.00,1806.00,1810.00
3133.00,3437.00,3439.00
3448.00,3133.00,3439.00
4228.00,4015.00,4034.00
4035.00,4228.00,4034.00
4263.00,4586.00,4738.00
5424.00,5425.00,5518.00
5510.00,5424.00,5518.00
1749.00,2239.00,2195.00
2198.00,1749.00,2195.00
4308.00,4588.00,6518.00
1209.00,1586.00,1201.00
3407.00,6392.00,6284.00
3413.00,3407.00,6284.00
825.00,492.00,6390.00
1584.00,825.00,6390.00
196.00,205.00,204.00
194.00,196.00,204.00
4261.00,4259.00,4584.00
1292.00,921.00,758.00
4718.00,5024.00,4710.00
4549.00,4718.00,4710.00
2026.00,2022.00,6550.00
6492.00,5482.00,6554.00
6275.00,3964.00,6551.00
3707.00,3941.00,3943.00
4056.00,4247.00,4552.00
2878.00,3699.00,3483.00
2476.00,2878.00,3483.00
4734.00,4575.00,4263.00
4738.00,4734.00,4263.00
6051.00,4957.00,6552.00
6480.00,6553.00,6438.00
1802.00,1774.00,1201.00
1586.00,1802.00,1201.00
6018.00,6159.00,5957.00
6428.00,6018.00,5957.00
6384.00,949.00,938.00
6291.00,6384.00,938.00
6534.00,5758.00,5670.00
4251.00,4564.00,6505.00
5892.00,4251.00,6505.00
6556.00,5692.00,6453.00
5718.00,4690.00,6557.00
1593.00,832.00,830.00
761.00,635.00,634.00
559.00,550.00,562.00
6037.00,5098.00,5284.00
6506.00,6559.00,4276.00
6497.00,138.00,6.00
6546.00,6470.00,6561.00
6489.00,6353.00,6562.00
857.00,848.00,849.00
860.00,857.00,849.00
1529.00,1528.00,1517.00
2223.00,1529.00,1517.00
3943.00,3941.00,3944.00
3945.00,3943.00,3944.00
4211.00,3993.00,3987.00
3959.00,4211.00,3987.00
3232.00,6269.00,3235.00
3032.00,3232.00,3235.00
4978.00,6402.00,5840.00
4949.00,4978.00,5840.00
5180.00,5183.00,4811.00
5067.00,5180.00,4811.00
805.00,1570.00,806.00
4439.00,4657.00,5840.00
3958.00,4439.00,5840.00
4651.00,4963.00,4949.00
4656.00,4651.00,4949.00
5073.00,5183.00,5203.00
3463.00,5894.00,3477.00
3461.00,3463.00,3477.00
3465.00,3143.00,3470.00
3686.00,3465.00,3470.00
2863.00,2888.00,2861.00
6416.00,2863.00,2861.00
1597.00,1221.00,1595.00
1815.00,1597.00,1595.00
3190.00,2932.00,2961.00
3191.00,3190.00,2961.00
5885.00,6516.00,4851.00
5053.00,5885.00,4851.00
5106.00,4946.00,4961.00
4674.00,5106.00,4961.00
3818.00,4099.00,4272.00
4101.00,3818.00,4272.00
4974.00,5361.00,5723.00
4973.00,4974.00,5723.00
5809.00,6064.00,2932.00
3190.00,5809.00,2932.00
1351.00,1445.00,1468.00
1175.00,1351.00,1468.00
3078.00,2711.00,2712.00
3343.00,3078.00,2712.00
5164.00,5052.00,5053.00
6037.00,5164.00,5053.00
917.00,6478.00,1131.00
927.00,917.00,1131.00
2588.00,2344.00,2339.00
3791.00,3818.00,3623.00
3621.00,3791.00,3623.00
4400.00,4640.00,4415.00
4399.00,4400.00,4415.00
892.00,902.00,751.00
889.00,892.00,751.00
1587.00,1584.00,1805.00
1810.00,1587.00,1805.00
2706.00,2704.00,2703.00
2717.00,2706.00,2703.00
2621.00,2646.00,2355.00
2353.00,2621.00,2355.00
1775.00,6498.00,1572.00
2362.00,2363.00,1829.00
1469.00,1446.00,1717.00
2085.00,1469.00,1717.00
2888.00,2941.00,2205.00
2204.00,2888.00,2205.00
3142.00,3465.00,3451.00
3140.00,3142.00,3451.00
848.00,523.00,716.00
843.00,848.00,716.00
911.00,6478.00,917.00
761.00,911.00,917.00
4584.00,4077.00,4578.00
4735.00,4584.00,4578.00
3375.00,3830.00,3831.00
516.00,513.00,514.00
716.00,516.00,514.00
4003.00,4060.00,4077.00
2510.00,5973.00,6285.00
6146.00,2510.00,6285.00
1337.00,1412.00,1351.00
1155.00,1337.00,1351.00
2281.00,6379.00,3210.00
3208.00,2281.00,3210.00
4542.00,4552.00,4553.00
4543.00,4542.00,4553.00
1659.00,1305.00,1306.00
1914.00,1659.00,1306.00
3842.00,4118.00,3814.00
3786.00,3842.00,3814.00
3463.00,4397.00,4409.00
4165.00,3463.00,4409.00
1829.00,1835.00,1603.00
6431.00,1829.00,1603.00
3983.00,3982.00,3981.00
3736.00,3983.00,3981.00
3742.00,6341.00,3744.00
3998.00,3742.00,3744.00
5539.00,6567.00,5655.00
5536.00,5539.00,5655.00
4744.00,6506.00,4591.00
4740.00,4744.00,4591.00
4525.00,4524.00,4230.00
4543.00,4525.00,4230.00
2268.00,2990.00,2534.00
2266.00,2268.00,2534.00
5097.00,4421.00,6522.00
4230.00,4524.00,4231.00
4023.00,4230.00,4231.00
2314.00,2287.00,2276.00
2315.00,2314.00,2276.00
2614.00,2588.00,2612.00
3032.00,2614.00,2612.00
4854.00,4833.00,5075.00
5078.00,4854.00,5075.00
1872.00,2390.00,1870.00
1871.00,1872.00,1870.00
4944.00,4943.00,4946.00
4484.00,6253.00,4680.00
4678.00,4484.00,4680.00
3805.00,3834.00,3646.00
3848.00,3805.00,3646.00
4524.00,4509.00,4510.00
4526.00,4524.00,4510.00
6403.00,6343.00,5172.00
4802.00,6403.00,5172.00
6410.00,2572.00,6297.00
2622.00,6410.00,6297.00
4065.00,3776.00,3607.00
3763.00,4065.00,3607.00
3804.00,3805.00,3626.00
3360.00,3804.00,3626.00
6322.00,6568.00,6017.00
1413.00,6322.00,6017.00
6362.00,3880.00,3842.00
6080.00,6362.00,3842.00
2861.00,2115.00,6569.00
6221.00,4418.00,4415.00
4641.00,6221.00,4415.00
758.00,760.00,762.00
946.00,758.00,762.00
359.00,370.00,450.00
618.00,359.00,450.00
1364.00,1333.00,1347.00
6015.00,1364.00,1347.00
1480.00,5772.00,1498.00
1476.00,1480.00,1498.00
1820.00,2356.00,2354.00
1598.00,1820.00,2354.00
137.00,6497.00,5732.00
6142.00,137.00,5732.00
5006.00,4993.00,4700.00
4704.00,5006.00,4700.00
214.00,205.00,220.00
219.00,214.00,220.00
2775.00,2761.00,2766.00
5804.00,2775.00,2766.00
6196.00,1513.00,5772.00
1485.00,6196.00,5772.00
3509.00,3511.00,3539.00
3537.00,3509.00,3539.00
4341.00,4382.00,4358.00
5895.00,4341.00,4358.00
5396.00,5579.00,6570.00
3249.00,3047.00,2649.00
2648.00,3249.00,2649.00
83.00,82.00,130.00
5895.00,4343.00,4272.00
2967.00,2979.00,2264.00
2205.00,2967.00,2264.00
330.00,6479.00,347.00
346.00,330.00,347.00
876.00,1244.00,1251.00
877.00,876.00,1251.00
541.00,544.00,735.00
550.00,541.00,735.00
1923.00,1935.00,1942.00
1939.00,1923.00,1942.00
2699.00,3070.00,3302.00
2667.00,2699.00,3302.00
4082.00,6016.00,5836.00
4090.00,4082.00,5836.00
5039.00,5038.00,4568.00
5042.00,5039.00,4568.00
4973.00,4680.00,4985.00
4974.00,4973.00,4985.00
2862.00,3477.00,5701.00
6416.00,2862.00,5701.00
4336.00,6502.00,6463.00
4301.00,4336.00,6463.00
1865.00,1266.00,6417.00
5780.00,1865.00,6417.00
802.00,795.00,1056.00
809.00,802.00,1056.00
3133.00,2831.00,2822.00
3776.00,4081.00,4080.00
3604.00,3776.00,4080.00
347.00,6461.00,358.00
2782.00,3114.00,3112.00
2347.00,2621.00,1810.00
1567.00,1193.00,1183.00
191.00,202.00,115.00
111.00,191.00,115.00
6337.00,2296.00,2307.00
2550.00,6337.00,2307.00
1552.00,1553.00,6572.00
4710.00,4536.00,4535.00
4549.00,4710.00,4535.00
680.00,794.00,793.00
469.00,680.00,793.00
4210.00,3982.00,3984.00
4212.00,4210.00,3984.00
6027.00,1895.00,1894.00
6241.00,6027.00,1894.00
880.00,889.00,563.00
741.00,880.00,563.00
3547.00,3546.00,3540.00
368.00,323.00,357.00
492.00,489.00,490.00
6390.00,492.00,490.00
1528.00,1529.00,1545.00
1552.00,1528.00,1545.00
497.00,505.00,205.00
196.00,497.00,205.00
2232.00,2266.00,2532.00
2510.00,2232.00,2532.00
4095.00,4088.00,4089.00
4261.00,4095.00,4089.00
3567.00,3569.00,3590.00
3217.00,3567.00,3590.00
5172.00,6426.00,5174.00
5061.00,5172.00,5174.00
2442.00,3126.00,5768.00
1966.00,2442.00,5768.00
708.00,711.00,503.00
501.00,708.00,503.00
2872.00,3154.00,2865.00
2471.00,2872.00,2865.00
3640.00,3846.00,3857.00
6352.00,3640.00,3857.00
3935.00,3704.00,5702.00
4171.00,3935.00,5702.00
5688.00,6146.00,6453.00
1719.00,5688.00,6453.00
4690.00,6023.00,5131.00
5128.00,4690.00,5131.00
2489.00,2211.00,6433.00
2085.00,2489.00,6433.00
6492.00,5247.00,5303.00
5480.00,6492.00,5303.00
687.00,793.00,795.00
3944.00,4175.00,4419.00
4433.00,3944.00,4419.00
2969.00,3000.00,2979.00
2967.00,2969.00,2979.00
4977.00,4978.00,4963.00
4964.00,4977.00,4963.00
3546.00,3547.00,3739.00
3738.00,3546.00,3739.00
4704.00,4528.00,4705.00
5006.00,4704.00,4705.00
4239.00,3750.00,3572.00
6201.00,4239.00,3572.00
4268.00,4284.00,4270.00
2742.00,2743.00,2752.00
4174.00,4172.00,3936.00
3938.00,4174.00,3936.00
6342.00,4255.00,4568.00
2398.00,1872.00,1879.00
1638.00,2398.00,1879.00
1587.00,1810.00,2352.00
1593.00,1587.00,2352.00
4718.00,4244.00,5024.00
3750.00,4040.00,4024.00
4000.00,3750.00,4024.00
5042.00,4568.00,4255.00
4572.00,5042.00,4255.00
921.00,6517.00,589.00
6186.00,6520.00,6051.00
6051.00,6520.00,6385.00
5863.00,6523.00,6279.00
6279.00,6523.00,6225.00
5303.00,6525.00,6216.00
6216.00,6525.00,6485.00
5934.00,6526.00,1972.00
1972.00,6526.00,2053.00
6402.00,6529.00,4483.00
4483.00,6529.00,4507.00
6510.00,6530.00,5063.00
5643.00,6531.00,5634.00
5634.00,6531.00,6296.00
358.00,6532.00,6024.00
6086.00,6533.00,2232.00
6091.00,6534.00,5682.00
3259.00,6535.00,6329.00
6329.00,6535.00,6549.00
6348.00,6536.00,3964.00
3964.00,6536.00,6551.00
5203.00,6537.00,5303.00
5303.00,6537.00,6525.00
5927.00,6538.00,5145.00
5145.00,6538.00,5127.00
4929.00,6540.00,4957.00
4744.00,6541.00,6515.00
2819.00,6543.00,1981.00
1981.00,6543.00,5784.00
6513.00,6544.00,4840.00
4840.00,6544.00,4632.00
5655.00,6545.00,5643.00
6225.00,6546.00,6353.00
6353.00,6546.00,6562.00
6485.00,6547.00,5951.00
6017.00,6548.00,5950.00
5950.00,6548.00,1667.00
6420.00,6549.00,6226.00
6226.00,6549.00,6535.00
2822.00,6550.00,2819.00
6275.00,6551.00,5842.00
4631.00,6553.00,6209.00
1177.00,6555.00,784.00
5692.00,6556.00,2932.00
2932.00,6556.00,2961.00
5718.00,6557.00,6476.00
1865.00,6558.00,1266.00
1266.00,6558.00,1268.00
6176.00,6559.00,6472.00
4872.00,6560.00,6186.00
6485.00,6561.00,6547.00
6479.00,6563.00,135.00
6296.00,6564.00,6299.00
6299.00,6564.00,5551.00
4626.00,6565.00,4628.00
4628.00,6565.00,4821.00
5164.00,6566.00,5168.00
5168.00,6566.00,6527.00
5655.00,6567.00,5535.00
5535.00,6567.00,5965.00
1314.00,6568.00,6493.00
2041.00,6569.00,2073.00
5396.00,6570.00,5512.00
6461.00,6571.00,358.00
358.00,6571.00,6532.00
1552.00,6573.00,1539.00
3259.00,6574.00,6535.00
6517.00,921.00,1278.00
1276.00,6517.00,1278.00
2113.00,2073.00,6569.00
2115.00,2113.00,6569.00
5822.00,3938.00,2878.00
2885.00,5822.00,2878.00
6544.00,4822.00,4634.00
4632.00,6544.00,4634.00
5965.00,6567.00,5041.00
6520.00,6186.00,6513.00
4950.00,6520.00,6513.00
1121.00,905.00,6517.00
1276.00,1121.00,6517.00
6523.00,5863.00,6115.00
6523.00,6470.00,6546.00
6225.00,6523.00,6546.00
6279.00,6280.00,6524.00
5863.00,6279.00,6524.00
3340.00,2712.00,6558.00
1865.00,3340.00,6558.00
6550.00,2022.00,6543.00
2819.00,6550.00,6543.00
6464.00,6472.00,6559.00
6506.00,6464.00,6559.00
6526.00,5934.00,6360.00
6326.00,6526.00,6360.00
6520.00,4950.00,4660.00
6385.00,6520.00,4660.00
6529.00,6402.00,5505.00
5507.00,6529.00,5505.00
6448.00,6248.00,6530.00
6510.00,6448.00,6530.00
6531.00,5643.00,6545.00
6466.00,6531.00,6545.00
6531.00,6466.00,6564.00
6296.00,6531.00,6564.00
6533.00,6086.00,2216.00
2269.00,6533.00,2216.00
6419.00,6343.00,6527.00
5857.00,6419.00,6527.00
1563.00,6449.00,6555.00
5535.00,5639.00,6545.00
5655.00,5535.00,6545.00
6536.00,6348.00,3177.00
6368.00,6536.00,3177.00
6489.00,6537.00,5180.00
6190.00,5617.00,6570.00
5579.00,6190.00,6570.00
6473.00,6209.00,6553.00
6480.00,6473.00,6553.00
6525.00,6489.00,6562.00
6485.00,6525.00,6562.00
6420.00,6542.00,6549.00
6542.00,6420.00,3345.00
3349.00,6542.00,3345.00
6543.00,2022.00,6012.00
5784.00,6543.00,6012.00
6544.00,6513.00,6560.00
4822.00,6544.00,6560.00
4872.00,6515.00,6541.00
4785.00,4872.00,6541.00
2306.00,1546.00,6573.00
6415.00,2306.00,6573.00
330.00,326.00,6563.00
6479.00,330.00,6563.00
633.00,650.00,6519.00
585.00,633.00,6519.00
5743.00,585.00,6519.00
3426.00,2794.00,6521.00
6494.00,3426.00,6521.00
2808.00,2446.00,6521.00
2794.00,2808.00,6521.00
6548.00,6017.00,6568.00
1314.00,6548.00,6568.00
6342.00,5892.00,6528.00
3597.00,6342.00,6528.00
5734.00,6305.00,6571.00
6461.00,5734.00,6571.00
5407.00,6470.00,6523.00
6115.00,5407.00,6523.00
5402.00,5863.00,6524.00
4974.00,5402.00,6524.00
88.00,95.00,90.00
78.00,88.00,90.00
3356.00,3359.00,3349.00
3345.00,3356.00,3349.00
6538.00,6476.00,6557.00
5127.00,6538.00,6557.00
2646.00,3246.00,6574.00
3249.00,2646.00,6574.00
568.00,5743.00,6519.00
6298.00,568.00,6519.00
4591.00,4276.00,6518.00
4588.00,4591.00,6518.00
4804.00,5063.00,6530.00
4605.00,4804.00,6530.00
3948.00,3509.00,3707.00
3943.00,3948.00,3707.00
6015.00,1424.00,6428.00
5957.00,6015.00,6428.00
3640.00,3379.00,3375.00
3831.00,3640.00,3375.00
825.00,1587.00,1593.00
830.00,825.00,1593.00
2457.00,2026.00,6550.00
2822.00,2457.00,6550.00
818.00,6142.00,6539.00
199.00,509.00,6539.00
6142.00,199.00,6539.00
818.00,1214.00,816.00
6368.00,5842.00,6551.00
6536.00,6368.00,6551.00
6186.00,6051.00,6552.00
4872.00,6186.00,6552.00
4906.00,6438.00,6553.00
4631.00,4906.00,6553.00
4904.00,4903.00,6554.00
5344.00,4904.00,6554.00
6285.00,2961.00,6556.00
6404.00,5682.00,6534.00
6555.00,1177.00,2324.00
1762.00,6555.00,2324.00
368.00,6024.00,6532.00
5966.00,6493.00,6568.00
6322.00,5966.00,6568.00
6037.00,5284.00,6566.00
5164.00,6037.00,6566.00
5576.00,5551.00,6564.00
6466.00,5576.00,6564.00
6552.00,4957.00,6540.00
6516.00,6552.00,6540.00
5320.00,5857.00,6527.00
4785.00,4822.00,6560.00
4872.00,4785.00,6560.00
6548.00,1314.00,1659.00
1667.00,6548.00,1659.00
4626.00,4818.00,6565.00
905.00,746.00,6517.00
4903.00,5081.00,6554.00
6566.00,5284.00,5320.00
6527.00,6566.00,5320.00
4420.00,6221.00,6522.00
4421.00,4420.00,6522.00
2041.00,2862.00,6569.00
5868.00,5951.00,6547.00
6561.00,6485.00,6562.00
6546.00,6561.00,6562.00
6572.00,6415.00,6573.00
1552.00,6572.00,6573.00
2363.00,2651.00,2670.00
2365.00,2363.00,2670.00
5049.00,5041.00,6567.00
5539.00,5049.00,6567.00
2711.00,1268.00,6558.00
2712.00,2711.00,6558.00
3644.00,3383.00,3395.00
571.00,589.00,6517.00
746.00,571.00,6517.00
5424.00,5510.00,5584.00
5508.00,5424.00,5584.00
6298.00,379.00,368.00
357.00,6298.00,368.00
1795.00,2339.00,2344.00
1796.00,1795.00,2344.00
1566.00,1183.00,794.00
6449.00,1566.00,794.00
95.00,135.00,6563.00
272.00,95.00,6563.00
2399.00,1279.00,1268.00
2719.00,2399.00,1268.00
5927.00,4578.00,4060.00
2266.00,2232.00,6533.00
4575.00,4580.00,4262.00
4263.00,4575.00,4262.00
1266.00,1268.00,1267.00
1265.00,1266.00,1267.00
3579.00,3587.00,3604.00
3019.00,3579.00,3604.00
5425.00,5423.00,5142.00
5446.00,5425.00,5142.00
225.00,204.00,205.00
214.00,225.00,205.00
598.00,600.00,760.00
758.00,598.00,760.00
1835.00,1829.00,2365.00
1845.00,1835.00,2365.00
2648.00,2649.00,2651.00
2362.00,2648.00,2651.00
2415.00,2409.00,1895.00
2735.00,2415.00,1895.00
2743.00,2742.00,3830.00
3375.00,2743.00,3830.00
3945.00,3944.00,4433.00
4434.00,3945.00,4433.00
5128.00,5127.00,6557.00
4690.00,5128.00,6557.00
556.00,432.00,304.00
434.00,556.00,304.00
3482.00,3483.00,3690.00
3475.00,3482.00,3690.00
5517.00,5512.00,6570.00
5617.00,5517.00,6570.00
5617.00,5631.00,5525.00
5517.00,5617.00,5525.00
198.00,1.00,44.00
110.00,198.00,44.00
681.00,680.00,469.00
460.00,681.00,469.00
3620.00,3341.00,2712.00
3340.00,3620.00,2712.00
4105.00,4103.00,6518.00
4276.00,4105.00,6518.00
3958.00,5840.00,4483.00
3959.00,3958.00,4483.00
2000.00,1686.00,2470.00
2468.00,2000.00,2470.00
3848.00,3900.00,3902.00
3877.00,3848.00,3902.00
2239.00,2216.00,2217.00
2240.00,2239.00,2217.00
5857.00,5320.00,5356.00
5939.00,5857.00,5356.00
1782.00,1193.00,1567.00
1569.00,1782.00,1567.00
3911.00,2832.00,3677.00
3906.00,3911.00,3677.00
3475.00,3146.00,3154.00
3482.00,3475.00,3154.00
4175.00,3944.00,3941.00
3935.00,4175.00,3941.00
3898.00,3897.00,3906.00
3895.00,3898.00,3906.00
1237.00,1103.00,860.00
1100.00,1237.00,860.00
769.00,6083.00,6154.00
5666.00,769.00,6154.00
5894.00,5702.00,3485.00
5701.00,5894.00,3485.00
3690.00,3922.00,4160.00
3917.00,3690.00,4160.00
5576.00,5628.00,5631.00
6190.00,5576.00,5631.00
5042.00,5158.00,5154.00
5039.00,5042.00,5154.00
4099.00,4270.00,5895.00
4272.00,4099.00,5895.00
1774.00,1775.00,1572.00
1570.00,1774.00,1572.00
5998.00,6173.00,6159.00
6018.00,5998.00,6159.00
489.00,492.00,501.00
497.00,489.00,501.00
266.00,286.00,432.00
430.00,266.00,432.00
2879.00,2878.00,2476.00
2480.00,2879.00,2476.00
666.00,651.00,769.00
5666.00,666.00,769.00
492.00,825.00,830.00
708.00,492.00,830.00
4090.00,5836.00,4586.00
4263.00,4090.00,4586.00
6266.00,6.00,6435.00
166.00,6266.00,6435.00
5280.00,6281.00,6522.00
6221.00,5280.00,6522.00
2211.00,2489.00,2919.00
6197.00,2211.00,2919.00
2972.00,2973.00,3196.00
2961.00,2972.00,3196.00
3672.00,3646.00,3644.00
3395.00,3672.00,3644.00
540.00,262.00,248.00
266.00,540.00,248.00
785.00,806.00,1570.00
1572.00,785.00,1570.00
11.00,6133.00,6207.00
6266.00,11.00,6207.00
585.00,586.00,634.00
2416.00,2735.00,2736.00
4746.00,4744.00,6515.00
5885.00,4746.00,6515.00
1155.00,973.00,5966.00
1337.00,1155.00,5966.00
1462.00,6404.00,6534.00
5670.00,1462.00,6534.00
1485.00,1517.00,1528.00
6196.00,1485.00,1528.00
5224.00,5075.00,5073.00
5203.00,5224.00,5073.00
805.00,812.00,816.00
1201.00,805.00,816.00
3191.00,3196.00,3547.00
3540.00,3191.00,3547.00
1259.00,1262.00,1634.00
1627.00,1259.00,1634.00
323.00,368.00,6532.00
6347.00,323.00,6532.00
4739.00,4586.00,4266.00
4737.00,4739.00,4266.00
4105.00,6176.00,6397.00
6367.00,4105.00,6397.00
6197.00,2919.00,6151.00
6346.00,6197.00,6151.00
943.00,938.00,927.00
944.00,943.00,927.00
4671.00,4961.00,4946.00
4943.00,4671.00,4946.00
5724.00,6358.00,6295.00
6354.00,5724.00,6295.00
505.00,503.00,412.00
220.00,505.00,412.00
1780.00,1767.00,1762.00
1770.00,1780.00,1762.00
2622.00,2356.00,2358.00
6410.00,2622.00,2358.00
3461.00,3462.00,6484.00
3463.00,3461.00,6484.00
3360.00,3626.00,3609.00
3351.00,3360.00,3609.00
3989.00,3984.00,3982.00
3983.00,3989.00,3982.00
342.00,589.00,571.00
327.00,342.00,571.00
4015.00,5718.00,4222.00
5713.00,4015.00,4222.00
3786.00,3788.00,3336.00
3615.00,3786.00,3336.00
2817.00,2442.00,2450.00
2834.00,2817.00,2450.00
4740.00,4762.00,6541.00
4744.00,4740.00,6541.00
2030.00,2457.00,2822.00
2831.00,2030.00,2822.00
4543.00,4553.00,4235.00
4231.00,4543.00,4235.00
3993.00,4230.00,4023.00
4022.00,3993.00,4023.00
1833.00,2358.00,2356.00
1820.00,1833.00,2356.00
6478.00,1274.00,1279.00
1131.00,6478.00,1279.00
6340.00,3232.00,3032.00
2612.00,6340.00,3032.00
1305.00,1300.00,1909.00
1306.00,1305.00,1909.00
4034.00,4065.00,3763.00
3760.00,4034.00,3763.00
4421.00,4651.00,4656.00
4433.00,4421.00,4656.00
889.00,751.00,569.00
563.00,889.00,569.00
894.00,892.00,882.00
883.00,894.00,882.00
519.00,838.00,6539.00
509.00,519.00,6539.00
6416.00,2861.00,6569.00
2862.00,6416.00,6569.00
6215.00,6426.00,6419.00
6146.00,6285.00,6556.00
6453.00,6146.00,6556.00
6571.00,6305.00,6347.00
6532.00,6571.00,6347.00
6343.00,6419.00,6426.00
5172.00,6343.00,6426.00
6431.00,1597.00,2362.00
1829.00,6431.00,2362.00
6253.00,6418.00,3734.00
3981.00,6253.00,3734.00
598.00,758.00,921.00
589.00,598.00,921.00
2572.00,6410.00,6474.00
2566.00,2572.00,6474.00
946.00,947.00,1292.00
758.00,946.00,1292.00
691.00,687.00,795.00
802.00,691.00,795.00
4343.00,4344.00,4308.00
4272.00,4343.00,4308.00
3739.00,3547.00,2973.00
3742.00,3739.00,2973.00
2296.00,1547.00,2306.00
2307.00,2296.00,2306.00
2279.00,2276.00,2287.00
1545.00,2279.00,2287.00
3699.00,2878.00,3938.00
3936.00,3699.00,3938.00
3511.00,3987.00,3545.00
3539.00,3511.00,3545.00
869.00,735.00,544.00
731.00,869.00,544.00
689.00,136.00,138.00
137.00,689.00,138.00
511.00,514.00,513.00
412.00,511.00,513.00
1494.00,1468.00,1445.00
1469.00,1494.00,1445.00
2353.00,2352.00,1810.00
2621.00,2353.00,1810.00
2704.00,2699.00,2390.00
2703.00,2704.00,2390.00
4410.00,4415.00,4418.00
4168.00,4410.00,4418.00
5038.00,4728.00,4565.00
4568.00,5038.00,4565.00
3936.00,3933.00,3932.00
3699.00,3936.00,3932.00
5804.00,2434.00,1946.00
2775.00,5804.00,1946.00
1255.00,1114.00,1118.00
1259.00,1255.00,1118.00
5203.00,5303.00,5247.00
5224.00,5203.00,5247.00
2043.00,1717.00,1446.00
1687.00,2043.00,1446.00
6538.00,5927.00,4060.00
6476.00,6538.00,4060.00
6431.00,1603.00,845.00
844.00,6431.00,845.00
893.00,1265.00,1274.00
903.00,893.00,1274.00
1495.00,1509.00,5779.00
1494.00,1495.00,5779.00
2366.00,1833.00,1832.00
1607.00,2366.00,1832.00
4728.00,4560.00,4559.00
4565.00,4728.00,4559.00
4993.00,4991.00,4688.00
4700.00,4993.00,4688.00
3032.00,3235.00,3036.00
2614.00,3032.00,3036.00
445.00,359.00,600.00
598.00,445.00,600.00
4903.00,4854.00,5078.00
5081.00,4903.00,5078.00
1958.00,1942.00,2431.00
1946.00,1958.00,2431.00
3351.00,6455.00,6542.00
3349.00,3351.00,6542.00
4382.00,4381.00,4390.00
4634.00,4382.00,4390.00
1939.00,1347.00,1333.00
1335.00,1939.00,1333.00
4300.00,3842.00,3880.00
4117.00,4300.00,3880.00
3544.00,3560.00,3569.00
3567.00,3544.00,3569.00
2345.00,1799.00,1796.00
2344.00,2345.00,1796.00
3585.00,3569.00,3560.00
3561.00,3585.00,3560.00
239.00,214.00,219.00
230.00,239.00,219.00
3116.00,2782.00,1927.00
5768.00,3116.00,1927.00
3268.00,3259.00,6329.00
6193.00,3268.00,6329.00
5852.00,4943.00,4929.00
4957.00,5852.00,4929.00
5396.00,5512.00,5600.00
5501.00,5396.00,5600.00
4588.00,4308.00,4344.00
4589.00,4588.00,4344.00
5950.00,1364.00,5771.00
6017.00,5950.00,5771.00
2223.00,2152.00,2203.00
5795.00,2223.00,2203.00
4248.00,4244.00,4718.00
6375.00,4248.00,4718.00
176.00,191.00,111.00
33.00,176.00,111.00
3132.00,3451.00,3674.00
3445.00,3132.00,3674.00
838.00,1214.00,818.00
6539.00,838.00,818.00
4088.00,6016.00,5977.00
4080.00,4088.00,5977.00
370.00,359.00,346.00
347.00,370.00,346.00
5072.00,4814.00,4364.00
4811.00,5072.00,4364.00
3359.00,3356.00,3416.00
3382.00,3359.00,3416.00
4117.00,4140.00,4351.00
4336.00,4117.00,4351.00
6540.00,4929.00,5098.00
4851.00,6540.00,5098.00
4702.00,4697.00,4509.00
4525.00,4702.00,4509.00
832.00,1593.00,1815.00
1595.00,832.00,1815.00
3587.00,3590.00,3591.00
3607.00,3587.00,3591.00
5457.00,5127.00,5128.00
5445.00,5457.00,5128.00
6095.00,4232.00,4536.00
805.00,1201.00,1774.00
1570.00,805.00,1774.00
4077.00,4584.00,4259.00
4258.00,4077.00,4259.00
4489.00,4688.00,4991.00
5402.00,4489.00,4991.00
6352.00,6487.00,3379.00
3640.00,6352.00,3379.00
6502.00,4389.00,4381.00
6463.00,6502.00,4381.00
812.00,806.00,689.00
696.00,812.00,689.00
5643.00,5532.00,5536.00
5655.00,5643.00,5536.00
4399.00,4409.00,4397.00
4400.00,4399.00,4397.00
202.00,211.00,56.00
115.00,202.00,56.00
2808.00,2799.00,2810.00
2819.00,2808.00,2810.00
3020.00,2550.00,6528.00
5892.00,3020.00,6528.00
2.00,1.00,6497.00
6.00,2.00,6497.00
4261.00,4584.00,4266.00
4095.00,4261.00,4266.00
4112.00,3830.00,6397.00
6176.00,4112.00,6397.00
4552.00,4542.00,4228.00
2269.00,2268.00,2266.00
6533.00,2269.00,2266.00
761.00,634.00,586.00
911.00,761.00,586.00
6176.00,6472.00,4112.00
3917.00,3916.00,3475.00
2378.00,2370.00,1843.00
1853.00,2378.00,1843.00
5104.00,5102.00,4944.00
4946.00,5104.00,4944.00
5524.00,5628.00,5639.00
5522.00,5524.00,5639.00
1604.00,838.00,850.00
1606.00,1604.00,850.00
1853.00,1841.00,1616.00
1852.00,1853.00,1616.00
5183.00,5180.00,6537.00
5203.00,5183.00,6537.00
4022.00,4019.00,3563.00
3992.00,4022.00,3563.00
55.00,211.00,125.00
67.00,55.00,125.00
3354.00,3353.00,3343.00
3341.00,3354.00,3343.00
4437.00,4654.00,4652.00
4429.00,4437.00,4652.00
6023.00,5718.00,4015.00
4523.00,6023.00,4015.00
562.00,550.00,735.00
741.00,562.00,735.00
4222.00,4003.00,4062.00
5713.00,4222.00,4062.00
5515.00,5512.00,5445.00
5131.00,5515.00,5445.00
1924.00,1923.00,1932.00
5782.00,1924.00,1932.00
2762.00,1924.00,3386.00
3397.00,2762.00,3386.00
3130.00,3442.00,3126.00
2442.00,3130.00,3126.00
194.00,191.00,177.00
187.00,194.00,177.00
530.00,529.00,533.00
527.00,530.00,533.00
2039.00,2853.00,3147.00
2041.00,2039.00,3147.00
1480.00,1724.00,1486.00
5772.00,1480.00,1486.00
4977.00,5501.00,6406.00
4978.00,4977.00,6406.00
5034.00,5528.00,5526.00
5151.00,5034.00,5526.00
4180.00,3938.00,5822.00
4182.00,4180.00,5822.00
5434.00,5868.00,6547.00
5416.00,5434.00,6547.00
1320.00,6192.00,1966.00
5768.00,1320.00,1966.00
2652.00,2655.00,6180.00
2636.00,2652.00,6180.00
5468.00,5473.00,5534.00
5532.00,5468.00,5534.00
1475.00,1721.00,5942.00
1474.00,1475.00,5942.00
72.00,128.00,238.00
123.00,72.00,238.00
5889.00,2323.00,6110.00
6414.00,5889.00,6110.00
3013.00,3000.00,2969.00
3567.00,3013.00,2969.00
1221.00,839.00,831.00
1595.00,1221.00,831.00
4000.00,2987.00,3572.00
3750.00,4000.00,3572.00
3047.00,3249.00,6574.00
3259.00,3047.00,6574.00
1620.00,2384.00,2696.00
2378.00,1620.00,2696.00
835.00,829.00,831.00
836.00,835.00,831.00
5493.00,5278.00,5489.00
5551.00,5493.00,5489.00
1428.00,2471.00,2470.00
1429.00,1428.00,2470.00
6305.00,282.00,284.00
283.00,6305.00,284.00
1951.00,1962.00,1967.00
5783.00,1951.00,1967.00
3344.00,2725.00,2747.00
3084.00,3344.00,2747.00
5657.00,639.00,450.00
370.00,5657.00,450.00
1135.00,1281.00,1283.00
1288.00,1135.00,1283.00
1739.00,1738.00,1496.00
1510.00,1739.00,1496.00
1513.00,1512.00,1510.00
1498.00,1513.00,1510.00
5759.00,1010.00,774.00
5662.00,5759.00,774.00
2522.00,2194.00,2195.00
2240.00,2522.00,2195.00
1859.00,2692.00,3067.00
1860.00,1859.00,3067.00
3617.00,3788.00,3816.00
3791.00,3617.00,3816.00
4714.00,4544.00,4545.00
4715.00,4714.00,4545.00
1504.00,6311.00,1714.00
1488.00,1504.00,1714.00
5780.00,3067.00,3069.00
1865.00,5780.00,3069.00
3010.00,2997.00,2991.00
2999.00,3010.00,2991.00
3011.00,3019.00,3018.00
3010.00,3011.00,3018.00
3059.00,3283.00,3608.00
3332.00,3059.00,3608.00
3455.00,2832.00,2833.00
2831.00,3455.00,2833.00
6299.00,5489.00,6480.00
5487.00,6299.00,6480.00
1839.00,1841.00,1843.00
2655.00,1839.00,1843.00
1584.00,6390.00,6504.00
6413.00,1584.00,6504.00
128.00,130.00,304.00
286.00,128.00,304.00
1660.00,1658.00,947.00
959.00,1660.00,947.00
4270.00,4284.00,6463.00
4341.00,4270.00,6463.00
2742.00,2752.00,2416.00
2736.00,2742.00,2416.00
78.00,90.00,130.00
82.00,78.00,130.00
1658.00,1926.00,1904.00
1648.00,1658.00,1904.00
5148.00,6370.00,4560.00
4724.00,5148.00,4560.00
83.00,72.00,73.00
82.00,83.00,73.00
1906.00,2782.00,3112.00
2747.00,1906.00,3112.00
6455.00,6329.00,6549.00
6542.00,6455.00,6549.00
5507.00,5515.00,5131.00
272.00,6563.00,326.00
309.00,272.00,326.00
4035.00,4056.00,4552.00
4228.00,4035.00,4552.00
6415.00,6572.00,1759.00
5889.00,6415.00,1759.00
4821.00,6565.00,5721.00
4906.00,4821.00,5721.00
784.00,6555.00,6449.00
680.00,784.00,6449.00
5344.00,6554.00,5482.00
5543.00,5344.00,5482.00
4276.00,6559.00,6176.00
4105.00,4276.00,6176.00
6492.00,6554.00,5081.00
5247.00,6492.00,5081.00
816.00,1214.00,1209.00
1201.00,816.00,1209.00
4507.00,6529.00,5507.00
5131.00,4507.00,5507.00
4872.00,6552.00,6516.00
6515.00,4872.00,6516.00
6565.00,4818.00,4879.00
5721.00,6565.00,4879.00
1183.00,1193.00,1059.00
1056.00,1183.00,1059.00
5024.00,4244.00,6370.00
5025.00,5024.00,6370.00
786.00,785.00,1177.00
784.00,786.00,1177.00
1577.00,1579.00,6413.00
1199.00,1577.00,6413.00
4258.00,4079.00,4003.00
4077.00,4258.00,4003.00
4113.00,4112.00,6472.00
4283.00,4113.00,6472.00
4183.00,4440.00,4658.00
4437.00,4183.00,4658.00
1300.00,1900.00,2409.00
1909.00,1300.00,2409.00
3445.00,3444.00,3442.00
3130.00,3445.00,3442.00
2480.00,2476.00,2080.00
2119.00,2480.00,2080.00
3382.00,3417.00,3444.00
3395.00,3382.00,3444.00
4236.00,4535.00,4536.00
4232.00,4236.00,4536.00
690.00,689.00,806.00
798.00,690.00,806.00
1569.00,1780.00,5802.00
2336.00,1569.00,5802.00
3462.00,3459.00,2832.00
3911.00,3462.00,2832.00
252.00,248.00,232.00
235.00,252.00,232.00
3482.00,2872.00,2476.00
3483.00,3482.00,2476.00
3534.00,3734.00,6418.00
5824.00,3534.00,6418.00
3146.00,3475.00,3916.00
3470.00,3146.00,3916.00
4095.00,5836.00,6016.00
4088.00,4095.00,6016.00
639.00,638.00,636.00
450.00,639.00,636.00
3677.00,3455.00,3441.00
3673.00,3677.00,3441.00
2872.00,2471.00,6508.00
2080.00,2872.00,6508.00
1530.00,1540.00,1512.00
1513.00,1530.00,1512.00
4056.00,4036.00,4038.00
4057.00,4056.00,4038.00
3917.00,5896.00,4350.00
3908.00,3917.00,4350.00
2698.00,2696.00,1870.00
2390.00,2698.00,1870.00
