71.74,104.45,26.79
71.54,104.60,25.34
71.34,104.89,24.33
70.86,105.09,23.03
70.62,100.93,29.78
70.66,105.27,22.70
61.48,94.39,32.17
70.01,98.74,21.11
70.11,98.24,21.76
69.86,97.71,22.28
69.49,99.49,30.71
69.62,97.35,22.61
69.54,99.36,20.27
69.48,96.95,22.81
69.08,95.79,22.81
70.15,100.22,30.27
69.15,99.65,19.79
71.53,103.30,27.72
68.61,98.39,30.72
68.07,94.64,22.30
68.61,106.49,21.34
68.23,100.19,18.86
67.59,93.99,21.13
67.73,94.31,21.71
67.10,93.88,20.24
66.70,93.91,18.72
66.41,93.28,17.27
66.59,101.18,18.15
66.40,93.74,18.18
66.17,92.37,13.37
66.14,92.38,13.94
65.78,95.49,30.97
65.71,92.82,10.20
65.35,105.65,19.22
65.03,94.93,31.30
68.64,99.87,19.27
61.71,94.27,32.26
61.81,94.22,32.29
61.60,94.33,32.22
62.10,94.10,32.35
62.19,94.06,32.36
62.01,94.13,32.34
62.27,94.04,32.36
62.35,94.01,32.36
62.43,93.99,32.36
61.91,94.18,32.32
62.69,93.93,32.32
62.75,93.92,32.30
63.08,93.99,32.07
62.57,93.95,32.35
62.50,93.97,32.35
62.89,93.93,32.23
62.84,93.92,32.25
63.15,94.04,32.02
62.93,93.93,32.20
63.00,93.95,32.15
62.63,93.94,32.33
63.17,94.05,31.99
63.63,94.30,31.69
63.12,94.02,32.03
63.54,94.25,31.74
62.80,93.92,32.27
63.21,94.07,31.96
63.10,94.01,32.05
63.06,93.98,32.10
63.37,94.17,31.83
63.24,94.09,31.93
62.97,93.94,32.17
63.30,94.13,31.88
63.44,94.21,31.78
63.03,93.96,32.12
63.73,94.34,31.65
63.84,94.39,31.62
63.97,94.45,31.59
64.12,94.51,31.58
64.29,94.58,31.54
64.64,94.73,31.46
64.46,94.65,31.50
64.77,94.79,31.41
64.64,91.63,8.48
64.56,91.52,8.30
64.71,91.75,8.66
64.78,91.87,8.81
64.86,91.98,8.95
65.16,105.14,18.86
65.13,105.00,18.78
65.10,103.85,18.38
65.18,103.33,18.21
65.11,104.85,18.72
65.20,103.22,18.18
65.11,103.65,18.30
64.87,94.84,31.37
65.12,94.98,31.26
65.21,95.03,31.22
65.10,103.75,18.34
65.10,104.37,18.54
65.15,103.44,18.24
65.10,103.95,18.41
65.11,104.15,18.48
65.11,104.25,18.51
65.09,104.53,18.59
65.10,104.69,18.65
64.94,92.09,9.08
64.95,94.89,31.34
65.10,104.05,18.45
65.07,94.96,31.28
65.34,95.12,31.14
65.43,95.20,31.10
65.26,95.07,31.19
65.03,92.20,9.20
65.16,95.01,31.24
65.13,103.55,18.27
65.29,102.76,18.11
65.23,103.11,18.16
65.33,102.45,18.02
65.26,102.99,18.14
65.28,102.87,18.13
65.30,102.65,18.08
65.58,101.89,17.94
65.35,102.36,18.00
65.32,102.54,18.05
65.41,102.21,17.97
65.47,102.07,17.95
65.38,102.28,17.98
65.12,92.31,9.31
65.45,105.77,19.37
65.19,105.27,18.93
65.57,105.88,19.53
65.23,105.38,19.00
65.40,105.71,19.29
65.51,105.83,19.44
65.31,105.57,19.14
65.27,105.48,19.07
65.80,106.03,19.79
65.72,105.98,19.70
65.64,105.94,19.61
65.90,106.08,19.89
65.44,102.14,17.95
65.36,92.55,9.56
65.47,92.65,9.69
65.20,92.40,9.41
65.29,92.48,9.50
65.50,92.67,9.73
65.44,92.62,9.65
65.73,101.73,17.96
65.51,102.01,17.94
65.68,101.78,17.95
65.54,101.95,17.94
65.63,101.83,17.94
65.52,92.69,9.77
65.57,92.73,9.86
65.54,92.71,9.81
65.77,92.84,10.32
65.59,92.75,9.91
65.41,92.59,9.61
65.81,92.85,10.40
65.62,92.77,9.99
65.67,92.79,10.09
65.92,92.93,10.68
65.84,92.86,10.47
65.86,95.55,30.95
65.90,92.91,10.63
65.78,101.69,17.97
65.53,95.27,31.06
65.92,95.61,30.95
66.04,93.04,11.03
65.99,93.01,10.89
66.01,93.02,10.96
65.87,92.88,10.53
65.89,92.90,10.58
66.19,92.39,13.22
66.14,92.45,14.21
65.70,95.42,31.00
65.62,95.35,31.02
66.04,95.72,30.95
65.97,95.65,30.94
65.85,101.64,17.99
66.21,95.88,30.95
66.08,93.05,11.10
66.11,93.05,11.16
65.95,92.97,10.77
65.96,92.99,10.83
66.14,93.06,11.23
65.93,92.95,10.72
66.21,92.53,14.62
66.22,92.43,13.07
66.17,93.06,11.29
66.21,93.06,11.36
66.24,93.05,11.41
66.02,106.14,20.00
66.14,92.40,14.04
66.15,92.47,14.29
66.39,101.33,18.11
66.09,101.51,18.05
66.49,101.26,18.13
65.99,101.56,18.03
65.92,101.60,18.00
66.13,92.42,14.13
66.10,95.77,30.95
66.30,95.99,30.95
66.15,95.83,30.95
66.33,96.03,30.95
66.37,96.07,30.94
66.36,93.37,17.42
66.25,92.54,14.78
66.16,92.49,14.38
66.18,92.50,14.46
66.28,92.58,14.96
66.14,92.35,13.73
66.14,92.37,13.84
66.15,92.35,13.62
66.16,92.35,13.50
66.39,93.33,17.34
66.19,92.52,14.54
66.27,92.55,14.84
66.24,92.53,14.71
66.33,93.44,17.51
66.33,92.68,15.23
66.39,92.94,11.70
66.41,92.91,11.76
66.40,92.65,12.46
66.26,92.49,12.91
66.31,93.53,17.67
66.32,93.64,17.89
66.30,93.57,17.75
66.38,93.72,18.13
66.32,93.49,17.59
66.19,101.46,18.07
66.36,93.70,18.07
66.30,92.62,15.09
66.28,92.56,14.90
66.35,92.71,15.30
66.31,92.65,15.16
66.39,92.75,15.45
66.43,92.80,15.67
66.41,92.77,15.55
66.32,93.01,11.56
66.45,92.81,12.00
66.34,93.69,18.02
66.45,93.77,18.28
66.42,93.75,18.23
66.29,92.60,15.02
66.57,96.26,30.94
66.26,95.94,30.95
66.48,93.78,18.33
66.31,93.61,17.82
66.45,92.82,15.79
66.37,92.73,15.38
66.51,93.80,18.38
66.55,93.82,18.44
66.44,93.10,16.79
66.44,93.02,16.56
66.61,93.86,18.53
66.30,93.03,11.51
66.20,106.20,20.14
66.69,101.10,18.17
66.27,93.04,11.47
66.43,92.88,11.83
66.37,92.97,11.65
66.44,92.84,11.91
66.33,93.66,17.95
66.31,92.55,12.74
66.44,93.05,16.65
66.43,93.22,17.14
66.45,92.98,16.46
66.40,96.11,30.94
66.45,92.73,12.21
66.35,92.99,11.60
66.45,92.77,12.10
66.81,96.49,30.94
66.71,96.39,30.94
66.44,96.14,30.93
66.96,96.64,30.93
66.45,93.17,17.02
66.42,93.25,17.20
66.44,93.08,16.72
66.45,93.12,16.86
66.36,92.61,12.59
66.44,93.19,17.08
66.45,93.15,16.97
66.43,92.70,12.33
66.48,92.91,16.20
66.48,92.87,16.06
66.47,92.85,15.92
66.47,92.94,16.33
66.45,93.14,16.91
66.29,101.39,18.09
66.42,106.27,20.28
66.79,101.01,18.20
67.01,100.84,18.28
67.11,96.79,30.90
66.90,100.92,18.24
66.87,93.90,19.26
66.87,93.88,19.33
66.80,93.93,18.97
66.74,93.92,18.80
66.88,93.86,19.39
66.85,93.91,19.20
66.77,93.93,18.89
66.95,93.81,19.85
66.97,93.82,19.93
66.89,93.83,19.50
66.92,93.80,19.72
67.00,93.84,20.03
66.93,93.80,19.79
66.90,93.82,19.56
66.91,93.80,19.67
66.90,93.81,19.61
66.84,93.92,19.12
66.82,93.93,19.05
66.66,93.89,18.62
66.89,93.85,19.45
66.65,106.33,20.42
67.26,96.94,30.86
67.18,93.89,20.40
67.34,93.87,20.70
67.37,93.87,20.75
67.41,93.88,20.81
67.05,93.86,20.14
67.44,93.89,20.87
67.31,93.87,20.65
67.25,93.88,20.54
67.28,93.88,20.60
67.21,93.89,20.47
67.14,93.89,20.32
66.87,106.39,20.54
67.55,97.24,30.77
67.41,97.09,30.82
67.52,93.93,20.99
67.48,93.91,20.93
67.09,106.43,20.64
67.22,100.69,18.37
67.11,100.76,18.32
67.87,100.38,18.59
67.32,100.63,18.40
67.42,100.58,18.44
67.53,100.52,18.46
67.72,94.25,21.58
67.74,94.34,21.77
67.72,94.28,21.64
67.89,94.49,22.10
67.71,94.21,21.50
67.86,94.46,22.05
67.83,94.43,22.00
67.93,94.52,22.16
67.76,94.36,21.83
67.78,94.38,21.89
67.98,100.33,18.66
67.61,100.48,18.49
67.55,93.96,21.06
67.81,100.40,18.56
67.68,100.45,18.51
67.80,94.40,21.94
67.97,94.56,22.21
67.70,94.17,21.43
67.63,94.03,21.20
67.68,94.12,21.35
67.66,94.08,21.28
67.29,106.47,20.73
67.47,106.50,20.81
67.83,106.54,20.96
68.10,100.27,18.75
67.75,100.43,18.53
68.16,100.23,18.80
68.04,100.30,18.70
67.68,97.38,30.72
67.97,97.67,30.65
67.92,100.36,18.62
68.27,94.83,22.47
68.16,97.85,30.65
68.04,97.73,30.65
67.79,97.49,30.69
67.89,97.59,30.67
68.10,97.79,30.64
68.02,94.60,22.26
68.38,94.94,22.53
68.22,94.78,22.44
68.32,94.89,22.50
68.43,94.99,22.55
68.12,94.69,22.35
67.66,106.52,20.89
67.99,106.54,21.02
68.56,95.14,22.61
68.49,95.06,22.57
68.17,94.73,22.40
68.25,106.53,21.13
68.52,98.25,30.68
68.23,97.91,30.65
68.34,98.03,30.66
68.28,97.97,30.65
68.48,98.20,30.68
68.37,100.07,18.99
68.45,100.00,19.08
68.54,99.94,19.17
68.29,100.13,18.92
68.58,98.34,30.70
68.39,98.09,30.67
68.44,98.15,30.67
69.10,99.03,30.81
68.89,98.79,30.82
68.81,98.68,30.80
68.65,98.45,30.74
68.73,98.56,30.77
68.55,98.29,30.69
69.04,106.36,21.66
68.92,106.42,21.57
68.13,106.54,21.08
68.38,106.52,21.20
68.99,98.91,30.82
69.20,99.15,30.80
69.21,106.29,21.78
68.80,106.45,21.48
68.71,106.47,21.41
68.84,106.44,21.51
69.00,99.69,19.63
68.73,99.81,19.37
69.35,106.24,21.86
68.88,106.43,21.54
68.96,106.40,21.60
68.50,106.51,21.27
69.00,106.38,21.63
69.09,106.34,21.70
69.30,99.26,30.77
68.96,95.62,22.79
68.82,99.76,19.46
68.87,99.74,19.50
68.83,95.46,22.75
69.05,95.74,22.81
68.75,95.36,22.71
68.65,95.24,22.65
68.90,99.72,19.54
69.11,95.84,22.81
69.18,95.96,22.82
69.22,96.04,22.82
68.90,95.55,22.77
69.00,95.68,22.80
69.15,95.90,22.82
68.94,99.71,19.57
68.97,99.70,19.60
69.09,99.67,19.72
69.29,99.57,19.95
69.22,99.61,19.87
69.40,99.38,30.75
69.42,99.47,20.12
69.36,99.52,20.03
69.04,99.69,19.67
69.29,96.19,22.84
69.26,96.11,22.83
69.32,96.28,22.85
69.39,96.54,22.87
69.35,96.36,22.86
69.49,106.17,21.94
69.56,97.19,22.71
69.41,96.62,22.87
69.51,97.03,22.78
69.44,96.79,22.85
69.59,97.27,22.66
69.42,96.71,22.86
69.53,97.11,22.75
69.46,96.87,22.83
69.37,96.45,22.87
69.63,106.10,22.02
69.79,106.01,22.11
69.84,98.96,20.75
69.63,99.25,20.41
69.66,99.20,20.47
69.59,99.31,20.35
69.76,97.58,22.41
69.71,97.50,22.48
69.66,97.43,22.55
69.81,97.65,22.35
69.77,99.80,30.55
69.89,99.91,30.48
69.68,99.69,30.61
69.59,99.59,30.67
69.79,99.02,20.67
69.75,99.08,20.60
69.48,99.41,20.19
69.70,99.15,20.53
69.94,105.92,22.19
70.08,105.82,22.26
70.07,98.10,21.91
70.04,97.99,22.00
69.91,98.87,20.88
70.08,98.62,21.31
70.10,98.57,21.38
70.06,98.66,21.24
69.93,98.83,20.94
69.95,98.80,20.99
69.98,98.78,21.05
70.02,97.95,22.05
69.96,97.84,22.15
70.05,98.04,21.96
70.09,98.16,21.85
69.92,97.78,22.21
69.99,97.89,22.10
70.03,98.70,21.18
69.88,98.91,20.82
70.22,105.71,22.33
70.10,100.13,30.32
69.96,99.98,30.43
70.12,100.17,30.29
70.06,100.08,30.35
70.18,100.26,30.24
70.28,100.44,30.13
70.23,100.35,30.18
70.37,100.58,30.02
70.46,100.71,29.92
70.01,100.03,30.39
70.13,98.45,21.52
70.12,98.51,21.45
70.13,98.39,21.60
70.13,98.31,21.68
70.44,105.50,22.47
70.52,105.41,22.55
70.34,105.60,22.40
70.60,105.34,22.62
70.78,101.20,29.62
70.88,101.48,29.45
70.55,100.84,29.83
70.88,105.08,23.08
70.68,101.02,29.73
70.99,105.06,23.45
70.90,101.57,29.41
70.73,101.11,29.67
70.72,105.22,22.77
70.90,105.07,23.14
70.80,105.14,22.90
70.97,105.05,23.38
70.83,105.12,22.97
70.92,105.06,23.20
71.08,105.06,23.72
71.02,105.07,23.54
70.96,105.05,23.32
70.94,105.05,23.26
71.05,105.06,23.63
71.12,105.04,23.82
70.76,105.18,22.84
71.00,101.96,29.16
71.08,102.17,28.93
70.95,101.81,29.28
70.93,101.70,29.34
70.82,101.30,29.56
70.94,101.76,29.31
70.98,101.91,29.21
70.97,101.86,29.25
70.85,101.39,29.50
70.92,101.64,29.37
71.13,102.30,28.76
71.04,102.08,29.03
71.01,102.01,29.10
71.20,102.48,28.54
71.30,102.70,28.31
71.40,102.91,28.08
71.20,105.00,24.01
71.24,104.97,24.11
71.16,105.02,23.91
71.29,104.94,24.22
71.55,104.53,25.66
71.71,103.81,27.40
71.55,104.51,25.73
71.68,103.74,27.44
71.65,103.66,27.48
71.56,103.45,27.61
71.56,104.49,25.90
71.57,104.50,26.02
71.38,104.84,24.46
71.69,104.51,26.59
71.51,104.66,25.04
71.53,104.63,25.19
71.46,103.09,27.92
71.54,103.34,27.69
71.65,104.53,26.45
71.57,104.51,26.09
71.61,104.53,26.30
71.67,104.53,26.52
71.70,104.50,26.66
71.60,104.53,26.23
71.42,104.79,24.60
71.45,104.74,24.74
71.48,104.70,24.89
71.50,103.18,27.83
71.52,103.24,27.77
71.72,104.48,26.73
71.56,104.50,25.78
71.58,104.52,26.16
71.56,104.50,25.84
71.55,104.57,25.47
71.56,104.49,25.96
71.55,104.55,25.57
71.59,103.51,27.57
71.63,104.54,26.38
71.62,103.58,27.53
71.55,103.39,27.65
71.78,104.31,27.01
71.78,104.07,27.24
71.78,104.13,27.20
71.77,104.01,27.29
71.75,103.95,27.32
71.78,104.27,27.06
71.77,104.35,26.96
71.75,104.42,26.85
71.79,104.18,27.16
71.76,104.39,26.90
71.79,104.23,27.11
71.73,103.88,27.36
