68.40,104.49,27.02
67.64,105.86,25.79
67.53,100.49,28.95
67.48,106.01,25.67
66.35,106.72,24.93
66.35,93.90,15.89
58.53,94.66,33.24
68.10,101.78,28.46
66.28,93.20,13.53
66.32,99.13,29.35
65.44,92.87,11.56
65.23,95.98,21.12
64.96,96.79,22.04
66.37,93.36,14.26
68.02,105.43,26.16
66.15,106.79,24.82
65.07,92.69,11.09
66.28,94.09,16.40
64.55,97.69,22.62
59.21,95.10,31.78
60.98,95.96,30.45
61.40,91.07,9.69
63.19,91.84,10.04
63.19,104.98,22.92
63.93,106.35,23.49
58.81,94.87,32.38
63.12,102.73,22.86
63.36,101.34,22.94
63.98,99.10,23.01
63.73,99.97,23.00
64.65,106.82,23.96
64.29,97.56,29.66
64.24,92.22,10.38
64.68,92.47,10.70
58.50,94.63,33.48
58.58,94.70,33.02
58.48,94.60,33.72
58.48,94.58,33.97
58.57,94.55,35.02
58.71,94.58,35.56
58.52,94.54,34.75
58.49,94.55,34.48
58.48,94.56,34.22
58.72,94.81,32.59
58.64,94.75,32.80
58.63,94.56,35.30
58.80,94.60,35.81
58.91,94.63,36.05
59.03,94.66,36.28
59.39,95.19,31.57
58.93,94.94,32.18
59.06,95.02,31.98
59.60,95.30,31.37
59.53,90.62,9.38
59.83,95.41,31.17
59.83,90.65,9.42
60.08,95.53,30.98
60.36,95.67,30.79
60.14,90.69,9.47
60.77,90.85,9.58
60.46,90.76,9.53
60.66,95.81,30.61
61.31,96.11,30.32
61.99,96.43,30.12
61.65,96.27,30.20
61.09,90.95,9.64
61.70,91.20,9.74
62.03,91.39,9.81
62.34,96.59,30.06
62.34,91.54,9.89
62.69,96.76,30.02
62.63,91.66,9.95
63.25,105.19,22.98
62.98,96.89,30.00
63.32,105.39,23.04
63.06,104.03,22.79
63.08,104.28,22.81
63.11,104.52,22.84
63.49,105.75,23.17
63.59,105.92,23.25
63.70,106.07,23.33
63.40,105.58,23.10
63.14,104.76,22.88
63.24,97.02,29.96
63.21,102.19,22.89
63.07,103.26,22.80
63.06,103.52,22.78
63.06,103.78,22.78
64.05,106.47,23.58
63.81,106.22,23.41
63.27,101.92,22.89
63.16,102.47,22.89
63.09,102.99,22.83
63.47,97.14,29.91
62.91,91.76,10.00
63.45,91.91,10.09
63.42,101.07,22.94
63.31,101.62,22.91
63.56,100.60,22.95
63.49,100.83,22.94
63.62,100.39,22.96
64.19,106.58,23.67
63.69,97.25,29.85
63.68,91.98,10.14
64.07,98.86,22.97
63.91,99.32,23.03
63.68,100.17,22.98
63.78,99.76,23.03
64.34,106.68,23.76
63.84,99.55,23.03
63.89,92.06,10.21
64.10,97.46,29.72
63.91,97.36,29.79
64.16,98.63,22.92
64.45,97.92,22.72
64.82,106.87,24.06
64.49,106.76,23.86
64.35,98.16,22.80
64.40,92.31,10.47
64.07,92.14,10.29
64.66,97.46,22.51
64.25,98.40,22.87
65.00,106.90,24.17
64.50,97.69,29.59
64.54,92.39,10.58
64.81,92.55,10.82
64.73,97.83,29.53
65.19,92.75,11.24
64.94,92.62,10.95
64.86,97.01,22.22
64.76,97.23,22.37
65.18,106.92,24.27
65.32,92.81,11.39
64.98,98.00,29.49
65.33,95.21,19.39
65.28,95.50,20.21
65.28,95.40,19.92
65.28,95.65,20.53
65.18,96.17,21.38
65.26,95.81,20.83
65.12,96.37,21.63
65.04,96.58,21.85
65.30,95.30,19.65
65.49,94.94,18.62
65.37,95.11,19.12
65.57,94.84,18.38
65.37,106.93,24.38
65.55,92.92,11.73
65.23,98.17,29.44
65.67,92.96,11.91
65.42,95.03,18.87
65.49,98.37,29.40
65.56,106.92,24.49
65.68,94.74,18.14
65.78,93.00,12.10
65.79,94.66,17.90
65.90,94.58,17.65
65.88,93.04,12.31
65.76,98.59,29.38
65.76,106.89,24.60
65.99,94.50,17.40
66.15,93.13,13.01
65.98,93.07,12.52
66.37,93.43,14.48
66.36,93.51,14.70
66.36,93.59,14.91
66.32,93.99,16.15
66.23,94.21,16.65
66.16,94.32,16.90
66.08,94.41,17.15
66.04,98.85,29.38
66.57,99.39,29.30
66.22,93.16,13.27
66.07,93.10,12.76
66.32,93.25,13.79
65.95,106.85,24.71
66.36,93.66,15.15
66.35,93.82,15.64
66.55,106.64,25.05
66.35,93.30,14.04
66.36,93.74,15.38
66.75,106.54,25.17
66.80,99.62,29.25
67.01,99.84,29.18
66.94,106.43,25.29
67.13,106.30,25.41
67.36,100.27,29.03
67.19,100.05,29.11
67.31,106.16,25.54
67.79,105.70,25.91
67.91,105.56,26.04
67.68,100.71,28.87
67.81,100.94,28.78
67.92,101.20,28.68
68.02,101.47,28.58
68.18,102.14,28.34
68.24,102.44,28.22
68.12,105.29,26.30
68.20,105.15,26.43
68.37,103.32,27.79
68.29,102.75,28.08
68.40,103.82,27.48
68.41,104.28,27.17
68.34,103.04,27.94
68.39,103.58,27.63
68.41,104.06,27.33
68.27,105.00,26.57
68.33,104.84,26.72
68.37,104.67,26.87
