90.42,101.56,52.24
86.92,105.70,41.02
84.09,99.31,38.26
86.43,108.96,45.05
85.88,108.99,45.92
85.47,108.81,46.46
84.96,101.59,39.79
85.22,100.09,51.18
84.80,108.23,47.13
84.49,107.95,47.32
83.77,98.19,37.15
86.02,103.67,40.27
83.53,97.34,36.04
83.28,95.45,33.22
82.88,100.53,49.21
83.31,95.04,31.10
83.06,106.72,47.61
82.49,100.83,48.77
82.62,106.29,47.58
81.70,103.37,47.59
82.14,105.55,47.51
82.19,101.23,48.40
81.94,101.71,48.08
81.77,104.24,47.51
81.71,103.09,47.64
81.88,101.90,47.99
81.82,102.11,47.90
81.78,102.33,47.83
81.74,102.57,47.76
81.72,102.82,47.69
81.71,103.66,47.56
81.74,103.95,47.53
81.82,104.53,47.50
81.88,104.81,47.49
81.96,105.07,47.49
82.01,101.54,48.18
82.10,101.38,48.28
82.04,105.32,47.50
82.24,105.76,47.53
82.29,101.09,48.52
82.39,100.96,48.64
82.36,105.95,47.54
82.61,100.72,48.91
82.74,100.62,49.05
82.76,106.44,47.60
82.48,106.13,47.56
83.22,95.15,31.64
83.20,95.19,31.90
83.03,100.45,49.37
83.25,95.10,31.37
83.52,94.80,30.29
83.20,100.37,49.55
82.91,106.58,47.61
83.64,107.22,47.57
83.19,95.21,32.17
83.20,95.23,32.40
83.38,100.31,49.73
83.30,95.54,33.42
83.33,95.66,33.62
83.36,94.97,30.83
83.43,94.89,30.56
83.63,94.69,30.03
83.22,95.27,32.61
83.59,100.24,49.93
83.76,94.57,29.77
83.43,107.04,47.58
83.82,107.37,47.55
83.24,95.31,32.82
83.35,95.77,33.82
83.38,95.91,34.02
83.40,96.07,34.24
83.42,96.28,34.50
83.43,96.48,34.79
83.45,96.72,35.13
83.46,96.94,35.48
83.66,97.72,36.53
83.26,95.37,33.02
83.23,106.87,47.60
83.88,100.17,50.17
83.49,97.14,35.77
83.71,97.88,36.74
83.59,97.54,36.29
83.91,94.44,29.52
83.74,98.04,36.95
83.84,98.53,37.54
83.89,98.73,37.74
83.95,98.93,37.92
84.07,94.29,29.28
83.80,98.35,37.34
83.99,107.52,47.51
84.25,94.15,29.05
84.17,99.60,38.49
84.25,99.89,38.73
84.44,94.00,28.84
84.34,100.17,38.95
84.02,99.12,38.10
84.15,100.12,50.42
84.45,100.45,39.15
84.57,100.73,39.33
84.69,101.01,39.51
84.33,107.81,47.40
84.16,107.66,47.45
84.82,101.30,39.66
84.94,108.37,47.02
84.65,108.09,47.24
84.95,100.07,51.01
84.68,100.07,50.83
84.41,100.09,50.63
85.50,100.13,51.36
85.09,101.88,39.92
85.24,102.18,40.04
85.39,102.48,40.13
85.34,108.72,46.62
85.21,108.62,46.76
85.08,108.50,46.90
85.70,103.08,40.24
85.54,102.78,40.19
85.78,100.18,51.55
85.74,108.95,46.11
85.61,108.89,46.29
86.05,100.24,51.74
86.17,103.96,40.32
85.86,103.38,40.25
86.02,109.01,45.72
86.33,100.32,51.93
86.16,109.01,45.50
86.32,104.25,40.39
86.46,104.54,40.47
86.30,109.00,45.28
86.56,108.90,44.81
86.82,105.41,40.86
87.00,105.98,41.21
86.58,104.84,40.58
86.70,105.13,40.71
86.68,108.82,44.57
86.79,108.72,44.32
87.08,106.26,41.40
87.47,100.69,52.44
86.61,100.40,52.09
87.76,100.78,52.53
87.18,100.59,52.34
87.13,106.53,41.61
86.89,108.59,44.07
87.17,106.79,41.83
87.21,107.28,42.30
87.20,107.50,42.55
87.20,107.04,42.07
87.17,107.71,42.80
87.15,107.92,43.05
87.10,108.11,43.30
87.05,108.29,43.56
86.97,108.45,43.81
86.89,100.50,52.23
88.05,100.88,52.60
88.34,100.98,52.64
88.64,101.07,52.66
88.94,101.16,52.66
89.23,101.25,52.63
89.53,101.34,52.57
89.83,101.42,52.48
90.12,101.49,52.37
