78.92,83.86,31.93
71.17,65.31,22.11
78.70,82.79,30.11
78.54,82.48,29.67
78.45,85.62,37.07
77.72,86.25,41.59
77.51,85.95,44.08
77.55,79.09,26.75
77.21,85.54,46.76
77.25,78.23,26.42
78.83,83.26,30.77
76.77,85.38,48.54
76.61,84.98,49.63
76.02,73.29,25.92
76.10,73.79,26.03
76.10,83.94,52.07
75.48,71.45,25.79
75.20,70.77,25.65
74.88,70.18,25.39
76.94,85.53,47.67
71.37,65.43,22.30
71.58,65.57,22.50
71.98,65.92,22.89
71.78,65.74,22.71
72.18,66.11,23.06
72.39,66.29,23.22
72.58,66.50,23.38
72.75,66.71,23.54
72.92,66.93,23.70
73.16,67.27,23.91
73.44,67.66,24.13
73.41,67.63,24.06
73.59,67.81,24.22
73.71,68.08,24.34
73.88,68.44,24.51
73.98,68.50,24.56
74.21,68.90,24.72
74.40,69.08,24.89
74.39,69.19,24.86
74.54,69.46,24.99
74.66,69.73,25.13
75.10,70.57,25.58
74.77,69.97,25.27
74.99,70.38,25.50
75.30,70.99,25.71
75.39,71.21,25.76
75.84,72.41,25.81
75.76,72.18,25.82
75.57,71.70,25.81
75.90,72.62,25.82
75.67,71.94,25.82
76.04,83.83,52.39
76.01,83.73,52.71
76.06,73.53,25.97
76.16,74.08,26.08
76.22,74.36,26.13
75.94,83.44,54.22
75.95,83.51,53.86
75.99,83.65,53.07
76.67,83.75,51.93
75.97,83.58,53.50
75.98,73.07,25.88
75.94,72.84,25.84
76.17,84.06,51.74
76.30,74.67,26.17
76.44,75.44,26.20
76.38,75.06,26.20
76.34,84.31,51.09
76.25,84.18,51.42
76.42,84.44,50.82
76.48,75.80,26.18
76.59,76.40,26.16
76.66,76.68,26.17
76.73,76.96,26.18
76.81,77.22,26.21
76.47,84.58,50.54
76.57,84.85,49.96
76.64,85.11,49.31
76.53,84.71,50.25
76.75,85.33,48.74
76.72,85.26,48.92
76.53,76.11,26.16
77.00,85.54,47.43
76.68,85.18,49.12
76.89,85.51,47.90
76.81,85.43,48.34
76.84,85.47,48.13
76.90,77.47,26.24
77.01,77.71,26.28
77.13,77.96,26.34
77.14,85.53,46.98
77.07,85.53,47.20
77.63,86.18,42.68
77.36,78.51,26.51
77.42,85.67,45.83
77.38,85.63,46.07
77.33,85.59,46.31
77.28,85.56,46.54
77.46,85.72,45.57
77.57,86.04,43.35
77.55,86.01,43.59
77.50,85.92,44.39
77.52,85.97,43.82
77.50,85.87,44.70
77.50,85.83,45.01
77.49,85.77,45.31
77.69,86.25,41.89
77.77,86.25,41.29
77.67,86.23,42.17
77.65,86.20,42.42
77.62,86.14,42.92
77.64,79.38,26.89
77.46,78.80,26.63
77.76,79.98,27.23
77.84,86.25,40.99
77.91,80.83,27.89
77.79,80.27,27.44
77.84,80.56,27.67
78.00,81.09,28.09
78.09,81.32,28.30
77.61,86.09,43.14
77.71,79.68,27.05
78.17,81.54,28.52
77.92,86.24,40.67
78.19,85.92,38.28
78.23,85.85,38.04
78.17,86.00,38.55
78.15,86.06,38.83
78.14,86.12,39.12
78.12,86.16,39.42
78.09,86.19,39.73
78.04,86.21,40.04
77.99,86.23,40.35
78.39,85.67,37.32
78.49,85.59,36.79
78.33,85.72,37.56
78.45,82.32,29.44
78.32,81.95,28.97
78.38,82.14,29.20
78.65,85.28,35.31
78.25,81.74,28.74
78.28,85.79,37.80
78.53,85.55,36.48
78.66,85.17,35.02
78.62,82.64,29.89
78.76,82.95,30.33
78.63,85.37,35.59
78.82,84.51,33.56
78.69,84.92,34.47
78.67,85.05,34.75
78.56,85.49,36.19
78.88,83.52,31.22
78.60,85.44,35.89
78.86,84.25,32.97
78.87,84.16,32.72
78.90,83.64,31.45
78.79,84.65,33.86
78.84,84.38,33.26
78.73,84.78,34.18
78.80,83.11,30.55
78.86,83.39,31.00
78.90,83.95,32.18
78.91,83.75,31.69
78.87,84.06,32.46
