96.03,91.64,45.99
94.72,92.37,46.08
91.41,87.43,29.69
93.92,88.70,24.53
94.08,92.88,46.10
93.00,94.01,45.88
92.74,94.40,45.84
92.38,87.35,27.10
92.31,95.21,45.76
91.74,95.80,39.63
91.46,96.97,44.94
91.59,96.31,40.06
91.26,96.89,40.65
91.76,94.60,39.07
90.83,97.95,42.92
90.56,90.05,37.29
91.35,92.81,38.81
90.89,97.92,43.42
90.54,88.92,35.79
90.70,90.68,37.88
91.11,97.62,44.22
90.83,97.93,42.76
91.01,87.62,31.54
91.01,91.65,38.45
91.31,97.27,44.67
91.12,97.14,40.95
90.97,97.46,41.42
90.85,97.95,43.09
90.87,97.94,43.26
90.82,97.91,42.59
90.52,89.85,37.08
90.49,89.46,36.62
90.50,89.65,36.86
90.84,97.82,42.25
90.83,97.87,42.42
90.93,97.89,43.59
90.96,97.84,43.75
90.49,89.28,36.36
90.86,97.76,42.09
90.51,89.10,36.09
90.59,88.76,35.49
90.75,88.44,34.73
90.70,88.53,34.98
90.59,90.25,37.50
90.93,97.55,41.59
90.87,97.70,41.92
91.06,97.71,44.07
91.01,97.78,43.91
90.90,97.63,41.75
90.65,88.64,35.24
90.64,90.46,37.70
91.09,91.93,38.56
91.38,97.13,44.80
90.93,91.39,38.33
91.24,97.40,44.52
91.05,87.56,31.27
90.97,87.68,31.81
90.93,87.97,32.77
90.93,87.86,32.40
90.93,88.04,33.09
90.90,88.15,33.68
90.88,88.21,33.95
90.84,88.27,34.21
90.79,88.35,34.47
90.92,88.10,33.39
90.77,90.90,38.04
91.06,97.25,41.10
91.01,97.36,41.26
91.17,92.21,38.66
90.85,91.14,38.19
90.94,87.76,32.09
91.09,87.52,31.01
91.17,97.51,44.38
91.25,87.48,30.24
91.19,87.49,30.52
91.14,87.49,30.76
91.35,96.76,40.51
91.19,97.02,40.80
91.54,96.81,45.06
91.32,87.46,29.98
91.51,87.37,29.40
91.26,92.51,38.74
91.44,93.11,38.86
91.54,93.41,38.89
91.61,87.31,29.12
91.73,87.26,28.79
91.52,96.47,40.21
91.44,96.62,40.36
91.63,96.63,45.18
91.66,93.92,38.94
91.61,93.67,38.91
91.91,96.05,45.49
91.97,87.19,28.23
91.72,96.44,45.30
91.77,95.61,39.51
91.70,95.97,39.77
91.70,94.15,38.98
91.80,95.23,39.29
91.79,95.42,39.39
91.65,96.15,39.91
91.86,87.21,28.49
92.07,87.19,27.99
91.82,96.25,45.40
92.01,95.84,45.58
91.73,94.38,39.03
92.16,87.21,27.75
91.78,94.82,39.14
91.80,95.03,39.21
92.21,95.42,45.71
92.11,95.63,45.65
92.65,87.70,26.24
92.73,87.82,26.02
92.58,87.59,26.45
92.41,95.00,45.80
92.31,87.29,27.31
92.24,87.24,27.53
92.52,94.80,45.82
92.63,94.60,45.83
92.52,87.50,26.66
92.45,87.42,26.88
93.15,93.81,45.93
92.86,94.21,45.85
92.95,88.08,25.58
92.83,87.95,25.80
93.09,88.21,25.35
93.32,93.62,45.98
93.50,93.43,46.02
93.27,88.33,25.13
93.70,93.24,46.05
93.47,88.46,24.91
94.29,92.71,46.11
93.89,93.06,46.08
94.14,88.83,24.38
93.70,88.58,24.71
94.50,92.54,46.10
94.96,92.22,46.05
95.22,92.07,46.03
95.48,91.92,46.00
95.75,91.77,45.99
96.32,91.50,46.00
96.62,91.36,46.04
96.93,91.23,46.10
97.58,91.02,46.18
97.26,91.12,46.15
97.91,90.91,46.21
98.24,90.82,46.23
98.57,90.73,46.22
98.89,90.61,46.21
99.19,90.49,46.22
99.49,90.37,46.23
99.77,90.23,46.25
