74.81,96.32,29.75
74.83,95.51,28.66
74.78,94.65,27.69
74.84,95.84,29.05
74.83,95.40,28.53
74.73,93.74,26.43
75.02,93.24,25.18
74.56,97.49,31.59
74.84,93.44,25.81
74.03,98.93,34.13
74.23,98.31,32.89
72.51,100.59,43.81
72.55,98.68,52.32
72.28,100.26,46.01
72.52,99.86,48.48
72.30,100.32,45.73
72.28,100.22,46.28
72.35,100.43,45.18
72.30,100.18,46.57
72.31,100.37,45.45
72.47,99.96,47.77
72.48,100.57,44.15
72.52,100.61,43.42
72.52,100.63,42.63
72.54,98.83,51.69
72.53,98.69,53.90
72.50,98.75,54.22
72.56,99.04,51.10
72.55,98.94,51.39
72.58,99.16,50.81
72.61,99.27,50.55
72.62,99.37,50.29
72.61,99.72,49.15
72.39,100.08,47.13
72.35,100.14,46.85
72.43,100.54,44.46
72.79,100.61,39.15
72.72,100.62,39.45
72.65,100.62,39.74
72.60,100.62,40.03
72.55,100.62,40.33
72.51,100.62,40.63
72.50,100.62,40.94
72.50,100.62,41.25
72.50,100.62,41.56
72.50,100.62,41.88
72.39,100.49,44.82
72.50,100.62,42.19
72.56,99.80,48.82
72.50,99.90,48.10
72.44,100.02,47.43
72.53,100.62,43.04
72.56,98.62,53.28
72.54,98.75,52.00
72.56,98.62,52.96
72.55,98.64,53.59
72.64,99.64,49.46
72.86,100.59,38.83
72.56,98.64,52.64
72.64,99.47,50.02
72.65,99.56,49.75
72.93,100.56,38.52
73.43,100.00,36.39
73.33,100.11,36.67
73.23,100.21,36.96
73.15,100.29,37.26
73.09,100.39,37.56
73.05,100.46,37.88
72.99,100.52,38.20
73.53,99.89,36.10
73.60,99.75,35.80
73.66,99.61,35.48
73.95,99.06,34.39
73.78,99.33,34.92
73.71,99.47,35.19
73.87,99.19,34.65
74.28,98.16,32.62
74.09,98.81,33.88
74.35,97.98,32.35
74.15,98.68,33.62
74.42,97.81,32.08
74.18,98.55,33.37
74.80,93.53,26.02
74.76,93.63,26.22
74.50,97.65,31.84
74.20,98.43,33.14
74.90,93.37,25.60
74.71,94.01,26.84
74.71,96.93,30.73
74.73,94.35,27.28
74.71,94.17,27.05
74.75,94.52,27.51
74.84,95.10,28.23
74.84,95.26,28.39
74.84,95.96,29.21
74.83,96.07,29.36
74.79,96.60,30.21
74.76,96.75,30.44
74.72,93.86,26.63
74.65,97.11,31.02
74.60,97.31,31.31
74.95,93.30,25.39
75.09,93.20,24.97
74.80,94.80,27.88
74.83,95.62,28.79
74.82,94.94,28.06
74.84,95.73,28.92
74.80,96.46,29.98
74.82,96.19,29.53
75.17,93.17,24.75
75.49,93.15,23.94
75.26,93.15,24.52
75.62,93.15,23.63
75.37,93.15,24.26
75.76,93.14,23.29
75.89,93.12,23.02
