61.58,106.25,43.71
61.28,105.66,43.27
58.61,113.54,47.73
60.53,105.00,42.11
60.01,104.89,41.23
59.74,111.08,48.90
59.65,111.59,48.59
59.78,110.74,49.14
59.49,104.12,33.06
59.61,111.02,41.92
59.37,109.10,50.66
59.49,104.62,35.83
59.27,112.52,48.24
59.06,112.88,48.08
59.55,109.48,50.25
55.29,113.93,43.15
58.63,108.42,51.78
58.21,113.98,47.46
57.62,108.26,53.55
57.60,114.42,47.07
57.32,108.34,54.67
57.22,108.53,56.00
56.93,114.71,46.64
58.90,108.58,51.42
57.14,112.11,41.43
56.15,114.83,45.89
55.84,113.08,42.05
55.72,113.21,42.17
55.33,113.81,42.97
55.27,114.03,43.34
55.26,114.14,43.54
55.33,114.40,44.14
55.38,114.48,44.35
55.29,114.32,43.94
55.27,114.23,43.74
55.45,113.58,42.62
55.38,113.70,42.79
55.50,114.62,44.75
55.57,114.68,44.95
55.43,114.55,44.55
55.66,114.73,45.15
55.62,113.33,42.31
55.52,113.46,42.46
55.77,114.77,45.35
55.97,112.95,41.93
55.88,114.80,45.54
56.41,112.58,41.64
56.10,112.83,41.82
56.01,114.82,45.72
56.25,112.70,41.73
56.29,114.82,46.06
56.58,112.45,41.57
56.44,114.81,46.22
56.76,112.34,41.51
56.60,114.79,46.37
57.34,111.99,41.41
56.94,112.22,41.47
56.76,114.75,46.51
57.10,114.65,46.76
57.26,114.58,46.87
57.53,108.28,53.83
57.24,108.48,55.74
57.19,108.59,56.25
57.38,108.32,54.39
57.55,111.89,41.40
57.45,108.30,54.11
57.26,108.43,55.48
57.43,114.51,46.97
57.97,108.26,52.77
57.27,108.39,55.22
57.29,108.37,54.95
57.76,111.78,41.41
57.76,114.32,47.17
57.91,114.21,47.27
57.85,108.26,53.00
58.09,108.27,52.55
57.98,111.68,41.43
57.73,108.26,53.27
58.22,108.29,52.34
58.21,111.58,41.46
58.06,114.10,47.36
58.34,113.84,47.55
58.48,113.69,47.64
58.49,108.36,51.96
58.35,108.32,52.15
58.44,111.49,41.50
58.73,113.39,47.82
58.84,113.23,47.91
58.67,111.39,41.56
59.02,108.69,51.24
58.76,108.49,51.60
58.95,113.06,48.00
59.17,112.70,48.16
59.13,103.54,30.97
59.16,103.38,30.10
59.15,103.43,30.35
59.13,103.48,30.66
59.13,103.60,31.29
59.15,103.67,31.60
58.91,111.30,41.63
59.16,103.31,29.86
59.20,103.75,31.90
59.16,103.25,29.62
59.54,104.95,40.09
59.46,112.13,48.36
59.40,104.79,36.64
59.53,104.57,35.59
59.44,104.67,36.07
59.42,104.74,36.35
59.38,104.85,36.93
59.39,104.96,38.70
59.38,104.90,37.23
59.38,104.95,37.55
59.38,104.98,37.88
59.38,104.98,38.26
59.64,104.93,40.41
59.75,104.91,40.70
59.47,104.96,39.77
59.40,104.95,39.09
59.26,108.95,50.86
59.14,108.82,51.05
59.26,103.85,32.20
59.42,104.96,39.44
59.37,112.32,48.30
59.14,111.21,41.72
59.34,103.95,32.48
59.88,104.89,40.98
59.73,110.18,49.58
59.63,104.32,33.93
59.61,104.50,35.09
59.59,104.26,33.64
59.64,104.38,34.23
59.57,104.54,35.34
59.63,104.47,34.81
59.64,104.43,34.52
59.62,109.70,50.03
59.46,109.28,50.46
59.59,111.77,48.50
59.53,111.94,48.43
59.68,109.93,49.80
59.54,104.19,33.35
59.42,104.04,32.77
59.77,110.91,49.02
59.78,110.57,49.27
59.37,111.11,41.81
59.83,110.92,42.05
59.76,110.40,49.41
60.15,104.90,41.47
59.69,111.42,48.68
59.72,111.25,48.79
60.04,110.81,42.19
60.65,105.06,42.30
60.28,104.92,41.69
60.24,110.69,42.33
60.41,104.95,41.91
60.77,105.13,42.49
60.44,110.57,42.48
60.88,105.21,42.67
60.99,105.31,42.83
60.62,110.44,42.63
60.79,110.31,42.78
61.09,105.41,42.99
61.19,105.53,43.13
61.36,105.80,43.39
60.95,110.16,42.93
61.44,105.94,43.51
61.80,106.95,44.00
61.70,106.59,43.88
61.10,110.01,43.07
61.51,106.10,43.61
61.83,107.14,44.04
61.75,106.77,43.94
61.65,106.42,43.80
61.36,109.68,43.35
61.23,109.85,43.21
61.46,109.50,43.47
61.77,108.74,43.87
61.86,107.33,44.07
61.81,108.54,43.94
61.71,108.94,43.79
61.64,109.13,43.69
61.56,109.32,43.59
61.85,108.34,44.00
61.88,107.53,44.08
61.87,108.14,44.04
61.88,107.73,44.08
61.88,107.93,44.07
