302.00,216.00,218.00
302.00,218.00,248.00
121.00,323.00,324.00
62.00,412.00,23.00
496.00,465.00,464.00
496.00,464.00,468.00
468.00,501.00,500.00
192.00,832.00,196.00
902.00,832.00,192.00
832.00,628.00,196.00
601.00,202.00,628.00
611.00,629.00,169.00
938.00,847.00,216.00
638.00,274.00,652.00
1099.00,569.00,701.00
757.00,755.00,6397.00
6186.00,600.00,601.00
807.00,832.00,902.00
851.00,850.00,852.00
892.00,614.00,615.00
910.00,852.00,912.00
970.00,643.00,964.00
650.00,932.00,652.00
700.00,708.00,1078.00
1204.00,774.00,768.00
1227.00,850.00,851.00
1234.00,1516.00,868.00
868.00,1516.00,872.00
1264.00,940.00,942.00
1264.00,942.00,981.00
1279.00,1005.00,979.00
1283.00,1006.00,1008.00
1283.00,1282.00,1006.00
1361.00,1360.00,1362.00
1385.00,1383.00,1378.00
1434.00,1205.00,1432.00
1434.00,1432.00,1430.00
1434.00,1204.00,1205.00
1460.00,1432.00,1205.00
1458.00,1432.00,1460.00
1222.00,1458.00,1460.00
1520.00,1499.00,1498.00
1520.00,1498.00,1500.00
1547.00,1546.00,1548.00
1547.00,1548.00,1586.00
1588.00,1548.00,1243.00
1586.00,1548.00,1588.00
1592.00,1573.00,1572.00
1592.00,1572.00,1576.00
1576.00,1597.00,1596.00
1278.00,1586.00,1588.00
1635.00,1623.00,1636.00
1296.00,1297.00,1645.00
1648.00,1297.00,1635.00
1653.00,1645.00,1654.00
1656.00,1651.00,1650.00
1671.00,1654.00,1648.00
1737.00,1360.00,1361.00
1751.00,1750.00,1386.00
1793.00,1792.00,1490.00
1792.00,1794.00,1490.00
1566.00,1836.00,1793.00
1805.00,1520.00,1522.00
1805.00,1804.00,1520.00
1815.00,1816.00,1544.00
1649.00,1872.00,1648.00
1999.00,2011.00,2010.00
2022.00,2010.00,2011.00
2048.00,2039.00,2038.00
2078.00,2067.00,2066.00
2939.00,2091.00,2090.00
2125.00,2123.00,2124.00
2186.00,2167.00,2166.00
2201.00,2199.00,2200.00
2219.00,2217.00,2218.00
2232.00,2204.00,1751.00
1762.00,2232.00,1751.00
2291.00,1794.00,2289.00
2306.00,2289.00,2346.00
2307.00,1803.00,6054.00
2310.00,2301.00,2300.00
2312.00,1800.00,1804.00
1805.00,2314.00,1804.00
1815.00,2322.00,2323.00
2325.00,1816.00,1815.00
2325.00,1815.00,2323.00
2325.00,1817.00,1816.00
1819.00,2383.00,1818.00
2352.00,2377.00,2351.00
2416.00,2413.00,2412.00
2444.00,2443.00,2445.00
2438.00,2458.00,2459.00
2445.00,2443.00,2464.00
2571.00,1974.00,1976.00
2571.00,2570.00,1974.00
2631.00,2635.00,2193.00
2687.00,2686.00,2291.00
2687.00,2291.00,2289.00
2306.00,2687.00,2289.00
2352.00,2719.00,2377.00
2444.00,2776.00,2443.00
2863.00,2861.00,2862.00
2571.00,2876.00,2570.00
2881.00,2879.00,2880.00
2582.00,2586.00,2892.00
2906.00,2898.00,2900.00
2900.00,2909.00,2908.00
2590.00,2594.00,2912.00
2598.00,2938.00,2048.00
2942.00,2939.00,2931.00
2598.00,2604.00,2938.00
2080.00,2958.00,2078.00
2978.00,2969.00,2968.00
2994.00,2989.00,2988.00
3007.00,3006.00,3022.00
2996.00,2622.00,3016.00
2996.00,3016.00,3017.00
3003.00,2631.00,3001.00
3007.00,3022.00,3044.00
3003.00,2635.00,2631.00
3093.00,3596.00,3561.00
2699.00,3150.00,2698.00
3159.00,2709.00,2708.00
3191.00,3648.00,3192.00
3260.00,3225.00,3259.00
2751.00,3268.00,2750.00
3263.00,2757.00,2749.00
3266.00,3298.00,3299.00
3306.00,3299.00,3298.00
2763.00,3312.00,2762.00
2772.00,3342.00,2770.00
3405.00,2778.00,3334.00
3499.00,3498.00,2906.00
3509.00,2932.00,2934.00
3509.00,3508.00,2932.00
3509.00,2934.00,3510.00
3517.00,2952.00,2954.00
3517.00,3516.00,2952.00
3517.00,2954.00,3518.00
3527.00,2978.00,2980.00
3527.00,3526.00,2978.00
3527.00,2980.00,3528.00
3561.00,3560.00,2646.00
3565.00,3051.00,3559.00
3067.00,4419.00,3103.00
3096.00,3581.00,3125.00
3125.00,3598.00,2677.00
3260.00,3676.00,3643.00
3207.00,3653.00,3269.00
3777.00,3482.00,3484.00
3798.00,3806.00,3807.00
3509.00,3814.00,3508.00
3510.00,3814.00,3509.00
3512.00,3818.00,3817.00
3821.00,3819.00,3820.00
3510.00,3514.00,3814.00
3517.00,3832.00,3516.00
3518.00,3832.00,3517.00
3519.00,3825.00,3826.00
3830.00,3836.00,3837.00
3518.00,3524.00,3832.00
3842.00,3524.00,3526.00
3527.00,3844.00,3526.00
3528.00,3844.00,3527.00
3842.00,3848.00,3849.00
3528.00,3532.00,3844.00
3852.00,3849.00,3848.00
3534.00,3853.00,3532.00
3937.00,3918.00,3596.00
3918.00,3986.00,3919.00
3918.00,3937.00,3986.00
3919.00,3986.00,3941.00
3943.00,3942.00,3941.00
3945.00,3942.00,3943.00
3946.00,3947.00,3581.00
3937.00,3955.00,3986.00
3986.00,3989.00,3941.00
3941.00,3959.00,3943.00
3941.00,3989.00,3959.00
3611.00,3968.00,3969.00
3971.00,3613.00,3612.00
3615.00,3972.00,3614.00
3959.00,3989.00,3990.00
4461.00,4022.00,3995.00
5935.00,4108.00,5937.00
4105.00,4104.00,4102.00
4131.00,4072.00,3676.00
4097.00,3683.00,3655.00
3686.00,4152.00,3684.00
4203.00,4202.00,4200.00
4203.00,4494.00,4202.00
4197.00,3699.00,3685.00
4494.00,4203.00,4241.00
4333.00,3765.00,4331.00
4343.00,3775.00,4341.00
4391.00,3851.00,4389.00
3921.00,4442.00,3946.00
4461.00,4468.00,4022.00
4517.00,4331.00,4330.00
4515.00,4532.00,4517.00
4524.00,4539.00,4525.00
4524.00,4544.00,4539.00
4540.00,4525.00,4539.00
4539.00,4544.00,4546.00
4539.00,4546.00,4540.00
4542.00,4547.00,4541.00
4541.00,4547.00,4548.00
4599.00,4598.00,4596.00
4599.00,4600.00,4598.00
4600.00,4599.00,4607.00
4392.00,4606.00,4390.00
4393.00,4612.00,4607.00
4623.00,4629.00,4630.00
4641.00,4883.00,4647.00
4658.00,4659.00,4425.00
4683.00,4453.00,4452.00
4672.00,4687.00,4701.00
4707.00,4706.00,4704.00
4695.00,4714.00,4461.00
4711.00,4714.00,4695.00
4478.00,4716.00,4476.00
4736.00,4734.00,4747.00
4540.00,4793.00,4525.00
4540.00,4806.00,4793.00
4540.00,4546.00,4806.00
4542.00,4803.00,4547.00
4838.00,4832.00,4582.00
4847.00,4846.00,4594.00
4598.00,4600.00,4850.00
4901.00,4678.00,4899.00
4799.00,4938.00,4939.00
4532.00,4938.00,4799.00
4941.00,4801.00,4800.00
4959.00,4811.00,4810.00
4961.00,4957.00,4962.00
4846.00,5024.00,4840.00
4871.00,5050.00,5051.00
5053.00,4872.00,4871.00
5053.00,4871.00,5051.00
5051.00,5057.00,5053.00
5057.00,5072.00,4875.00
5092.00,4883.00,4880.00
4884.00,5074.00,4882.00
5283.00,5089.00,5079.00
5092.00,5093.00,4883.00
4894.00,5096.00,4892.00
5113.00,5112.00,5111.00
5188.00,5192.00,4938.00
5216.00,4980.00,4981.00
5254.00,5250.00,4850.00
5264.00,5258.00,4614.00
5265.00,4865.00,5263.00
5266.00,5264.00,5046.00
5272.00,5268.00,5048.00
5089.00,5290.00,5092.00
5315.00,5193.00,5192.00
5216.00,5362.00,5214.00
5362.00,5216.00,5365.00
5376.00,5396.00,5397.00
5228.00,5396.00,5226.00
5427.00,5235.00,5234.00
5440.00,5441.00,5237.00
5248.00,5446.00,5025.00
5256.00,5466.00,5254.00
5475.00,5467.00,5258.00
5477.00,5476.00,5475.00
5487.00,5263.00,5262.00
5266.00,5488.00,5264.00
5497.00,5522.00,5265.00
5523.00,5271.00,5270.00
5513.00,5511.00,5532.00
5611.00,5291.00,5290.00
5582.00,5813.00,5966.00
5596.00,5587.00,5300.00
5355.00,5616.00,5356.00
5641.00,5725.00,5449.00
5655.00,5492.00,5481.00
5613.00,5672.00,5612.00
5675.00,5616.00,5612.00
5705.00,5639.00,5638.00
5754.00,5757.00,5666.00
44.00,21.00,121.00
324.00,44.00,121.00
218.00,219.00,248.00
175.00,274.00,638.00
770.00,768.00,774.00
663.00,979.00,1004.00
807.00,902.00,1566.00
1592.00,1576.00,1846.00
1571.00,1614.00,1279.00
1662.00,1312.00,1672.00
1360.00,2175.00,1362.00
1680.00,1703.00,2476.00
1703.00,6188.00,2830.00
2123.00,2118.00,2124.00
2249.00,2243.00,2250.00
2314.00,1840.00,2348.00
2458.00,1876.00,2441.00
2586.00,2015.00,2024.00
2911.00,2586.00,2024.00
2604.00,2067.00,2078.00
2957.00,2604.00,2078.00
2165.00,3001.00,2631.00
2193.00,2165.00,2631.00
2216.00,1758.00,3026.00
2653.00,2216.00,3026.00
2238.00,2263.00,3572.00
2434.00,3329.00,2771.00
2464.00,2443.00,2787.00
2477.00,2798.00,2829.00
2909.00,2586.00,2911.00
2935.00,2594.00,2937.00
2973.00,2976.00,2124.00
2118.00,2973.00,2124.00
2642.00,3038.00,3041.00
3032.00,2656.00,3048.00
2229.00,2201.00,3051.00
3150.00,2718.00,3178.00
2719.00,2709.00,3159.00
3204.00,2719.00,3159.00
3213.00,2735.00,2384.00
3268.00,2758.00,3298.00
3312.00,2770.00,3330.00
2789.00,3349.00,3406.00
2789.00,2471.00,3436.00
5923.00,2849.00,3765.00
3275.00,3663.00,4120.00
3666.00,3275.00,4120.00
3708.00,3348.00,3349.00
3814.00,3514.00,3822.00
3508.00,3814.00,3822.00
3832.00,3524.00,3836.00
3516.00,3832.00,3836.00
3844.00,3532.00,3848.00
2999.00,4389.00,3851.00
3868.00,3862.00,3562.00
3560.00,3908.00,3868.00
3983.00,3936.00,3595.00
4014.00,3629.00,3949.00
4022.00,3971.00,3995.00
3655.00,3650.00,4061.00
4097.00,3655.00,4061.00
4153.00,4105.00,4152.00
4241.00,4203.00,4240.00
3807.00,3812.00,4572.00
3851.00,4391.00,4399.00
4494.00,4241.00,4496.00
4244.00,4497.00,4511.00
4301.00,4244.00,4511.00
4343.00,4548.00,4810.00
4599.00,4596.00,4606.00
4607.00,4599.00,4606.00
4658.00,4643.00,4647.00
4425.00,4419.00,4643.00
4658.00,4425.00,4643.00
5954.00,4475.00,4701.00
4717.00,4707.00,4716.00
4486.00,4477.00,4742.00
4788.00,6139.00,4750.00
4800.00,4333.00,4799.00
4594.00,4386.00,4596.00
4803.00,4801.00,4941.00
4954.00,4803.00,4941.00
4545.00,4814.00,4960.00
4970.00,4959.00,4961.00
4991.00,4989.00,4993.00
5004.00,4991.00,4993.00
4882.00,5074.00,4878.00
4908.00,4901.00,5154.00
4981.00,4820.00,5220.00
5228.00,4832.00,4998.00
5232.00,5009.00,5236.00
5042.00,5262.00,5263.00
5263.00,4865.00,5042.00
5050.00,4865.00,5265.00
5270.00,5050.00,5265.00
5396.00,5228.00,5397.00
5440.00,5427.00,5433.00
5248.00,5250.00,5447.00
5266.00,5268.00,5489.00
5270.00,5265.00,5522.00
5523.00,5270.00,5522.00
5567.00,5283.00,5523.00
5356.00,5616.00,5617.00
5511.00,5666.00,5669.00
5532.00,5511.00,5669.00
4545.00,3793.00,4814.00
1954.00,1942.00,1947.00
1778.00,2239.00,1737.00
1544.00,1543.00,5884.00
1836.00,1566.00,5885.00
2735.00,3213.00,3275.00
5619.00,5416.00,5964.00
5626.00,5419.00,5964.00
5416.00,5626.00,5964.00
65.00,64.00,66.00
45.00,375.00,413.00
148.00,156.00,155.00
160.00,803.00,162.00
6011.00,184.00,5822.00
219.00,218.00,220.00
234.00,5822.00,192.00
229.00,6011.00,5822.00
464.00,465.00,428.00
162.00,803.00,804.00
465.00,1074.00,686.00
428.00,465.00,686.00
500.00,539.00,700.00
780.00,779.00,5851.00
910.00,911.00,851.00
852.00,910.00,851.00
943.00,980.00,942.00
1204.00,768.00,1205.00
1242.00,880.00,1243.00
1023.00,1288.00,1287.00
1516.00,5882.00,1487.00
1523.00,1572.00,1522.00
1597.00,1608.00,1596.00
1149.00,1086.00,5779.00
1882.00,1149.00,5779.00
1882.00,1911.00,1149.00
1430.00,1431.00,1769.00
1430.00,1769.00,1770.00
1434.00,1430.00,1770.00
1499.00,1520.00,1804.00
1800.00,1499.00,1804.00
1546.00,1547.00,1819.00
1818.00,1546.00,1819.00
1604.00,1852.00,1819.00
1547.00,1604.00,1819.00
1651.00,1656.00,1876.00
1874.00,1651.00,1876.00
1872.00,1889.00,1671.00
1648.00,1872.00,1671.00
2105.00,2104.00,2091.00
2141.00,2140.00,2123.00
2125.00,2141.00,2123.00
2217.00,2215.00,2218.00
2187.00,2220.00,2186.00
1794.00,1792.00,2289.00
2346.00,1793.00,1836.00
1836.00,2714.00,2346.00
2015.00,2586.00,2582.00
2002.00,2015.00,2582.00
2039.00,2594.00,2590.00
2026.00,2039.00,2590.00
2067.00,2604.00,2598.00
2050.00,2067.00,2598.00
2124.00,2976.00,2125.00
2167.00,2630.00,2624.00
2301.00,2694.00,2682.00
2694.00,2301.00,2698.00
2708.00,2709.00,2323.00
2322.00,2708.00,2323.00
2709.00,2719.00,2352.00
2323.00,2709.00,2352.00
2748.00,2399.00,2750.00
2770.00,2430.00,2772.00
2786.00,2459.00,2788.00
2787.00,2827.00,2527.00
2464.00,2787.00,2527.00
2849.00,2848.00,2843.00
2845.00,2849.00,2843.00
2568.00,2864.00,2852.00
2871.00,2870.00,2861.00
2863.00,2871.00,2861.00
2887.00,2886.00,2879.00
2881.00,2887.00,2879.00
2909.00,2922.00,2908.00
2921.00,2931.00,2919.00
2935.00,2944.00,2934.00
2968.00,2969.00,2954.00
2955.00,2968.00,2954.00
2967.00,2986.00,2965.00
2981.00,2988.00,2980.00
2620.00,2988.00,2981.00
2614.00,2620.00,2981.00
2620.00,2996.00,2994.00
2988.00,2620.00,2994.00
2945.00,3514.00,3510.00
2934.00,2945.00,3510.00
2945.00,2952.00,3516.00
3514.00,2945.00,3516.00
2969.00,3524.00,3518.00
2954.00,2969.00,3518.00
2969.00,2978.00,3526.00
3524.00,2969.00,3526.00
2989.00,3532.00,3528.00
2989.00,2994.00,3534.00
3532.00,2989.00,3534.00
3115.00,3590.00,3592.00
3206.00,3640.00,3207.00
3299.00,3684.00,3658.00
3266.00,3299.00,3658.00
3299.00,3306.00,3686.00
3684.00,3299.00,3686.00
3687.00,3686.00,3306.00
4330.00,4331.00,2845.00
3817.00,3818.00,3820.00
3819.00,3817.00,3820.00
3594.00,3936.00,3937.00
3596.00,3594.00,3937.00
3937.00,3936.00,3955.00
3977.00,3620.00,3974.00
6144.00,3977.00,3974.00
4035.00,3648.00,4032.00
5939.00,3295.00,3683.00
4097.00,5939.00,3683.00
4818.00,4814.00,3793.00
3796.00,4820.00,4818.00
3820.00,3818.00,4372.00
3849.00,3852.00,4392.00
4390.00,3849.00,4392.00
4393.00,4392.00,3852.00
3853.00,4393.00,3852.00
3853.00,3534.00,3856.00
4423.00,4427.00,3921.00
3912.00,4423.00,3921.00
3968.00,4452.00,3969.00
3955.00,4011.00,4462.00
4063.00,4476.00,4466.00
4018.00,4063.00,4466.00
4063.00,4098.00,4478.00
4476.00,4063.00,4478.00
4479.00,4478.00,4098.00
4099.00,4479.00,4098.00
4328.00,4515.00,4517.00
4527.00,4325.00,4336.00
4584.00,4582.00,3823.00
4420.00,4644.00,4645.00
3893.00,4420.00,4645.00
4650.00,4644.00,4426.00
4453.00,4683.00,4695.00
4461.00,4453.00,4695.00
4479.00,4717.00,4716.00
4478.00,4479.00,4716.00
4800.00,4801.00,4535.00
4333.00,4800.00,4535.00
4801.00,4803.00,4542.00
4535.00,4801.00,4542.00
4575.00,4835.00,4580.00
4840.00,4838.00,4582.00
4584.00,4840.00,4582.00
4880.00,4883.00,4641.00
4640.00,4880.00,4641.00
4814.00,4974.00,4965.00
4818.00,4974.00,4814.00
5024.00,5015.00,4840.00
4847.00,5025.00,5024.00
4846.00,4847.00,5024.00
4888.00,5077.00,5953.00
4883.00,5093.00,5095.00
5192.00,5193.00,4939.00
4938.00,5192.00,4939.00
5205.00,5207.00,4962.00
4975.00,5214.00,5209.00
4965.00,4975.00,5209.00
5235.00,5237.00,5012.00
5005.00,5235.00,5012.00
5234.00,5433.00,5427.00
5255.00,5253.00,5473.00
5263.00,5487.00,5497.00
5265.00,5263.00,5497.00
5290.00,5578.00,5611.00
5596.00,5300.00,5302.00
5604.00,5596.00,5302.00
5639.00,5641.00,5449.00
5672.00,5613.00,5618.00
5746.00,5652.00,5656.00
5587.00,6025.00,5966.00
2303.00,1529.00,1489.00
5931.00,3512.00,2921.00
161.00,253.00,219.00
702.00,531.00,5842.00
1584.00,964.00,5863.00
3856.00,3534.00,3017.00
5072.00,5057.00,5079.00
5113.00,5111.00,5132.00
5290.00,5089.00,5578.00
1489.00,1529.00,1487.00
5128.00,5303.00,5149.00
5492.00,5657.00,5515.00
539.00,500.00,501.00
1296.00,1051.00,1053.00
1297.00,1296.00,1053.00
1778.00,1737.00,1361.00
1443.00,1778.00,1361.00
1489.00,5908.00,2303.00
3006.00,3007.00,3542.00
3798.00,3796.00,3792.00
4051.00,4011.00,4092.00
4888.00,4892.00,5096.00
5085.00,4888.00,5096.00
5220.00,5226.00,5396.00
5376.00,5220.00,5396.00
5466.00,5467.00,5457.00
5455.00,5466.00,5457.00
5475.00,5488.00,5477.00
428.00,394.00,464.00
686.00,1042.00,393.00
1680.00,1316.00,1703.00
1360.00,1737.00,5905.00
2441.00,1876.00,1656.00
3893.00,3908.00,4420.00
3986.00,4684.00,3989.00
5197.00,4960.00,5210.00
2909.00,2911.00,2922.00
2935.00,2937.00,2944.00
2999.00,3851.00,3004.00
911.00,1227.00,851.00
4336.00,4325.00,3476.00
1442.00,1444.00,1464.00
1264.00,1597.00,911.00
1312.00,1662.00,1073.00
1336.00,1911.00,1908.00
4092.00,4197.00,3685.00
4105.00,4153.00,4488.00
4104.00,4105.00,4488.00
4575.00,4372.00,3818.00
4574.00,4575.00,3818.00
4717.00,4479.00,6073.00
1758.00,2215.00,6075.00
2732.00,2383.00,1852.00
4334.00,4336.00,3476.00
176.00,224.00,175.00
174.00,176.00,175.00
323.00,13.00,279.00
1798.00,1496.00,2291.00
1846.00,1576.00,1596.00
2708.00,2322.00,2706.00
2957.00,2958.00,2981.00
3777.00,3793.00,4545.00
4532.00,4799.00,4333.00
4954.00,5204.00,4956.00
4803.00,4954.00,4956.00
5204.00,4954.00,5328.00
5356.00,5204.00,5328.00
5355.00,5356.00,5328.00
5361.00,5964.00,5419.00
5352.00,5351.00,5613.00
5612.00,5352.00,5613.00
248.00,663.00,304.00
755.00,757.00,804.00
803.00,755.00,804.00
1297.00,1053.00,1035.00
1635.00,1297.00,1035.00
1362.00,1442.00,1361.00
2981.00,2958.00,2614.00
3826.00,3819.00,3821.00
3833.00,3826.00,3821.00
4340.00,3765.00,4333.00
4341.00,4537.00,4343.00
213.00,247.00,246.00
615.00,614.00,174.00
2238.00,2239.00,2262.00
2263.00,2238.00,2262.00
2904.00,2895.00,2905.00
4582.00,4832.00,4572.00
3853.00,3856.00,4393.00
5315.00,5192.00,5188.00
5619.00,5964.00,5207.00
932.00,650.00,886.00
5770.00,864.00,1234.00
868.00,5770.00,1234.00
1852.00,2383.00,1819.00
174.00,614.00,180.00
3330.00,3331.00,3310.00
3096.00,3563.00,3581.00
4417.00,3901.00,4640.00
4871.00,4630.00,5050.00
3853.00,3852.00,3848.00
3532.00,3853.00,3848.00
1172.00,5997.00,1920.00
468.00,6013.00,501.00
501.00,6013.00,6295.00
5873.00,6062.00,1374.00
1374.00,6062.00,1742.00
360.00,6067.00,678.00
970.00,1604.00,642.00
1408.00,6104.00,1383.00
1042.00,6038.00,393.00
180.00,184.00,6011.00
4330.00,2842.00,4328.00
28.00,5816.00,6117.00
24.00,28.00,6117.00
6496.00,757.00,6075.00
6042.00,5763.00,6067.00
2222.00,2187.00,6109.00
6000.00,3334.00,5919.00
5763.00,6013.00,6126.00
6013.00,5763.00,6042.00
1942.00,1954.00,1966.00
4479.00,4099.00,6073.00
4517.00,4330.00,4328.00
5903.00,6033.00,6109.00
1443.00,1361.00,1442.00
5939.00,4097.00,6134.00
4051.00,5939.00,6134.00
4910.00,4717.00,6073.00
4475.00,5954.00,6134.00
5751.00,6514.00,6081.00
5351.00,5323.00,5347.00
4116.00,3663.00,3272.00
892.00,5971.00,5973.00
5868.00,6107.00,5969.00
322.00,118.00,224.00
1374.00,1742.00,2158.00
2182.00,1374.00,2158.00
6402.00,4030.00,6632.00
3663.00,3275.00,3213.00
3666.00,3278.00,2737.00
3914.00,3898.00,3572.00
4419.00,4425.00,5947.00
4598.00,4850.00,5028.00
1298.00,1657.00,1656.00
1300.00,1660.00,1879.00
1657.00,1300.00,1879.00
2887.00,2881.00,2896.00
5319.00,5352.00,5355.00
5873.00,1374.00,6451.00
1442.00,1362.00,6051.00
2193.00,2182.00,2165.00
864.00,5770.00,6106.00
5855.00,864.00,6106.00
3435.00,2827.00,6099.00
4532.00,4515.00,6169.00
2193.00,2635.00,1378.00
2892.00,2586.00,2909.00
2594.00,2935.00,2912.00
2604.00,2955.00,2938.00
3348.00,3708.00,6040.00
4948.00,4806.00,4546.00
4956.00,4548.00,4547.00
4803.00,4956.00,4547.00
5156.00,5135.00,5125.00
742.00,746.00,6112.00
5823.00,279.00,13.00
6067.00,360.00,6042.00
4840.00,4584.00,4846.00
1457.00,1478.00,1427.00
1464.00,1444.00,1498.00
1715.00,1338.00,1151.00
2346.00,2289.00,1792.00
4799.00,4939.00,4953.00
4953.00,4954.00,4941.00
366.00,643.00,254.00
1872.00,2427.00,1889.00
5997.00,1172.00,6094.00
2749.00,2757.00,1629.00
1104.00,6558.00,1086.00
1149.00,1104.00,1086.00
3658.00,3264.00,3266.00
6051.00,1444.00,1442.00
3272.00,2732.00,3269.00
2830.00,2476.00,1703.00
6356.00,6041.00,5995.00
2829.00,6133.00,2477.00
5976.00,5998.00,5997.00
2048.00,2937.00,2594.00
2039.00,2048.00,2594.00
2653.00,2654.00,2216.00
1792.00,1793.00,2346.00
3837.00,3836.00,3524.00
3842.00,3837.00,3524.00
4386.00,4594.00,3837.00
3842.00,4386.00,3837.00
5154.00,4901.00,6020.00
3146.00,3966.00,5925.00
4574.00,5931.00,4826.00
4901.00,4899.00,6020.00
6109.00,6192.00,2222.00
6192.00,6109.00,6033.00
2911.00,2912.00,2935.00
2922.00,2911.00,2935.00
2937.00,2938.00,2955.00
2944.00,2937.00,2955.00
5226.00,5220.00,4820.00
3818.00,3512.00,5931.00
4574.00,3818.00,5931.00
5522.00,5497.00,6179.00
1523.00,6198.00,5778.00
1172.00,1920.00,6201.00
1920.00,6133.00,6201.00
6198.00,1523.00,1500.00
2819.00,1898.00,6210.00
6009.00,2819.00,6210.00
175.00,224.00,274.00
392.00,394.00,428.00
808.00,832.00,807.00
1490.00,808.00,807.00
1092.00,1312.00,1073.00
1657.00,1298.00,1300.00
2922.00,2935.00,2934.00
2932.00,2922.00,2934.00
2945.00,2934.00,2944.00
2952.00,2945.00,2944.00
4324.00,4528.00,4515.00
4601.00,4610.00,4383.00
4490.00,4728.00,4488.00
4826.00,4825.00,4991.00
5132.00,5111.00,5123.00
4706.00,5132.00,5123.00
180.00,6011.00,176.00
174.00,180.00,176.00
1205.00,768.00,818.00
2262.00,2239.00,1778.00
2282.00,2262.00,1778.00
3775.00,2880.00,2871.00
2863.00,3775.00,2871.00
4714.00,4715.00,4468.00
4461.00,4714.00,4468.00
4904.00,4900.00,4704.00
4706.00,4904.00,4704.00
5467.00,5466.00,5256.00
5258.00,5467.00,5256.00
5655.00,5481.00,5480.00
5745.00,5655.00,5480.00
5762.00,264.00,268.00
2457.00,2434.00,2771.00
2785.00,2457.00,2771.00
5051.00,5050.00,5270.00
5271.00,5051.00,5270.00
5613.00,5351.00,5369.00
5618.00,5613.00,5369.00
5679.00,5619.00,5617.00
5755.00,5745.00,5744.00
5754.00,5755.00,5744.00
5757.00,5754.00,5756.00
3755.00,3739.00,4307.00
1431.00,1496.00,1798.00
1769.00,1431.00,1798.00
3017.00,3872.00,3856.00
3947.00,3949.00,3598.00
2434.00,1889.00,2427.00
4901.00,4908.00,4710.00
4678.00,4901.00,4710.00
868.00,5862.00,5770.00
5931.00,2921.00,4362.00
4594.00,4846.00,4584.00
3837.00,4594.00,4584.00
2966.00,3826.00,3833.00
6042.00,360.00,365.00
756.00,1758.00,6075.00
2957.00,2981.00,2980.00
6075.00,2215.00,6496.00
4820.00,4981.00,4818.00
2912.00,2911.00,2024.00
2938.00,2937.00,2048.00
6509.00,5529.00,5507.00
5786.00,6024.00,5976.00
3737.00,6099.00,2827.00
910.00,912.00,940.00
3946.00,3885.00,3912.00
3921.00,3946.00,3912.00
4791.00,4511.00,4497.00
5616.00,5355.00,5612.00
5757.00,5759.00,5669.00
5666.00,5757.00,5669.00
5649.00,5745.00,5480.00
5469.00,5649.00,5480.00
2396.00,2744.00,2746.00
6229.00,5887.00,6452.00
5053.00,5057.00,4875.00
565.00,6152.00,6002.00
5188.00,6169.00,6630.00
6025.00,6179.00,5549.00
180.00,6404.00,184.00
6051.00,6247.00,1444.00
6051.00,6215.00,6062.00
6062.00,6215.00,1742.00
5807.00,6219.00,5607.00
6120.00,6229.00,599.00
5228.00,4998.00,5397.00
4614.00,3856.00,3872.00
5351.00,5347.00,5376.00
5369.00,5351.00,5376.00
2827.00,2787.00,3737.00
4938.00,4532.00,6169.00
5188.00,4938.00,6169.00
599.00,6152.00,6515.00
1427.00,1478.00,6185.00
1908.00,1911.00,2467.00
5355.00,5352.00,5612.00
6179.00,6025.00,6196.00
5522.00,6179.00,6196.00
2239.00,2222.00,6192.00
1737.00,2239.00,6192.00
5057.00,5051.00,5271.00
5079.00,5057.00,5271.00
5905.00,1737.00,6192.00
6033.00,5905.00,6192.00
4738.00,4750.00,6139.00
1150.00,1172.00,6201.00
6152.00,599.00,6229.00
1362.00,2175.00,6215.00
6051.00,1362.00,6215.00
5163.00,5311.00,6219.00
5807.00,5163.00,6219.00
4515.00,4528.00,6169.00
5323.00,5200.00,5320.00
2080.00,2078.00,2066.00
4600.00,4607.00,4612.00
4810.00,4957.00,4961.00
4959.00,4810.00,4961.00
2396.00,2367.00,2337.00
3312.00,3330.00,3310.00
3685.00,3287.00,4092.00
3334.00,3701.00,3405.00
3941.00,3942.00,3919.00
4541.00,4548.00,4343.00
4537.00,4541.00,4343.00
4687.00,4696.00,5954.00
4701.00,4687.00,5954.00
5771.00,956.00,960.00
5863.00,5771.00,960.00
2441.00,1656.00,1657.00
2570.00,2876.00,2874.00
5481.00,5473.00,5465.00
5480.00,5481.00,5465.00
4097.00,4061.00,4475.00
6134.00,4097.00,4475.00
5953.00,5077.00,4884.00
5254.00,4850.00,5036.00
5256.00,5254.00,5036.00
3830.00,3837.00,4584.00
3823.00,3830.00,4584.00
1662.00,1672.00,1660.00
1715.00,1151.00,6201.00
6133.00,1715.00,6201.00
3268.00,3298.00,3266.00
2750.00,3268.00,3266.00
174.00,175.00,638.00
615.00,174.00,638.00
3528.00,2980.00,2988.00
2989.00,3528.00,2988.00
3287.00,5939.00,4051.00
3519.00,3826.00,2966.00
2267.00,2243.00,2249.00
3825.00,3817.00,3819.00
3826.00,3825.00,3819.00
5207.00,5964.00,5361.00
5212.00,5207.00,5361.00
6516.00,5791.00,6018.00
201.00,202.00,6183.00
2568.00,2570.00,2874.00
3441.00,2796.00,3458.00
6065.00,3441.00,3458.00
4362.00,4826.00,5931.00
4104.00,4488.00,4728.00
4341.00,3775.00,2863.00
3582.00,3578.00,2263.00
2920.00,2913.00,2905.00
5604.00,5607.00,5596.00
6541.00,3755.00,4307.00
2104.00,5905.00,6033.00
6344.00,1939.00,6261.00
5675.00,5612.00,5672.00
6025.00,5587.00,6196.00
2748.00,3264.00,3198.00
4814.00,4965.00,4960.00
3708.00,4502.00,6040.00
3038.00,2643.00,3052.00
1443.00,1442.00,1464.00
1644.00,1038.00,1055.00
1298.00,1644.00,1055.00
1676.00,1312.00,1680.00
1911.00,1882.00,2451.00
2467.00,1911.00,2451.00
2848.00,1955.00,2843.00
3268.00,2751.00,2413.00
2758.00,3268.00,2413.00
3499.00,2908.00,2923.00
2863.00,2862.00,4341.00
3506.00,3499.00,2923.00
6271.00,1227.00,5778.00
4998.00,4832.00,4838.00
5950.00,4362.00,2920.00
2905.00,5950.00,2920.00
4220.00,3669.00,3278.00
5791.00,5991.00,6018.00
5914.00,6018.00,5991.00
63.00,136.00,127.00
264.00,5825.00,260.00
926.00,264.00,260.00
2527.00,6577.00,1908.00
2464.00,2527.00,1908.00
3263.00,2749.00,3237.00
3822.00,3823.00,3812.00
4381.00,4383.00,3839.00
4525.00,4793.00,4527.00
4336.00,4525.00,4527.00
4629.00,4623.00,4619.00
4643.00,4419.00,4418.00
4417.00,4643.00,4418.00
4494.00,4747.00,4202.00
5399.00,5412.00,5381.00
5680.00,5683.00,5626.00
1613.00,1288.00,1023.00
1005.00,1613.00,1023.00
3701.00,4190.00,4277.00
4894.00,5097.00,5096.00
4788.00,4750.00,5949.00
3275.00,3666.00,2737.00
2735.00,3275.00,2737.00
2039.00,2026.00,2038.00
2864.00,3482.00,2851.00
4335.00,4524.00,4334.00
4386.00,3842.00,3849.00
4390.00,4386.00,3849.00
5028.00,4850.00,5250.00
5248.00,5028.00,5250.00
5254.00,5466.00,5455.00
5250.00,5254.00,5455.00
5578.00,5089.00,5283.00
1149.00,1911.00,1336.00
1104.00,1149.00,1336.00
2966.00,3833.00,2967.00
3204.00,3159.00,3181.00
5935.00,3204.00,3181.00
3990.00,3989.00,4458.00
4072.00,4030.00,3643.00
3676.00,4072.00,3643.00
5655.00,5745.00,5755.00
4832.00,5228.00,5226.00
1889.00,1888.00,1671.00
4362.00,5950.00,4825.00
4826.00,4362.00,4825.00
2900.00,2892.00,2909.00
4445.00,4452.00,3968.00
1015.00,391.00,1033.00
1498.00,1444.00,1500.00
4029.00,5937.00,4114.00
3885.00,3946.00,3581.00
3563.00,3885.00,3581.00
5726.00,5476.00,5652.00
2014.00,2015.00,2002.00
2166.00,2168.00,2186.00
2168.00,5903.00,6109.00
2187.00,2168.00,6109.00
2464.00,1908.00,2467.00
2445.00,2464.00,2467.00
5763.00,6126.00,6286.00
531.00,701.00,530.00
3947.00,3598.00,3125.00
3581.00,3947.00,3125.00
638.00,652.00,932.00
615.00,638.00,932.00
4468.00,4023.00,4022.00
4736.00,4922.00,4920.00
4734.00,4736.00,4920.00
1584.00,5863.00,960.00
5759.00,5757.00,5756.00
3955.00,4462.00,4684.00
3986.00,3955.00,4684.00
4892.00,4888.00,5925.00
3856.00,4614.00,4612.00
4393.00,3856.00,4612.00
1150.00,6201.00,1151.00
6039.00,1150.00,1151.00
2706.00,2705.00,3155.00
3330.00,2770.00,3342.00
5510.00,5668.00,5664.00
3563.00,3047.00,2653.00
5944.00,6233.00,6135.00
6196.00,6240.00,5567.00
6057.00,6242.00,6144.00
6198.00,6247.00,5873.00
5845.00,6259.00,5969.00
3463.00,6276.00,2829.00
1150.00,6280.00,1172.00
1172.00,6280.00,6094.00
6126.00,6287.00,6286.00
2757.00,6289.00,1629.00
6057.00,4190.00,6242.00
5680.00,5624.00,6270.00
3044.00,3022.00,6273.00
6116.00,5969.00,6259.00
6240.00,6196.00,5587.00
5596.00,6240.00,5587.00
6258.00,6029.00,6275.00
1586.00,1278.00,6266.00
642.00,1586.00,6266.00
5953.00,3928.00,5925.00
4888.00,5953.00,5925.00
2654.00,2653.00,3047.00
2219.00,2654.00,3047.00
3914.00,3578.00,3928.00
3278.00,3666.00,4220.00
6276.00,3463.00,2832.00
3977.00,6144.00,6242.00
5992.00,3977.00,6242.00
6247.00,6051.00,6062.00
5873.00,6247.00,6062.00
1654.00,1671.00,1888.00
1653.00,1654.00,1888.00
1500.00,1444.00,6247.00
6198.00,1500.00,6247.00
3972.00,3615.00,6290.00
5882.00,1516.00,1234.00
1547.00,1586.00,642.00
1604.00,1547.00,642.00
2312.00,1804.00,2314.00
2348.00,2312.00,2314.00
2412.00,2404.00,2406.00
2368.00,2746.00,3227.00
5163.00,5172.00,5311.00
5416.00,5624.00,5680.00
5626.00,5416.00,5680.00
3744.00,3441.00,6228.00
2166.00,2167.00,2624.00
2144.00,2166.00,2624.00
2140.00,1742.00,6215.00
2175.00,2140.00,6215.00
3844.00,3848.00,3842.00
3526.00,3844.00,3842.00
4647.00,4643.00,4417.00
6146.00,5944.00,6352.00
5945.00,6225.00,6291.00
5195.00,5328.00,4954.00
4953.00,5195.00,4954.00
818.00,1222.00,1460.00
1205.00,818.00,1460.00
3192.00,3615.00,3614.00
652.00,274.00,273.00
650.00,652.00,273.00
6027.00,324.00,323.00
1890.00,2468.00,2441.00
1864.00,2762.00,2416.00
2412.00,1864.00,2416.00
818.00,156.00,1222.00
2301.00,2682.00,2300.00
2846.00,1941.00,2852.00
6013.00,6042.00,6295.00
5838.00,127.00,136.00
1823.00,1825.00,5971.00
2666.00,2675.00,2285.00
4029.00,5935.00,5937.00
4742.00,6139.00,4791.00
5887.00,6210.00,1898.00
4742.00,4477.00,4715.00
5925.00,3966.00,4892.00
5926.00,3966.00,3179.00
5778.00,1227.00,911.00
2786.00,2788.00,3406.00
500.00,700.00,1078.00
2314.00,1805.00,1573.00
1840.00,2314.00,1573.00
2118.00,2105.00,2973.00
2983.00,2141.00,2125.00
4896.00,3966.00,5926.00
4900.00,4896.00,5926.00
4953.00,4939.00,5193.00
5195.00,4953.00,5193.00
4962.00,5207.00,5212.00
5457.00,5644.00,5706.00
5455.00,5457.00,5706.00
5457.00,5467.00,5726.00
5644.00,5457.00,5726.00
213.00,208.00,215.00
832.00,808.00,628.00
1942.00,1966.00,1941.00
6311.00,6291.00,6388.00
2291.00,1496.00,1794.00
5262.00,5042.00,4618.00
4615.00,5262.00,4618.00
6258.00,6063.00,6412.00
5436.00,6270.00,5624.00
4128.00,6233.00,5944.00
2788.00,2468.00,2789.00
2630.00,2167.00,3032.00
3624.00,3176.00,3173.00
4324.00,4515.00,4328.00
4799.00,4953.00,4941.00
4800.00,4799.00,4941.00
4813.00,4959.00,4970.00
5455.00,5706.00,5447.00
5250.00,5455.00,5447.00
911.00,910.00,940.00
1264.00,911.00,940.00
1543.00,1584.00,5884.00
2215.00,1758.00,2216.00
2218.00,2215.00,2216.00
2218.00,2216.00,2654.00
2219.00,2218.00,2654.00
4092.00,4011.00,5933.00
4197.00,4092.00,5933.00
4425.00,4659.00,4663.00
5473.00,5253.00,5465.00
3599.00,3598.00,3949.00
3629.00,3599.00,3949.00
1576.00,1572.00,1523.00
2430.00,1868.00,2422.00
4743.00,4497.00,4109.00
4974.00,4818.00,4981.00
4980.00,4974.00,4981.00
4572.00,3812.00,3823.00
4582.00,4572.00,3823.00
5215.00,5361.00,5419.00
2050.00,2038.00,2051.00
4734.00,4920.00,4916.00
1672.00,1312.00,1676.00
3213.00,2732.00,3272.00
3663.00,3213.00,3272.00
2066.00,2067.00,2050.00
5036.00,4612.00,4614.00
5258.00,5256.00,5036.00
4614.00,5258.00,5036.00
5842.00,537.00,1082.00
702.00,5842.00,1082.00
5745.00,5649.00,5744.00
2687.00,2306.00,3614.00
2686.00,2687.00,3614.00
3519.00,2959.00,2093.00
3436.00,6523.00,4308.00
926.00,260.00,881.00
3969.00,3995.00,3611.00
3121.00,3143.00,3144.00
770.00,774.00,5851.00
4896.00,4894.00,4892.00
3966.00,4896.00,4892.00
2896.00,2895.00,2887.00
2830.00,6188.00,2832.00
3458.00,2830.00,2832.00
3867.00,4401.00,4403.00
5328.00,5195.00,5319.00
5355.00,5328.00,5319.00
3960.00,3990.00,4458.00
4811.00,4959.00,4813.00
2983.00,2125.00,2976.00
1077.00,1078.00,708.00
6066.00,6146.00,6352.00
1500.00,1523.00,1522.00
1520.00,1500.00,1522.00
2968.00,2957.00,2980.00
2978.00,2968.00,2980.00
3028.00,3016.00,2630.00
4452.00,4453.00,3969.00
6016.00,1649.00,1636.00
1288.00,6016.00,1636.00
5488.00,5266.00,5489.00
5477.00,5488.00,5489.00
2905.00,2913.00,2904.00
1489.00,1487.00,2285.00
393.00,6038.00,667.00
2310.00,2699.00,2698.00
2301.00,2310.00,2698.00
3775.00,6298.00,2880.00
1908.00,6328.00,1336.00
6120.00,6325.00,6229.00
6229.00,6325.00,5887.00
6120.00,6326.00,6209.00
4750.00,6327.00,5949.00
770.00,6460.00,819.00
1091.00,6332.00,693.00
693.00,6332.00,1045.00
1649.00,6346.00,1872.00
6063.00,6347.00,6310.00
1144.00,1099.00,6328.00
413.00,6293.00,45.00
6298.00,3775.00,4343.00
6198.00,5873.00,6338.00
6210.00,5887.00,6325.00
6144.00,6290.00,6339.00
6057.00,6144.00,6339.00
731.00,6063.00,6310.00
365.00,6155.00,6295.00
6042.00,365.00,6295.00
538.00,501.00,6295.00
6155.00,538.00,6295.00
2035.00,2047.00,2046.00
3971.00,3612.00,3611.00
3995.00,3971.00,3611.00
4810.00,4811.00,6298.00
4343.00,4810.00,6298.00
6120.00,6209.00,6325.00
6.00,2.00,229.00
739.00,1144.00,6326.00
6120.00,739.00,6326.00
1311.00,5779.00,6332.00
6209.00,3435.00,6311.00
702.00,1082.00,6328.00
1099.00,702.00,6328.00
5786.00,6123.00,6331.00
2999.00,3004.00,3001.00
43.00,45.00,6293.00
60.00,43.00,6293.00
926.00,880.00,6581.00
323.00,121.00,13.00
5786.00,6331.00,6056.00
6024.00,5786.00,6056.00
1645.00,1297.00,1648.00
1654.00,1645.00,1648.00
2999.00,2164.00,2985.00
4650.00,4426.00,3919.00
5996.00,6116.00,6259.00
981.00,942.00,980.00
1614.00,1613.00,1005.00
1279.00,1614.00,1005.00
213.00,215.00,639.00
247.00,213.00,639.00
2105.00,2091.00,2093.00
2199.00,2197.00,2200.00
628.00,202.00,201.00
196.00,628.00,201.00
6412.00,6063.00,731.00
6332.00,5779.00,1086.00
1045.00,6332.00,1086.00
964.00,1584.00,1543.00
2867.00,2855.00,2861.00
5991.00,5791.00,6352.00
5507.00,5664.00,5814.00
2270.00,2285.00,1487.00
3629.00,4014.00,3650.00
5477.00,5489.00,5656.00
3650.00,4014.00,4061.00
2895.00,2904.00,2023.00
4282.00,5949.00,6327.00
4665.00,4463.00,4443.00
1077.00,496.00,1078.00
6024.00,5987.00,5998.00
4340.00,5923.00,3765.00
5947.00,3103.00,4419.00
3947.00,4443.00,3949.00
565.00,445.00,5839.00
2880.00,6298.00,2881.00
601.00,148.00,202.00
3817.00,2942.00,3512.00
3041.00,3093.00,3561.00
5778.00,911.00,1597.00
2306.00,2346.00,2714.00
3995.00,3969.00,4453.00
4461.00,3995.00,4453.00
4018.00,3633.00,3652.00
601.00,628.00,808.00
6186.00,601.00,808.00
4728.00,4490.00,4916.00
500.00,1078.00,496.00
468.00,500.00,496.00
5744.00,5649.00,5725.00
6523.00,3436.00,2471.00
1794.00,1496.00,6186.00
63.00,127.00,62.00
600.00,6186.00,1496.00
1644.00,1650.00,1292.00
1038.00,1644.00,1292.00
1803.00,2307.00,1837.00
2187.00,2186.00,2168.00
3032.00,2167.00,2186.00
2996.00,2620.00,2622.00
1298.00,1656.00,1650.00
1644.00,1298.00,1650.00
4403.00,4623.00,4630.00
4871.00,4403.00,4630.00
3689.00,3307.00,3310.00
2296.00,1769.00,1798.00
2690.00,2296.00,1798.00
6465.00,1942.00,1941.00
3508.00,3506.00,2923.00
2932.00,3508.00,2923.00
4651.00,4427.00,4423.00
5706.00,6270.00,5447.00
943.00,912.00,5855.00
1336.00,6328.00,1082.00
1104.00,1336.00,1082.00
213.00,246.00,208.00
3305.00,6346.00,2754.00
3288.00,3305.00,3295.00
468.00,464.00,6126.00
6013.00,468.00,6126.00
5024.00,5025.00,5015.00
1409.00,2228.00,1429.00
5788.00,3022.00,3006.00
4324.00,4325.00,4527.00
4528.00,4324.00,4527.00
4098.00,3652.00,4099.00
2758.00,2413.00,2416.00
1566.00,902.00,5885.00
5976.00,6024.00,5998.00
5232.00,5399.00,5397.00
4998.00,5232.00,5397.00
5247.00,5245.00,5445.00
5469.00,5247.00,5445.00
3287.00,4051.00,4092.00
2306.00,3192.00,3614.00
4793.00,4806.00,4792.00
392.00,6287.00,394.00
5958.00,4498.00,6040.00
1058.00,6638.00,1054.00
1042.00,1058.00,1054.00
28.00,118.00,5816.00
5919.00,3334.00,2778.00
2451.00,5919.00,2778.00
1573.00,1805.00,1522.00
1572.00,1573.00,1522.00
2643.00,2202.00,2258.00
3989.00,4684.00,4458.00
5093.00,5291.00,5116.00
3613.00,3971.00,3627.00
411.00,5762.00,412.00
3578.00,3914.00,3572.00
2023.00,2011.00,2013.00
5777.00,1478.00,1457.00
4816.00,4813.00,4977.00
2874.00,3492.00,3485.00
6107.00,5766.00,6292.00
2093.00,2091.00,2939.00
3173.00,3603.00,3624.00
2955.00,2604.00,2957.00
2968.00,2955.00,2957.00
1298.00,1055.00,1300.00
1748.00,2635.00,3003.00
5072.00,5079.00,5089.00
3547.00,3885.00,3563.00
4032.00,4030.00,4072.00
4704.00,4476.00,4716.00
4707.00,4704.00,4716.00
4389.00,4383.00,4391.00
2164.00,2999.00,3001.00
2165.00,2164.00,3001.00
2954.00,2952.00,2944.00
2955.00,2954.00,2944.00
1287.00,1286.00,1020.00
6346.00,3305.00,2427.00
1872.00,6346.00,2427.00
2904.00,2037.00,2023.00
3146.00,2694.00,3179.00
3966.00,3146.00,3179.00
3225.00,2746.00,2744.00
3259.00,3225.00,2744.00
4497.00,4743.00,4791.00
4391.00,4618.00,4399.00
5476.00,5477.00,5656.00
5652.00,5476.00,5656.00
3312.00,3310.00,2762.00
4948.00,5197.00,5196.00
6041.00,6356.00,6364.00
6039.00,6356.00,1150.00
6039.00,6364.00,6356.00
2729.00,6375.00,1841.00
6011.00,6381.00,176.00
6024.00,6384.00,5987.00
6112.00,6387.00,742.00
6325.00,6388.00,6210.00
5825.00,6394.00,256.00
6039.00,1114.00,6382.00
1818.00,2383.00,2384.00
136.00,5766.00,6370.00
3441.00,6065.00,6228.00
1604.00,970.00,6375.00
1852.00,1604.00,6375.00
5814.00,6081.00,5746.00
3603.00,6187.00,3624.00
4022.00,4023.00,3627.00
3971.00,4022.00,3627.00
3052.00,2643.00,2672.00
3121.00,3052.00,2672.00
6180.00,779.00,6387.00
6099.00,5799.00,6357.00
3435.00,6099.00,6357.00
6311.00,3435.00,6357.00
6376.00,6094.00,6280.00
5995.00,6376.00,6280.00
6009.00,6210.00,6388.00
6291.00,6009.00,6388.00
1429.00,2228.00,2243.00
6379.00,877.00,872.00
1529.00,6379.00,872.00
6011.00,229.00,6381.00
6056.00,6035.00,6384.00
6024.00,6056.00,6384.00
6387.00,779.00,780.00
742.00,6387.00,780.00
6209.00,6311.00,6388.00
6325.00,6209.00,6388.00
411.00,127.00,6394.00
5825.00,411.00,6394.00
2749.00,1629.00,1615.00
4736.00,4747.00,4757.00
4420.00,3908.00,3907.00
6364.00,6039.00,6382.00
538.00,6364.00,6382.00
5838.00,6467.00,6394.00
127.00,5838.00,6394.00
629.00,208.00,5824.00
208.00,629.00,215.00
4476.00,4704.00,4900.00
4528.00,4527.00,4793.00
4792.00,4528.00,4793.00
1457.00,1427.00,1429.00
2263.00,3578.00,3572.00
2675.00,2666.00,3083.00
3104.00,2675.00,3083.00
678.00,5863.00,964.00
643.00,678.00,964.00
6280.00,1150.00,6356.00
5995.00,6280.00,6356.00
3003.00,3001.00,3004.00
4811.00,4813.00,4816.00
1649.00,1648.00,1635.00
1636.00,1649.00,1635.00
3260.00,3643.00,3227.00
5914.00,6365.00,5988.00
3093.00,3144.00,3594.00
3596.00,3093.00,3594.00
2468.00,2458.00,2441.00
4908.00,5154.00,5187.00
1573.00,1592.00,1840.00
2763.00,2762.00,1864.00
2957.00,2078.00,2958.00
639.00,215.00,6441.00
4190.00,6057.00,4277.00
6544.00,459.00,537.00
1054.00,1038.00,6448.00
5245.00,4845.00,4585.00
5638.00,5635.00,5705.00
4835.00,4575.00,4574.00
3673.00,5941.00,3286.00
5607.00,6585.00,6240.00
5596.00,5607.00,6240.00
23.00,412.00,5762.00
161.00,219.00,220.00
304.00,663.00,1004.00
1020.00,304.00,1004.00
2037.00,2035.00,2023.00
3278.00,3669.00,2741.00
4018.00,3652.00,4098.00
4063.00,4018.00,4098.00
5433.00,5635.00,5638.00
5440.00,5433.00,5638.00
6411.00,5683.00,5680.00
2686.00,2690.00,1798.00
2291.00,2686.00,1798.00
5997.00,6432.00,5976.00
6410.00,1009.00,6106.00
741.00,1776.00,1762.00
4277.00,6057.00,6435.00
979.00,641.00,1279.00
3310.00,3307.00,2762.00
5604.00,5135.00,5807.00
5607.00,5604.00,5807.00
6387.00,6439.00,6180.00
5987.00,6384.00,6440.00
6442.00,6225.00,5945.00
6366.00,6442.00,5945.00
6443.00,902.00,192.00
5980.00,6340.00,2798.00
3754.00,5980.00,2798.00
3140.00,3603.00,3173.00
3139.00,3140.00,3173.00
3266.00,3264.00,2748.00
2750.00,3266.00,2748.00
3542.00,3014.00,3006.00
4535.00,4537.00,4340.00
4333.00,4535.00,4340.00
4389.00,2986.00,3839.00
4711.00,6479.00,4738.00
3565.00,3901.00,4417.00
11.00,6.00,234.00
4240.00,4203.00,4200.00
1073.00,686.00,1074.00
2229.00,2228.00,2199.00
2201.00,2229.00,2199.00
3182.00,3181.00,3155.00
4308.00,4282.00,4502.00
3708.00,4308.00,4502.00
5992.00,3953.00,3977.00
4335.00,3482.00,3777.00
4545.00,4335.00,3777.00
1408.00,1409.00,6185.00
1222.00,600.00,1458.00
2013.00,2011.00,1999.00
2886.00,2013.00,1999.00
2349.00,2718.00,3150.00
2699.00,2349.00,3150.00
3146.00,5925.00,3928.00
2370.00,2371.00,2722.00
3310.00,3331.00,3700.00
3689.00,3310.00,3700.00
4442.00,4427.00,4665.00
4443.00,4442.00,4665.00
3561.00,2646.00,3041.00
2430.00,2763.00,1868.00
3877.00,3558.00,3557.00
5777.00,1234.00,864.00
5973.00,5971.00,1825.00
6239.00,5973.00,1825.00
4916.00,4920.00,5163.00
678.00,643.00,366.00
360.00,678.00,366.00
2922.00,2932.00,2923.00
2908.00,2922.00,2923.00
3083.00,3067.00,3103.00
3104.00,3083.00,3103.00
3476.00,2846.00,2851.00
4334.00,3476.00,2851.00
5009.00,5232.00,4998.00
4838.00,5009.00,4998.00
5441.00,5445.00,5237.00
4792.00,4806.00,4951.00
5253.00,4610.00,5252.00
5268.00,5658.00,5489.00
6126.00,464.00,394.00
6287.00,6126.00,394.00
5264.00,5488.00,5475.00
5258.00,5264.00,5475.00
2959.00,3519.00,2966.00
2965.00,2959.00,2966.00
4282.00,4308.00,5802.00
5949.00,4282.00,5802.00
2310.00,2300.00,1800.00
4403.00,4871.00,4872.00
3867.00,4403.00,4872.00
5751.00,6081.00,5814.00
5664.00,5751.00,5814.00
848.00,847.00,607.00
6282.00,1939.00,1898.00
4734.00,4916.00,4490.00
5172.00,5163.00,4920.00
4922.00,5172.00,4920.00
700.00,539.00,1114.00
5085.00,5096.00,5097.00
5557.00,5085.00,5097.00
3908.00,3560.00,3907.00
4601.00,4845.00,5252.00
2202.00,2204.00,2258.00
5365.00,5220.00,5376.00
5347.00,5365.00,5376.00
2832.00,6188.00,1918.00
6276.00,2832.00,1918.00
4372.00,4575.00,4373.00
5248.00,5025.00,5028.00
5763.00,6286.00,5771.00
6067.00,5763.00,5771.00
3591.00,3138.00,3620.00
3041.00,3038.00,3052.00
3093.00,3041.00,3052.00
5449.00,5441.00,5639.00
4961.00,4962.00,5212.00
4970.00,4961.00,5212.00
1830.00,2339.00,1832.00
33.00,34.00,6588.00
74.00,33.00,6588.00
224.00,176.00,6381.00
322.00,224.00,6381.00
1832.00,5885.00,6368.00
3104.00,3103.00,5947.00
4922.00,4736.00,4757.00
5180.00,4922.00,4757.00
770.00,819.00,818.00
768.00,770.00,818.00
2908.00,3499.00,2906.00
2900.00,2908.00,2906.00
3342.00,3702.00,3331.00
3330.00,3342.00,3331.00
3591.00,3935.00,3590.00
4580.00,4585.00,4586.00
5823.00,234.00,192.00
196.00,5823.00,192.00
5005.00,5004.00,5234.00
5235.00,5005.00,5234.00
818.00,819.00,156.00
2013.00,2886.00,2887.00
3014.00,3542.00,3862.00
3546.00,3014.00,3862.00
6188.00,1703.00,1316.00
611.00,169.00,819.00
1680.00,1312.00,1092.00
1316.00,1680.00,1092.00
3924.00,5953.00,4884.00
4882.00,3924.00,4884.00
872.00,6400.00,868.00
3701.00,6401.00,4190.00
5905.00,6403.00,1360.00
1360.00,6403.00,2175.00
641.00,6425.00,1279.00
6474.00,693.00,1045.00
6239.00,6429.00,2741.00
4120.00,6430.00,3666.00
3666.00,6430.00,4220.00
6094.00,6432.00,5997.00
4277.00,6435.00,6446.00
6368.00,6443.00,184.00
3643.00,4030.00,6402.00
3227.00,3643.00,6402.00
6403.00,5905.00,2104.00
6225.00,6590.00,6066.00
6342.00,5727.00,6406.00
6410.00,6038.00,6448.00
5845.00,6258.00,6412.00
6259.00,5845.00,6412.00
2080.00,2066.00,6437.00
4120.00,3710.00,6430.00
6368.00,184.00,6404.00
6591.00,6368.00,6404.00
5656.00,5489.00,5658.00
565.00,6002.00,6284.00
445.00,565.00,6284.00
1038.00,1024.00,6448.00
4477.00,4486.00,4108.00
4023.00,4477.00,4108.00
5822.00,184.00,6443.00
192.00,5822.00,6443.00
6429.00,6239.00,1825.00
5706.00,5644.00,6411.00
3278.00,2741.00,6429.00
2737.00,3278.00,6429.00
5770.00,5862.00,6410.00
6106.00,5770.00,6410.00
6435.00,6057.00,6339.00
2126.00,2080.00,6437.00
2106.00,2126.00,6437.00
847.00,938.00,6439.00
180.00,614.00,6404.00
6099.00,3737.00,6446.00
5799.00,6099.00,6446.00
5885.00,902.00,6443.00
6368.00,5885.00,6443.00
5863.00,678.00,6067.00
5771.00,5863.00,6067.00
850.00,1227.00,6271.00
1507.00,850.00,6271.00
6400.00,872.00,877.00
924.00,6400.00,877.00
1898.00,2819.00,6282.00
4419.00,3067.00,4418.00
3547.00,3563.00,2653.00
1571.00,1279.00,6425.00
3093.00,3052.00,3121.00
3144.00,3093.00,3121.00
6387.00,6112.00,6439.00
3624.00,3595.00,3176.00
5215.00,5392.00,4985.00
5822.00,234.00,6.00
229.00,5822.00,6.00
3004.00,3005.00,3003.00
5077.00,4888.00,5085.00
391.00,341.00,1033.00
6261.00,1939.00,6267.00
4220.00,6233.00,3669.00
3044.00,3562.00,3007.00
6467.00,5838.00,6172.00
3287.00,3685.00,3329.00
5988.00,6365.00,6035.00
3867.00,3557.00,3005.00
4614.00,5046.00,5264.00
2942.00,2093.00,2939.00
4618.00,4391.00,4615.00
1546.00,1818.00,1242.00
1672.00,1676.00,1890.00
3620.00,3977.00,3953.00
3603.00,3953.00,5992.00
5012.00,4837.00,5007.00
5005.00,5012.00,5007.00
5618.00,5620.00,5672.00
1955.00,1949.00,2843.00
4308.00,3708.00,3436.00
2282.00,2682.00,3582.00
4875.00,4640.00,3901.00
6455.00,4788.00,5949.00
5992.00,6187.00,3603.00
2614.00,2126.00,2144.00
1045.00,459.00,6474.00
5838.00,136.00,6370.00
6172.00,5838.00,6370.00
6516.00,6018.00,6267.00
6228.00,6065.00,4301.00
3542.00,3007.00,3562.00
3862.00,3542.00,3562.00
1657.00,1879.00,1890.00
2441.00,1657.00,1890.00
4734.00,4490.00,4202.00
4747.00,4734.00,4202.00
2236.00,2656.00,2220.00
5515.00,5657.00,5513.00
5855.00,6106.00,943.00
3582.00,2263.00,2262.00
2282.00,3582.00,2262.00
3547.00,2653.00,3026.00
5205.00,5204.00,5356.00
6440.00,6498.00,6430.00
3710.00,6440.00,6430.00
4614.00,3872.00,5046.00
6504.00,6412.00,731.00
4403.00,4401.00,4623.00
531.00,530.00,489.00
1286.00,1287.00,1623.00
2973.00,2105.00,2093.00
2959.00,2973.00,2093.00
4389.00,2999.00,2985.00
2986.00,4389.00,2985.00
2416.00,2762.00,3307.00
2758.00,2416.00,3307.00
4847.00,5028.00,5025.00
64.00,65.00,82.00
3026.00,1758.00,5788.00
1769.00,2296.00,2253.00
1770.00,1769.00,2253.00
4104.00,4728.00,4912.00
4738.00,4715.00,4714.00
4711.00,4738.00,4714.00
3269.00,2732.00,2729.00
2677.00,2308.00,2261.00
13.00,11.00,234.00
5823.00,13.00,234.00
3204.00,5935.00,4029.00
3640.00,3204.00,4029.00
6340.00,3463.00,2829.00
2798.00,6340.00,2829.00
424.00,421.00,292.00
2249.00,2270.00,2267.00
4324.00,4328.00,3759.00
4325.00,4324.00,3759.00
6020.00,4899.00,5118.00
5128.00,6020.00,5118.00
2675.00,3104.00,6264.00
5908.00,2675.00,6264.00
6291.00,6225.00,6009.00
912.00,943.00,942.00
940.00,912.00,942.00
3983.00,3595.00,3624.00
6187.00,3983.00,3624.00
3041.00,2646.00,2206.00
2642.00,3041.00,2206.00
2898.00,3492.00,2884.00
2339.00,2710.00,1832.00
136.00,63.00,6562.00
4663.00,4436.00,5947.00
4425.00,4663.00,5947.00
6284.00,6002.00,6310.00
6347.00,6284.00,6310.00
5756.00,5751.00,5664.00
5668.00,5756.00,5664.00
6107.00,6531.00,5766.00
75.00,55.00,42.00
2228.00,1409.00,2199.00
4197.00,6223.00,3699.00
2774.00,3349.00,3348.00
3017.00,3016.00,3028.00
3534.00,2994.00,2996.00
3017.00,3534.00,2996.00
2849.00,5923.00,2855.00
5582.00,5292.00,5123.00
4975.00,4965.00,4974.00
4980.00,4975.00,4974.00
5492.00,5515.00,6145.00
4910.00,5156.00,5132.00
4706.00,4910.00,5132.00
1545.00,1543.00,1544.00
2959.00,2965.00,2976.00
2973.00,2959.00,2976.00
3648.00,4035.00,6290.00
3615.00,3648.00,6290.00
2285.00,2675.00,5908.00
1489.00,2285.00,5908.00
5255.00,5473.00,6145.00
5399.00,5381.00,5369.00
3512.00,2942.00,2931.00
2921.00,3512.00,2931.00
2845.00,4331.00,3765.00
2849.00,2845.00,3765.00
2741.00,3222.00,6393.00
6239.00,2741.00,6393.00
5320.00,5200.00,4951.00
708.00,700.00,1114.00
3227.00,2746.00,3225.00
3260.00,3227.00,3225.00
4427.00,4651.00,4440.00
2438.00,2774.00,2772.00
5758.00,5543.00,5545.00
2444.00,2445.00,2778.00
5669.00,5759.00,5758.00
2164.00,2165.00,2182.00
2158.00,2164.00,2182.00
3305.00,3288.00,2427.00
3615.00,3192.00,3648.00
5557.00,5568.00,5545.00
2669.00,2274.00,3115.00
6056.00,6331.00,5988.00
6035.00,6056.00,5988.00
5991.00,6352.00,5944.00
6135.00,5991.00,5944.00
1544.00,5884.00,1815.00
3821.00,3820.00,4372.00
4373.00,3821.00,4372.00
3260.00,3259.00,3286.00
3676.00,3260.00,3286.00
5253.00,5255.00,4615.00
4610.00,5253.00,4615.00
5255.00,5487.00,5262.00
4615.00,5255.00,5262.00
6339.00,6290.00,4035.00
3095.00,2261.00,3047.00
3737.00,2787.00,2443.00
2776.00,3737.00,2443.00
779.00,6180.00,6441.00
2300.00,2682.00,2282.00
4594.00,4596.00,4847.00
3213.00,2384.00,2383.00
2732.00,3213.00,2383.00
4957.00,4956.00,5204.00
5116.00,5303.00,5128.00
5118.00,5116.00,5128.00
1614.00,1629.00,6289.00
1613.00,1614.00,6289.00
886.00,892.00,615.00
932.00,886.00,615.00
3562.00,3044.00,2646.00
3560.00,3562.00,2646.00
6591.00,6404.00,6519.00
6594.00,6450.00,746.00
6228.00,6455.00,3744.00
6009.00,6457.00,2819.00
2038.00,6458.00,2051.00
229.00,6595.00,6381.00
6002.00,6466.00,6310.00
6116.00,6123.00,6454.00
6366.00,5799.00,6510.00
5908.00,6480.00,2303.00
755.00,6486.00,6397.00
6397.00,6486.00,6450.00
6267.00,6487.00,6596.00
6596.00,6487.00,6123.00
3222.00,6491.00,3673.00
3673.00,6491.00,4128.00
4250.00,6493.00,3710.00
6365.00,6494.00,6035.00
3872.00,5048.00,5046.00
693.00,6503.00,1015.00
5996.00,6504.00,6261.00
5884.00,6508.00,2322.00
4035.00,6510.00,6339.00
1941.00,2846.00,6465.00
924.00,877.00,6472.00
956.00,924.00,6472.00
3005.00,3557.00,2198.00
391.00,1015.00,6503.00
5944.00,6146.00,4128.00
2038.00,2026.00,6458.00
4788.00,6455.00,6537.00
6264.00,3968.00,6480.00
5908.00,6264.00,6480.00
6457.00,6009.00,6225.00
6066.00,6457.00,6225.00
6457.00,6066.00,6352.00
5791.00,6457.00,6352.00
2741.00,3669.00,6491.00
3222.00,2741.00,6491.00
6152.00,6229.00,6452.00
6002.00,6152.00,6452.00
2104.00,6033.00,6462.00
6259.00,6412.00,6504.00
5996.00,6259.00,6504.00
1837.00,6425.00,6490.00
1803.00,1837.00,6490.00
3968.00,3611.00,6480.00
6384.00,6035.00,6494.00
6327.00,4750.00,6479.00
256.00,6394.00,6467.00
6269.00,256.00,6467.00
6344.00,6261.00,6504.00
731.00,6344.00,6504.00
4993.00,4989.00,6489.00
6331.00,6123.00,6487.00
6435.00,5799.00,6446.00
6332.00,1091.00,1311.00
6435.00,6339.00,6510.00
5799.00,6435.00,6510.00
6436.00,4878.00,5048.00
6041.00,6155.00,6502.00
4389.00,3839.00,4383.00
2026.00,2014.00,6458.00
6466.00,6344.00,731.00
6310.00,6466.00,731.00
1818.00,2384.00,1823.00
2197.00,2199.00,1409.00
413.00,375.00,6461.00
489.00,413.00,6461.00
6481.00,6294.00,2308.00
5802.00,3744.00,6455.00
5949.00,5802.00,6455.00
6487.00,6267.00,6018.00
3026.00,6539.00,3547.00
611.00,819.00,6460.00
1443.00,1464.00,2300.00
421.00,424.00,6474.00
6493.00,3739.00,5912.00
5987.00,6493.00,5912.00
6498.00,6440.00,6384.00
6494.00,6498.00,6384.00
770.00,5851.00,6460.00
6054.00,1803.00,6496.00
5205.00,5356.00,5617.00
6502.00,6269.00,6467.00
6172.00,6502.00,6467.00
6503.00,693.00,6474.00
424.00,6503.00,6474.00
6440.00,3710.00,6493.00
5987.00,6440.00,6493.00
2253.00,2669.00,6563.00
6223.00,6599.00,6482.00
3699.00,6223.00,6482.00
6002.00,6452.00,6466.00
4908.00,5187.00,6479.00
24.00,66.00,23.00
1038.00,1292.00,1024.00
956.00,5771.00,6286.00
6454.00,5868.00,5969.00
6116.00,6454.00,5969.00
3700.00,4200.00,4198.00
3689.00,3700.00,4198.00
2719.00,3204.00,3640.00
130.00,75.00,42.00
6463.00,3744.00,5802.00
6054.00,2217.00,2261.00
4750.00,4738.00,6479.00
5183.00,5180.00,6567.00
1571.00,6425.00,1837.00
6294.00,1571.00,1837.00
2144.00,2624.00,2622.00
4951.00,5196.00,5320.00
6018.00,5914.00,6487.00
6294.00,1837.00,2307.00
2308.00,6294.00,2307.00
4426.00,3907.00,3918.00
3919.00,4426.00,3918.00
3603.00,3140.00,3953.00
1742.00,2140.00,2141.00
2158.00,1742.00,2141.00
1516.00,1487.00,1529.00
872.00,1516.00,1529.00
273.00,317.00,650.00
5668.00,5758.00,5759.00
5756.00,5668.00,5759.00
1374.00,2182.00,6451.00
337.00,340.00,391.00
74.00,92.00,33.00
848.00,607.00,159.00
3868.00,3562.00,3560.00
1680.00,2476.00,6542.00
1676.00,1680.00,6542.00
3598.00,3599.00,2677.00
4878.00,5272.00,5048.00
3406.00,2788.00,2789.00
4586.00,4587.00,4375.00
216.00,847.00,848.00
3614.00,3972.00,2686.00
2093.00,2942.00,3519.00
2261.00,3095.00,2677.00
3288.00,3287.00,3329.00
4899.00,4678.00,4659.00
5619.00,5207.00,5205.00
5617.00,5619.00,5205.00
5255.00,6145.00,5487.00
1815.00,5884.00,2322.00
3051.00,2201.00,3559.00
4904.00,4706.00,5123.00
2368.00,3227.00,6402.00
4650.00,3919.00,3942.00
3687.00,4153.00,4152.00
3686.00,3687.00,4152.00
1067.00,1296.00,1645.00
1653.00,1067.00,1645.00
2002.00,2582.00,1990.00
2590.00,2912.00,2024.00
4381.00,2967.00,3833.00
4375.00,4381.00,3833.00
4707.00,4717.00,4910.00
4706.00,4707.00,4910.00
4659.00,4658.00,5095.00
4951.00,5200.00,4792.00
5664.00,5507.00,5510.00
340.00,337.00,6546.00
2282.00,1778.00,1443.00
2300.00,2282.00,1443.00
3492.00,3484.00,3485.00
6187.00,5992.00,6513.00
2876.00,2571.00,1976.00
4884.00,5077.00,5529.00
5074.00,4884.00,5529.00
1630.00,2406.00,1618.00
65.00,6275.00,6029.00
82.00,65.00,6029.00
1296.00,1067.00,1051.00
4977.00,4989.00,6549.00
341.00,1035.00,1033.00
2871.00,2880.00,2879.00
6526.00,5887.00,1898.00
3907.00,3560.00,3561.00
6601.00,6605.00,5912.00
3972.00,6551.00,2686.00
3825.00,3519.00,2942.00
3817.00,3825.00,2942.00
6528.00,1077.00,708.00
4663.00,4659.00,4678.00
658.00,938.00,216.00
302.00,658.00,216.00
2819.00,6457.00,5791.00
6282.00,2819.00,5791.00
6123.00,5786.00,6454.00
2300.00,1464.00,1800.00
4391.00,4383.00,4610.00
4615.00,4391.00,4610.00
3436.00,3708.00,3349.00
2789.00,3436.00,3349.00
317.00,28.00,24.00
23.00,317.00,24.00
943.00,6106.00,1009.00
980.00,943.00,1009.00
2402.00,1596.00,2404.00
2751.00,2402.00,2404.00
2983.00,2986.00,2985.00
2141.00,2983.00,2985.00
4641.00,4647.00,4417.00
4640.00,4641.00,4417.00
1545.00,1544.00,1816.00
1817.00,1545.00,1816.00
3492.00,2898.00,3496.00
3591.00,3620.00,3953.00
3935.00,3591.00,3953.00
5046.00,5048.00,5268.00
5266.00,5046.00,5268.00
5465.00,5253.00,5252.00
5247.00,5465.00,5252.00
5923.00,4340.00,2862.00
5156.00,4912.00,5135.00
3653.00,4116.00,3272.00
3269.00,3653.00,3272.00
6054.00,6496.00,2215.00
2217.00,6054.00,2215.00
3629.00,3237.00,6561.00
3599.00,3629.00,6561.00
2722.00,2371.00,3198.00
3633.00,2722.00,3198.00
803.00,160.00,159.00
607.00,803.00,159.00
693.00,1015.00,1066.00
1091.00,693.00,1066.00
5183.00,5149.00,5172.00
6120.00,599.00,739.00
6073.00,4099.00,4102.00
2471.00,2789.00,2468.00
1890.00,2471.00,2468.00
6146.00,6066.00,5941.00
424.00,292.00,337.00
2066.00,2050.00,2051.00
3578.00,3582.00,3928.00
5149.00,5303.00,5311.00
5172.00,5149.00,5311.00
1264.00,981.00,1618.00
2050.00,2598.00,2048.00
2038.00,2050.00,2048.00
6349.00,6566.00,5971.00
5842.00,531.00,489.00
892.00,5973.00,614.00
2046.00,2047.00,2058.00
6535.00,2046.00,6600.00
3627.00,5935.00,3181.00
6290.00,6144.00,3974.00
3972.00,6290.00,3974.00
44.00,43.00,42.00
21.00,44.00,42.00
6349.00,5971.00,892.00
886.00,6349.00,892.00
5268.00,5272.00,5658.00
3650.00,3263.00,3237.00
3629.00,3650.00,3237.00
5347.00,5323.00,5320.00
6565.00,5347.00,5320.00
6636.00,3067.00,3083.00
4738.00,6139.00,4742.00
4715.00,4738.00,4742.00
5789.00,6480.00,3611.00
3612.00,5789.00,3611.00
650.00,268.00,886.00
5125.00,5135.00,5604.00
5302.00,5125.00,5604.00
3139.00,3173.00,3143.00
5669.00,5758.00,5545.00
5532.00,5669.00,5545.00
2884.00,3492.00,2874.00
2876.00,2884.00,2874.00
1823.00,5971.00,6566.00
3095.00,3096.00,3125.00
2677.00,3095.00,3125.00
6172.00,6370.00,6376.00
5995.00,6172.00,6376.00
4948.00,5196.00,4951.00
4806.00,4948.00,4951.00
2228.00,2229.00,2243.00
1529.00,2303.00,6379.00
629.00,5824.00,169.00
2399.00,1846.00,2402.00
4458.00,4687.00,4672.00
3960.00,4458.00,4672.00
4330.00,2845.00,2842.00
2672.00,2668.00,3592.00
304.00,1020.00,341.00
301.00,304.00,341.00
2274.00,2296.00,2690.00
1592.00,1846.00,1840.00
6180.00,6439.00,938.00
933.00,6180.00,938.00
2220.00,2187.00,2222.00
2236.00,2220.00,2222.00
2568.00,2874.00,3485.00
2864.00,2568.00,3485.00
4663.00,4678.00,4445.00
4436.00,4663.00,4445.00
1545.00,970.00,964.00
1543.00,1545.00,964.00
5937.00,4109.00,4114.00
2666.00,2285.00,2270.00
5617.00,5616.00,5675.00
5679.00,5617.00,5675.00
757.00,6496.00,804.00
5123.00,5111.00,5813.00
5582.00,5123.00,5813.00
5862.00,6511.00,667.00
6327.00,6479.00,5187.00
6447.00,6266.00,260.00
1114.00,539.00,6382.00
1409.00,1429.00,1427.00
6185.00,1409.00,1427.00
6366.00,5945.00,6357.00
5799.00,6366.00,6357.00
3144.00,3143.00,3176.00
3595.00,3144.00,3176.00
6441.00,6180.00,933.00
639.00,6441.00,933.00
2754.00,6016.00,6289.00
2757.00,2754.00,6289.00
392.00,343.00,6287.00
489.00,530.00,413.00
1242.00,1243.00,1548.00
1546.00,1242.00,1548.00
4835.00,5007.00,4837.00
4580.00,4835.00,4837.00
4108.00,4486.00,4743.00
5912.00,6605.00,5998.00
1868.00,1630.00,1622.00
4970.00,4977.00,4813.00
5882.00,1234.00,5777.00
148.00,601.00,600.00
4544.00,4545.00,4960.00
5312.00,5352.00,5319.00
5315.00,5312.00,5319.00
2722.00,2718.00,2349.00
2370.00,2722.00,2349.00
2014.00,2002.00,2003.00
2852.00,1941.00,1966.00
3908.00,3893.00,3868.00
5475.00,5476.00,5726.00
5467.00,5475.00,5726.00
6569.00,4277.00,6446.00
23.00,66.00,62.00
3990.00,3960.00,3959.00
5447.00,6270.00,5436.00
5215.00,5419.00,5392.00
3115.00,3592.00,2668.00
2669.00,3115.00,2668.00
2729.00,2377.00,3206.00
1478.00,1507.00,6185.00
3921.00,4427.00,4442.00
4825.00,5950.00,5930.00
2197.00,1385.00,1748.00
3594.00,3144.00,3595.00
3936.00,3594.00,3595.00
3793.00,3792.00,3796.00
4818.00,3793.00,3796.00
4687.00,4458.00,4684.00
2080.00,2126.00,2614.00
2958.00,2080.00,2614.00
2895.00,2896.00,2905.00
4747.00,4494.00,4757.00
2371.00,2370.00,2348.00
1840.00,2371.00,2348.00
3207.00,3640.00,4029.00
4710.00,4683.00,4678.00
5093.00,5116.00,5118.00
5095.00,5093.00,5118.00
1074.00,1092.00,1073.00
1613.00,6289.00,6016.00
1288.00,1613.00,6016.00
4381.00,3839.00,2967.00
3851.00,4399.00,4401.00
3004.00,3851.00,4401.00
4820.00,6512.00,5226.00
5226.00,6512.00,4832.00
5641.00,6514.00,5725.00
6471.00,6515.00,5839.00
5791.00,6516.00,6282.00
6239.00,6519.00,5973.00
6466.00,6526.00,6344.00
1092.00,6528.00,1316.00
5123.00,5292.00,4904.00
6462.00,6533.00,2090.00
6437.00,6535.00,2106.00
4511.00,6537.00,4301.00
6461.00,6538.00,489.00
489.00,6538.00,5842.00
3547.00,6539.00,3546.00
3546.00,6539.00,3014.00
5980.00,6541.00,5943.00
6402.00,6545.00,2368.00
6429.00,6550.00,2737.00
2737.00,6550.00,2735.00
3974.00,6551.00,3972.00
1316.00,6552.00,6188.00
6606.00,2003.00,1973.00
5683.00,6622.00,5626.00
5416.00,6556.00,5624.00
459.00,6558.00,537.00
641.00,6559.00,6425.00
5135.00,4916.00,5807.00
5362.00,6565.00,5210.00
6414.00,6567.00,5958.00
5958.00,6567.00,5180.00
5746.00,6568.00,5814.00
5814.00,6568.00,5507.00
3405.00,6569.00,2776.00
2144.00,6570.00,2166.00
2026.00,2590.00,2024.00
4820.00,3796.00,6512.00
1499.00,1800.00,1464.00
1498.00,1499.00,1464.00
92.00,6395.00,6543.00
1830.00,6519.00,2337.00
33.00,92.00,6543.00
6465.00,3759.00,6521.00
6512.00,3807.00,4572.00
4832.00,6512.00,4572.00
880.00,1242.00,6566.00
6349.00,880.00,6566.00
5802.00,4308.00,6523.00
6463.00,5802.00,6523.00
5507.00,6568.00,6509.00
6526.00,6466.00,6452.00
5887.00,6526.00,6452.00
2843.00,1949.00,2842.00
2845.00,2843.00,2842.00
3006.00,3014.00,6539.00
537.00,5842.00,6538.00
6544.00,537.00,6538.00
3022.00,5788.00,6564.00
6273.00,3022.00,6564.00
6559.00,162.00,6490.00
6425.00,6559.00,6490.00
6528.00,1092.00,1074.00
1077.00,6528.00,1074.00
6139.00,4788.00,6537.00
1939.00,6282.00,6516.00
6267.00,1939.00,6516.00
2168.00,2166.00,6570.00
5903.00,2168.00,6570.00
6550.00,1823.00,2384.00
2735.00,6550.00,2384.00
4651.00,4650.00,3942.00
5412.00,5624.00,6556.00
5381.00,5412.00,6556.00
641.00,253.00,6559.00
5620.00,5381.00,6556.00
5679.00,5620.00,6556.00
2668.00,2258.00,6563.00
2669.00,2668.00,6563.00
6293.00,413.00,530.00
6471.00,6293.00,530.00
881.00,260.00,6266.00
1278.00,881.00,6266.00
4496.00,4498.00,4757.00
4494.00,4496.00,4757.00
6447.00,254.00,642.00
6266.00,6447.00,642.00
6525.00,5943.00,6541.00
1082.00,537.00,6558.00
1104.00,1082.00,6558.00
3798.00,3807.00,6512.00
3796.00,3798.00,6512.00
6599.00,6223.00,6513.00
5992.00,6242.00,6513.00
1882.00,5779.00,6610.00
4816.00,4977.00,6549.00
2064.00,2090.00,6533.00
2058.00,2064.00,6533.00
1939.00,6344.00,6526.00
1898.00,1939.00,6526.00
6550.00,6429.00,1825.00
1823.00,6550.00,1825.00
2690.00,2686.00,6551.00
6552.00,1316.00,6528.00
708.00,6552.00,6528.00
6498.00,6494.00,6524.00
229.00,2.00,6595.00
6558.00,459.00,1045.00
1086.00,6558.00,1045.00
3457.00,3754.00,2798.00
6038.00,6410.00,5862.00
667.00,6038.00,5862.00
5197.00,5210.00,6565.00
2798.00,2477.00,3457.00
5930.00,4816.00,6549.00
4825.00,5930.00,6549.00
1890.00,1676.00,2471.00
5758.00,5668.00,5510.00
5543.00,5758.00,5510.00
2013.00,2887.00,2895.00
2023.00,2013.00,2895.00
1478.00,5777.00,5869.00
1507.00,1478.00,5869.00
5652.00,5727.00,5644.00
5726.00,5652.00,5644.00
2796.00,6463.00,6542.00
2476.00,2796.00,6542.00
6107.00,5868.00,6531.00
4894.00,4896.00,5292.00
2367.00,2339.00,1830.00
2337.00,2367.00,1830.00
3182.00,3155.00,3612.00
3613.00,3182.00,3612.00
5247.00,5252.00,4845.00
5245.00,5247.00,4845.00
569.00,568.00,701.00
3754.00,3755.00,6541.00
5980.00,3754.00,6541.00
568.00,599.00,6515.00
6471.00,568.00,6515.00
1918.00,6188.00,6552.00
1338.00,1918.00,6552.00
2406.00,1630.00,1864.00
2412.00,2406.00,1864.00
565.00,5839.00,6515.00
6152.00,565.00,6515.00
6225.00,6442.00,6590.00
6228.00,4301.00,6537.00
6455.00,6228.00,6537.00
3405.00,2776.00,2444.00
2778.00,3405.00,2444.00
3104.00,5947.00,4436.00
6264.00,3104.00,4436.00
1033.00,1035.00,1053.00
1051.00,1033.00,1053.00
4962.00,4957.00,5204.00
5205.00,4962.00,5204.00
6541.00,4307.00,6525.00
1608.00,1618.00,2406.00
5025.00,5446.00,5015.00
5807.00,4916.00,5163.00
5998.00,5987.00,5912.00
5644.00,5727.00,6411.00
3060.00,3048.00,3898.00
2722.00,3633.00,2718.00
2402.00,1846.00,1596.00
4417.00,4418.00,3565.00
3176.00,3143.00,3173.00
5611.00,5311.00,5303.00
5958.00,6040.00,4502.00
4032.00,4072.00,6574.00
5048.00,3872.00,6436.00
4586.00,4375.00,4373.00
5302.00,5300.00,5112.00
5529.00,6509.00,5074.00
5074.00,6509.00,6613.00
3263.00,3650.00,3655.00
3839.00,2986.00,2967.00
6508.00,2706.00,2322.00
3140.00,3139.00,3593.00
2965.00,2966.00,2967.00
6614.00,6327.00,5187.00
6414.00,6614.00,5187.00
1622.00,1282.00,1283.00
1073.00,1662.00,1058.00
5252.00,4610.00,4601.00
850.00,1507.00,5869.00
852.00,850.00,5869.00
2022.00,2035.00,2046.00
4586.00,4585.00,4587.00
4701.00,4475.00,4463.00
6531.00,6376.00,6370.00
5766.00,6531.00,6370.00
130.00,445.00,75.00
1949.00,1947.00,6521.00
2842.00,1949.00,6521.00
6616.00,2690.00,6551.00
3559.00,3558.00,3565.00
4665.00,4427.00,4440.00
4672.00,4665.00,4440.00
4696.00,4462.00,4011.00
4051.00,4696.00,4011.00
5113.00,5125.00,5302.00
5112.00,5113.00,5302.00
55.00,11.00,21.00
42.00,55.00,21.00
2965.00,2986.00,2983.00
2976.00,2965.00,2983.00
3482.00,2864.00,3485.00
3484.00,3482.00,3485.00
5007.00,4835.00,4574.00
5446.00,5436.00,5236.00
981.00,1282.00,1618.00
6580.00,2527.00,2827.00
3286.00,3259.00,3222.00
3673.00,3286.00,3222.00
3633.00,4018.00,2718.00
6617.00,3699.00,6482.00
2781.00,2785.00,6618.00
4466.00,3178.00,2718.00
4018.00,4466.00,2718.00
3593.00,3139.00,2672.00
3592.00,3593.00,2672.00
6583.00,1408.00,6185.00
5361.00,5215.00,5212.00
74.00,75.00,445.00
92.00,74.00,6578.00
6615.00,6437.00,2066.00
5611.00,5578.00,6619.00
2230.00,1776.00,6584.00
1840.00,1846.00,2399.00
2371.00,1840.00,2399.00
607.00,847.00,6597.00
4574.00,4826.00,5007.00
6620.00,6508.00,6472.00
1973.00,2003.00,1977.00
1963.00,1973.00,1977.00
3139.00,3143.00,3121.00
2672.00,3139.00,3121.00
1955.00,1963.00,1977.00
1954.00,1955.00,1977.00
2404.00,1596.00,1608.00
2406.00,2404.00,1608.00
4586.00,4373.00,4575.00
4580.00,4586.00,4575.00
5009.00,5015.00,5446.00
5236.00,5009.00,5446.00
2047.00,2595.00,2064.00
2058.00,2047.00,2064.00
4977.00,4985.00,4989.00
2855.00,2867.00,1965.00
5419.00,5626.00,6622.00
4325.00,3759.00,3476.00
658.00,6546.00,6623.00
5135.00,4912.00,4728.00
4916.00,5135.00,4728.00
2846.00,3476.00,3759.00
6465.00,2846.00,3759.00
6626.00,6513.00,6223.00
6463.00,6523.00,6542.00
1676.00,6542.00,6523.00
2471.00,1676.00,6523.00
1973.00,2867.00,6627.00
4544.00,4960.00,5197.00
3492.00,6629.00,3484.00
2002.00,1990.00,2003.00
2396.00,2746.00,2368.00
2253.00,2296.00,2274.00
2669.00,2253.00,2274.00
2796.00,2476.00,2830.00
3458.00,2796.00,2830.00
956.00,6286.00,989.00
924.00,956.00,989.00
1311.00,1091.00,1067.00
1653.00,1311.00,1067.00
4875.00,5072.00,4880.00
4640.00,4875.00,4880.00
5188.00,6630.00,5312.00
5315.00,5188.00,5312.00
82.00,6562.00,63.00
64.00,82.00,63.00
1008.00,1009.00,1024.00
2023.00,2035.00,2022.00
2011.00,2023.00,2022.00
4445.00,4678.00,4683.00
4452.00,4445.00,4683.00
2870.00,2871.00,2879.00
2886.00,2870.00,2879.00
2985.00,2164.00,2158.00
2141.00,2985.00,2158.00
4032.00,3648.00,3191.00
1287.00,1020.00,1004.00
1023.00,1287.00,1004.00
2719.00,3640.00,3206.00
2377.00,2719.00,3206.00
1033.00,1051.00,1066.00
1015.00,1033.00,1066.00
5072.00,5089.00,5092.00
4880.00,5072.00,5092.00
2459.00,2786.00,2774.00
2438.00,2459.00,2774.00
2427.00,3288.00,3329.00
2434.00,2427.00,3329.00
5882.00,5777.00,1457.00
2267.00,5882.00,1457.00
5746.00,6081.00,6406.00
3653.00,3207.00,4029.00
4114.00,3653.00,4029.00
6233.00,4220.00,6524.00
6135.00,6233.00,6524.00
1965.00,1963.00,1955.00
2848.00,1965.00,1955.00
6054.00,2261.00,2308.00
2307.00,6054.00,2308.00
756.00,6564.00,5788.00
1758.00,756.00,5788.00
5885.00,1832.00,2710.00
1836.00,5885.00,2710.00
62.00,66.00,64.00
63.00,62.00,64.00
739.00,599.00,568.00
569.00,739.00,568.00
3928.00,5953.00,3924.00
3914.00,3928.00,3924.00
4710.00,4711.00,4695.00
4683.00,4710.00,4695.00
3312.00,2763.00,2430.00
2770.00,3312.00,2430.00
4102.00,4104.00,4912.00
6073.00,4102.00,4912.00
60.00,130.00,42.00
43.00,60.00,42.00
5292.00,5582.00,5568.00
5290.00,5291.00,5093.00
5092.00,5290.00,5093.00
5369.00,5376.00,5397.00
5399.00,5369.00,5397.00
1204.00,6256.00,774.00
4960.00,4965.00,5209.00
5210.00,4960.00,5209.00
2855.00,5923.00,2862.00
2861.00,2855.00,2862.00
5132.00,5156.00,5125.00
5113.00,5132.00,5125.00
5312.00,5323.00,5351.00
5352.00,5312.00,5351.00
6183.00,6027.00,201.00
1545.00,1817.00,1841.00
2250.00,2666.00,2270.00
2249.00,2250.00,2270.00
3498.00,3806.00,3798.00
6400.00,6511.00,5862.00
868.00,6400.00,5862.00
2303.00,6480.00,5789.00
6406.00,5704.00,6342.00
6406.00,6081.00,5704.00
6624.00,6631.00,6461.00
1020.00,1286.00,1035.00
341.00,1020.00,1035.00
3146.00,3928.00,3582.00
4198.00,4200.00,4202.00
4490.00,4198.00,4202.00
3702.00,3342.00,4278.00
5210.00,5209.00,5214.00
5362.00,5210.00,5214.00
3901.00,3877.00,4875.00
5620.00,5679.00,5675.00
5672.00,5620.00,5675.00
162.00,804.00,6490.00
642.00,254.00,643.00
970.00,642.00,643.00
4109.00,4497.00,4244.00
5943.00,4109.00,4244.00
4341.00,2862.00,4340.00
4537.00,4341.00,4340.00
302.00,248.00,304.00
301.00,302.00,304.00
2451.00,1882.00,2781.00
5919.00,2451.00,2781.00
2906.00,3498.00,3496.00
2898.00,2906.00,3496.00
341.00,391.00,340.00
301.00,341.00,340.00
1918.00,1338.00,1715.00
6276.00,1918.00,1715.00
4102.00,4099.00,3658.00
3684.00,4102.00,3658.00
3048.00,2656.00,3898.00
5522.00,6196.00,5567.00
5523.00,5522.00,5567.00
5427.00,5440.00,5237.00
5235.00,5427.00,5237.00
3307.00,3689.00,3687.00
3306.00,3307.00,3687.00
1006.00,1282.00,981.00
980.00,1006.00,981.00
4442.00,4443.00,3947.00
3946.00,4442.00,3947.00
4650.00,4651.00,4644.00
2744.00,2396.00,2337.00
6393.00,2744.00,2337.00
3652.00,3633.00,3198.00
3264.00,3652.00,3198.00
1622.00,1283.00,1290.00
366.00,6269.00,365.00
360.00,366.00,365.00
2852.00,2864.00,2851.00
2846.00,2852.00,2851.00
2855.00,1965.00,2848.00
2849.00,2855.00,2848.00
2568.00,2852.00,1966.00
2238.00,2236.00,2222.00
2239.00,2238.00,2222.00
2921.00,2919.00,2920.00
4362.00,2921.00,2920.00
3935.00,3593.00,3592.00
3590.00,3935.00,3592.00
600.00,1496.00,1431.00
1458.00,600.00,1431.00
2123.00,2140.00,2118.00
4865.00,5050.00,4630.00
4629.00,4865.00,4630.00
2750.00,2399.00,2402.00
2751.00,2750.00,2402.00
4278.00,4241.00,4240.00
3702.00,4278.00,4240.00
3912.00,3885.00,3893.00
6382.00,539.00,501.00
538.00,6382.00,501.00
6287.00,343.00,989.00
6286.00,6287.00,989.00
1977.00,1976.00,1974.00
6472.00,6508.00,960.00
956.00,6472.00,960.00
5657.00,5666.00,5511.00
5513.00,5657.00,5511.00
3943.00,3959.00,3960.00
3945.00,3943.00,3960.00
2778.00,2445.00,2467.00
2451.00,2778.00,2467.00
2308.00,2677.00,6481.00
459.00,6544.00,421.00
6474.00,459.00,421.00
130.00,60.00,5839.00
445.00,130.00,5839.00
650.00,317.00,268.00
6145.00,6179.00,5497.00
5487.00,6145.00,5497.00
1114.00,1338.00,6552.00
708.00,1114.00,6552.00
3457.00,3739.00,3755.00
3754.00,3457.00,3755.00
3700.00,3331.00,3702.00
5012.00,5237.00,4837.00
5991.00,6135.00,6365.00
5914.00,5991.00,6365.00
756.00,6075.00,757.00
6397.00,756.00,757.00
686.00,1073.00,1058.00
1042.00,686.00,1058.00
6546.00,337.00,6623.00
4900.00,5926.00,4466.00
4476.00,4900.00,4466.00
6256.00,1770.00,2253.00
6563.00,6256.00,2253.00
4335.00,4334.00,2851.00
3482.00,4335.00,2851.00
1409.00,1408.00,1383.00
13.00,121.00,21.00
11.00,13.00,21.00
2312.00,2348.00,2370.00
6361.00,155.00,169.00
5824.00,6361.00,169.00
663.00,253.00,641.00
979.00,663.00,641.00
254.00,6447.00,256.00
5756.00,5754.00,5744.00
5751.00,5756.00,5744.00
45.00,324.00,6027.00
375.00,45.00,6027.00
34.00,33.00,5816.00
4440.00,4651.00,3942.00
3945.00,4440.00,3942.00
4334.00,4524.00,4525.00
4336.00,4334.00,4525.00
5657.00,5755.00,5754.00
5666.00,5657.00,5754.00
741.00,1386.00,746.00
742.00,741.00,746.00
6041.00,6364.00,538.00
6155.00,6041.00,538.00
2646.00,3044.00,6273.00
2438.00,1874.00,1876.00
2458.00,2438.00,1876.00
5746.00,5656.00,5658.00
6568.00,5746.00,5658.00
1290.00,1651.00,1874.00
2422.00,1290.00,1874.00
2913.00,2595.00,2037.00
2904.00,2913.00,2037.00
741.00,1762.00,1751.00
1386.00,741.00,1751.00
6112.00,746.00,6450.00
6486.00,6112.00,6450.00
4981.00,5220.00,5365.00
5216.00,4981.00,5365.00
253.00,161.00,6559.00
6519.00,6239.00,6393.00
2337.00,6519.00,6393.00
1888.00,1889.00,2434.00
2457.00,1888.00,2434.00
5005.00,5007.00,4826.00
292.00,421.00,246.00
247.00,292.00,246.00
5778.00,1597.00,1576.00
1523.00,5778.00,1576.00
5469.00,5445.00,5441.00
5449.00,5469.00,5441.00
5187.00,5154.00,6637.00
6414.00,5187.00,6637.00
2630.00,3032.00,3028.00
5412.00,5236.00,5436.00
5624.00,5412.00,5436.00
2656.00,3032.00,2186.00
2220.00,2656.00,2186.00
1378.00,1383.00,6104.00
6451.00,1378.00,6104.00
2622.00,2624.00,2630.00
3016.00,2622.00,2630.00
2200.00,2198.00,2201.00
4381.00,4375.00,4587.00
1055.00,1038.00,1054.00
6638.00,1055.00,1054.00
3821.00,4373.00,4375.00
3833.00,3821.00,4375.00
2620.00,2614.00,2144.00
2622.00,2620.00,2144.00
5532.00,6575.00,5549.00
6258.00,6576.00,6063.00
6063.00,6576.00,6347.00
1144.00,6577.00,6326.00
6284.00,6578.00,445.00
445.00,6578.00,74.00
5183.00,6579.00,5149.00
5149.00,6579.00,5128.00
6326.00,6580.00,6209.00
886.00,6581.00,6349.00
6349.00,6581.00,880.00
6564.00,6582.00,6273.00
6338.00,6583.00,6271.00
774.00,6584.00,5851.00
5578.00,6585.00,6619.00
5635.00,6586.00,5695.00
5695.00,6586.00,6554.00
5077.00,6587.00,5529.00
5529.00,6587.00,5543.00
4116.00,6589.00,3663.00
3663.00,6589.00,4120.00
1830.00,6591.00,6519.00
6436.00,6592.00,4878.00
4878.00,6592.00,4882.00
3653.00,6593.00,4116.00
4116.00,6593.00,6628.00
6564.00,6594.00,6582.00
6462.00,6598.00,6533.00
6401.00,6599.00,6513.00
6533.00,6600.00,2058.00
2058.00,6600.00,2046.00
5786.00,6602.00,6454.00
6454.00,6602.00,5868.00
2303.00,6603.00,6379.00
6065.00,6604.00,4301.00
4301.00,6604.00,4244.00
1920.00,6605.00,6601.00
6527.00,6606.00,1987.00
4811.00,6607.00,6298.00
6298.00,6607.00,2881.00
6275.00,6608.00,6543.00
6543.00,6608.00,33.00
3872.00,6609.00,6436.00
6436.00,6609.00,3060.00
2785.00,6610.00,2457.00
6570.00,6611.00,5903.00
5903.00,6611.00,6598.00
3295.00,6612.00,3683.00
5272.00,6613.00,5658.00
2046.00,6615.00,2022.00
3138.00,6616.00,3620.00
2785.00,6617.00,6618.00
6482.00,6618.00,6617.00
2705.00,6620.00,6603.00
6366.00,6621.00,6442.00
6442.00,6621.00,6574.00
933.00,6623.00,6634.00
375.00,6624.00,6461.00
6342.00,6625.00,5727.00
6513.00,6626.00,6187.00
1987.00,6627.00,2870.00
4250.00,6628.00,4307.00
3793.00,6629.00,3792.00
6544.00,6631.00,6635.00
2714.00,6632.00,3191.00
3885.00,6633.00,3893.00
3893.00,6633.00,3868.00
292.00,6634.00,337.00
337.00,6634.00,6623.00
5824.00,6635.00,6631.00
1662.00,6638.00,1058.00
4882.00,6592.00,3924.00
5976.00,6432.00,6602.00
5786.00,5976.00,6602.00
6629.00,3492.00,3496.00
3792.00,6629.00,3496.00
6576.00,6258.00,6275.00
6543.00,6576.00,6275.00
6579.00,5154.00,6020.00
5128.00,6579.00,6020.00
5567.00,6240.00,6585.00
92.00,6578.00,6395.00
6579.00,5183.00,6637.00
5154.00,6579.00,6637.00
4977.00,4970.00,4985.00
6580.00,6326.00,6577.00
2527.00,6580.00,6577.00
6581.00,886.00,268.00
6583.00,6338.00,6104.00
1408.00,6583.00,6104.00
5311.00,5611.00,6619.00
6219.00,5311.00,6619.00
6027.00,6183.00,6624.00
375.00,6027.00,6624.00
1300.00,1055.00,6638.00
6576.00,6543.00,6395.00
6347.00,6576.00,6395.00
6584.00,774.00,6256.00
2230.00,6584.00,6256.00
2.00,55.00,6588.00
1660.00,1300.00,6638.00
1662.00,1660.00,6638.00
6586.00,5635.00,5433.00
6587.00,5077.00,5085.00
5557.00,6587.00,5085.00
6589.00,4116.00,6628.00
4250.00,6589.00,6628.00
6589.00,4250.00,3710.00
4120.00,6589.00,3710.00
6592.00,6436.00,3060.00
3898.00,6592.00,3060.00
4282.00,6327.00,6614.00
4502.00,4282.00,6614.00
1963.00,1965.00,2867.00
1973.00,1963.00,2867.00
3862.00,3868.00,6633.00
3546.00,3862.00,6633.00
5545.00,5568.00,6575.00
5532.00,5545.00,6575.00
6261.00,6267.00,6596.00
5996.00,6261.00,6596.00
6602.00,6432.00,6531.00
5868.00,6602.00,6531.00
6000.00,6482.00,6599.00
6401.00,6000.00,6599.00
4072.00,4131.00,6574.00
3655.00,3683.00,6612.00
3263.00,3655.00,6612.00
6564.00,756.00,6594.00
2757.00,3263.00,6612.00
2754.00,2757.00,6612.00
6116.00,5996.00,6596.00
6123.00,6116.00,6596.00
607.00,6597.00,803.00
2706.00,6508.00,6620.00
2705.00,2706.00,6620.00
6600.00,6533.00,6598.00
6482.00,6000.00,6618.00
6603.00,2303.00,5789.00
2705.00,6603.00,5789.00
4792.00,5200.00,6630.00
5958.00,4502.00,6614.00
6414.00,5958.00,6614.00
6606.00,6527.00,6458.00
6607.00,4811.00,4816.00
5930.00,6607.00,4816.00
6607.00,5930.00,2896.00
2881.00,6607.00,2896.00
6608.00,6275.00,65.00
6117.00,6608.00,65.00
3974.00,3620.00,6616.00
6551.00,3974.00,6616.00
6608.00,6117.00,5816.00
33.00,6608.00,5816.00
5941.00,6066.00,6590.00
4131.00,5941.00,6590.00
1832.00,6368.00,6591.00
1830.00,1832.00,6591.00
322.00,6381.00,6595.00
34.00,322.00,6595.00
6328.00,1908.00,6577.00
1144.00,6328.00,6577.00
2781.00,1882.00,6610.00
2785.00,2781.00,6610.00
2106.00,6535.00,6611.00
6570.00,2106.00,6611.00
5762.00,268.00,317.00
23.00,5762.00,317.00
6040.00,4498.00,4278.00
3348.00,6040.00,4278.00
4878.00,5074.00,6613.00
5272.00,4878.00,6613.00
6535.00,6437.00,6615.00
2046.00,6535.00,6615.00
5445.00,5245.00,4837.00
5237.00,5445.00,4837.00
3032.00,3048.00,3028.00
162.00,6559.00,161.00
160.00,162.00,161.00
4383.00,4381.00,4587.00
4601.00,4383.00,4587.00
3559.00,2201.00,2198.00
5695.00,6554.00,6625.00
6342.00,5695.00,6625.00
3547.00,3546.00,6633.00
3885.00,3547.00,6633.00
421.00,6544.00,6635.00
246.00,421.00,6635.00
2771.00,3329.00,6617.00
2785.00,2771.00,6617.00
2748.00,3198.00,2371.00
2399.00,2748.00,2371.00
6025.00,5549.00,6575.00
5966.00,6025.00,6575.00
3435.00,6209.00,6580.00
2827.00,3435.00,6580.00
1507.00,6271.00,6583.00
6185.00,1507.00,6583.00
2066.00,2051.00,6615.00
5607.00,6219.00,6619.00
6585.00,5607.00,6619.00
292.00,247.00,6634.00
639.00,933.00,6634.00
247.00,639.00,6634.00
847.00,6439.00,6597.00
6603.00,6620.00,6379.00
6489.00,4989.00,4985.00
5392.00,6489.00,4985.00
6582.00,1386.00,1750.00
6273.00,6582.00,1750.00
6510.00,4035.00,6621.00
6366.00,6510.00,6621.00
755.00,803.00,6597.00
6486.00,755.00,6597.00
1311.00,2457.00,6610.00
5779.00,1311.00,6610.00
938.00,658.00,6623.00
933.00,938.00,6623.00
5392.00,5419.00,6622.00
6554.00,5392.00,6622.00
6183.00,6361.00,6624.00
6625.00,6554.00,6622.00
5683.00,6625.00,6622.00
6525.00,4307.00,6628.00
6593.00,6525.00,6628.00
3777.00,3484.00,6629.00
3793.00,3777.00,6629.00
6567.00,6414.00,6637.00
5183.00,6567.00,6637.00
6636.00,2229.00,3051.00
3067.00,6636.00,3051.00
6588.00,34.00,6595.00
2.00,6588.00,6595.00
6590.00,6442.00,6574.00
4131.00,6590.00,6574.00
6606.00,1973.00,6627.00
1987.00,6606.00,6627.00
6631.00,6624.00,6361.00
5824.00,6631.00,6361.00
3613.00,3627.00,3181.00
3182.00,3613.00,3181.00
4528.00,4792.00,6630.00
6169.00,4528.00,6630.00
2035.00,2037.00,2595.00
2047.00,2035.00,2595.00
848.00,159.00,220.00
6593.00,3653.00,4114.00
6525.00,6593.00,4114.00
2014.00,2003.00,6606.00
6458.00,2014.00,6606.00
3737.00,2776.00,6569.00
6446.00,3737.00,6569.00
2477.00,6601.00,3457.00
2051.00,6458.00,6527.00
2010.00,2051.00,6527.00
5112.00,5300.00,5813.00
5111.00,5112.00,5813.00
658.00,302.00,301.00
5997.00,5998.00,6605.00
1920.00,5997.00,6605.00
4105.00,4102.00,3684.00
4152.00,4105.00,3684.00
4948.00,4546.00,4544.00
5197.00,4948.00,4544.00
880.00,926.00,881.00
1243.00,880.00,881.00
2349.00,2699.00,2312.00
2370.00,2349.00,2312.00
2666.00,2250.00,6636.00
3083.00,2666.00,6636.00
780.00,5851.00,6584.00
1776.00,780.00,6584.00
6569.00,3405.00,3701.00
4277.00,6569.00,3701.00
6565.00,5320.00,5196.00
5197.00,6565.00,5196.00
2232.00,2230.00,2258.00
2204.00,2232.00,2258.00
5215.00,4985.00,4970.00
5212.00,5215.00,4970.00
127.00,411.00,412.00
62.00,127.00,412.00
343.00,667.00,6511.00
989.00,343.00,6511.00
1286.00,1623.00,1635.00
1035.00,1286.00,1635.00
1879.00,1660.00,1672.00
1890.00,1879.00,1672.00
2230.00,2232.00,1762.00
1776.00,2230.00,1762.00
2699.00,2310.00,1800.00
2312.00,2699.00,1800.00
2886.00,1999.00,1987.00
2870.00,2886.00,1987.00
3051.00,3565.00,4418.00
3067.00,3051.00,4418.00
3901.00,3565.00,3558.00
3877.00,3901.00,3558.00
4647.00,4883.00,5095.00
4658.00,4647.00,5095.00
4580.00,4837.00,5245.00
4585.00,4580.00,5245.00
4601.00,4587.00,4585.00
4845.00,4601.00,4585.00
5652.00,5746.00,6406.00
5727.00,5652.00,6406.00
1776.00,741.00,742.00
780.00,1776.00,742.00
4331.00,4517.00,4532.00
4333.00,4331.00,4532.00
5557.00,5097.00,5568.00
5248.00,5447.00,5436.00
5446.00,5248.00,5436.00
5300.00,5587.00,5966.00
5813.00,5300.00,5966.00
3259.00,2744.00,6393.00
3222.00,3259.00,6393.00
1976.00,1977.00,2003.00
1990.00,1976.00,2003.00
4462.00,4696.00,4687.00
4684.00,4462.00,4687.00
3181.00,3159.00,3155.00
5939.00,3287.00,3288.00
3295.00,5939.00,3288.00
4991.00,5004.00,5005.00
4826.00,4991.00,5005.00
6575.00,5568.00,5582.00
5966.00,6575.00,5582.00
1653.00,1888.00,2457.00
1311.00,1653.00,2457.00
6134.00,5954.00,4696.00
4051.00,6134.00,4696.00
6039.00,1151.00,1338.00
1114.00,6039.00,1338.00
273.00,118.00,28.00
317.00,273.00,28.00
5926.00,3179.00,3178.00
4466.00,5926.00,3178.00
4991.00,4825.00,6549.00
4989.00,4991.00,6549.00
1091.00,1066.00,1051.00
1067.00,1091.00,1051.00
3441.00,3744.00,6463.00
2796.00,3441.00,6463.00
3983.00,6187.00,6626.00
5933.00,3983.00,6626.00
5543.00,5510.00,5507.00
5529.00,5543.00,5507.00
5323.00,5312.00,6630.00
5200.00,5323.00,6630.00
980.00,1009.00,1008.00
1006.00,980.00,1008.00
34.00,5816.00,118.00
322.00,34.00,118.00
6029.00,6292.00,6562.00
82.00,6029.00,6562.00
5480.00,5465.00,5247.00
5469.00,5480.00,5247.00
6521.00,3759.00,4328.00
2842.00,6521.00,4328.00
2751.00,2404.00,2412.00
2413.00,2751.00,2412.00
5195.00,5193.00,5315.00
5319.00,5195.00,5315.00
2698.00,3150.00,3178.00
1874.00,2438.00,2772.00
2422.00,1874.00,2772.00
2430.00,2422.00,2772.00
6340.00,5980.00,6604.00
6338.00,5873.00,6451.00
6104.00,6338.00,6451.00
5943.00,4244.00,6604.00
5980.00,5943.00,6604.00
1386.00,6582.00,6594.00
746.00,1386.00,6594.00
3179.00,2694.00,2698.00
3178.00,3179.00,2698.00
2861.00,2870.00,6627.00
2867.00,2861.00,6627.00
1487.00,5882.00,2267.00
2270.00,1487.00,2267.00
4197.00,5933.00,6626.00
6223.00,4197.00,6626.00
2090.00,2064.00,2930.00
2939.00,2090.00,2930.00
1836.00,2710.00,6632.00
2714.00,1836.00,6632.00
3305.00,2754.00,6612.00
3295.00,3305.00,6612.00
2788.00,2459.00,2458.00
2468.00,2788.00,2458.00
6375.00,2729.00,2732.00
1852.00,6375.00,2732.00
970.00,1545.00,1841.00
6375.00,970.00,1841.00
6347.00,6395.00,6578.00
6284.00,6347.00,6578.00
75.00,74.00,6588.00
55.00,75.00,6588.00
2919.00,2931.00,2939.00
2930.00,2919.00,2939.00
2892.00,2900.00,2898.00
2884.00,2892.00,2898.00
2010.00,2022.00,6615.00
2051.00,2010.00,6615.00
6471.00,530.00,701.00
568.00,6471.00,701.00
6073.00,4912.00,5156.00
4910.00,6073.00,5156.00
264.00,926.00,6581.00
268.00,264.00,6581.00
3612.00,3155.00,2705.00
5789.00,3612.00,2705.00
2204.00,2206.00,1750.00
1751.00,2204.00,1750.00
1770.00,6256.00,1204.00
1434.00,1770.00,1204.00
3792.00,3496.00,3498.00
3798.00,3792.00,3498.00
160.00,161.00,220.00
159.00,160.00,220.00
218.00,216.00,848.00
220.00,218.00,848.00
3557.00,3558.00,3559.00
2198.00,3557.00,3559.00
3685.00,3699.00,6617.00
3329.00,3685.00,6617.00
5095.00,5118.00,4899.00
4659.00,5095.00,4899.00
2682.00,2694.00,3146.00
3582.00,2682.00,3146.00
424.00,337.00,391.00
6503.00,424.00,391.00
4545.00,4544.00,4524.00
4335.00,4545.00,4524.00
324.00,45.00,43.00
44.00,324.00,43.00
1023.00,1004.00,979.00
1005.00,1023.00,979.00
1817.00,2325.00,2351.00
1841.00,1817.00,2351.00
2352.00,2351.00,2325.00
2323.00,2352.00,2325.00
118.00,273.00,274.00
224.00,118.00,274.00
1144.00,739.00,569.00
1099.00,1144.00,569.00
1042.00,1054.00,6448.00
6038.00,1042.00,6448.00
4436.00,4445.00,3968.00
6264.00,4436.00,3968.00
3739.00,3457.00,6601.00
5912.00,3739.00,6601.00
155.00,6361.00,6183.00
4131.00,3676.00,3286.00
5941.00,4131.00,3286.00
6198.00,6338.00,6271.00
5778.00,6198.00,6271.00
1803.00,6490.00,804.00
6496.00,1803.00,804.00
6269.00,6502.00,6155.00
365.00,6269.00,6155.00
2230.00,6256.00,6563.00
2258.00,2230.00,6563.00
6397.00,6450.00,6594.00
756.00,6397.00,6594.00
4993.00,6489.00,5004.00
877.00,6379.00,6620.00
6472.00,877.00,6620.00
6331.00,6487.00,5914.00
5988.00,6331.00,5914.00
3739.00,6493.00,4250.00
4307.00,3739.00,4250.00
2197.00,1409.00,1383.00
1385.00,2197.00,1383.00
1243.00,881.00,1278.00
1588.00,1243.00,1278.00
6611.00,6535.00,6600.00
6598.00,6611.00,6600.00
1615.00,6481.00,6561.00
4894.00,5292.00,5568.00
5097.00,4894.00,5568.00
1630.00,1618.00,1282.00
1622.00,1630.00,1282.00
4241.00,4278.00,4498.00
4496.00,4241.00,4498.00
253.00,663.00,248.00
219.00,253.00,248.00
1429.00,2243.00,2267.00
1457.00,1429.00,2267.00
6546.00,658.00,301.00
340.00,6546.00,301.00
2714.00,3191.00,3192.00
2306.00,2714.00,3192.00
2219.00,3047.00,2261.00
2217.00,2219.00,2261.00
4200.00,3700.00,3702.00
4240.00,4200.00,3702.00
4537.00,4535.00,4542.00
4541.00,4537.00,4542.00
5755.00,5657.00,5492.00
5655.00,5755.00,5492.00
1623.00,1287.00,1288.00
1636.00,1623.00,1288.00
1949.00,1955.00,1954.00
1947.00,1949.00,1954.00
4099.00,3652.00,3264.00
3658.00,4099.00,3264.00
6276.00,1715.00,6133.00
2829.00,6276.00,6133.00
3806.00,3506.00,3812.00
3807.00,3806.00,3812.00
4443.00,4463.00,4014.00
3949.00,4443.00,4014.00
1954.00,1977.00,1974.00
1966.00,1954.00,1974.00
5919.00,2781.00,6618.00
6000.00,5919.00,6618.00
4672.00,4440.00,3945.00
3960.00,4672.00,3945.00
6403.00,2104.00,2105.00
2118.00,6403.00,2105.00
5513.00,5532.00,5549.00
5515.00,5513.00,5549.00
2238.00,3572.00,2236.00
1430.00,1432.00,1458.00
1431.00,1430.00,1458.00
6269.00,366.00,254.00
256.00,6269.00,254.00
3689.00,4198.00,4153.00
3687.00,3689.00,4153.00
3912.00,3893.00,4645.00
4423.00,3912.00,4645.00
5399.00,5232.00,5236.00
5412.00,5399.00,5236.00
2758.00,3307.00,3306.00
3298.00,2758.00,3306.00
66.00,24.00,6117.00
65.00,66.00,6117.00
3138.00,3591.00,3590.00
3115.00,3138.00,3590.00
4629.00,4619.00,5042.00
4865.00,4629.00,5042.00
4426.00,4644.00,4420.00
3907.00,4426.00,4420.00
5283.00,5567.00,6585.00
5578.00,5283.00,6585.00
2175.00,6403.00,2118.00
2140.00,2175.00,2118.00
4061.00,4014.00,4463.00
4475.00,4061.00,4463.00
3914.00,3924.00,6592.00
3898.00,3914.00,6592.00
5825.00,256.00,6447.00
260.00,5825.00,6447.00
5291.00,5611.00,5303.00
5116.00,5291.00,5303.00
4423.00,4645.00,4644.00
4651.00,4423.00,4644.00
196.00,201.00,279.00
5823.00,196.00,279.00
264.00,5762.00,411.00
5825.00,264.00,411.00
6508.00,5884.00,1584.00
960.00,6508.00,1584.00
2786.00,3406.00,3349.00
2774.00,2786.00,3349.00
6511.00,6400.00,924.00
989.00,6511.00,924.00
3017.00,3028.00,6609.00
3872.00,3017.00,6609.00
5053.00,4875.00,3877.00
4872.00,5053.00,3877.00
5523.00,5283.00,5079.00
5271.00,5523.00,5079.00
6401.00,6513.00,6242.00
4190.00,6401.00,6242.00
4904.00,5292.00,4896.00
4900.00,4904.00,4896.00
5416.00,5619.00,5679.00
6556.00,5416.00,5679.00
4114.00,4109.00,5943.00
6525.00,4114.00,5943.00
6568.00,5658.00,6613.00
6509.00,6568.00,6613.00
6538.00,6461.00,6631.00
6544.00,6538.00,6631.00
6609.00,3028.00,3048.00
3060.00,6609.00,3048.00
5635.00,5695.00,6342.00
6465.00,6521.00,1947.00
1942.00,6465.00,1947.00
1024.00,1292.00,1008.00
6376.00,6531.00,6432.00
6094.00,6376.00,6432.00
6498.00,6524.00,4220.00
6430.00,6498.00,4220.00
2774.00,3348.00,2772.00
5347.00,6565.00,5362.00
5365.00,5347.00,5362.00
6135.00,6524.00,6494.00
6365.00,6135.00,6494.00
3599.00,6561.00,6481.00
2677.00,3599.00,6481.00
5973.00,6519.00,6404.00
614.00,5973.00,6404.00
6179.00,6145.00,5515.00
5549.00,6179.00,5515.00
2339.00,2368.00,6545.00
2710.00,2339.00,6545.00
1748.00,3003.00,3005.00
2198.00,1748.00,3005.00
2377.00,2729.00,1841.00
2351.00,2377.00,1841.00
393.00,392.00,428.00
686.00,393.00,428.00
2.00,6.00,11.00
55.00,2.00,11.00
1024.00,1009.00,6410.00
6448.00,1024.00,6410.00
2896.00,5930.00,5950.00
2905.00,2896.00,5950.00
3206.00,3207.00,3269.00
2729.00,3206.00,3269.00
6451.00,2182.00,2193.00
1378.00,6451.00,2193.00
3463.00,6065.00,3458.00
2832.00,3463.00,3458.00
2643.00,2258.00,2668.00
2672.00,2643.00,2668.00
5649.00,5469.00,5449.00
5725.00,5649.00,5449.00
4498.00,5958.00,5180.00
4757.00,4498.00,5180.00
6146.00,5941.00,3673.00
4128.00,6146.00,3673.00
2876.00,1976.00,1990.00
2884.00,2876.00,1990.00
6471.00,5839.00,60.00
6293.00,6471.00,60.00
3138.00,3115.00,2274.00
6539.00,3026.00,5788.00
3006.00,6539.00,5788.00
1999.00,2010.00,6527.00
1987.00,1999.00,6527.00
5845.00,5969.00,6107.00
6292.00,5845.00,6107.00
6570.00,2144.00,2126.00
2106.00,6570.00,2126.00
5492.00,6145.00,5473.00
5481.00,5492.00,5473.00
201.00,6027.00,323.00
279.00,201.00,323.00
6502.00,6172.00,5995.00
6041.00,6502.00,5995.00
1385.00,1378.00,2635.00
1748.00,1385.00,2635.00
6462.00,2090.00,2091.00
2104.00,6462.00,2091.00
3342.00,2772.00,3348.00
4278.00,3342.00,3348.00
1264.00,1618.00,1608.00
1597.00,1264.00,1608.00
5935.00,3627.00,4023.00
4108.00,5935.00,4023.00
4743.00,4109.00,5937.00
4108.00,4743.00,5937.00
5945.00,6291.00,6311.00
6357.00,5945.00,6311.00
3898.00,2656.00,2236.00
3572.00,3898.00,2236.00
148.00,600.00,1222.00
156.00,148.00,1222.00
1283.00,1008.00,1292.00
1290.00,1283.00,1292.00
6545.00,6402.00,6632.00
2710.00,6545.00,6632.00
4838.00,4840.00,5015.00
5009.00,4838.00,5015.00
1966.00,1974.00,2570.00
2568.00,1966.00,2570.00
3140.00,3593.00,3935.00
3953.00,3140.00,3935.00
1630.00,1868.00,2763.00
1864.00,1630.00,2763.00
4791.00,4743.00,4486.00
4742.00,4791.00,4486.00
3038.00,2642.00,2202.00
2643.00,3038.00,2202.00
202.00,148.00,155.00
6183.00,202.00,155.00
2026.00,2024.00,2015.00
2014.00,2026.00,2015.00
4908.00,6479.00,4711.00
4710.00,4908.00,4711.00
852.00,5869.00,5855.00
912.00,852.00,5855.00
4922.00,5180.00,5183.00
5172.00,4922.00,5183.00
6270.00,5706.00,6411.00
5680.00,6270.00,6411.00
5618.00,5369.00,5381.00
5620.00,5618.00,5381.00
6562.00,6292.00,5766.00
136.00,6562.00,5766.00
3334.00,6000.00,6401.00
3701.00,3334.00,6401.00
6566.00,1242.00,1818.00
1823.00,6566.00,1818.00
4980.00,5216.00,5214.00
4975.00,4980.00,5214.00
2200.00,2197.00,1748.00
2198.00,2200.00,1748.00
6273.00,1750.00,2206.00
2646.00,6273.00,2206.00
4468.00,4715.00,4477.00
4023.00,4468.00,4477.00
2422.00,1868.00,1622.00
1290.00,2422.00,1622.00
6186.00,808.00,1490.00
1794.00,6186.00,1490.00
4665.00,4672.00,4701.00
4463.00,4665.00,4701.00
208.00,246.00,6635.00
5824.00,208.00,6635.00
3822.00,3514.00,3830.00
3823.00,3822.00,3830.00
4596.00,4386.00,4390.00
4606.00,4596.00,4390.00
6346.00,1649.00,6016.00
2754.00,6346.00,6016.00
1077.00,1074.00,465.00
496.00,1077.00,465.00
4548.00,4956.00,4957.00
4810.00,4548.00,4957.00
4600.00,4612.00,5036.00
4850.00,4600.00,5036.00
4607.00,4606.00,4392.00
4393.00,4607.00,4392.00
3836.00,3830.00,3514.00
3516.00,3836.00,3514.00
5641.00,5639.00,5705.00
5704.00,5641.00,5705.00
807.00,1566.00,1793.00
1490.00,807.00,1793.00
4847.00,4596.00,4598.00
5028.00,4847.00,4598.00
4511.00,4791.00,6139.00
6537.00,4511.00,6139.00
2204.00,2202.00,2642.00
2206.00,2204.00,2642.00
3499.00,3506.00,3806.00
3498.00,3499.00,3806.00
6486.00,6597.00,6439.00
6112.00,6486.00,6439.00
6598.00,6462.00,6033.00
5903.00,6598.00,6033.00
1920.00,6601.00,2477.00
6133.00,1920.00,2477.00
6616.00,3138.00,2274.00
2690.00,6616.00,2274.00
5543.00,6587.00,5557.00
5545.00,5543.00,5557.00
6489.00,6586.00,5004.00
5727.00,6625.00,5683.00
6411.00,5727.00,5683.00
6489.00,5392.00,6554.00
6586.00,6489.00,6554.00
2229.00,6636.00,2250.00
2243.00,2229.00,2250.00
629.00,611.00,215.00
2930.00,2064.00,2595.00
2913.00,2930.00,2595.00
3191.00,6632.00,4030.00
4032.00,3191.00,4030.00
531.00,702.00,1099.00
701.00,531.00,1099.00
2708.00,2706.00,3155.00
3159.00,2708.00,3155.00
4032.00,6574.00,6621.00
4035.00,4032.00,6621.00
3955.00,3936.00,4011.00
667.00,343.00,392.00
393.00,667.00,392.00
5933.00,4011.00,3936.00
3983.00,5933.00,3936.00
6258.00,5845.00,6292.00
6029.00,6258.00,6292.00
2884.00,1990.00,2582.00
2892.00,2884.00,2582.00
3867.00,3005.00,3004.00
4401.00,3867.00,3004.00
3822.00,3812.00,3506.00
3508.00,3822.00,3506.00
4872.00,3877.00,3557.00
3867.00,4872.00,3557.00
3047.00,3563.00,3096.00
3095.00,3047.00,3096.00
2749.00,1615.00,6561.00
3237.00,2749.00,6561.00
3596.00,3918.00,3907.00
3561.00,3596.00,3907.00
4128.00,6491.00,3669.00
6233.00,4128.00,3669.00
2919.00,2930.00,2913.00
2920.00,2919.00,2913.00
1615.00,1571.00,6294.00
6481.00,1615.00,6294.00
5639.00,5441.00,5440.00
5638.00,5639.00,5440.00
1571.00,1615.00,1629.00
1614.00,1571.00,1629.00
5234.00,5004.00,6586.00
5433.00,5234.00,6586.00
6460.00,5851.00,779.00
6441.00,6460.00,779.00
6441.00,215.00,611.00
6460.00,6441.00,611.00
5869.00,5777.00,864.00
5855.00,5869.00,864.00
4198.00,4490.00,4488.00
4153.00,4198.00,4488.00
2367.00,2396.00,2368.00
2339.00,2367.00,2368.00
4618.00,5042.00,4619.00
4399.00,4618.00,4619.00
6065.00,3463.00,6340.00
6604.00,6065.00,6340.00
156.00,819.00,169.00
155.00,156.00,169.00
5704.00,6081.00,6514.00
5641.00,5704.00,6514.00
6342.00,5704.00,5705.00
5635.00,6342.00,5705.00
1290.00,1292.00,1650.00
1651.00,1290.00,1650.00
5751.00,5744.00,5725.00
6514.00,5751.00,5725.00
4399.00,4619.00,4623.00
4401.00,4399.00,4623.00
