104.29,120.97,82.11
104.47,120.97,81.59
104.43,120.74,81.89
104.40,120.68,82.29
104.27,120.97,82.69
104.40,120.72,82.89
104.33,120.99,83.17
104.46,120.86,83.38
104.24,121.35,81.95
104.41,121.46,81.43
104.18,121.33,82.55
104.26,121.30,83.14
104.43,121.20,83.56
104.22,121.78,81.86
104.41,121.91,81.41
104.16,121.74,82.42
104.25,121.73,83.04
104.43,121.64,83.57
104.26,122.18,81.85
104.44,122.33,81.48
104.18,122.08,82.27
104.30,122.21,82.87
104.55,122.17,83.53
104.34,122.50,81.86
104.48,122.65,81.64
104.32,122.48,82.36
104.56,122.68,82.97
104.55,122.49,83.29
104.47,122.77,82.07
104.54,122.84,82.54
104.71,120.18,82.59
104.89,120.03,82.09
104.85,119.91,82.47
104.84,119.92,82.91
104.75,120.20,83.28
104.86,120.02,83.43
104.67,120.47,81.86
105.01,120.44,81.38
104.98,120.19,81.67
104.53,120.48,82.54
104.59,120.53,83.20
104.85,120.26,83.73
104.77,120.54,83.75
104.96,120.53,84.09
104.79,120.79,81.28
104.92,121.00,80.97
105.07,120.71,81.07
104.66,120.95,83.79
104.89,120.84,84.10
104.68,121.20,81.12
104.91,121.38,80.77
104.65,121.44,83.92
104.91,121.22,84.18
104.64,121.64,81.04
104.83,121.86,80.71
104.69,121.89,83.90
104.94,121.67,84.18
104.63,122.10,81.06
104.82,122.31,80.74
104.75,122.17,83.88
104.99,122.12,84.12
104.66,122.59,81.21
104.83,122.74,80.83
104.69,122.69,83.32
104.89,122.67,83.60
104.90,122.41,83.88
104.78,122.93,81.22
104.88,123.07,81.01
104.67,122.96,81.69
104.70,123.07,82.30
104.89,123.09,82.89
104.90,122.90,83.30
104.87,123.22,81.45
104.88,123.29,82.01
104.95,123.30,82.50
105.14,119.39,83.26
105.26,119.26,82.73
105.26,119.13,83.13
105.28,119.12,83.53
105.18,119.35,83.79
105.30,119.21,84.00
105.05,119.66,82.50
105.30,119.59,82.03
105.26,119.42,82.34
104.97,119.77,83.31
105.11,119.70,83.90
105.24,119.50,84.21
105.13,119.90,81.85
105.29,120.10,81.47
105.37,119.80,81.70
105.00,120.11,83.91
105.23,119.80,84.38
105.21,120.10,84.36
105.41,120.01,84.67
105.29,120.42,81.18
105.19,120.49,84.38
105.47,120.45,84.69
105.18,120.95,80.77
105.25,120.65,81.00
105.41,120.78,84.60
105.15,120.93,84.38
105.13,121.36,80.47
105.32,121.29,80.25
105.27,121.12,80.49
105.21,121.40,84.40
105.17,121.71,80.14
105.36,121.79,79.71
105.39,121.48,79.94
105.00,121.68,80.47
105.24,121.82,84.37
105.11,122.22,79.93
105.34,122.13,79.46
104.97,122.05,80.38
105.30,122.18,84.36
105.15,122.59,79.56
105.35,122.64,79.12
105.39,122.33,79.22
105.00,122.68,80.05
104.94,122.51,80.39
105.08,122.66,83.89
105.31,122.59,84.21
105.13,123.01,79.40
105.34,123.04,78.96
105.02,123.02,79.92
104.94,122.99,80.51
105.10,123.10,83.27
105.32,123.09,83.59
105.29,122.87,83.89
105.17,123.29,79.26
105.28,123.33,79.04
105.10,123.35,79.71
105.05,123.37,80.35
105.02,123.39,81.05
105.08,123.50,81.75
105.15,123.50,82.34
105.20,123.41,82.82
105.28,123.28,83.21
105.31,123.59,79.32
105.22,123.67,80.07
105.21,123.68,80.76
105.27,123.71,81.44
105.42,123.72,82.13
105.47,123.61,82.71
105.45,118.95,83.10
105.69,118.82,82.70
105.64,118.68,83.11
105.63,118.65,83.54
105.46,118.94,83.91
105.69,118.65,84.15
105.62,118.94,84.44
105.84,118.71,84.66
105.50,119.22,82.32
105.83,119.25,81.98
105.80,118.99,82.27
105.45,119.29,84.45
105.77,119.15,84.86
105.57,119.54,81.84
105.63,119.81,81.56
105.91,119.52,81.72
105.36,119.67,84.56
105.62,119.69,84.87
105.69,120.11,81.28
105.72,120.23,84.95
105.51,120.53,80.95
105.80,120.54,80.79
105.94,120.28,81.06
105.73,120.55,84.88
105.52,120.88,80.50
105.78,120.90,80.20
105.92,120.69,80.50
105.49,121.13,84.60
105.72,120.84,84.78
105.56,121.16,80.05
105.64,121.41,79.70
105.86,121.07,79.87
105.52,121.54,84.57
105.81,121.25,84.74
105.67,121.73,79.37
105.53,121.94,84.56
105.84,121.65,84.74
105.56,122.06,79.19
105.69,122.20,78.99
105.81,121.86,79.11
105.54,122.34,84.54
105.85,122.07,84.77
105.66,122.60,78.77
105.58,122.61,84.52
105.88,122.51,84.75
105.59,122.95,78.65
105.80,123.04,78.44
105.80,122.73,78.54
105.53,123.09,83.90
105.60,122.99,84.15
105.73,122.82,84.49
105.50,123.32,78.77
105.83,123.50,78.41
105.48,123.49,83.09
105.64,123.41,83.45
105.84,123.27,83.97
105.57,123.71,78.84
105.50,123.90,79.23
105.66,124.01,78.94
105.47,123.97,79.79
105.42,123.94,80.48
105.46,123.92,81.13
105.56,123.91,81.72
105.72,123.89,82.16
105.85,123.79,82.63
105.79,123.62,83.13
105.63,124.15,79.33
105.73,124.20,79.03
105.77,124.33,79.82
105.64,124.18,80.29
105.68,124.14,80.85
105.82,124.11,81.46
105.85,124.01,81.92
105.86,124.40,79.18
105.99,118.11,83.93
106.11,118.03,83.47
106.13,117.88,83.88
106.16,117.85,84.23
106.08,118.09,84.45
106.26,117.91,84.67
105.88,118.42,83.18
106.13,118.39,82.71
106.10,118.20,83.06
105.79,118.41,83.84
105.90,118.36,84.35
106.16,118.35,84.87
105.96,118.70,82.49
106.14,118.91,82.09
106.22,118.60,82.32
106.05,118.83,85.04
106.21,119.24,81.87
106.03,119.14,85.16
105.94,119.47,85.16
106.24,119.24,85.34
106.02,119.78,81.51
106.31,119.52,81.71
105.93,119.91,85.18
106.23,119.63,85.37
106.18,120.01,81.31
106.01,120.27,85.16
106.28,120.08,85.36
106.18,120.51,80.85
106.34,120.25,81.12
106.23,120.43,85.22
106.02,120.64,85.01
106.09,120.85,80.10
106.27,120.75,80.51
106.04,121.02,84.88
106.05,121.26,79.50
106.09,121.00,79.79
106.15,121.34,84.87
106.00,121.59,79.20
106.13,121.75,78.99
106.26,121.39,79.20
106.20,121.73,84.90
106.05,122.17,78.73
106.22,122.14,84.94
105.94,122.49,78.58
106.10,122.64,78.35
106.10,122.36,78.55
106.28,122.49,84.94
106.08,123.13,78.16
105.92,123.08,84.39
106.16,122.86,84.72
106.12,123.50,78.09
106.29,123.43,84.06
106.04,123.54,83.60
106.23,123.20,84.42
105.78,123.86,78.60
106.04,123.88,78.27
106.32,123.85,82.68
106.06,123.95,82.28
106.24,123.71,83.19
105.87,124.16,78.70
106.07,124.19,78.39
105.83,124.35,80.24
105.89,124.34,80.60
105.99,124.30,81.10
106.14,124.27,81.48
106.20,124.12,81.88
106.13,124.49,78.62
106.08,124.66,79.16
106.26,124.77,78.92
106.04,124.62,79.65
106.13,124.55,80.27
106.24,124.47,80.88
106.28,124.39,81.28
106.33,124.83,79.46
106.30,117.73,83.78
106.44,117.71,83.29
106.47,117.50,83.61
106.44,117.47,84.14
106.31,117.68,84.36
106.45,117.64,84.69
106.31,118.03,83.02
106.51,118.08,82.60
106.52,117.85,82.89
106.44,118.00,85.03
106.38,118.33,82.46
106.54,118.55,82.12
106.62,118.22,82.31
106.45,118.32,85.20
106.35,118.64,85.22
106.67,118.43,85.37
106.56,118.92,81.94
106.24,118.95,85.26
106.57,118.87,85.41
106.67,119.27,81.85
106.58,119.30,85.49
106.49,119.79,81.55
106.65,119.55,81.75
106.58,119.71,85.53
106.59,120.09,81.33
106.65,120.04,85.51
106.50,120.49,81.03
106.64,120.34,81.18
106.39,120.67,85.15
106.59,120.40,85.34
106.31,120.97,79.75
106.65,120.99,79.70
106.45,120.88,80.13
106.62,121.03,80.28
106.52,120.95,80.53
106.58,120.85,80.86
106.74,120.76,85.17
106.40,120.99,85.01
106.45,121.14,79.39
106.52,121.38,79.07
106.73,121.14,79.29
106.64,121.14,80.52
106.75,121.22,80.35
106.67,121.14,80.71
106.55,121.38,84.96
106.47,121.76,78.74
106.81,121.33,80.59
106.60,121.77,84.98
106.32,122.18,78.49
106.57,122.08,78.30
106.54,121.92,78.51
106.62,122.18,84.99
106.41,122.43,78.16
106.60,122.56,77.86
106.62,122.26,78.03
106.60,122.61,84.89
106.34,122.84,78.00
106.59,122.97,77.72
106.56,123.01,84.67
106.34,123.26,77.89
106.60,123.41,77.67
106.39,123.58,83.70
106.62,123.43,84.04
106.53,123.28,84.38
106.34,123.69,77.92
106.62,123.87,77.71
106.72,123.82,82.65
106.49,123.98,82.30
106.59,123.75,83.01
106.69,123.58,83.52
106.32,124.16,78.08
106.71,124.34,77.77
106.68,124.11,81.96
106.47,124.29,81.60
106.44,124.56,78.17
106.37,124.74,78.55
106.57,124.78,78.32
106.29,124.76,79.94
106.49,124.75,80.28
106.65,124.62,80.72
106.61,124.44,81.23
106.61,124.91,78.91
106.68,124.94,79.58
106.59,124.87,79.96
106.80,116.48,83.34
106.97,116.46,82.86
106.99,116.20,83.08
106.92,116.21,83.52
106.80,116.51,83.92
106.94,116.28,84.00
106.75,116.83,83.17
106.96,116.87,82.63
106.68,116.84,83.82
106.97,116.51,84.50
106.78,116.87,84.53
106.96,116.79,84.88
106.74,117.21,82.91
106.89,117.25,82.52
106.59,117.21,83.61
106.61,117.26,84.46
106.92,117.00,85.02
106.83,117.26,85.01
107.11,117.14,85.30
106.81,117.52,82.57
107.03,117.69,82.21
107.01,117.40,82.30
106.61,117.55,83.06
106.70,117.69,85.10
107.06,117.53,85.37
106.72,117.88,82.51
106.94,118.13,82.09
106.64,118.11,85.28
106.98,118.03,85.43
106.96,118.55,81.94
107.00,118.49,85.51
106.99,118.91,81.91
106.98,118.91,85.55
107.08,119.18,81.90
106.97,119.33,85.61
106.84,119.72,81.69
107.03,119.50,81.83
106.98,119.74,85.61
106.90,119.98,81.53
107.19,119.83,81.70
106.99,120.13,85.52
106.79,120.64,81.12
106.97,120.37,81.33
107.04,120.49,85.35
106.64,120.96,80.03
106.92,120.99,81.07
107.16,120.83,81.24
107.16,120.78,85.16
106.88,121.06,85.03
106.87,121.35,78.94
107.01,121.15,79.45
106.84,121.13,79.99
107.21,121.37,79.85
107.00,121.32,80.89
107.14,121.16,81.13
106.99,121.39,84.95
106.78,121.73,78.49
107.03,121.72,78.27
107.15,121.47,78.63
106.99,121.45,80.30
107.04,121.56,80.60
107.02,121.79,84.92
106.81,121.99,78.12
106.86,122.26,77.82
107.11,121.92,77.97
107.03,122.26,84.83
106.91,122.62,77.56
106.91,122.76,84.70
106.86,123.09,77.49
106.84,123.13,84.42
107.05,122.90,84.52
107.11,123.05,84.25
106.88,123.54,77.47
106.92,123.33,83.99
107.12,123.22,83.96
107.06,123.38,83.62
106.94,123.98,77.48
106.98,123.74,82.64
106.93,123.89,82.30
106.95,123.62,83.03
107.05,124.35,77.50
106.97,124.04,81.97
106.93,124.23,81.64
106.69,124.66,78.00
106.95,124.64,77.79
107.09,124.67,80.72
106.85,124.80,80.38
107.09,124.46,81.13
106.84,124.86,78.25
107.09,125.04,78.82
107.01,125.00,79.49
106.97,124.92,80.00
107.14,115.97,83.23
107.29,116.05,82.77
107.38,115.76,83.00
107.32,115.73,83.50
107.12,116.02,83.88
107.41,115.76,84.31
107.24,116.06,84.44
107.43,116.03,84.79
107.29,116.44,82.49
107.08,116.23,84.33
107.27,116.30,84.81
107.22,116.79,82.34
107.44,116.87,82.14
107.46,116.59,82.26
107.18,116.64,85.03
107.09,116.89,85.17
107.41,116.81,85.36
107.11,117.10,82.30
107.36,117.29,82.06
107.44,117.23,85.50
107.39,117.71,81.94
107.42,117.66,85.54
107.39,118.13,81.88
107.41,118.09,85.56
107.40,118.53,81.89
107.41,118.50,85.59
107.40,118.89,81.92
107.40,118.90,85.62
107.42,119.24,81.91
107.40,119.32,85.65
107.53,119.62,81.84
107.40,119.75,85.61
107.34,120.20,81.54
107.53,119.96,81.71
107.41,120.15,85.48
107.35,120.55,81.39
107.44,120.48,85.30
107.52,120.82,81.35
107.51,120.69,85.13
107.39,121.00,84.97
107.26,121.25,79.07
107.33,121.23,79.44
107.56,121.42,79.59
107.26,121.31,81.09
107.46,121.14,81.21
107.44,121.39,84.79
107.34,121.63,78.30
107.55,121.40,78.82
107.25,121.68,80.17
107.56,121.76,79.98
107.23,121.77,80.43
107.39,121.72,80.71
107.50,121.44,81.02
107.36,121.82,84.74
107.25,122.22,77.61
107.52,121.85,77.95
107.45,121.95,80.28
107.48,121.97,80.48
107.38,122.14,84.64
107.58,121.90,84.54
107.58,122.23,84.38
107.23,122.50,77.37
107.39,122.64,77.22
107.52,122.41,77.32
107.26,122.61,84.47
107.55,122.61,84.12
107.14,122.81,77.32
107.40,122.93,77.13
107.32,123.02,83.91
107.55,122.83,83.87
107.53,123.01,83.53
107.13,123.22,77.28
107.41,123.34,77.08
107.26,123.57,82.62
107.52,123.35,82.61
107.53,123.48,82.28
107.29,123.32,83.28
107.52,123.22,82.98
107.17,123.66,77.27
107.47,123.78,77.08
107.28,123.87,81.97
107.60,123.62,81.91
107.58,123.88,81.63
107.24,124.07,77.28
107.57,124.24,77.14
107.34,124.17,81.48
107.62,124.12,81.34
107.47,124.33,81.18
107.30,124.39,77.34
107.20,124.60,77.55
107.49,124.54,80.83
107.27,124.78,80.42
107.27,124.93,77.98
107.32,125.15,78.59
107.48,125.18,78.31
107.36,125.17,79.02
107.42,125.08,79.47
107.39,124.92,79.98
107.57,125.25,78.81
107.62,115.22,83.30
107.81,115.22,82.81
107.81,114.98,83.04
107.72,114.96,83.55
107.59,115.22,83.91
107.79,114.96,84.32
107.65,115.27,84.44
107.81,115.21,84.78
107.53,115.49,83.11
107.70,115.62,82.66
107.47,115.48,83.71
107.53,115.44,84.25
107.69,115.50,84.78
107.70,116.01,82.43
107.65,115.83,84.99
107.60,116.16,85.15
107.91,115.92,85.35
107.62,116.34,82.30
107.81,116.47,82.12
107.89,116.15,82.24
107.46,116.47,85.21
107.82,116.38,85.43
107.82,116.86,81.96
107.84,116.85,85.54
107.82,117.28,81.86
107.84,117.27,85.58
107.84,117.69,81.83
107.84,117.68,85.60
107.83,118.09,81.86
107.84,118.07,85.60
107.82,118.50,81.93
107.84,118.46,85.62
107.81,118.90,81.97
107.84,118.87,85.63
107.83,119.27,81.96
107.84,119.31,85.60
107.93,119.57,81.94
107.82,119.75,85.51
107.69,120.19,81.65
107.93,119.96,81.86
107.82,120.16,85.35
107.70,120.53,81.52
107.94,120.33,81.72
107.72,120.47,85.21
107.97,120.32,85.17
107.85,120.63,84.98
107.88,120.99,81.39
107.82,121.01,84.71
107.52,121.29,79.24
107.75,121.26,81.18
107.77,121.29,84.60
107.93,121.17,84.53
107.97,121.42,84.33
107.74,121.60,78.42
107.92,121.51,78.90
107.78,121.45,79.27
107.89,121.68,79.66
107.83,121.67,80.89
107.85,121.43,81.07
107.67,121.59,84.56
107.83,121.89,84.24
107.77,122.14,77.59
108.02,121.79,78.11
107.70,122.08,80.18
107.99,122.03,80.00
107.70,122.14,80.37
107.82,122.00,80.61
107.78,122.33,84.04
107.75,122.73,77.09
107.85,122.46,77.31
107.96,122.22,80.25
107.97,122.20,80.42
107.72,122.68,83.75
107.90,122.45,83.69
107.88,122.65,83.41
107.68,123.07,76.92
107.73,123.14,82.59
107.94,122.94,82.44
107.87,123.12,82.19
107.73,122.92,83.23
107.91,122.79,82.93
107.71,123.48,76.87
107.74,123.34,82.09
107.88,123.24,81.96
107.84,123.52,81.70
107.84,123.95,76.90
107.77,123.89,81.43
107.85,124.28,76.99
107.79,124.04,81.27
107.77,124.23,81.08
107.47,124.62,77.40
107.86,124.60,77.15
107.86,124.43,80.78
107.77,124.68,80.42
107.68,124.92,77.52
107.61,125.12,77.93
107.93,125.16,77.74
107.56,125.20,79.26
107.74,125.13,79.53
107.90,124.94,79.89
107.82,125.27,78.34
107.83,125.31,78.81
107.85,125.24,79.20
108.00,114.43,83.86
108.13,114.32,83.38
108.16,114.21,83.81
108.28,114.14,84.35
108.08,114.43,84.41
108.26,114.35,84.78
107.93,114.67,83.25
108.13,114.83,82.72
108.19,114.49,82.93
107.82,114.72,83.80
107.92,114.63,84.23
108.10,114.65,84.76
108.17,115.23,82.47
108.04,115.00,84.97
107.99,115.32,85.15
108.31,115.08,85.35
108.06,115.63,82.37
107.90,115.62,85.20
108.22,115.53,85.45
108.05,115.90,82.27
108.24,116.02,82.13
108.29,115.70,82.23
108.23,116.01,85.54
108.26,116.42,81.97
108.22,116.46,85.57
108.27,116.83,81.85
108.23,116.87,85.59
108.27,117.24,81.83
108.26,117.25,85.60
108.27,117.65,81.88
108.27,117.64,85.60
108.26,118.06,81.96
108.26,118.03,85.61
108.26,118.47,82.05
108.27,118.45,85.59
108.18,118.93,82.08
108.26,118.88,85.55
108.19,119.32,82.10
108.27,119.37,85.43
108.22,119.70,82.12
108.16,119.82,85.34
108.30,120.03,82.16
108.12,120.09,85.23
108.29,119.96,85.18
108.27,120.26,84.93
108.09,120.67,81.70
108.26,120.38,82.04
108.17,120.71,84.64
108.26,121.04,81.68
108.37,120.83,82.05
108.13,121.06,84.40
108.35,120.83,84.27
108.36,121.06,84.07
107.97,121.27,81.20
108.10,121.49,81.10
108.17,121.25,81.37
108.35,121.30,81.62
108.38,121.19,81.76
108.42,121.20,82.02
108.25,121.33,84.02
108.42,121.21,83.74
108.35,121.51,83.56
108.06,121.61,78.60
108.18,121.60,78.96
108.09,121.61,79.31
108.30,121.86,79.67
108.26,121.86,80.86
108.41,121.30,81.80
108.37,121.98,82.24
108.32,121.96,82.72
108.40,121.76,82.42
108.39,121.76,82.76
108.14,121.74,83.81
108.30,121.78,83.36
108.20,122.03,77.75
108.48,121.85,78.14
108.38,121.70,78.71
108.33,122.10,79.99
108.16,122.12,80.54
108.23,122.27,82.60
108.34,122.25,82.10
108.33,121.86,83.04
108.20,122.04,83.24
108.00,122.15,83.75
108.13,122.73,77.26
108.20,122.39,77.49
108.21,122.21,80.15
108.27,122.22,80.34
108.23,122.55,82.12
108.38,122.39,81.82
108.33,122.71,81.71
108.07,122.66,82.55
108.04,122.43,83.21
107.92,122.95,76.82
108.14,123.05,76.64
108.19,122.88,76.91
108.40,122.92,77.27
108.31,122.89,77.37
108.37,122.76,77.44
108.06,123.01,81.96
108.27,123.02,81.58
107.94,123.22,76.70
108.24,123.36,76.51
108.44,122.94,77.43
108.15,123.35,81.50
108.38,123.16,81.38
108.37,123.47,81.23
108.03,123.62,76.69
108.37,123.85,76.52
108.02,123.84,81.26
108.37,123.84,81.02
108.15,123.98,76.73
108.18,124.37,76.88
108.10,124.17,80.92
108.43,124.12,80.78
108.16,124.41,80.61
108.28,124.82,77.08
108.22,124.64,80.26
108.05,124.97,77.33
108.25,125.19,77.58
108.00,125.13,79.56
108.29,125.05,79.62
108.17,125.20,79.32
108.38,124.82,79.93
108.31,125.31,78.13
108.15,125.30,78.83
108.41,110.37,70.19
108.53,110.42,69.65
108.53,110.13,69.82
108.48,110.09,70.32
108.38,110.36,70.76
108.47,110.14,70.83
108.38,110.72,70.08
108.54,110.81,69.60
108.31,110.70,70.69
108.46,110.34,71.21
108.37,110.69,71.39
108.64,110.42,71.84
108.47,110.77,71.99
108.65,110.68,72.32
108.41,111.09,70.03
108.55,111.15,69.69
108.30,111.10,70.59
108.27,111.12,71.27
108.35,111.13,71.99
108.52,110.97,72.41
108.49,111.38,70.01
108.39,111.50,70.52
108.52,111.65,70.26
108.30,111.52,71.17
108.31,111.54,71.83
108.45,111.27,72.51
108.39,111.54,72.41
108.51,111.49,72.78
108.49,111.83,70.64
108.42,111.87,71.09
108.55,112.08,70.98
108.37,111.91,71.71
108.40,111.89,72.32
108.52,111.81,72.80
108.52,112.20,71.53
108.49,112.22,72.19
108.52,112.14,72.69
108.56,113.15,74.95
108.58,113.21,74.89
108.58,113.08,74.85
108.57,113.10,75.04
108.57,113.23,75.08
108.38,114.00,83.77
108.58,113.90,83.35
108.58,113.77,83.78
108.66,113.69,84.30
108.46,113.90,84.32
108.57,113.90,84.73
108.38,114.20,83.09
108.55,114.41,82.68
108.64,114.07,82.90
108.50,114.16,84.98
108.42,114.47,85.15
108.71,114.26,85.35
108.62,114.83,82.45
108.30,114.78,85.19
108.62,114.70,85.47
108.53,115.13,82.33
108.66,115.26,82.26
108.82,115.04,82.34
108.63,115.16,85.63
108.40,115.40,82.28
108.61,115.59,82.18
108.56,115.66,85.66
108.65,116.00,82.05
108.60,116.13,85.65
108.68,116.41,81.94
108.53,116.54,85.60
108.68,116.83,81.90
108.63,116.85,85.60
108.68,117.23,81.95
108.68,117.23,85.59
108.72,117.63,82.08
108.69,117.64,85.57
108.61,118.05,82.13
108.68,118.07,85.54
108.62,118.30,82.20
108.54,118.62,82.25
108.85,118.36,82.43
108.69,118.54,85.44
108.50,119.04,82.33
108.84,118.77,82.62
108.60,118.98,85.38
108.51,119.49,82.45
108.75,119.22,82.73
108.60,119.29,85.26
108.75,119.12,85.22
108.80,119.40,84.92
108.49,119.91,82.49
108.73,119.54,82.86
108.68,119.81,82.88
108.80,119.72,83.19
108.49,119.74,85.08
108.74,119.82,84.67
108.50,120.28,82.53
108.67,120.18,83.11
108.78,119.98,83.40
108.62,120.16,84.50
108.79,120.02,84.33
108.76,120.20,84.08
108.51,120.67,82.52
108.61,120.56,83.10
108.76,120.20,83.68
108.66,120.41,83.81
108.46,120.54,84.35
108.50,121.06,82.54
108.57,120.89,83.01
108.52,120.85,83.71
108.33,121.54,81.33
108.45,121.48,82.55
108.49,121.25,83.18
108.35,121.70,79.22
108.54,121.90,81.27
108.43,121.60,81.87
108.40,121.63,83.08
108.55,122.13,77.77
108.87,121.94,78.18
108.79,121.80,78.71
108.66,121.83,79.38
108.60,122.02,79.92
108.43,122.09,80.54
108.62,122.12,80.32
108.69,122.02,80.67
108.81,122.22,81.03
108.61,122.13,81.38
108.47,122.08,81.73
108.61,122.50,77.60
108.48,122.17,80.15
108.55,122.42,81.47
108.71,122.62,81.23
108.53,123.00,76.46
108.60,122.87,77.05
108.67,122.92,77.36
108.62,122.82,77.52
108.48,122.84,81.42
108.66,123.05,81.19
108.54,123.52,76.27
108.57,122.95,77.43
108.66,123.49,81.06
108.68,123.98,76.28
108.66,123.82,80.90
108.37,124.18,76.69
108.63,124.29,76.54
108.72,124.01,80.74
108.61,124.32,80.48
108.51,124.45,76.74
108.63,124.77,76.86
108.52,124.61,80.16
108.82,124.53,80.18
108.67,124.73,79.96
108.37,125.09,77.32
108.67,125.10,77.21
108.70,124.96,79.63
108.49,125.19,79.23
108.65,125.29,77.70
108.75,125.37,78.26
108.62,125.32,78.71
108.88,109.21,70.16
108.90,109.13,69.61
109.10,108.88,70.03
109.08,108.96,70.46
108.78,109.46,69.55
108.94,109.57,68.99
108.92,109.27,69.20
108.70,109.55,70.14
109.08,109.14,70.78
108.84,109.50,70.77
109.08,109.35,71.12
108.78,109.77,69.26
108.97,109.96,68.89
108.63,109.83,69.82
108.61,109.86,70.62
109.08,109.56,71.42
108.83,109.86,71.35
109.09,109.77,71.76
108.73,110.13,69.31
109.04,110.40,68.86
108.60,110.13,71.26
109.09,109.95,72.02
108.80,110.13,71.74
109.01,110.20,72.25
108.75,110.58,69.23
108.97,110.79,68.97
108.99,110.45,72.61
108.81,110.82,72.79
109.06,110.60,72.98
108.76,111.05,69.32
109.08,111.15,68.99
108.62,111.21,72.82
109.11,110.79,73.26
108.87,111.14,73.17
109.11,111.07,73.52
108.89,111.49,69.36
109.17,111.59,69.06
108.66,111.51,69.81
108.72,111.58,73.13
109.03,111.45,73.53
108.96,111.81,69.42
108.82,111.91,69.86
108.94,112.07,69.67
108.65,111.96,70.44
108.71,112.11,73.13
108.93,111.85,73.42
108.88,111.98,74.50
109.02,112.01,74.14
109.09,111.74,74.19
108.97,111.74,74.58
108.90,112.23,70.02
108.83,112.28,70.44
108.97,112.47,70.30
108.73,112.41,71.16
108.65,112.51,71.99
108.65,112.48,72.75
108.83,112.49,73.28
109.02,112.23,73.50
108.82,112.34,74.43
109.05,112.29,74.01
108.85,111.94,74.89
108.74,112.33,75.07
108.85,112.05,75.44
108.76,112.42,75.83
108.93,112.12,76.05
108.88,112.43,76.34
109.11,112.20,76.52
108.95,112.60,70.80
108.92,112.71,71.29
108.84,112.74,71.73
108.98,112.85,71.52
108.79,112.85,72.45
108.83,112.81,73.23
109.14,112.62,73.58
108.80,112.72,74.22
109.06,112.64,73.86
108.65,112.83,74.89
108.68,112.79,75.65
108.79,112.75,76.29
109.05,112.59,76.72
109.04,113.01,71.88
108.91,113.11,72.50
108.84,113.10,72.98
108.93,113.23,72.75
109.08,112.79,73.67
108.83,113.09,73.75
108.65,113.15,74.56
108.61,113.24,75.49
108.76,113.18,76.32
108.95,112.96,76.74
109.00,113.39,73.10
108.87,113.52,73.75
108.74,113.58,74.37
108.91,113.79,73.97
108.61,113.51,75.09
108.61,113.67,75.74
108.68,113.61,76.25
109.05,113.24,77.02
108.85,113.57,76.84
109.06,113.54,77.30
108.79,113.58,83.74
109.00,113.48,83.35
108.97,113.37,83.73
108.96,113.34,84.13
108.83,113.48,84.23
108.92,113.46,84.62
108.84,114.00,74.45
108.97,114.00,74.08
108.69,113.98,75.02
108.62,114.00,75.68
108.64,114.02,76.29
108.77,114.00,76.92
108.94,113.84,77.33
108.83,113.79,83.10
108.98,114.00,82.69
109.08,113.65,82.92
108.83,113.73,84.97
108.73,113.98,85.15
108.94,113.97,85.40
109.04,114.22,74.25
108.84,114.37,74.93
109.00,114.44,74.61
108.68,114.40,75.65
108.64,114.42,76.30
108.70,114.41,76.90
108.89,114.13,77.44
108.82,114.39,77.42
108.95,114.35,77.76
109.03,114.41,82.49
108.95,114.37,85.63
109.03,114.65,74.87
108.82,114.78,75.56
108.97,114.85,75.25
108.69,114.82,76.29
108.69,114.82,76.92
108.78,114.78,77.47
108.93,114.68,77.90
109.15,114.78,82.44
108.91,114.78,85.73
109.00,115.06,75.50
108.80,115.21,76.21
108.94,115.33,75.93
108.73,115.23,76.89
108.77,115.20,77.48
108.91,115.11,77.98
108.91,115.30,82.27
109.11,115.08,82.38
108.91,115.06,85.81
108.85,115.39,85.80
109.13,115.13,85.94
108.86,115.52,76.29
108.81,115.63,76.78
108.92,115.80,76.44
108.80,115.60,77.40
108.89,115.53,77.95
108.97,115.64,82.19
108.84,115.79,85.78
109.12,115.53,85.92
108.87,115.96,76.85
108.96,116.09,76.66
108.85,115.95,77.28
108.91,115.91,77.83
109.02,116.04,82.10
108.92,116.10,85.74
109.13,115.90,85.85
108.92,116.22,77.14
108.93,116.19,77.63
109.04,116.46,82.05
109.20,116.19,85.75
108.91,116.44,85.64
109.03,116.87,82.07
109.05,116.85,85.57
109.05,117.22,82.15
109.09,117.28,85.51
109.18,117.48,82.39
108.95,117.83,82.33
109.23,117.76,82.62
109.10,117.75,85.39
108.83,118.10,82.31
109.10,118.08,82.64
109.01,118.18,85.35
109.09,118.47,82.80
109.02,118.51,85.22
109.20,118.34,85.06
109.19,118.64,84.85
109.10,118.76,82.98
109.01,119.08,83.15
109.19,118.89,83.31
108.92,118.91,85.08
109.15,118.94,84.61
108.88,119.46,83.21
109.17,119.08,83.61
109.03,119.37,83.80
109.02,119.25,84.51
109.19,119.07,84.11
108.88,119.74,83.65
108.89,119.69,84.30
108.83,120.02,83.93
108.92,122.24,77.90
109.13,122.07,78.28
109.11,121.92,78.70
109.05,121.90,79.32
108.90,122.01,80.07
108.69,122.09,80.13
109.13,122.07,80.29
108.98,122.07,80.55
108.88,122.64,76.31
109.06,122.57,75.95
109.18,122.32,76.28
109.08,122.48,76.64
108.94,122.62,77.74
109.20,122.23,80.53
109.02,122.61,80.94
108.81,122.87,76.03
109.05,122.92,75.80
108.92,122.69,76.90
109.00,122.77,77.53
108.77,122.86,77.51
108.99,123.10,80.98
108.77,123.23,76.01
109.10,123.36,75.80
108.94,123.51,80.93
108.84,123.69,76.02
109.19,123.83,75.87
108.90,123.78,80.83
109.14,123.56,80.82
109.06,123.89,80.67
108.92,124.05,76.09
108.89,124.32,76.27
109.09,124.23,80.42
108.73,124.61,76.65
108.88,124.56,76.45
109.19,124.50,80.15
108.97,124.74,79.89
109.00,124.86,76.57
109.02,125.13,76.96
109.15,124.97,79.51
108.91,125.18,79.15
109.13,125.33,77.51
109.10,125.38,78.12
109.05,125.32,78.66
109.23,108.68,69.32
109.33,108.64,68.94
109.46,108.44,69.37
109.40,108.51,69.78
109.21,108.70,69.76
109.48,108.58,70.29
109.22,108.90,68.84
109.42,109.07,68.42
109.41,108.76,68.59
109.06,108.96,69.33
109.37,108.80,70.66
109.20,108.94,70.73
109.38,108.96,71.01
109.14,109.29,68.77
109.45,109.50,68.35
109.41,109.18,71.34
109.20,109.38,71.38
109.39,109.40,71.67
109.20,109.73,68.61
109.51,109.91,68.36
109.42,109.61,72.01
109.23,109.80,72.03
109.42,109.81,72.33
109.27,110.14,68.59
109.61,110.31,68.41
109.43,110.02,72.63
109.20,110.22,72.62
109.37,110.25,72.91
109.34,110.47,68.60
109.29,110.81,68.72
109.28,110.44,73.08
109.22,110.58,73.19
109.51,110.55,73.48
109.45,111.26,68.76
109.41,110.87,73.80
109.25,111.20,73.95
109.49,111.01,74.20
109.43,111.57,68.84
109.23,111.59,73.89
109.45,111.15,74.51
109.18,111.46,74.52
109.44,111.27,75.06
109.21,111.50,75.28
109.43,111.37,75.57
109.29,111.57,75.87
109.58,111.44,76.00
109.10,112.02,69.35
109.42,111.92,68.98
109.48,111.82,73.75
109.26,111.88,73.65
109.37,111.92,73.87
108.99,111.73,75.04
109.04,111.79,75.67
109.43,111.65,76.27
109.18,111.86,76.22
109.45,111.92,76.57
109.27,112.34,69.34
109.57,112.33,69.06
109.06,112.39,69.82
109.43,112.32,73.68
109.43,112.32,73.82
109.43,112.28,76.86
109.44,112.60,69.35
109.30,112.68,69.76
109.59,112.85,69.64
109.17,112.75,70.40
109.12,112.88,71.16
109.64,112.63,73.74
109.43,112.62,73.77
109.33,112.57,77.00
109.20,112.82,77.01
109.55,112.68,77.17
109.49,112.95,70.16
109.44,113.03,70.76
109.38,113.11,71.37
109.31,113.21,71.84
109.60,113.28,71.56
109.12,113.26,72.38
109.49,112.73,73.74
109.12,113.03,77.02
109.45,112.98,77.32
109.16,113.18,83.75
109.40,113.05,83.34
109.36,112.94,83.72
109.34,112.92,84.19
109.14,113.20,84.61
109.34,112.95,84.89
109.25,113.25,85.28
109.38,113.05,85.39
109.43,113.34,72.03
109.36,113.50,72.52
109.22,113.67,73.09
109.41,113.67,72.76
109.01,113.67,73.52
109.41,113.31,77.64
109.20,113.71,77.76
109.44,113.52,77.99
109.24,113.35,83.11
109.40,113.58,82.71
109.48,113.22,82.94
109.09,113.58,85.23
109.37,113.27,85.64
109.32,113.56,85.68
109.55,113.39,85.90
109.46,113.84,72.98
109.17,113.94,73.62
109.41,114.02,73.33
109.05,114.08,77.78
109.39,113.71,78.13
109.28,114.00,78.16
109.57,113.80,78.42
109.44,113.99,82.51
109.23,114.01,85.73
109.55,113.80,85.98
109.39,114.25,73.68
109.19,114.47,74.30
109.38,114.48,74.00
109.14,114.43,78.20
109.49,114.22,78.60
109.50,114.37,82.46
109.20,114.51,85.87
109.53,114.25,86.03
109.38,114.68,74.33
109.17,114.87,74.94
109.37,114.88,74.63
109.12,114.96,78.42
109.34,114.68,78.67
109.58,114.67,82.49
109.11,114.85,85.90
109.45,114.74,86.04
109.39,115.09,74.92
109.16,115.33,75.53
109.51,115.42,75.19
109.06,115.41,78.42
109.33,114.99,78.80
109.27,115.28,78.79
109.52,115.09,79.03
109.22,115.36,82.35
109.48,115.04,82.47
109.47,115.21,86.03
109.27,115.62,75.63
109.53,115.67,75.41
109.02,115.59,75.99
109.04,115.82,78.35
109.24,115.66,78.78
109.50,115.46,79.08
109.30,115.74,82.29
109.56,115.46,82.45
109.46,115.67,85.94
109.40,115.84,75.66
109.14,115.98,76.13
109.47,116.13,75.80
109.05,116.24,78.20
109.23,116.07,78.74
109.47,115.86,79.10
109.33,116.15,82.24
109.61,115.87,82.43
109.36,115.99,85.84
109.27,116.43,76.24
109.58,116.51,75.89
109.05,116.44,76.84
109.01,116.51,77.67
109.11,116.61,78.27
109.25,116.49,78.70
109.46,116.29,79.09
109.34,116.57,82.24
109.63,116.30,82.43
109.48,116.15,85.74
109.41,116.45,85.60
109.35,116.73,76.23
109.18,116.87,76.76
109.34,117.03,76.40
109.08,116.88,77.48
109.10,116.84,78.05
109.25,116.91,78.58
109.50,116.75,79.08
109.32,116.96,82.29
109.62,116.73,82.49
109.49,116.94,85.39
109.24,117.27,76.84
109.35,117.25,76.51
109.16,117.26,77.42
109.19,117.21,78.12
109.33,117.26,78.66
109.44,117.12,78.94
109.28,117.20,82.33
109.54,117.18,82.63
109.42,117.41,85.28
109.39,117.51,76.73
109.25,117.58,77.33
109.36,117.80,77.22
109.24,117.58,77.93
109.34,117.55,78.50
109.41,117.91,83.10
109.46,117.57,82.83
109.59,117.69,83.27
109.43,117.75,85.05
109.59,117.55,84.96
109.59,117.75,84.69
109.33,117.87,77.77
109.36,117.83,78.29
109.30,118.28,83.20
109.57,117.86,83.60
109.47,118.12,83.84
109.48,117.99,84.59
109.61,117.84,84.17
109.29,118.06,85.05
109.25,118.63,83.26
109.36,118.51,83.79
109.36,118.36,84.52
109.28,118.85,83.71
109.29,118.75,84.29
109.34,122.11,76.15
109.38,122.20,75.93
109.49,121.97,76.10
109.55,122.02,76.45
109.20,122.36,78.20
109.30,122.18,78.69
109.28,122.06,79.17
109.30,122.15,79.84
109.38,122.56,75.74
109.42,122.31,76.86
109.22,122.50,77.04
109.49,122.45,77.33
109.26,122.67,78.12
109.39,122.55,78.65
109.45,122.41,79.23
109.57,122.45,79.71
109.57,122.39,80.18
109.38,122.46,80.61
109.66,122.57,80.47
109.42,122.98,75.68
109.34,122.64,77.53
109.42,122.79,78.08
109.70,122.94,78.55
109.50,122.84,78.58
109.55,122.81,79.03
109.65,122.73,79.42
109.34,122.77,80.78
109.65,122.90,80.63
109.48,123.41,75.71
109.69,123.03,78.93
109.70,122.98,79.22
109.27,123.20,80.84
109.51,123.39,80.69
109.56,123.75,75.73
109.50,123.84,80.55
109.10,124.23,76.04
109.46,124.18,75.85
109.49,124.22,80.36
109.17,124.57,76.18
109.58,124.61,75.95
109.55,124.49,80.13
109.36,124.73,79.83
109.38,124.94,76.29
109.28,125.14,76.64
109.62,125.19,76.52
109.62,124.95,79.36
109.33,125.17,79.06
109.47,125.32,77.05
109.56,125.40,77.59
109.44,125.39,77.97
109.49,125.31,78.51
109.74,108.18,68.95
109.78,108.30,68.57
109.97,108.06,68.88
109.92,108.03,69.36
109.69,108.21,69.38
109.89,108.08,69.77
109.55,108.45,68.81
109.72,108.70,68.26
109.79,108.29,70.07
109.87,108.46,70.63
109.73,109.23,68.11
109.79,108.64,70.87
109.71,108.84,71.15
109.61,108.98,71.29
109.91,109.02,71.55
109.81,109.69,68.13
109.75,109.27,71.83
109.61,109.42,71.97
109.92,109.44,72.22
109.78,110.05,68.25
109.76,109.68,72.50
109.64,109.83,72.64
109.92,109.85,72.88
109.92,110.30,68.27
109.73,110.11,73.11
109.56,110.32,73.24
109.88,110.29,73.45
109.56,110.64,68.53
109.90,110.65,68.39
109.96,110.49,73.77
109.67,110.94,68.57
110.03,111.04,68.47
109.80,110.70,73.99
109.78,110.88,74.36
109.66,111.01,74.55
109.88,110.97,74.79
109.80,111.23,68.61
109.75,111.58,68.72
109.76,111.10,75.03
109.72,111.26,75.57
109.96,111.40,76.07
109.83,112.00,68.82
109.74,111.95,73.74
109.74,112.09,73.72
109.88,112.17,73.76
109.74,111.64,76.41
109.91,111.99,76.77
109.95,112.35,68.96
109.85,112.43,73.74
109.79,112.45,73.77
109.77,112.28,77.00
109.58,112.45,77.07
109.92,112.47,77.16
109.74,112.64,69.23
109.96,112.88,69.56
110.11,112.66,73.76
109.87,112.67,73.78
109.91,112.73,77.40
109.60,112.76,83.69
109.87,112.75,83.27
109.93,112.58,83.55
109.87,112.44,84.09
109.55,112.68,84.49
109.75,112.45,84.83
109.54,112.77,85.23
109.78,112.51,85.43
109.68,112.80,85.70
109.91,112.62,85.89
109.83,113.04,70.02
109.72,113.11,70.48
109.76,113.20,70.99
109.91,113.32,71.32
109.96,112.76,73.78
109.89,112.93,77.69
109.64,113.07,77.65
109.81,113.11,77.91
109.67,112.96,83.11
109.75,113.23,82.76
110.01,112.93,82.96
109.52,113.06,85.69
109.81,113.07,86.02
109.80,113.46,71.86
109.63,113.66,72.45
109.99,113.68,72.12
109.69,113.33,78.11
109.59,113.55,78.25
109.91,113.46,78.45
109.83,113.58,82.56
109.84,113.54,86.13
109.80,113.86,72.59
109.63,114.05,73.07
109.98,114.07,72.75
109.89,113.85,78.76
109.89,113.97,82.48
109.87,113.95,86.16
109.78,114.28,73.22
109.61,114.48,73.72
109.97,114.49,73.37
109.77,114.20,78.90
109.63,114.51,78.91
109.95,114.31,79.07
109.92,114.36,82.49
109.89,114.37,86.17
109.77,114.69,73.86
109.60,114.88,74.35
109.97,114.89,74.02
109.51,114.83,78.94
109.84,114.72,79.14
109.91,114.75,82.53
109.88,114.81,86.13
109.78,115.08,74.47
109.68,115.24,74.81
109.98,115.27,74.61
109.83,115.14,79.27
109.90,115.16,82.55
109.89,115.28,86.01
109.83,115.42,74.91
109.92,115.69,75.18
109.81,115.58,79.36
109.92,115.57,82.56
109.78,115.66,85.90
110.08,115.50,85.85
109.91,115.79,85.78
109.68,115.91,75.48
109.86,116.23,75.60
109.73,116.05,79.37
109.94,116.00,82.58
109.63,115.92,85.82
109.83,116.10,85.64
109.87,116.49,75.71
109.72,116.46,79.38
109.98,116.45,82.71
109.87,116.53,85.37
109.52,116.84,76.07
109.85,116.80,75.84
109.76,116.81,79.40
109.87,116.88,82.82
109.83,116.91,85.10
109.99,116.70,85.13
110.03,116.87,84.80
109.57,117.18,76.22
109.99,117.26,75.92
109.50,117.44,78.94
109.69,117.17,79.27
109.83,117.14,83.03
109.72,117.41,83.25
109.85,117.36,83.96
109.95,117.17,83.52
109.87,117.18,84.62
110.03,117.06,84.18
109.67,117.26,85.02
109.67,117.55,76.32
109.51,117.84,76.81
109.75,117.90,76.39
109.54,117.86,78.79
109.74,117.64,79.25
109.69,117.64,83.77
109.71,117.53,84.48
109.62,118.16,76.85
109.88,118.28,76.39
109.47,118.11,77.45
109.49,118.14,78.27
109.66,118.21,78.82
109.83,118.09,79.23
109.71,118.49,76.87
109.90,118.67,76.56
109.58,118.39,77.28
109.60,118.50,77.91
109.69,118.48,78.58
109.86,118.47,79.05
109.77,118.75,76.94
109.68,118.70,77.37
109.78,118.94,77.23
109.71,118.83,77.89
109.77,118.79,78.38
109.88,118.74,78.83
109.76,118.98,77.62
109.90,121.32,78.12
109.99,121.36,78.02
109.94,121.22,78.01
109.96,121.20,78.24
109.70,121.80,76.19
109.78,121.82,75.94
109.93,121.57,76.16
109.94,121.66,76.47
109.96,121.37,78.23
109.77,122.17,75.73
109.95,121.91,76.80
109.80,122.60,75.64
109.76,122.12,76.95
109.86,122.29,77.46
109.66,122.53,77.70
109.88,122.53,77.94
109.84,122.65,79.80
109.87,122.54,80.15
110.00,122.73,80.31
109.84,123.04,75.64
109.72,122.73,78.11
110.00,122.89,78.58
109.85,122.92,79.47
109.91,123.05,80.52
109.87,123.45,75.66
109.93,123.08,78.91
109.91,123.07,79.23
109.93,123.42,80.51
109.86,123.83,75.69
109.91,123.90,80.40
109.89,124.23,75.73
109.75,124.28,80.27
110.01,124.60,75.85
109.78,124.44,80.12
109.78,124.63,79.83
109.79,124.94,76.13
110.02,125.16,76.44
109.68,125.16,78.91
110.02,125.06,78.83
109.86,125.23,78.56
110.03,124.83,79.34
109.89,125.31,76.88
109.81,125.37,77.36
109.86,125.33,77.97
110.10,108.21,68.34
110.26,107.94,68.92
110.22,107.92,69.41
110.14,107.99,69.86
110.02,108.08,70.06
110.30,108.15,70.34
110.06,108.59,67.94
110.32,108.66,67.72
110.29,108.35,67.89
110.20,108.38,70.71
110.11,108.55,70.96
110.45,108.59,71.10
110.02,108.96,67.88
110.35,109.07,67.69
110.16,108.76,71.29
110.41,108.99,71.67
110.06,109.38,67.89
110.42,109.50,67.76
110.21,109.20,71.96
110.43,109.39,72.30
110.12,109.70,67.96
110.09,110.04,68.09
110.21,109.61,72.62
110.41,109.81,72.94
110.25,110.49,68.18
110.17,110.05,73.24
110.32,110.29,73.58
110.25,110.85,68.32
110.27,110.50,73.91
110.11,110.62,74.07
110.43,110.62,74.17
110.43,111.19,68.39
110.20,110.76,74.42
110.16,110.91,74.84
110.08,111.02,75.14
110.42,111.02,75.29
110.12,111.38,68.56
110.22,111.75,68.67
110.15,111.18,75.60
110.40,111.43,76.12
110.19,112.09,68.80
110.03,112.12,73.73
110.15,111.65,76.46
110.35,111.90,76.67
110.15,112.02,85.14
110.20,111.98,84.60
110.38,111.80,84.86
110.34,111.82,85.40
110.39,112.34,68.97
110.26,112.30,73.74
110.25,112.41,73.74
110.28,112.52,73.76
110.05,112.25,76.99
110.38,112.18,76.88
110.02,112.18,84.57
110.16,112.19,84.06
110.17,112.06,84.33
109.92,112.26,85.13
110.29,112.00,85.78
110.02,112.28,85.61
110.19,112.37,86.08
110.16,112.63,69.21
110.39,112.86,69.58
110.45,112.68,73.76
110.25,112.74,73.78
110.26,112.38,77.08
110.36,112.60,77.36
110.25,112.65,83.23
110.19,112.38,83.63
110.14,112.79,86.23
110.26,113.05,70.00
110.11,113.18,70.53
110.10,113.27,70.99
110.43,113.27,70.93
110.37,112.78,73.77
110.28,112.80,77.73
110.16,112.99,78.04
109.99,113.18,78.22
110.30,113.17,78.38
110.16,113.22,82.71
110.43,112.94,82.93
110.20,113.28,86.28
110.24,113.38,71.36
110.19,113.53,71.75
110.38,113.68,71.98
110.35,113.48,78.72
110.26,113.57,82.56
110.15,113.69,86.24
110.17,113.88,72.34
110.36,114.08,72.59
110.21,113.80,78.95
110.01,114.04,78.99
110.27,114.01,79.09
110.31,113.96,82.52
110.24,114.03,86.23
110.16,114.29,72.95
110.36,114.50,73.21
110.29,114.33,79.22
110.33,114.37,82.55
110.28,114.42,86.18
110.16,114.70,73.59
110.38,114.90,73.87
110.28,114.74,79.38
110.31,114.80,82.60
110.30,114.82,86.08
110.17,115.10,74.25
110.37,115.30,74.53
110.13,115.18,79.48
110.29,115.22,82.64
110.32,115.15,85.92
110.16,115.49,74.83
110.35,115.69,75.02
110.12,115.47,79.56
110.04,115.80,79.58
110.36,115.51,79.72
110.31,115.65,82.70
110.38,115.36,85.78
110.26,115.70,85.64
110.01,115.99,75.39
110.38,115.95,75.27
110.00,116.21,79.60
110.34,115.91,79.78
110.27,116.07,82.76
110.26,116.14,85.35
110.21,116.19,75.46
110.19,116.49,75.61
110.00,116.61,79.61
110.32,116.33,79.80
110.40,116.33,83.06
110.18,116.71,83.17
110.43,116.55,83.42
110.17,116.53,85.05
110.36,116.31,85.11
110.39,116.47,84.77
110.30,116.87,75.71
109.99,116.99,79.58
110.30,116.74,79.79
110.01,116.98,83.20
110.35,116.70,83.64
110.17,116.89,83.73
110.21,116.76,84.47
110.39,116.64,84.17
110.39,117.18,75.74
109.99,117.40,79.55
110.30,117.15,79.77
109.93,117.65,76.07
110.29,117.59,75.84
110.03,117.82,79.53
110.31,117.57,79.76
110.04,117.96,76.07
110.40,118.07,75.86
110.09,118.16,79.53
110.36,118.02,79.74
110.13,118.27,76.06
110.11,118.57,76.19
110.28,118.36,79.63
110.08,118.44,79.40
109.89,118.99,76.89
110.11,119.00,76.40
109.86,119.10,78.13
109.99,119.04,78.72
110.17,118.87,79.22
110.00,119.35,76.93
110.18,119.45,76.48
109.89,119.26,77.55
109.95,119.35,78.11
110.07,119.38,78.56
110.25,119.30,79.03
110.05,119.73,76.96
110.17,119.79,76.58
109.98,119.70,77.52
110.03,119.63,78.18
110.18,119.68,78.67
110.28,119.57,78.91
110.09,119.99,76.88
110.02,120.16,77.39
110.09,120.22,76.91
110.04,120.06,78.10
110.18,119.98,78.61
110.09,120.48,76.99
110.21,120.64,76.53
110.17,120.37,76.64
110.06,120.66,77.45
110.04,120.51,78.05
110.17,120.40,78.59
110.15,120.84,76.84
110.22,120.92,76.38
110.15,120.91,77.20
110.10,120.94,77.53
110.01,120.94,77.96
110.08,121.20,77.74
110.12,120.89,78.51
110.14,121.24,76.41
110.21,121.40,75.95
110.30,121.07,76.11
110.20,121.14,76.90
110.17,121.42,76.70
110.15,121.44,77.93
110.12,121.29,78.50
110.17,121.79,75.72
110.17,121.67,76.83
110.13,121.47,78.26
110.20,122.22,75.59
110.19,121.87,77.02
110.05,122.05,77.16
110.25,121.95,77.31
110.13,122.11,77.40
110.20,122.13,77.66
110.19,122.71,75.57
110.09,122.41,78.02
109.98,122.66,78.25
110.19,122.63,78.45
110.08,122.68,79.99
110.27,123.16,75.60
110.26,122.85,78.77
110.19,122.94,79.69
110.24,122.82,80.06
110.23,123.04,80.28
110.17,123.54,75.64
110.21,123.03,78.98
110.15,123.09,79.24
110.26,123.46,80.32
110.24,123.85,75.65
110.27,123.80,80.27
110.49,123.53,80.16
110.49,123.85,80.08
110.31,124.22,75.71
110.07,124.23,80.11
110.45,124.23,79.87
110.40,124.55,75.84
110.17,124.56,79.70
110.48,124.51,79.56
110.31,124.72,79.34
110.30,124.89,76.15
110.35,125.12,76.57
110.12,125.20,78.33
110.46,125.08,78.21
110.25,125.23,77.90
110.37,124.89,78.91
110.21,125.25,76.80
110.17,125.29,77.35
110.51,107.84,68.63
110.63,107.80,68.22
110.82,107.66,68.50
110.88,107.67,69.05
110.45,108.04,68.07
110.62,108.24,67.74
110.68,107.91,67.95
110.63,107.83,69.41
110.51,107.97,69.98
110.80,108.18,70.48
110.69,108.67,67.57
110.63,108.39,70.82
110.88,108.70,71.16
110.73,109.10,67.57
110.60,108.83,71.43
110.67,108.99,71.66
110.78,109.44,67.63
110.69,109.19,71.92
110.71,109.39,72.25
110.33,109.86,67.91
110.69,109.84,67.76
110.70,109.59,72.54
110.69,109.80,72.87
110.45,110.19,67.96
110.83,110.31,67.82
110.67,110.02,73.14
110.72,110.25,73.46
110.58,110.52,68.01
110.63,110.89,68.16
110.66,110.44,73.80
110.84,110.62,74.14
110.72,111.19,68.28
110.62,110.73,74.45
110.60,110.88,74.88
110.76,111.02,75.31
110.44,111.49,68.53
110.79,111.45,68.42
110.70,111.22,75.70
110.88,111.55,76.13
110.62,111.70,68.59
110.63,112.01,68.78
110.56,111.72,76.45
110.74,112.03,76.65
110.35,111.95,84.24
110.61,111.85,83.96
110.55,111.73,84.42
110.60,111.60,84.83
110.54,111.65,85.43
110.41,111.79,85.68
110.53,111.80,85.96
110.82,112.29,69.04
110.49,112.49,73.75
110.78,112.28,76.86
110.43,112.12,83.76
110.63,112.32,83.36
110.71,112.01,83.58
110.47,112.12,86.26
110.43,112.51,86.43
110.74,112.23,86.60
110.69,112.59,69.32
110.74,112.84,69.68
110.62,112.64,73.75
110.61,112.64,73.75
110.55,112.73,73.77
110.60,112.43,77.08
110.83,112.61,77.36
110.79,112.70,83.10
110.45,112.93,86.45
110.74,112.66,86.64
110.68,113.00,70.02
110.65,113.16,70.56
110.78,113.25,71.03
110.62,112.76,73.76
110.69,112.76,77.72
110.55,112.94,78.10
110.72,113.16,78.47
110.61,113.27,82.76
110.80,113.01,82.96
110.53,113.28,86.41
110.80,113.09,86.58
110.69,113.34,71.32
110.57,113.50,71.67
110.81,113.65,72.04
110.84,113.42,78.77
110.61,113.63,82.62
110.76,113.42,86.45
110.54,113.68,86.31
110.59,113.87,72.29
110.79,114.07,72.64
110.55,113.70,78.97
110.66,113.97,79.15
110.70,113.97,82.62
110.56,114.10,86.22
110.58,114.29,72.90
110.80,114.48,73.26
110.75,114.31,79.35
110.72,114.38,82.65
110.67,114.42,86.13
110.60,114.69,73.54
110.83,114.88,73.94
110.66,114.61,79.52
110.48,114.92,79.59
110.79,114.75,79.65
110.74,114.82,82.72
110.70,114.81,85.95
110.61,115.10,74.22
110.80,115.29,74.56
110.35,115.23,79.63
110.70,115.11,79.75
110.64,115.26,82.77
110.58,115.12,85.82
110.82,114.98,85.79
110.71,115.30,85.63
110.56,115.51,74.80
110.73,115.73,75.06
110.72,115.54,79.88
110.64,115.53,82.83
110.55,115.82,82.88
110.87,115.58,83.06
110.69,115.72,85.31
110.87,116.00,75.29
110.70,115.97,79.94
110.49,116.07,82.93
110.77,115.96,83.28
110.57,116.15,85.02
110.82,115.92,84.97
110.76,116.13,84.71
110.56,116.27,75.45
110.65,116.58,75.58
110.69,116.40,79.94
110.55,116.50,83.90
110.66,116.29,83.60
110.59,116.37,84.49
110.76,116.23,84.22
110.71,116.90,75.66
110.68,116.83,79.93
110.71,117.27,75.70
110.67,117.25,79.91
110.71,117.67,75.73
110.68,117.66,79.90
110.77,118.02,75.73
110.74,118.01,79.89
110.32,118.43,75.95
110.66,118.42,75.79
110.39,118.67,79.58
110.65,118.39,79.80
110.38,118.76,76.00
110.71,118.88,75.81
110.49,118.99,79.53
110.77,118.86,79.74
110.41,119.19,76.07
110.73,119.31,75.84
110.71,119.19,79.62
110.48,119.26,79.39
110.40,119.67,76.17
110.74,119.73,75.86
110.37,119.87,78.97
110.53,119.64,79.25
110.48,120.02,76.09
110.74,120.12,75.89
110.23,120.07,76.49
110.40,120.25,78.96
110.67,120.13,79.26
110.40,120.38,76.22
110.70,120.52,75.90
110.39,120.67,78.94
110.62,120.49,79.18
110.39,120.77,76.14
110.60,120.97,75.84
110.20,121.14,77.31
110.39,121.09,78.88
110.67,120.85,79.17
110.61,121.40,75.65
110.28,121.46,77.10
110.25,121.44,77.60
110.41,121.49,78.72
110.70,121.24,79.11
110.50,121.83,75.54
110.30,121.74,77.13
110.32,121.80,77.57
110.33,121.73,78.21
110.55,121.82,78.79
110.75,121.62,79.08
110.51,122.12,75.47
110.74,122.18,75.32
110.71,121.90,75.40
110.32,122.21,78.21
110.53,122.15,78.72
110.80,122.01,79.08
110.48,122.44,75.46
110.78,122.56,75.31
110.45,122.60,78.81
110.79,122.45,79.18
110.53,122.83,75.49
110.86,122.91,75.37
110.42,122.91,79.04
110.65,122.82,79.26
110.35,122.95,80.01
110.64,123.13,75.52
110.58,123.46,75.60
110.48,123.07,79.45
110.45,123.18,79.99
110.74,123.39,79.85
110.67,123.86,75.65
110.76,123.88,79.86
110.77,124.25,75.80
110.72,124.25,79.68
110.68,124.57,75.96
110.51,124.71,75.99
110.77,124.77,76.28
110.68,124.46,79.48
110.63,124.65,79.18
110.47,125.17,77.06
110.70,124.99,76.75
110.46,125.18,77.59
110.75,125.05,77.54
110.79,124.98,78.06
110.78,124.84,78.56
110.83,107.73,68.12
110.94,107.89,67.85
111.14,107.63,68.25
111.08,107.57,68.76
111.24,107.62,69.19
111.05,108.24,67.59
111.09,107.78,69.60
110.96,107.98,70.05
111.26,108.27,70.46
111.11,108.66,67.48
111.05,108.46,70.81
111.27,108.73,70.94
111.12,109.10,67.51
110.88,108.98,71.53
111.19,108.96,71.24
111.08,109.51,67.60
111.10,109.19,71.63
110.95,109.40,72.07
111.30,109.40,71.74
111.09,109.92,67.66
111.12,109.60,72.22
110.94,109.80,72.69
111.30,109.80,72.36
111.17,110.24,67.68
111.12,110.00,72.82
110.97,110.16,73.19
111.29,110.18,72.98
110.82,110.67,67.94
111.15,110.61,67.79
111.04,110.32,73.40
111.11,110.50,73.71
111.21,110.65,73.99
110.98,110.89,67.98
111.02,111.20,68.16
111.08,110.81,74.50
110.97,110.95,75.04
111.28,111.02,74.93
111.25,111.53,68.37
111.06,111.12,75.37
111.14,111.35,75.70
111.29,111.59,75.91
110.84,111.52,84.31
111.05,111.51,83.81
111.21,111.31,84.06
111.13,111.19,84.75
110.80,111.42,85.14
111.01,111.22,85.54
110.78,111.53,85.91
111.03,111.30,86.17
110.94,111.58,86.42
111.19,111.40,86.58
111.00,111.77,68.62
111.18,112.06,68.94
110.88,111.82,76.43
111.19,111.81,76.23
110.88,111.74,83.71
111.03,111.95,83.37
111.11,111.64,83.54
110.74,111.85,86.38
111.08,111.84,86.72
111.13,112.29,69.18
110.95,112.42,69.22
111.19,112.47,69.47
111.09,112.00,76.48
111.17,112.25,76.68
111.10,112.32,83.17
111.08,112.33,86.80
110.97,112.92,69.99
111.04,112.74,69.73
111.29,112.87,70.17
110.69,112.73,73.76
111.02,112.47,77.03
111.25,112.64,77.33
111.23,112.63,83.09
111.10,112.76,86.76
111.12,113.05,70.51
111.00,113.29,71.36
111.14,113.19,71.13
111.24,113.28,71.58
111.04,112.75,77.65
111.01,112.94,78.07
111.19,113.23,78.49
110.97,113.22,82.92
111.21,113.01,83.05
111.16,113.07,86.71
111.11,113.41,71.83
111.18,113.60,72.23
111.20,113.49,78.79
110.95,113.57,82.79
111.21,113.37,82.96
110.91,113.66,86.39
111.10,113.40,86.58
111.11,113.81,72.49
111.16,114.03,72.81
110.95,113.68,78.99
111.10,113.97,79.16
111.05,114.00,82.76
111.25,113.76,86.43
110.93,114.01,86.25
111.10,114.23,73.09
111.17,114.43,73.45
111.26,114.27,79.36
111.07,114.39,82.78
111.10,114.44,86.03
111.12,114.63,73.75
111.20,114.82,74.12
111.00,114.50,79.54
111.10,114.80,79.72
111.10,114.67,82.85
110.99,114.99,82.90
111.32,114.73,83.04
111.02,114.76,85.86
111.31,114.65,85.81
111.09,114.96,85.66
111.12,115.03,74.38
111.13,115.26,74.68
111.11,115.18,79.87
110.88,115.31,82.93
111.22,115.19,83.24
111.11,115.30,85.29
110.96,115.48,74.85
111.21,115.64,75.12
111.11,115.60,79.97
111.11,115.59,83.46
111.13,115.75,84.47
111.27,115.59,84.34
111.17,115.76,84.07
111.01,115.68,84.95
111.25,115.47,84.77
111.28,115.98,75.35
111.12,116.02,80.00
111.08,115.80,83.70
110.95,115.99,83.97
110.93,115.96,84.58
110.98,116.29,75.47
111.07,116.57,75.58
111.11,116.44,80.00
111.11,116.90,75.65
111.09,116.85,79.99
111.10,117.28,75.67
111.08,117.27,79.98
111.10,117.69,75.67
111.08,117.69,79.97
111.09,118.09,75.68
111.07,118.10,79.94
111.08,118.51,75.69
111.09,118.50,79.90
111.10,118.93,75.69
111.16,118.83,79.88
111.10,119.35,75.70
110.78,119.48,79.56
111.05,119.21,79.79
111.10,119.76,75.72
110.87,119.87,79.51
111.12,119.63,79.74
111.08,120.16,75.74
110.96,120.22,79.49
111.22,120.07,79.70
111.04,120.56,75.71
111.17,120.40,79.58
110.95,120.59,79.38
111.01,120.96,75.60
110.94,121.01,79.30
110.95,121.28,75.49
111.15,121.34,75.32
111.18,121.08,75.44
111.03,121.36,79.29
110.82,121.59,75.43
111.04,121.78,75.23
111.09,121.77,79.26
111.07,122.21,75.13
111.18,122.22,79.33
111.13,122.62,75.16
111.06,122.53,79.43
110.93,122.76,79.47
111.14,122.73,79.55
111.23,122.97,75.27
110.80,123.02,79.56
111.08,123.07,79.65
110.95,123.23,75.47
111.02,123.54,75.57
111.07,123.56,79.71
111.11,123.87,75.68
111.00,124.00,79.64
111.26,124.18,75.89
110.91,124.35,79.41
111.11,124.12,79.46
111.16,124.29,79.21
111.08,124.51,76.17
111.15,124.73,76.58
110.97,124.57,78.99
111.18,124.47,78.93
111.14,124.64,78.62
111.02,124.86,76.76
111.07,124.91,77.29
111.06,124.86,78.00
111.36,107.84,67.79
111.61,107.58,68.18
111.41,107.54,68.72
111.62,107.66,69.19
111.49,108.20,67.53
111.43,107.78,69.58
111.42,108.03,70.00
111.57,108.30,70.27
111.54,108.64,67.46
111.35,108.53,70.70
111.53,108.47,70.48
111.51,109.10,67.51
111.59,108.72,70.61
111.47,108.93,70.93
111.47,109.53,67.56
111.52,109.19,71.18
111.53,109.40,71.48
111.46,109.93,67.58
111.55,109.60,71.79
111.54,109.80,72.13
111.49,110.32,67.61
111.54,110.01,72.46
111.54,110.20,72.79
111.60,110.69,67.70
111.51,110.40,73.17
111.41,110.58,73.65
111.59,110.59,73.48
111.32,110.98,67.91
111.50,111.29,68.11
111.58,110.80,73.88
111.47,110.96,74.50
111.55,111.14,74.80
111.29,111.00,85.26
111.44,110.99,84.75
111.62,110.86,85.04
111.50,110.86,85.65
111.22,111.05,85.88
111.40,110.96,86.15
111.23,111.14,86.33
111.47,111.11,86.51
111.70,111.55,68.37
111.41,111.26,75.26
111.42,111.44,75.59
111.57,111.42,75.36
111.26,111.45,83.66
111.38,111.61,83.42
111.59,111.29,83.75
111.49,111.10,84.29
111.50,111.47,86.80
111.51,111.79,68.69
111.59,111.99,69.03
111.61,111.61,75.56
111.48,111.79,75.97
111.46,111.94,83.21
111.49,111.94,86.90
111.54,112.18,69.35
111.57,112.40,69.73
111.51,112.06,76.24
111.61,112.30,76.49
111.53,112.32,83.11
111.48,112.40,86.88
111.42,112.64,69.91
111.59,112.76,70.30
111.51,112.48,76.88
111.65,112.67,77.26
111.57,112.69,83.11
111.48,112.80,86.82
111.56,112.93,70.66
111.54,113.07,71.15
111.37,113.29,71.83
111.54,113.19,71.71
111.56,113.29,72.12
111.43,112.83,77.72
111.38,113.03,78.15
111.71,113.03,77.96
111.64,113.01,83.12
111.48,113.16,86.75
111.34,113.64,72.46
111.56,113.44,72.46
111.55,113.65,72.75
111.58,113.21,78.31
111.63,113.55,78.62
111.32,113.70,82.92
111.56,113.37,83.07
111.53,113.51,86.64
111.32,114.07,73.03
111.55,113.87,73.04
111.55,114.08,73.34
111.36,113.75,78.95
111.57,114.09,79.12
111.36,114.11,82.90
111.66,113.83,83.06
111.66,113.84,86.42
111.39,114.10,86.22
111.34,114.47,73.68
111.56,114.27,73.67
111.57,114.47,74.00
111.69,114.43,79.35
111.31,114.44,82.91
111.62,114.33,83.12
111.51,114.39,85.97
111.37,114.85,74.34
111.57,114.66,74.31
111.53,114.88,74.57
111.40,114.55,79.56
111.53,114.91,79.74
111.63,114.78,83.40
111.54,114.58,85.77
111.48,114.85,85.44
111.29,115.35,74.89
111.43,115.11,74.75
111.64,115.24,75.06
111.45,115.29,79.90
111.54,115.08,83.66
111.38,115.34,83.79
111.42,115.34,84.41
111.61,115.11,84.17
111.40,115.19,84.98
111.62,115.02,84.80
111.63,115.63,75.31
111.53,115.64,79.94
111.26,115.59,83.94
111.55,115.97,75.44
111.54,116.05,79.97
111.35,116.24,75.50
111.53,116.45,75.61
111.53,116.44,79.98
111.53,116.86,75.66
111.53,116.84,79.99
111.52,117.26,75.66
111.52,117.25,79.99
111.52,117.68,75.64
111.51,117.68,79.99
111.51,118.09,75.64
111.50,118.10,79.97
111.51,118.51,75.63
111.50,118.51,79.96
111.51,118.92,75.63
111.49,118.90,79.94
111.51,119.34,75.65
111.47,119.31,79.91
111.50,119.75,75.68
111.50,119.71,79.89
111.46,120.14,75.67
111.58,120.03,79.89
111.41,120.52,75.58
111.28,120.66,79.56
111.55,120.44,79.77
111.32,120.84,75.47
111.49,120.96,75.30
111.56,120.65,75.44
111.51,120.84,79.63
111.26,121.02,79.45
111.49,121.35,75.11
111.42,121.50,79.39
111.47,121.79,75.00
111.40,121.88,79.33
111.48,122.23,74.99
111.56,122.11,79.35
111.54,122.63,75.07
111.26,122.54,79.48
111.55,122.47,79.41
111.64,122.97,75.22
111.35,122.82,79.55
111.65,122.91,79.44
111.34,123.27,75.41
111.45,123.57,75.55
111.37,123.26,79.56
111.65,123.37,79.35
111.55,123.87,75.72
111.31,123.84,79.41
111.63,123.80,79.13
111.67,124.16,75.98
111.40,124.27,78.90
111.69,124.03,78.88
111.68,124.29,78.59
111.51,124.40,76.25
111.32,124.78,77.10
111.50,124.60,76.78
111.39,124.75,77.73
111.65,124.64,77.51
111.40,124.59,78.34
111.69,124.53,78.11
111.81,107.79,67.75
112.05,107.56,68.12
111.84,107.55,68.66
112.06,107.80,69.17
111.93,108.16,67.52
111.78,107.97,69.64
111.74,108.23,70.01
112.05,108.37,69.82
111.96,108.62,67.47
111.81,108.52,70.21
112.15,108.74,70.00
111.93,109.08,67.49
111.91,108.83,70.31
111.75,108.98,70.66
111.96,109.00,70.41
111.88,109.52,67.50
111.97,109.19,70.65
111.77,109.39,71.20
112.00,109.38,70.92
111.86,109.95,67.50
112.00,109.61,71.27
111.77,109.82,71.90
112.03,109.91,71.68
111.92,110.35,67.54
111.90,110.07,72.12
111.75,110.23,72.59
112.00,110.31,72.33
112.06,110.70,67.68
111.90,110.48,72.77
111.78,110.64,73.25
112.01,110.73,72.96
111.79,111.02,67.88
111.96,111.30,68.17
111.93,110.90,73.41
111.89,111.10,73.88
112.05,111.16,73.55
111.72,111.11,74.37
111.75,110.93,84.54
111.95,110.81,84.83
111.92,110.71,85.38
111.75,110.79,86.11
111.91,111.00,86.64
112.08,111.50,68.50
112.03,111.32,73.88
112.09,111.52,74.13
111.93,111.35,74.29
111.74,111.40,74.94
111.79,111.55,83.39
112.08,111.25,83.71
111.91,111.06,84.10
111.93,111.49,86.91
111.88,111.68,68.66
111.76,112.00,69.21
111.88,111.83,69.05
111.92,111.97,69.48
112.02,111.63,74.63
111.90,111.75,75.23
111.75,111.89,75.75
112.00,111.99,75.49
111.89,111.91,83.21
111.92,111.97,86.93
111.77,112.50,70.18
111.85,112.20,69.83
111.99,112.50,70.57
112.04,112.25,70.32
112.13,112.37,70.76
111.90,112.11,75.89
111.82,112.24,76.21
111.99,112.26,76.01
111.93,112.32,83.16
111.90,112.41,86.87
111.83,112.73,70.64
112.04,112.64,70.98
111.99,112.44,76.34
111.85,112.58,76.90
111.91,112.69,77.13
111.94,112.73,83.17
111.88,112.82,86.83
111.85,112.89,71.11
111.87,113.00,71.63
111.77,113.27,72.42
111.90,113.10,72.20
111.98,113.21,72.66
111.92,112.86,77.45
111.95,113.05,77.82
111.95,113.12,83.18
111.88,113.20,86.78
111.78,113.66,73.05
111.99,113.42,73.05
111.99,113.65,73.34
111.97,113.30,78.13
112.09,113.68,78.43
111.97,113.52,83.19
111.95,113.56,86.63
111.79,114.07,73.66
111.99,113.86,73.65
112.01,114.06,73.98
111.69,113.88,78.90
112.01,113.96,78.73
112.03,113.97,83.32
112.12,113.88,86.23
111.81,114.17,86.07
111.80,114.46,74.32
112.00,114.25,74.30
111.98,114.47,74.60
111.88,114.12,78.97
112.03,114.43,79.10
111.94,114.42,83.47
111.76,114.49,85.72
111.96,114.32,85.80
112.03,114.44,85.45
111.72,114.94,74.86
111.86,114.70,74.75
112.04,114.82,75.08
111.73,114.68,79.54
112.05,114.77,79.38
111.90,114.68,83.72
111.77,114.90,83.91
111.84,114.86,84.51
112.01,114.68,84.18
111.83,114.72,85.16
112.06,114.59,84.83
112.01,115.19,75.31
111.88,114.91,79.60
111.84,115.25,79.75
111.94,115.50,75.42
111.81,115.81,75.48
112.12,115.57,75.55
111.98,115.73,79.80
111.65,116.10,75.53
111.99,116.00,75.63
111.89,116.12,79.90
111.95,116.44,75.69
111.94,116.44,79.92
111.93,116.84,75.68
111.95,116.82,79.95
111.94,117.23,75.67
111.95,117.23,79.97
111.95,117.64,75.65
111.94,117.65,79.98
111.95,118.06,75.64
111.93,118.07,79.99
111.94,118.47,75.63
111.92,118.49,79.99
111.94,118.89,75.64
111.90,118.91,79.99
111.93,119.30,75.66
111.89,119.32,79.99
111.90,119.70,75.66
111.90,119.72,79.99
111.84,120.09,75.59
111.92,120.10,79.98
111.72,120.39,75.49
111.88,120.53,75.32
111.96,120.22,75.46
111.99,120.43,79.95
111.91,120.91,75.10
111.63,121.16,79.56
111.89,120.82,79.79
111.92,121.33,74.96
111.77,121.47,79.48
111.99,121.24,79.64
111.92,121.77,74.91
112.08,121.55,79.49
111.77,121.79,79.38
111.92,122.21,74.96
111.91,122.16,79.35
111.98,122.61,75.08
111.96,122.55,79.35
112.06,122.94,75.24
111.97,122.98,79.28
111.76,123.27,75.39
111.89,123.55,75.56
111.93,123.42,79.12
112.04,123.88,75.85
111.83,123.77,78.97
112.03,123.61,78.92
111.96,123.93,78.73
112.01,124.20,76.20
111.79,124.35,76.28
112.01,124.36,76.53
111.96,124.25,78.37
111.82,124.46,76.67
111.91,124.50,77.29
111.96,124.44,77.90
112.23,107.77,67.74
112.41,107.58,68.05
112.31,107.58,68.56
112.47,107.84,69.03
112.36,108.15,67.55
112.12,108.12,69.54
112.43,108.19,69.39
112.39,108.60,67.48
112.31,108.37,69.61
112.43,108.69,69.72
112.36,109.07,67.46
112.15,109.00,70.21
112.47,109.08,69.93
112.32,109.52,67.45
112.32,109.24,70.29
112.20,109.40,70.68
112.42,109.47,70.44
112.32,109.95,67.46
112.33,109.66,70.82
112.24,109.92,71.31
112.45,109.99,70.96
112.38,110.34,67.56
112.37,110.25,71.42
112.49,110.30,71.12
112.17,110.23,71.87
112.49,110.65,67.74
112.45,110.51,71.43
112.46,110.81,71.58
112.35,110.63,71.88
112.15,110.63,72.45
112.12,110.56,85.86
112.31,110.59,85.42
112.49,110.48,85.78
112.32,110.49,86.16
112.07,110.64,86.30
112.33,110.67,86.51
112.34,110.97,68.02
112.35,111.26,68.44
112.41,110.98,71.98
112.47,111.12,71.77
112.33,111.05,72.46
112.15,111.05,73.06
112.18,110.93,84.48
112.37,110.78,84.95
112.35,111.04,86.80
112.35,111.42,68.76
112.16,111.60,68.91
112.21,111.68,69.51
112.44,111.41,69.23
112.33,111.66,70.20
112.47,111.39,69.85
112.38,111.67,70.80
112.47,111.37,70.45
112.41,111.68,71.20
112.47,111.40,71.07
112.43,111.27,72.17
112.45,111.59,71.39
112.41,111.40,72.58
112.44,111.67,72.80
112.33,111.45,73.04
112.18,111.45,73.63
112.22,111.54,83.45
112.49,111.32,83.80
112.37,111.11,84.11
112.37,111.50,86.92
112.12,111.95,69.98
112.24,112.03,70.65
112.36,112.02,71.30
112.44,111.81,71.56
112.42,111.78,73.18
112.49,111.95,73.02
112.35,111.77,73.58
112.26,111.84,74.26
112.13,111.93,75.00
112.28,111.93,83.32
112.35,111.96,86.89
112.22,112.44,71.29
112.44,112.12,71.78
112.36,112.44,71.92
112.47,112.29,72.13
112.48,112.05,73.45
112.45,112.10,73.97
112.43,112.16,74.42
112.50,112.37,74.75
112.34,112.16,74.86
112.17,112.23,75.58
112.29,112.37,83.30
112.32,112.39,86.85
112.06,112.78,71.42
112.15,112.79,71.88
112.45,112.52,72.41
112.27,112.85,72.54
112.42,112.89,73.05
112.49,112.62,72.84
112.53,112.76,73.27
112.45,112.45,75.25
112.36,112.54,75.84
112.31,112.64,76.31
112.49,112.77,76.07
112.13,112.70,76.83
112.29,112.80,83.31
112.29,112.81,86.84
112.24,113.10,72.99
112.41,113.10,73.41
112.44,112.87,76.55
112.30,112.96,77.12
112.17,113.10,77.63
112.41,113.19,77.38
112.30,113.22,83.35
112.29,113.22,86.77
112.20,113.64,73.64
112.29,113.45,73.58
112.37,113.62,73.94
112.32,113.36,77.81
112.25,113.53,78.16
112.42,113.59,77.97
112.32,113.61,83.44
112.34,113.57,86.55
112.22,114.04,74.29
112.30,113.86,74.18
112.38,114.01,74.55
112.34,113.73,78.24
112.33,113.95,78.42
112.34,113.90,83.58
112.25,114.20,83.77
112.46,113.99,83.88
112.16,114.19,85.71
112.47,113.96,85.61
112.41,114.14,85.26
112.49,113.78,86.14
112.15,114.53,74.91
112.29,114.28,74.79
112.39,114.46,75.13
112.13,114.25,78.87
112.31,114.20,78.64
112.09,114.50,83.86
112.43,114.15,84.19
112.25,114.39,84.38
112.25,114.34,85.11
112.45,114.17,84.71
112.34,114.79,75.34
112.43,114.49,78.77
112.43,114.85,79.08
112.31,115.05,75.46
112.16,115.30,75.47
112.44,115.18,75.63
112.09,115.08,79.54
112.36,115.16,79.36
112.41,115.60,75.73
112.22,115.41,79.59
112.59,115.60,79.41
112.44,116.05,75.82
112.36,115.73,79.63
112.32,116.10,79.76
112.26,116.50,75.75
112.27,116.49,79.86
112.31,116.83,75.75
112.36,116.83,79.88
112.35,117.22,75.73
112.38,117.24,79.93
112.37,117.64,75.72
112.36,117.64,79.96
112.36,118.05,75.69
112.37,118.05,79.98
112.35,118.46,75.67
112.36,118.47,79.99
112.36,118.86,75.68
112.34,118.89,79.99
112.34,119.27,75.68
112.33,119.31,80.01
112.33,119.68,75.62
112.33,119.72,80.03
112.16,120.00,75.52
112.24,120.21,75.37
112.51,119.92,75.49
112.35,120.13,80.03
112.30,120.53,75.17
112.34,120.54,79.96
112.34,120.90,75.01
112.33,120.95,79.80
112.37,121.31,74.94
112.35,121.30,79.63
112.36,121.76,74.96
112.41,121.51,79.50
112.29,121.79,79.38
112.37,122.19,75.05
112.34,122.18,79.31
112.38,122.58,75.17
112.35,122.59,79.24
112.42,122.89,75.30
112.30,123.04,79.09
112.17,123.21,75.40
112.39,123.43,75.63
112.18,123.36,78.97
112.35,123.24,78.92
112.32,123.54,78.71
112.53,123.74,75.96
112.23,123.96,78.42
112.35,124.03,76.23
112.13,124.37,77.03
112.27,124.22,76.65
112.21,124.31,77.66
112.47,124.11,77.34
112.18,124.22,78.14
112.40,124.04,78.00
112.63,107.79,67.79
112.75,107.63,68.25
112.63,107.67,68.71
112.99,107.80,68.64
112.77,108.17,67.58
112.74,107.87,68.96
112.80,108.21,69.20
112.81,108.61,67.48
112.53,108.53,69.56
112.82,108.64,69.40
112.81,109.07,67.46
112.70,108.78,69.58
112.75,109.07,69.65
112.80,109.52,67.48
112.57,109.46,70.15
112.81,109.51,69.80
112.79,109.94,67.57
112.73,109.86,70.19
112.92,110.01,69.83
112.54,109.75,70.51
112.83,110.30,67.79
112.78,110.32,70.23
112.93,110.45,69.78
112.61,110.20,70.68
112.75,110.61,67.93
112.59,110.78,67.91
112.74,110.77,68.20
112.75,110.79,70.12
112.87,110.78,69.60
112.64,110.66,70.69
112.53,110.59,71.13
112.77,110.67,85.34
112.86,110.50,85.82
112.63,110.49,86.21
112.73,110.71,86.58
112.58,111.21,68.92
112.66,111.00,68.54
112.68,111.10,69.58
112.83,110.91,69.12
112.60,111.14,70.14
112.58,111.06,70.63
112.52,111.02,71.25
112.73,111.08,84.58
112.81,110.90,84.93
112.77,111.07,86.81
112.48,111.52,71.79
112.46,111.55,72.38
112.58,111.64,83.61
112.78,111.49,83.92
112.78,111.30,84.18
112.77,111.49,86.87
112.49,111.99,72.04
112.51,111.91,72.53
112.61,112.04,83.53
112.89,111.84,83.88
112.76,111.92,86.86
112.52,112.29,72.52
112.55,112.35,73.16
112.58,112.41,73.84
112.57,112.41,74.37
112.61,112.48,83.52
112.85,112.22,83.75
112.72,112.36,86.86
112.61,112.83,73.79
112.68,112.77,74.39
112.63,112.70,74.96
112.58,112.77,75.62
112.61,112.91,83.57
112.93,112.61,83.87
112.70,112.80,86.85
112.55,113.30,73.96
112.70,113.19,74.44
112.75,113.12,74.95
112.73,113.10,75.50
112.64,113.09,76.17
112.55,113.17,76.89
112.63,113.36,83.75
112.88,113.03,83.91
112.73,113.26,86.68
112.58,113.64,74.47
112.75,113.54,74.99
112.80,113.43,75.39
112.81,113.52,75.97
112.75,113.52,76.76
112.56,113.49,77.48
112.53,113.74,83.82
112.93,113.34,84.26
112.72,113.69,84.36
112.90,113.61,84.71
112.63,113.60,86.40
112.94,113.51,86.26
112.73,113.71,86.09
112.60,114.02,75.02
112.80,113.86,75.54
112.89,113.89,76.02
112.90,113.80,76.46
112.88,113.83,76.95
112.92,114.04,77.28
112.75,113.86,77.48
112.53,113.82,78.00
112.56,113.95,84.29
112.74,113.80,85.07
112.58,113.97,84.89
112.71,113.80,85.67
112.65,114.41,75.47
112.88,114.24,75.90
112.86,114.17,77.70
112.87,114.42,78.01
112.62,114.21,78.21
112.52,114.83,75.54
112.78,114.74,75.83
112.75,114.60,78.46
112.64,114.78,78.81
112.82,114.86,78.63
112.73,115.21,75.89
112.72,114.99,78.89
112.72,115.27,79.07
112.72,115.58,75.95
112.93,115.70,79.14
112.78,115.83,76.02
112.75,116.09,75.99
113.00,115.92,76.23
112.58,115.91,79.57
112.89,116.03,79.39
112.62,116.44,75.89
112.90,116.25,76.09
112.69,116.15,79.61
112.66,116.48,79.73
112.67,116.87,75.87
112.80,116.95,79.80
112.72,117.27,75.86
112.71,117.33,79.89
112.78,117.72,75.83
112.77,117.67,79.91
112.67,118.12,75.75
112.78,118.08,79.92
112.74,118.46,75.74
112.78,118.50,79.92
112.75,118.87,75.73
112.77,118.91,79.93
112.75,119.27,75.69
112.76,119.33,79.94
112.87,119.64,75.62
112.76,119.75,79.97
112.66,120.23,75.31
112.86,119.96,75.48
112.76,120.18,79.96
112.64,120.58,75.12
112.74,120.60,79.87
112.75,120.90,75.06
112.72,121.00,79.71
112.78,121.32,75.06
112.62,121.31,79.57
112.88,121.15,79.55
112.76,121.43,79.43
112.77,121.76,75.11
112.76,121.79,79.31
112.79,122.18,75.23
112.75,122.19,79.23
112.70,122.59,75.31
112.72,122.61,79.09
112.68,122.86,75.40
112.50,123.09,75.44
112.83,123.01,75.60
112.61,123.08,78.83
112.90,122.77,78.88
112.93,123.04,78.56
112.86,123.40,75.87
112.71,123.43,78.35
113.03,123.31,78.06
112.87,123.57,77.91
112.90,123.66,76.19
112.66,123.90,76.29
112.87,123.83,76.54
112.67,123.78,77.87
112.85,123.71,77.68
112.79,123.85,77.36
112.48,123.75,78.30
112.64,124.00,76.74
113.08,107.86,67.86
113.15,107.72,68.23
113.39,107.91,68.37
113.12,108.24,67.61
112.99,108.05,68.98
113.33,108.21,68.74
113.23,108.61,67.57
113.13,108.34,69.07
113.15,108.67,69.15
113.26,109.07,67.60
112.92,109.01,69.47
113.19,109.14,69.17
113.29,109.49,67.75
113.06,109.43,69.39
113.28,109.57,69.00
113.17,109.89,67.88
113.18,109.96,68.97
113.34,109.80,68.67
113.25,110.04,68.44
113.04,109.81,69.50
113.15,110.12,68.08
113.02,110.38,68.35
113.08,110.37,68.95
113.06,110.20,69.41
112.93,110.69,68.73
112.99,110.58,69.29
113.02,110.59,85.59
113.22,110.62,85.88
113.00,110.55,86.24
113.17,110.79,86.54
112.99,111.06,84.84
113.21,111.02,85.13
113.20,110.76,85.47
113.11,111.13,86.77
113.03,111.62,84.19
113.16,111.48,84.53
113.20,111.26,84.82
113.17,111.45,86.82
113.14,111.92,84.18
113.29,111.86,84.42
113.16,111.87,86.87
113.11,112.22,84.08
113.28,112.11,84.31
113.14,112.32,86.91
113.25,112.55,84.29
113.09,112.89,84.17
113.30,112.87,84.50
113.14,112.79,86.87
113.02,113.10,84.16
113.17,113.15,84.53
113.19,113.18,86.65
112.93,113.67,85.26
113.08,113.45,84.86
112.90,113.67,85.79
113.18,113.48,85.65
113.26,113.37,86.29
112.98,114.12,76.36
112.98,114.06,76.87
113.01,114.51,76.29
113.07,114.39,76.84
113.00,114.35,77.46
112.99,114.93,76.22
113.13,114.78,76.75
113.13,114.72,77.42
112.98,114.74,78.13
112.93,115.28,76.15
113.13,115.21,76.59
113.23,115.08,77.28
113.15,115.11,78.07
112.92,115.08,78.63
112.97,115.56,76.23
113.18,115.61,76.57
113.30,115.42,77.09
113.31,115.37,77.76
113.24,115.43,78.31
113.24,115.63,78.60
113.06,115.43,78.73
113.22,115.90,76.53
113.15,115.74,78.89
113.19,116.02,79.05
112.95,116.58,76.08
113.18,116.25,76.36
112.93,116.35,79.53
113.29,116.46,79.25
112.99,116.98,76.05
113.28,116.75,76.35
113.06,116.68,79.59
113.39,116.91,79.43
113.04,117.37,76.02
113.24,117.15,76.22
113.17,117.00,79.66
113.09,117.33,79.77
113.11,117.69,76.00
113.36,117.53,76.23
113.14,117.77,79.78
113.04,118.07,75.88
113.32,117.87,76.09
113.15,118.19,79.78
113.15,118.55,75.84
113.14,118.60,79.77
113.06,118.95,75.77
113.13,119.00,79.77
113.15,119.27,75.74
113.14,119.42,79.78
113.27,119.58,75.71
113.14,119.84,79.79
113.02,120.16,75.40
113.26,119.95,75.58
113.12,120.26,79.77
113.01,120.51,75.26
113.27,120.30,75.44
113.08,120.64,79.70
113.12,120.95,75.21
113.05,120.91,79.60
113.29,120.71,79.51
113.20,121.04,79.41
113.14,121.37,75.23
113.17,121.41,79.28
113.11,121.76,75.29
113.19,121.81,79.15
113.13,122.03,75.37
113.03,122.35,75.42
113.36,122.08,75.55
113.06,122.25,79.09
112.91,122.68,75.47
113.28,122.58,75.75
113.03,122.52,78.99
113.19,122.38,78.95
113.19,122.66,78.68
113.16,123.06,75.94
113.15,123.01,78.35
113.12,123.32,76.05
113.03,123.47,76.05
113.15,123.45,76.33
113.00,123.60,77.53
113.22,123.34,77.55
113.15,123.56,77.12
113.25,123.13,77.99
112.95,123.78,76.98
113.09,123.63,76.65
113.39,107.85,68.06
113.45,108.17,67.82
113.58,108.03,68.12
113.63,108.26,68.33
113.57,108.63,67.79
113.37,108.60,68.91
113.63,108.71,68.52
113.61,109.03,67.87
113.46,109.06,68.75
113.66,109.13,68.35
113.62,109.26,68.05
113.47,109.49,68.23
113.40,109.50,68.69
113.34,109.83,68.29
113.27,110.62,86.23
113.41,110.95,85.39
113.53,110.87,85.67
113.57,110.80,86.17
113.55,111.04,86.60
113.45,111.55,84.81
113.60,111.45,85.06
113.69,111.16,85.39
113.61,111.41,86.80
113.49,111.82,84.69
113.67,111.75,84.91
113.59,111.84,86.92
113.30,112.29,84.31
113.47,112.24,84.55
113.58,112.32,86.96
113.47,113.05,84.99
113.50,112.67,84.71
113.79,112.80,85.17
113.57,112.79,86.85
113.28,113.31,85.08
113.74,113.10,85.59
113.48,113.29,85.57
113.69,113.24,85.99
113.54,113.15,86.56
113.48,113.33,86.11
113.35,115.76,76.92
113.42,115.67,77.53
113.36,115.65,78.18
113.37,116.05,76.72
113.53,116.04,77.25
113.53,115.98,78.05
113.34,115.87,78.63
113.48,116.40,76.76
113.68,116.37,77.24
113.71,116.26,77.74
113.68,116.27,78.26
113.71,116.45,78.57
113.50,116.23,78.71
113.55,116.79,76.67
113.70,116.68,77.06
113.61,116.55,78.89
113.62,116.84,79.06
113.51,117.16,76.52
113.69,116.99,76.89
113.38,117.21,79.56
113.63,117.27,79.22
113.62,117.54,76.53
113.43,117.54,79.56
113.69,117.73,79.22
113.41,118.21,76.04
113.65,117.94,76.37
113.45,117.95,79.57
113.70,118.15,79.25
113.51,118.54,75.99
113.72,118.39,76.21
113.44,118.36,79.56
113.68,118.56,79.28
113.43,118.90,75.88
113.71,118.71,76.08
113.43,118.77,79.55
113.67,118.97,79.26
113.52,119.32,75.85
113.43,119.17,79.53
113.67,119.38,79.24
113.61,119.73,75.79
113.44,119.58,79.53
113.68,119.78,79.24
113.58,120.02,75.69
113.44,119.99,79.53
113.67,120.20,79.25
113.39,120.63,75.39
113.59,120.31,75.61
113.39,120.39,79.52
113.57,120.65,79.26
113.46,121.05,75.38
113.73,120.75,75.58
113.54,121.09,79.16
113.43,121.46,75.41
113.75,121.19,75.59
113.50,121.44,79.10
113.35,121.79,75.44
113.68,121.67,75.64
113.51,121.72,78.99
113.65,121.54,78.95
113.70,121.84,78.70
113.71,122.12,75.85
113.39,122.16,78.83
113.64,122.25,78.45
113.73,122.45,76.18
113.50,122.83,76.30
113.75,122.64,76.57
113.49,122.60,78.27
113.69,122.47,78.10
113.64,122.70,77.80
113.32,123.18,76.35
113.67,122.80,76.79
113.51,123.01,76.85
113.45,123.00,77.62
113.67,122.80,77.30
113.32,122.89,78.22
113.30,123.33,76.91
113.68,108.31,68.02
113.73,108.65,68.11
113.73,108.98,68.18
113.98,111.05,85.81
114.03,110.95,86.27
114.05,111.10,86.59
113.93,111.50,85.27
114.07,111.34,85.48
114.05,111.43,86.80
113.74,112.09,84.87
113.95,111.86,85.12
114.04,111.86,86.94
113.71,112.45,84.86
113.99,112.40,85.14
114.03,112.35,86.93
114.07,112.75,85.39
113.97,112.85,86.67
114.03,112.96,85.67
113.74,113.17,86.36
113.99,113.06,86.16
113.81,116.59,77.60
113.80,116.51,78.16
113.85,117.00,77.45
113.87,116.85,78.11
113.78,116.72,78.62
113.78,117.35,76.96
113.93,117.38,77.55
113.93,117.24,78.11
113.82,117.08,78.68
113.80,117.70,76.74
113.97,117.69,77.26
114.00,117.64,78.05
113.87,117.48,78.71
113.95,117.96,76.81
114.09,117.97,77.21
114.11,117.90,77.70
114.08,117.93,78.22
114.08,118.18,78.45
113.92,117.92,78.73
113.96,118.28,76.58
114.11,118.18,76.97
113.90,118.36,78.91
114.08,118.55,78.53
113.78,119.04,76.06
113.99,118.72,76.40
113.89,118.77,78.94
114.10,118.98,78.54
113.85,119.43,76.03
114.08,119.17,76.36
113.88,119.19,78.93
114.10,119.42,78.55
113.92,119.75,76.00
114.13,119.57,76.33
113.89,119.61,78.92
114.09,119.85,78.58
113.87,120.07,75.89
114.11,119.90,76.23
113.89,120.02,78.93
114.08,120.24,78.59
113.97,120.50,75.88
113.87,120.43,78.94
114.08,120.63,78.58
114.04,120.92,75.87
113.85,120.85,78.92
114.08,121.05,78.54
114.03,121.35,75.90
113.81,121.36,78.82
114.07,121.42,78.43
113.99,121.77,75.98
113.96,121.80,78.32
114.16,121.62,78.09
114.12,121.90,77.87
113.96,122.06,76.08
113.86,122.22,76.07
113.99,122.20,76.34
113.97,122.22,77.72
114.13,122.06,77.45
114.03,122.30,77.18
113.81,122.19,78.19
113.84,122.56,77.12
113.93,122.40,76.69
113.79,122.52,77.71
114.41,111.08,86.03
114.37,111.01,86.34
114.50,111.21,86.53
114.23,111.66,85.38
114.38,111.36,85.68
114.41,111.54,86.78
114.31,112.10,85.35
114.57,111.77,85.60
114.47,111.94,86.84
114.32,112.54,85.47
114.63,112.23,85.66
114.45,112.43,86.76
114.27,112.82,85.67
114.59,112.64,85.90
114.38,112.79,86.48
114.33,112.90,86.05
114.20,118.20,77.49
114.17,118.08,78.00
114.20,118.53,77.00
114.28,118.54,77.60
114.21,118.36,78.05
114.23,118.93,76.77
114.36,118.96,77.40
114.25,118.75,78.05
114.34,119.32,76.86
114.48,119.29,77.31
114.47,119.26,77.61
114.47,119.48,77.77
114.32,119.21,78.03
114.34,119.83,76.84
114.49,119.54,77.22
114.31,119.69,78.10
114.46,119.72,77.70
114.21,120.26,76.38
114.37,120.25,77.03
114.47,119.75,77.38
114.38,120.04,77.63
114.23,120.06,78.24
114.25,120.72,76.30
114.37,120.60,76.90
114.37,120.51,77.55
114.25,120.40,78.14
114.27,121.13,76.29
114.39,120.98,76.84
114.38,120.90,77.47
114.26,120.80,78.09
114.23,121.53,76.32
114.36,121.37,76.83
114.38,121.24,77.34
114.26,121.25,77.98
114.14,121.90,76.36
114.28,121.71,76.76
114.27,121.67,77.44
114.15,122.06,76.89
114.63,111.12,86.22
114.72,111.39,85.95
114.79,111.30,86.27
114.77,111.60,86.53
114.86,111.86,85.91
114.80,112.11,86.61
114.87,112.28,86.05
114.74,112.52,86.52
114.82,112.54,86.25
114.62,112.74,86.28
114.53,119.43,77.49
114.52,119.59,77.52
114.91,111.57,86.17
114.95,111.94,86.28
114.93,112.30,86.37
