79.21,95.93,90.24
79.18,96.09,89.97
79.22,95.92,90.27
79.30,95.77,90.53
79.23,95.87,90.35
79.32,95.75,90.56
79.18,96.05,90.02
79.23,95.90,90.31
79.39,96.78,88.91
79.42,96.85,88.84
79.33,96.65,89.08
79.35,96.70,89.01
79.46,96.92,88.76
79.48,95.58,90.85
79.51,95.55,90.88
79.67,95.41,91.07
79.70,95.38,91.10
79.19,96.03,90.07
79.29,95.78,90.51
79.47,95.59,90.82
79.22,96.35,89.52
79.25,96.47,89.33
79.19,96.24,89.70
79.19,96.24,89.69
79.39,96.77,88.92
79.26,96.48,89.31
79.56,97.11,88.58
79.55,97.10,88.59
79.52,97.04,88.64
79.50,97.00,88.68
79.64,97.28,88.44
79.83,95.25,91.24
79.81,95.27,91.22
80.00,95.07,91.38
79.98,95.08,91.37
79.66,95.41,91.07
79.82,95.26,91.23
79.22,96.37,89.48
79.63,97.26,88.46
79.80,97.58,88.23
79.89,97.77,88.10
79.77,97.53,88.26
79.81,97.62,88.20
79.95,97.87,88.03
80.04,98.06,87.91
79.93,97.84,88.05
80.06,98.10,87.88
80.62,92.60,92.57
80.63,92.64,92.55
80.61,92.53,92.61
80.62,92.58,92.58
80.63,92.75,92.50
80.52,94.11,91.88
80.53,94.09,91.89
80.59,93.75,92.04
80.57,93.86,91.99
80.44,94.35,91.77
80.42,94.39,91.75
80.49,94.22,91.83
80.24,94.75,91.58
80.10,94.95,91.46
80.27,94.69,91.61
80.36,94.52,91.69
80.20,94.80,91.55
79.97,95.10,91.36
80.10,94.94,91.47
79.91,97.80,88.07
80.02,98.03,87.93
80.22,98.40,87.68
80.31,98.56,87.56
80.19,98.35,87.71
80.23,98.42,87.66
80.46,98.78,87.36
80.46,98.78,87.36
80.35,98.62,87.51
80.49,98.83,87.31
80.61,92.47,92.64
80.61,92.49,92.62
80.60,92.43,92.65
80.60,92.45,92.64
80.63,92.67,92.53
80.61,92.50,92.62
80.65,92.94,92.41
80.65,93.00,92.38
80.64,93.16,92.30
80.64,92.88,92.43
80.64,93.35,92.22
80.63,93.37,92.21
80.65,93.16,92.31
80.57,93.90,91.97
80.63,93.45,92.17
80.47,94.25,91.82
80.28,94.67,91.62
80.33,98.58,87.53
80.45,98.77,87.37
80.70,99.10,87.03
80.88,99.31,86.80
80.66,99.05,87.09
80.68,99.07,87.06
80.92,99.35,86.75
80.60,92.44,92.65
80.65,93.03,92.36
80.65,93.16,92.31
80.89,99.33,86.78
81.12,99.56,86.51
81.30,99.75,86.32
81.11,99.55,86.52
81.17,99.61,86.46
81.35,99.80,86.26
81.35,99.79,86.27
81.58,100.03,86.06
81.52,99.96,86.11
81.51,99.96,86.11
81.47,99.91,86.15
81.70,100.14,85.98
81.70,100.15,85.97
81.91,100.36,85.84
82.10,100.56,85.73
81.90,100.35,85.85
81.98,100.44,85.80
82.18,100.65,85.69
82.17,100.64,85.69
82.37,100.87,85.61
82.35,100.84,85.62
82.34,100.84,85.62
82.33,100.82,85.63
82.52,101.06,85.55
82.50,101.03,85.56
82.66,101.24,85.51
82.69,101.29,85.50
82.64,101.22,85.51
82.66,101.24,85.51
82.82,101.46,85.46
82.94,101.62,85.42
82.83,101.47,85.45
82.99,101.70,85.40
82.77,101.39,85.47
82.95,101.64,85.41
83.20,101.98,85.32
83.37,102.20,85.25
83.18,101.96,85.32
83.25,102.05,85.30
83.44,102.30,85.22
83.44,102.29,85.22
83.64,102.52,85.14
83.61,102.50,85.15
83.61,102.50,85.15
83.60,102.48,85.15
83.80,102.69,85.07
83.79,102.69,85.07
83.99,102.88,85.00
84.01,102.90,84.99
84.00,102.89,84.99
83.99,102.89,84.99
84.18,103.05,84.94
84.18,103.05,84.94
84.42,103.25,84.88
84.39,103.23,84.88
84.43,103.26,84.87
84.41,103.25,84.88
84.65,103.43,84.85
84.65,103.44,84.85
84.87,103.60,84.85
84.85,103.59,84.84
84.93,103.64,84.85
84.84,103.58,84.84
85.01,103.71,84.86
85.19,103.85,84.90
85.10,103.78,84.88
85.21,103.86,84.90
85.29,103.92,84.92
85.37,103.99,84.95
85.57,104.15,85.02
85.56,104.14,85.02
85.58,104.15,85.03
85.59,104.17,85.03
85.80,104.35,85.14
85.77,104.32,85.13
85.93,104.46,85.21
86.12,104.65,85.34
85.94,104.47,85.22
86.00,104.53,85.26
86.17,104.70,85.37
86.34,104.88,85.49
86.32,104.86,85.48
86.24,104.78,85.42
86.39,104.95,85.53
86.48,105.04,85.58
86.08,104.61,85.31
86.34,104.89,85.49
86.58,105.16,85.65
86.59,105.17,85.65
86.60,105.20,85.66
86.59,105.18,85.65
86.70,105.31,85.71
86.75,105.37,85.74
86.74,105.36,85.74
86.86,105.51,85.79
86.87,105.52,85.80
86.92,105.57,85.82
87.13,105.80,85.90
87.19,105.87,85.93
87.12,105.79,85.90
87.32,105.99,85.97
87.40,106.06,86.00
87.40,106.07,86.00
87.57,106.21,86.07
87.59,106.23,86.07
87.59,106.23,86.07
87.62,106.25,86.09
87.80,106.37,86.16
87.80,106.37,86.16
88.01,106.51,86.26
88.02,106.52,86.26
88.04,106.53,86.27
88.07,106.54,86.29
88.28,106.65,86.40
88.29,106.65,86.40
88.48,106.75,86.51
88.54,106.77,86.54
88.63,106.81,86.60
88.57,106.79,86.57
88.82,106.89,86.72
88.80,106.88,86.71
89.01,106.96,86.85
89.05,106.98,86.87
88.99,106.96,86.83
89.25,107.05,87.02
89.27,107.05,87.02
89.29,107.06,87.04
89.48,107.12,87.18
89.55,107.15,87.24
89.46,107.12,87.17
89.64,107.17,87.31
89.61,107.16,87.28
89.76,107.21,87.40
89.73,107.20,87.38
89.79,107.22,87.43
89.82,107.22,87.45
89.88,107.24,87.50
89.93,107.25,87.54
89.94,107.26,87.55
89.96,107.26,87.57
89.94,107.26,87.54
89.98,107.27,87.58
89.98,107.27,87.58
79.21,95.93,90.26
79.19,96.01,90.10
79.19,96.00,90.12
79.34,95.74,90.58
79.25,95.86,90.39
79.26,95.83,90.43
79.25,95.85,90.40
79.31,95.76,90.55
79.27,95.82,90.45
79.19,96.00,90.13
79.18,96.07,90.00
79.20,95.97,90.19
79.23,95.88,90.35
79.20,95.98,90.16
79.27,95.83,90.43
79.35,96.71,89.00
79.40,96.81,88.87
79.38,96.75,88.95
79.34,96.67,89.05
79.37,96.74,88.96
79.42,96.85,88.83
79.44,96.88,88.80
79.40,96.80,88.89
79.57,95.50,90.95
79.50,95.56,90.86
79.59,95.48,90.97
79.68,95.39,91.09
79.60,95.47,90.99
79.20,95.98,90.17
79.18,96.06,90.02
79.25,95.85,90.39
79.30,95.78,90.52
79.22,95.91,90.29
79.40,95.67,90.70
79.40,95.66,90.71
79.49,95.57,90.86
79.37,95.71,90.63
79.31,95.77,90.54
79.41,95.65,90.73
79.48,95.58,90.84
79.41,95.66,90.71
79.39,95.68,90.69
79.59,95.48,90.98
79.20,96.30,89.59
79.23,96.40,89.44
79.22,96.35,89.51
79.19,96.04,90.05
79.19,96.13,89.88
79.19,96.15,89.85
79.19,96.25,89.67
79.19,96.14,89.87
79.19,96.17,89.82
79.19,96.22,89.74
79.19,96.21,89.75
79.20,96.30,89.59
79.20,95.96,90.19
79.25,95.85,90.40
79.36,96.71,89.00
79.40,96.81,88.88
79.32,96.62,89.13
79.30,96.57,89.19
79.25,96.47,89.32
79.32,96.63,89.11
79.37,96.74,88.96
79.30,96.59,89.17
79.23,96.41,89.42
79.28,96.52,89.26
79.27,96.49,89.30
79.22,96.36,89.50
79.55,97.10,88.60
79.51,97.03,88.65
79.50,97.00,88.68
79.49,96.99,88.69
79.55,97.10,88.59
79.45,96.91,88.77
79.55,97.09,88.60
79.51,97.03,88.66
79.44,96.89,88.79
79.42,96.84,88.84
79.48,96.96,88.72
79.52,97.04,88.64
79.59,97.19,88.52
79.61,97.21,88.50
79.56,97.11,88.59
79.91,95.16,91.31
79.82,95.25,91.23
79.90,95.17,91.30
79.99,95.08,91.38
79.91,95.17,91.30
79.82,95.26,91.23
79.73,95.34,91.14
79.74,95.34,91.15
79.65,95.42,91.05
79.58,95.48,90.97
79.74,95.34,91.14
79.75,95.33,91.16
79.67,95.40,91.08
79.76,95.32,91.17
79.84,95.24,91.25
79.90,95.17,91.30
79.76,95.32,91.17
79.56,95.51,90.94
79.20,96.29,89.60
79.24,96.42,89.40
79.20,96.30,89.60
79.24,96.41,89.41
79.58,97.15,88.55
79.60,97.20,88.51
79.55,97.10,88.59
79.78,97.55,88.24
79.84,97.67,88.16
79.83,97.65,88.18
79.64,97.27,88.45
79.72,97.44,88.33
79.73,97.45,88.32
79.79,97.57,88.23
79.71,97.40,88.35
79.67,97.33,88.41
79.68,97.35,88.40
79.72,97.42,88.34
79.81,97.60,88.21
79.87,97.73,88.13
79.92,97.82,88.06
79.99,97.96,87.97
79.96,97.90,88.01
79.87,97.73,88.12
79.86,97.71,88.14
79.94,97.86,88.04
80.00,97.99,87.95
80.05,98.08,87.90
80.00,97.97,87.96
80.62,92.56,92.59
80.62,92.62,92.56
80.62,92.58,92.58
80.62,92.55,92.59
80.62,92.59,92.57
80.63,92.67,92.53
80.63,92.69,92.52
80.63,92.66,92.54
80.56,93.92,91.96
80.52,94.09,91.89
80.56,93.94,91.96
80.58,93.82,92.01
80.55,93.96,91.95
80.50,94.20,91.84
80.49,94.23,91.83
80.43,94.37,91.76
80.47,94.25,91.82
80.53,94.04,91.91
80.51,94.14,91.87
80.47,94.25,91.82
80.25,94.72,91.59
80.17,94.84,91.52
80.19,94.82,91.54
80.22,94.78,91.56
80.30,94.63,91.64
80.29,94.66,91.62
80.34,94.55,91.67
80.40,94.43,91.73
80.33,94.57,91.67
80.34,94.55,91.68
80.43,94.37,91.76
80.10,94.94,91.47
80.04,95.02,91.41
80.04,95.02,91.42
79.96,95.11,91.35
79.89,95.19,91.29
80.05,95.00,91.43
80.10,94.93,91.47
79.98,95.09,91.36
80.05,95.01,91.42
80.09,94.95,91.46
80.16,94.86,91.51
80.10,94.94,91.47
79.90,95.18,91.29
79.84,97.67,88.16
79.90,97.78,88.09
79.86,97.71,88.14
79.97,97.91,88.00
79.97,97.92,87.99
80.03,98.04,87.92
79.92,97.83,88.06
79.98,97.94,87.99
80.21,98.37,87.70
80.27,98.48,87.61
80.25,98.45,87.64
80.05,98.07,87.90
80.13,98.22,87.80
80.15,98.26,87.77
80.21,98.38,87.69
80.11,98.19,87.82
80.11,98.20,87.81
80.13,98.23,87.79
80.14,98.25,87.78
80.23,98.41,87.67
80.29,98.52,87.58
80.46,98.78,87.36
80.41,98.72,87.42
80.39,98.67,87.46
80.29,98.52,87.59
80.28,98.51,87.59
80.36,98.63,87.49
80.43,98.74,87.40
80.46,98.79,87.36
80.42,98.72,87.41
80.60,92.45,92.64
80.61,92.48,92.63
80.61,92.46,92.64
80.60,92.44,92.65
80.60,92.46,92.64
80.61,92.50,92.62
80.62,92.58,92.58
80.62,92.59,92.58
80.62,92.57,92.59
80.63,92.66,92.54
80.61,92.51,92.61
80.61,92.50,92.62
80.62,92.62,92.56
80.61,92.54,92.60
80.61,92.51,92.61
80.61,92.48,92.63
80.61,92.52,92.61
80.65,92.97,92.39
80.64,92.84,92.45
80.64,92.87,92.44
80.64,92.79,92.48
80.64,92.81,92.47
80.64,92.76,92.49
80.64,92.90,92.43
80.64,92.87,92.44
80.64,92.78,92.48
80.63,92.73,92.51
80.64,92.81,92.47
80.65,92.94,92.40
80.65,93.16,92.31
80.64,93.14,92.31
80.63,93.36,92.21
80.64,93.15,92.31
80.65,93.02,92.37
80.65,93.08,92.34
80.64,93.26,92.26
80.58,93.83,92.01
80.55,93.99,91.93
80.60,93.62,92.10
80.61,93.58,92.12
80.63,93.41,92.19
80.60,93.68,92.07
80.57,93.88,91.98
80.60,93.66,92.08
80.63,93.40,92.19
80.60,93.61,92.10
80.61,93.56,92.12
80.64,93.31,92.24
80.53,94.08,91.90
80.46,94.27,91.81
80.44,94.33,91.78
80.53,94.06,91.90
80.48,94.24,91.82
80.28,94.68,91.61
80.20,94.80,91.55
80.35,94.53,91.69
80.38,94.47,91.72
80.33,94.58,91.66
80.25,94.72,91.59
80.42,94.39,91.76
80.21,94.79,91.56
80.26,98.47,87.62
80.32,98.57,87.54
80.28,98.50,87.60
80.40,98.70,87.43
80.40,98.69,87.44
80.45,98.78,87.36
80.34,98.60,87.52
80.40,98.69,87.44
80.67,99.07,87.07
80.78,99.19,86.93
80.77,99.18,86.94
80.46,98.78,87.36
80.56,98.92,87.22
80.59,98.95,87.19
80.67,99.07,87.07
80.56,98.91,87.23
80.57,98.93,87.21
80.57,98.94,87.20
80.60,98.97,87.17
80.68,99.08,87.06
80.81,99.23,86.89
80.89,99.32,86.78
80.79,99.21,86.91
80.60,92.43,92.65
80.61,92.47,92.64
80.60,92.44,92.65
80.61,92.47,92.63
80.65,92.94,92.40
80.65,92.98,92.39
80.65,92.95,92.40
80.65,93.10,92.33
80.65,93.16,92.30
80.64,93.26,92.26
80.65,93.02,92.37
80.65,93.16,92.31
80.64,93.32,92.23
80.78,99.19,86.93
80.89,99.32,86.79
80.78,99.20,86.92
81.11,99.56,86.52
81.21,99.65,86.42
81.20,99.65,86.42
80.90,99.33,86.78
81.02,99.46,86.63
81.04,99.48,86.60
81.13,99.58,86.50
81.00,99.44,86.65
80.98,99.42,86.68
81.00,99.43,86.66
81.00,99.44,86.65
81.14,99.58,86.49
81.23,99.68,86.39
81.33,99.77,86.29
81.26,99.71,86.36
81.23,99.67,86.40
81.32,99.77,86.29
81.26,99.70,86.36
81.55,100.00,86.08
81.46,99.91,86.16
81.43,99.88,86.19
81.44,99.89,86.18
81.46,99.90,86.16
81.43,99.87,86.19
81.55,99.99,86.08
81.49,99.94,86.13
81.41,99.86,86.21
81.32,99.76,86.30
81.42,99.86,86.20
81.50,99.94,86.13
81.60,100.04,86.05
81.63,100.08,86.02
81.58,100.02,86.06
81.60,100.04,86.05
81.63,100.08,86.02
81.58,100.02,86.07
81.90,100.35,85.84
82.01,100.46,85.78
82.00,100.46,85.79
81.69,100.13,85.98
81.83,100.28,85.89
81.85,100.29,85.88
81.94,100.39,85.82
81.79,100.24,85.91
81.73,100.17,85.96
81.74,100.18,85.95
81.80,100.25,85.91
81.95,100.40,85.82
82.04,100.50,85.76
82.15,100.61,85.71
82.08,100.54,85.74
82.04,100.50,85.77
82.14,100.61,85.71
82.08,100.54,85.74
82.35,100.85,85.61
82.28,100.76,85.65
82.26,100.74,85.66
82.23,100.71,85.67
82.27,100.76,85.65
82.26,100.74,85.66
82.35,100.85,85.61
82.34,100.83,85.62
82.25,100.73,85.66
82.16,100.63,85.70
82.25,100.74,85.66
82.34,100.84,85.62
82.43,100.95,85.59
82.44,100.96,85.58
82.42,100.94,85.59
82.42,100.94,85.59
82.43,100.94,85.59
82.41,100.92,85.59
82.67,101.26,85.50
82.59,101.15,85.53
82.60,101.17,85.53
82.51,101.04,85.56
82.58,101.14,85.54
82.57,101.12,85.54
82.65,101.23,85.51
82.65,101.23,85.51
82.58,101.13,85.54
82.49,101.02,85.57
82.58,101.14,85.53
82.67,101.26,85.50
82.76,101.38,85.48
82.74,101.35,85.48
82.88,101.54,85.43
82.80,101.43,85.46
82.74,101.35,85.48
82.76,101.38,85.47
82.82,101.46,85.45
82.91,101.58,85.43
82.97,101.66,85.40
82.91,101.58,85.42
82.71,101.31,85.49
82.71,101.32,85.49
82.71,101.31,85.49
82.86,101.52,85.44
82.85,101.51,85.44
82.94,101.63,85.41
82.80,101.44,85.46
82.88,101.55,85.43
83.19,101.97,85.32
83.28,102.09,85.28
83.27,102.08,85.29
82.97,101.67,85.40
83.10,101.84,85.35
83.12,101.87,85.35
83.21,102.00,85.31
83.06,101.80,85.37
83.06,101.80,85.37
83.07,101.81,85.36
83.09,101.84,85.36
83.22,102.01,85.31
83.31,102.13,85.27
83.41,102.26,85.23
83.35,102.18,85.26
83.31,102.13,85.27
83.40,102.25,85.23
83.35,102.17,85.26
83.62,102.50,85.14
83.54,102.42,85.17
83.52,102.40,85.18
83.49,102.36,85.20
83.54,102.41,85.18
83.52,102.39,85.18
83.61,102.50,85.14
83.61,102.49,85.15
83.52,102.38,85.19
83.42,102.27,85.22
83.52,102.39,85.18
83.61,102.49,85.15
83.70,102.60,85.11
83.72,102.61,85.10
83.69,102.59,85.11
83.70,102.59,85.11
83.71,102.60,85.10
83.69,102.58,85.11
83.99,102.88,85.00
83.89,102.79,85.03
83.90,102.80,85.03
83.82,102.71,85.06
83.89,102.79,85.03
83.90,102.79,85.03
83.99,102.88,85.00
83.98,102.88,85.00
83.88,102.78,85.04
83.78,102.67,85.08
83.89,102.78,85.04
83.98,102.88,85.00
84.07,102.96,84.97
84.09,102.97,84.96
84.10,102.98,84.96
84.08,102.96,84.97
84.09,102.97,84.97
84.10,102.98,84.96
84.40,103.24,84.88
84.30,103.15,84.91
84.29,103.14,84.91
84.22,103.08,84.93
84.30,103.15,84.91
84.31,103.16,84.91
84.41,103.24,84.88
84.41,103.24,84.88
84.30,103.15,84.91
84.21,103.07,84.93
84.31,103.16,84.91
84.40,103.24,84.88
84.51,103.32,84.87
84.52,103.33,84.87
84.52,103.33,84.87
84.55,103.35,84.86
84.53,103.34,84.87
84.52,103.33,84.87
84.85,103.59,84.84
84.75,103.51,84.85
84.72,103.49,84.85
84.62,103.41,84.86
84.76,103.51,84.85
84.79,103.54,84.85
84.90,103.62,84.85
84.89,103.61,84.85
84.74,103.50,84.85
84.62,103.40,84.86
84.73,103.50,84.85
84.85,103.58,84.84
84.92,103.64,84.85
84.93,103.65,84.86
84.92,103.64,84.85
85.02,103.71,84.86
85.07,103.75,84.87
85.15,103.82,84.89
85.03,103.72,84.87
84.98,103.69,84.86
85.16,103.82,84.89
85.03,103.72,84.87
84.95,103.66,84.86
85.24,103.88,84.91
85.15,103.81,84.89
85.11,103.78,84.88
85.25,103.89,84.91
85.24,103.89,84.91
85.29,103.92,84.92
85.28,103.91,84.92
85.56,104.14,85.02
85.43,104.04,84.97
85.42,104.03,84.97
85.39,104.00,84.96
85.46,104.06,84.98
85.47,104.07,84.99
85.58,104.15,85.02
85.58,104.16,85.03
85.48,104.07,84.99
85.40,104.01,84.96
85.45,104.05,84.98
85.57,104.15,85.02
85.68,104.24,85.08
85.68,104.25,85.08
85.70,104.26,85.09
85.67,104.23,85.07
85.66,104.23,85.07
85.68,104.24,85.08
86.02,104.55,85.27
85.87,104.41,85.18
85.96,104.49,85.23
85.76,104.31,85.12
85.85,104.39,85.17
85.86,104.40,85.18
85.94,104.47,85.22
85.97,104.50,85.24
85.88,104.42,85.19
85.79,104.34,85.14
85.90,104.43,85.20
86.06,104.59,85.30
86.14,104.67,85.35
86.05,104.58,85.29
86.23,104.76,85.41
86.25,104.79,85.43
86.22,104.75,85.41
86.33,104.87,85.48
86.18,104.72,85.38
86.11,104.64,85.33
86.28,104.82,85.45
86.31,104.85,85.47
86.36,104.91,85.50
86.39,104.94,85.52
86.41,104.97,85.54
86.44,105.00,85.56
86.01,104.54,85.27
86.01,104.54,85.26
86.03,104.57,85.28
86.12,104.66,85.34
86.34,104.89,85.49
86.25,104.79,85.43
86.21,104.75,85.40
86.16,104.69,85.37
86.29,104.83,85.45
86.37,104.92,85.51
86.58,105.17,85.65
86.53,105.11,85.61
86.52,105.10,85.61
86.46,105.02,85.57
86.46,105.03,85.57
86.47,105.04,85.58
86.59,105.18,85.66
86.59,105.19,85.66
86.46,105.03,85.57
86.49,105.06,85.59
86.52,105.10,85.61
86.59,105.18,85.65
86.64,105.24,85.68
86.64,105.24,85.68
86.65,105.25,85.69
86.67,105.28,85.70
86.68,105.29,85.70
86.74,105.37,85.74
86.66,105.27,85.69
86.66,105.27,85.70
86.80,105.44,85.77
86.73,105.35,85.73
86.72,105.34,85.73
86.81,105.44,85.77
86.78,105.41,85.76
86.78,105.41,85.76
86.87,105.51,85.80
86.83,105.47,85.78
86.83,105.47,85.78
86.89,105.54,85.81
86.90,105.54,85.81
87.02,105.69,85.86
87.00,105.66,85.85
87.16,105.84,85.91
87.05,105.72,85.87
87.03,105.69,85.86
87.15,105.83,85.91
87.00,105.66,85.85
86.99,105.65,85.85
87.12,105.80,85.90
87.22,105.90,85.94
87.22,105.89,85.93
87.25,105.93,85.95
87.29,105.96,85.96
87.35,106.03,85.99
87.26,105.94,85.95
87.29,105.97,85.96
87.36,106.03,85.99
87.58,106.22,86.07
87.48,106.14,86.03
87.49,106.15,86.04
87.38,106.05,86.00
87.48,106.14,86.04
87.49,106.15,86.04
87.58,106.23,86.07
87.60,106.24,86.08
87.52,106.17,86.05
87.46,106.12,86.03
87.51,106.16,86.04
87.59,106.24,86.08
87.70,106.31,86.12
87.68,106.29,86.11
87.71,106.31,86.13
87.70,106.31,86.12
87.69,106.30,86.12
87.72,106.32,86.13
88.03,106.52,86.26
87.91,106.45,86.21
87.91,106.45,86.21
87.79,106.37,86.16
87.91,106.44,86.21
87.92,106.45,86.22
88.03,106.52,86.27
88.05,106.53,86.28
87.94,106.46,86.23
87.84,106.40,86.18
87.93,106.46,86.22
88.04,106.53,86.27
88.15,106.59,86.33
88.14,106.58,86.32
88.16,106.59,86.33
88.17,106.59,86.34
88.16,106.59,86.33
88.18,106.60,86.35
88.51,106.76,86.53
88.38,106.70,86.45
88.41,106.71,86.47
88.26,106.64,86.39
88.39,106.71,86.46
88.46,106.74,86.50
88.56,106.78,86.55
88.60,106.80,86.58
88.44,106.73,86.49
88.31,106.66,86.42
88.42,106.72,86.47
88.55,106.78,86.55
88.67,106.83,86.63
88.65,106.82,86.61
88.70,106.84,86.64
88.71,106.85,86.65
88.64,106.82,86.60
89.03,106.97,86.86
88.91,106.93,86.78
88.92,106.93,86.78
88.83,106.89,86.73
88.79,106.88,86.70
89.00,106.96,86.84
88.78,106.87,86.69
89.14,107.01,86.94
89.12,107.00,86.92
88.81,106.89,86.71
88.93,106.93,86.79
89.04,106.97,86.86
89.16,107.02,86.95
88.90,106.92,86.78
89.13,107.00,86.93
89.26,107.05,87.02
89.15,107.01,86.94
89.18,107.02,86.96
89.52,107.13,87.21
89.39,107.09,87.11
89.42,107.10,87.14
89.24,107.04,87.01
89.37,107.09,87.10
89.47,107.12,87.18
89.36,107.08,87.09
89.56,107.15,87.24
89.55,107.14,87.24
89.28,107.06,87.03
89.41,107.10,87.13
89.44,107.11,87.15
89.58,107.15,87.26
89.37,107.09,87.10
89.54,107.14,87.23
89.63,107.17,87.30
89.61,107.16,87.28
89.62,107.16,87.29
89.74,107.20,87.39
89.66,107.18,87.32
89.68,107.18,87.34
89.76,107.21,87.40
89.72,107.19,87.37
89.69,107.19,87.34
89.79,107.21,87.42
89.71,107.19,87.36
89.70,107.19,87.36
89.80,107.22,87.44
89.81,107.22,87.44
89.82,107.22,87.45
89.84,107.23,87.46
89.94,107.26,87.55
89.87,107.24,87.49
89.88,107.24,87.50
89.84,107.23,87.47
89.90,107.25,87.52
89.92,107.25,87.53
89.95,107.26,87.55
89.95,107.26,87.56
89.91,107.25,87.52
89.87,107.24,87.49
89.88,107.24,87.49
89.94,107.26,87.55
89.96,107.26,87.57
89.96,107.26,87.56
89.96,107.26,87.56
89.97,107.27,87.57
89.96,107.26,87.56
89.96,107.26,87.56
89.98,107.27,87.58
79.21,95.93,90.24
79.20,95.97,90.17
79.20,95.97,90.18
79.19,96.01,90.11
79.18,96.05,90.03
79.18,96.05,90.04
79.20,95.96,90.19
79.20,95.96,90.20
79.21,95.92,90.26
79.21,95.92,90.27
79.22,95.90,90.30
79.23,95.88,90.34
79.25,95.84,90.40
79.27,95.82,90.46
79.28,95.80,90.48
79.24,95.87,90.36
79.26,95.84,90.41
79.23,95.90,90.31
79.23,95.88,90.33
79.23,95.89,90.33
79.25,95.85,90.39
79.28,95.81,90.47
79.23,95.89,90.32
79.31,95.76,90.55
79.29,95.79,90.50
79.29,95.79,90.50
79.32,95.76,90.56
79.34,95.74,90.58
79.27,95.82,90.44
79.26,95.84,90.41
79.20,95.97,90.17
79.19,96.01,90.11
79.19,96.03,90.06
79.19,96.02,90.08
79.18,96.06,90.01
79.19,96.04,90.05
79.18,96.08,89.98
79.21,95.92,90.27
79.21,95.94,90.24
79.20,95.98,90.15
79.19,96.01,90.10
79.21,95.95,90.21
79.23,95.89,90.32
79.21,95.94,90.23
79.21,95.93,90.25
79.20,95.97,90.18
79.19,96.02,90.09
79.21,95.93,90.25
79.23,95.88,90.34
79.29,95.79,90.51
79.27,95.82,90.45
79.25,95.86,90.38
79.24,95.86,90.37
79.26,95.84,90.41
79.37,96.74,88.96
79.39,96.79,88.90
79.37,96.73,88.97
79.39,96.78,88.91
79.41,96.83,88.86
79.40,96.79,88.90
79.36,96.73,88.97
79.35,96.69,89.02
79.34,96.68,89.04
79.33,96.66,89.07
79.35,96.69,89.02
79.35,96.70,89.00
79.35,96.69,89.03
79.36,96.72,88.99
79.36,96.72,88.98
79.37,96.73,88.97
79.41,96.82,88.87
79.41,96.83,88.86
79.43,96.87,88.82
79.44,96.89,88.80
79.55,97.10,88.59
79.42,96.85,88.83
79.43,96.86,88.82
79.38,96.76,88.95
79.38,96.77,88.93
79.41,96.82,88.87
79.43,96.86,88.83
79.39,96.79,88.90
79.52,95.54,90.90
79.49,95.57,90.86
79.54,95.53,90.91
79.54,95.52,90.92
79.51,95.56,90.87
79.55,95.51,90.93
79.58,95.49,90.96
79.63,95.44,91.02
79.61,95.46,91.00
79.67,95.40,91.08
79.63,95.44,91.03
79.64,95.43,91.03
79.69,95.39,91.09
79.65,95.43,91.04
79.58,95.49,90.97
79.54,95.53,90.91
79.21,95.95,90.22
79.20,95.99,90.14
79.19,96.03,90.07
79.18,96.07,89.99
79.19,96.02,90.08
79.19,96.04,90.04
79.19,96.00,90.13
79.23,95.89,90.33
79.25,95.85,90.40
79.28,95.81,90.46
79.28,95.81,90.47
79.30,95.78,90.52
79.27,95.81,90.46
79.30,95.77,90.53
79.34,95.74,90.59
79.21,95.94,90.22
79.34,95.74,90.58
79.26,95.84,90.42
79.22,95.91,90.28
79.32,95.75,90.57
79.33,95.75,90.57
79.40,95.66,90.70
79.46,95.60,90.80
79.46,95.60,90.81
79.33,95.75,90.57
79.33,95.75,90.57
79.50,95.56,90.87
79.45,95.61,90.79
79.38,95.69,90.66
79.32,95.75,90.57
79.43,95.63,90.76
79.42,95.65,90.74
79.49,95.57,90.85
79.32,95.76,90.56
79.35,95.73,90.60
79.33,95.75,90.57
79.39,95.68,90.67
79.44,95.62,90.77
79.33,95.75,90.57
79.30,95.78,90.52
79.47,95.59,90.83
79.44,95.62,90.77
79.41,95.66,90.72
79.36,95.72,90.61
79.44,95.62,90.78
79.44,95.62,90.78
79.48,95.58,90.84
79.33,95.75,90.57
79.33,95.74,90.58
79.40,95.67,90.69
79.43,95.64,90.75
79.35,95.73,90.59
79.44,95.62,90.78
79.40,95.67,90.70
79.45,95.61,90.79
79.64,95.43,91.04
79.59,95.48,90.98
79.53,95.53,90.91
79.53,95.53,90.91
79.53,95.53,90.91
79.21,96.33,89.54
79.23,96.39,89.45
79.22,96.35,89.51
79.23,96.38,89.46
79.24,96.43,89.38
79.23,96.40,89.43
79.22,96.34,89.53
79.20,96.31,89.57
79.20,96.28,89.62
79.19,96.04,90.06
79.18,96.08,89.98
79.19,96.09,89.96
79.19,96.15,89.86
79.19,96.19,89.79
79.19,96.20,89.76
79.18,96.10,89.95
79.19,96.11,89.93
79.18,96.05,90.03
79.19,96.25,89.68
79.19,96.19,89.78
79.19,96.14,89.88
79.18,96.08,89.97
79.19,96.19,89.78
79.19,96.20,89.77
79.19,96.24,89.69
79.19,96.12,89.91
79.19,96.11,89.92
79.19,96.16,89.84
79.19,96.23,89.71
79.18,96.10,89.94
79.19,96.23,89.72
79.19,96.18,89.79
79.19,96.15,89.85
79.19,96.26,89.66
79.20,96.29,89.61
79.19,96.13,89.89
79.19,96.13,89.89
79.19,96.21,89.75
79.20,96.28,89.62
79.19,96.14,89.87
79.21,96.33,89.55
79.19,96.26,89.66
79.19,96.18,89.81
79.19,96.22,89.73
79.19,96.26,89.65
79.21,95.93,90.25
79.20,95.97,90.18
79.19,96.00,90.12
79.20,95.99,90.14
79.19,96.01,90.11
79.28,95.81,90.46
79.34,95.74,90.58
79.21,95.94,90.23
79.22,95.91,90.29
79.23,95.87,90.36
79.29,95.80,90.49
79.28,95.80,90.48
79.26,95.84,90.42
79.34,96.68,89.03
79.36,96.72,88.98
79.39,96.78,88.92
79.41,96.82,88.86
79.38,96.76,88.94
79.40,96.80,88.89
79.37,96.75,88.95
79.55,97.11,88.59
79.34,96.67,89.06
79.31,96.59,89.16
79.28,96.54,89.23
79.27,96.51,89.28
79.32,96.64,89.10
79.31,96.60,89.15
79.25,96.47,89.33
79.29,96.55,89.23
79.32,96.63,89.12
79.55,97.11,88.59
79.29,96.55,89.22
79.29,96.55,89.22
79.26,96.48,89.32
79.36,96.71,88.99
79.33,96.64,89.09
79.34,96.66,89.07
79.31,96.61,89.14
79.28,96.54,89.24
79.34,96.67,89.05
79.38,96.76,88.94
79.25,96.45,89.36
79.27,96.50,89.29
79.29,96.56,89.21
79.32,96.62,89.13
79.25,96.46,89.34
79.24,96.43,89.39
79.23,96.39,89.45
79.30,96.57,89.18
79.30,96.58,89.18
79.28,96.52,89.27
79.24,96.43,89.39
79.31,96.60,89.15
79.25,96.46,89.35
79.28,96.53,89.25
79.26,96.49,89.31
79.20,96.31,89.58
79.21,96.34,89.53
79.23,96.40,89.44
79.23,96.41,89.42
79.22,96.35,89.52
79.55,97.10,88.59
79.54,97.08,88.61
79.54,97.07,88.62
79.51,97.02,88.66
79.49,96.98,88.70
79.48,96.96,88.72
79.53,97.05,88.63
79.52,97.05,88.63
79.55,97.09,88.60
79.54,97.08,88.61
79.50,97.01,88.67
79.47,96.94,88.75
79.46,96.92,88.77
79.48,96.96,88.73
79.43,96.87,88.81
79.44,96.88,88.81
79.45,96.90,88.78
79.48,96.97,88.71
79.55,97.10,88.59
79.42,96.84,88.85
79.46,96.93,88.75
79.55,97.10,88.59
79.55,97.10,88.59
79.50,96.99,88.69
79.53,97.06,88.62
79.49,96.97,88.71
79.50,97.01,88.67
79.47,96.95,88.74
79.47,96.95,88.73
79.45,96.90,88.79
79.42,96.84,88.85
79.48,96.97,88.72
79.52,97.03,88.65
79.46,96.93,88.76
79.43,96.87,88.81
79.40,96.80,88.89
79.38,96.77,88.93
79.40,96.81,88.88
79.49,96.99,88.70
79.51,97.02,88.66
79.50,97.00,88.68
79.51,97.02,88.66
79.53,97.06,88.63
79.49,96.98,88.70
79.47,96.94,88.74
79.41,96.83,88.85
79.45,96.91,88.78
79.44,96.88,88.80
79.55,97.10,88.59
79.57,97.14,88.56
79.60,97.19,88.51
79.61,97.22,88.49
79.62,97.24,88.47
79.58,97.16,88.54
79.59,97.17,88.53
79.53,97.07,88.62
79.55,97.09,88.60
79.58,97.16,88.54
79.61,97.21,88.50
79.55,97.09,88.60
79.87,95.20,91.27
79.83,95.25,91.24
79.87,95.21,91.27
79.86,95.21,91.27
79.82,95.26,91.22
79.86,95.22,91.26
79.91,95.16,91.31
79.95,95.12,91.34
79.96,95.11,91.35
79.99,95.07,91.38
79.95,95.12,91.34
79.95,95.12,91.34
79.99,95.08,91.37
79.95,95.13,91.34
79.91,95.16,91.31
79.87,95.21,91.27
79.81,95.27,91.22
79.77,95.31,91.18
79.78,95.30,91.18
79.74,95.34,91.15
79.70,95.38,91.11
79.70,95.37,91.11
79.78,95.30,91.19
79.78,95.30,91.19
79.82,95.26,91.23
79.73,95.34,91.14
79.69,95.38,91.10
79.62,95.45,91.02
79.58,95.48,90.97
79.55,95.52,90.93
79.66,95.41,91.06
79.62,95.45,91.02
79.77,95.30,91.18
79.78,95.30,91.19
79.78,95.29,91.19
79.79,95.29,91.20
79.74,95.33,91.15
79.70,95.37,91.11
79.70,95.37,91.11
79.62,95.45,91.01
79.69,95.38,91.10
79.65,95.42,91.05
79.68,95.39,91.09
79.72,95.35,91.13
79.71,95.36,91.13
79.75,95.33,91.16
79.79,95.29,91.20
79.71,95.37,91.12
79.67,95.40,91.07
79.77,95.31,91.18
79.80,95.28,91.21
79.87,95.20,91.28
79.92,95.15,91.31
79.94,95.13,91.34
79.83,95.25,91.24
79.86,95.22,91.27
79.73,95.35,91.14
79.72,95.36,91.13
79.71,95.36,91.12
79.75,95.32,91.16
79.79,95.28,91.20
79.88,95.20,91.28
79.80,95.27,91.21
79.84,95.24,91.24
79.54,95.53,90.92
79.53,95.54,90.90
79.52,95.54,90.89
79.57,95.50,90.96
79.60,95.47,91.00
79.63,95.44,91.03
79.62,95.45,91.02
79.57,95.49,90.96
79.20,96.27,89.64
79.21,96.32,89.56
79.22,96.38,89.47
79.24,96.44,89.38
79.22,96.36,89.49
79.22,96.37,89.48
79.20,96.32,89.57
79.20,96.28,89.63
79.20,96.30,89.60
79.21,96.32,89.56
79.20,96.27,89.64
79.20,96.27,89.65
79.24,96.44,89.37
79.24,96.44,89.37
79.25,96.45,89.36
79.24,96.42,89.41
79.22,96.37,89.47
79.21,96.33,89.55
79.22,96.36,89.49
79.22,96.38,89.46
79.55,97.09,88.60
79.55,97.10,88.59
79.56,97.13,88.57
79.59,97.17,88.53
79.59,97.18,88.52
79.62,97.23,88.49
79.61,97.21,88.50
79.54,97.09,88.60
79.56,97.12,88.58
79.60,97.20,88.51
79.54,97.08,88.61
79.53,97.07,88.62
79.79,97.57,88.23
79.82,97.63,88.19
79.81,97.61,88.20
79.84,97.66,88.17
79.87,97.72,88.13
79.86,97.70,88.14
79.81,97.60,88.21
79.80,97.58,88.22
79.78,97.54,88.25
79.64,97.27,88.45
79.68,97.35,88.39
79.68,97.36,88.39
79.73,97.45,88.32
79.77,97.53,88.26
79.77,97.53,88.26
79.68,97.36,88.38
79.69,97.37,88.38
79.64,97.28,88.45
79.80,97.59,88.22
79.76,97.51,88.28
79.71,97.41,88.35
79.67,97.33,88.41
79.75,97.49,88.29
79.74,97.47,88.31
79.78,97.55,88.25
79.62,97.24,88.48
79.63,97.26,88.46
79.69,97.38,88.37
79.72,97.43,88.33
79.65,97.30,88.43
79.73,97.44,88.32
79.67,97.34,88.40
79.63,97.25,88.47
79.73,97.46,88.32
79.74,97.47,88.30
79.68,97.35,88.39
79.66,97.31,88.42
79.70,97.39,88.36
79.76,97.50,88.28
79.65,97.29,88.44
79.80,97.59,88.22
79.76,97.51,88.27
79.72,97.44,88.33
79.77,97.52,88.27
79.81,97.61,88.21
79.55,97.10,88.59
79.60,97.20,88.51
79.61,97.21,88.50
79.91,97.80,88.08
79.93,97.85,88.05
79.89,97.77,88.10
79.88,97.75,88.11
79.91,97.79,88.08
79.86,97.70,88.14
79.83,97.65,88.18
80.01,98.00,87.94
80.00,97.98,87.96
79.98,97.93,87.99
79.94,97.86,88.03
79.93,97.84,88.05
79.95,97.89,88.02
79.97,97.92,88.00
79.90,97.79,88.08
79.90,97.77,88.09
79.87,97.72,88.13
79.83,97.65,88.18
79.83,97.64,88.18
79.84,97.67,88.17
79.85,97.68,88.16
79.94,97.87,88.03
79.90,97.79,88.08
79.87,97.72,88.13
79.90,97.78,88.09
79.93,97.85,88.04
79.97,97.93,87.99
80.00,97.97,87.96
80.03,98.03,87.93
80.03,98.05,87.92
80.06,98.09,87.88
80.02,98.01,87.94
80.04,98.06,87.91
79.96,97.91,88.01
79.97,97.91,88.00
80.00,97.98,87.96
80.03,98.04,87.92
79.97,97.92,88.00
80.62,92.58,92.58
80.62,92.61,92.57
80.62,92.59,92.57
80.62,92.60,92.57
80.62,92.63,92.56
80.62,92.61,92.56
80.62,92.57,92.58
80.62,92.55,92.59
80.62,92.54,92.60
80.61,92.53,92.60
80.62,92.56,92.59
80.62,92.57,92.58
80.62,92.56,92.59
80.62,92.58,92.58
80.62,92.57,92.58
80.62,92.59,92.57
80.63,92.63,92.55
80.63,92.64,92.55
80.63,92.68,92.53
80.63,92.71,92.52
80.63,92.72,92.51
80.63,92.65,92.54
80.63,92.67,92.54
80.62,92.62,92.56
80.62,92.62,92.56
80.63,92.67,92.54
80.63,92.71,92.52
80.63,92.63,92.55
80.55,94.00,91.93
80.52,94.10,91.89
80.55,94.00,91.93
80.54,94.01,91.92
80.53,94.08,91.89
80.54,94.02,91.92
80.56,93.93,91.96
80.58,93.85,91.99
80.58,93.85,92.00
80.58,93.80,92.02
80.57,93.87,91.99
80.57,93.88,91.98
80.58,93.84,92.00
80.56,93.91,91.97
80.56,93.93,91.96
80.54,94.02,91.92
80.47,94.25,91.82
80.47,94.26,91.81
80.49,94.22,91.83
80.51,94.15,91.86
80.50,94.16,91.86
80.51,94.14,91.87
80.51,94.13,91.87
80.42,94.38,91.76
80.44,94.34,91.78
80.46,94.30,91.80
80.48,94.24,91.82
80.50,94.18,91.85
80.46,94.27,91.81
80.43,94.36,91.77
80.52,94.13,91.87
80.50,94.19,91.84
80.53,94.08,91.89
80.53,94.05,91.91
80.53,94.09,91.89
80.54,94.01,91.93
80.55,93.95,91.95
80.45,94.31,91.79
80.48,94.24,91.82
80.50,94.19,91.85
80.49,94.21,91.84
80.48,94.25,91.82
80.24,94.74,91.58
80.20,94.81,91.54
80.22,94.78,91.56
80.18,94.83,91.53
80.11,94.92,91.47
80.15,94.88,91.50
80.22,94.77,91.56
80.23,94.76,91.57
80.26,94.71,91.60
80.23,94.76,91.57
80.27,94.69,91.61
80.26,94.71,91.60
80.29,94.64,91.63
80.33,94.58,91.66
80.33,94.59,91.66
80.26,94.72,91.59
80.25,94.73,91.59
80.21,94.79,91.56
80.29,94.65,91.63
80.32,94.59,91.66
80.37,94.50,91.70
80.39,94.45,91.73
80.41,94.40,91.75
80.35,94.53,91.68
80.38,94.47,91.71
80.29,94.65,91.63
80.29,94.65,91.63
80.30,94.64,91.63
80.31,94.62,91.65
80.33,94.56,91.67
80.38,94.48,91.71
80.37,94.49,91.71
80.39,94.46,91.72
80.34,94.56,91.67
80.38,94.48,91.71
80.47,94.26,91.81
80.45,94.32,91.79
80.42,94.39,91.75
80.40,94.44,91.73
80.44,94.36,91.77
80.10,94.94,91.46
80.07,94.98,91.44
80.07,94.98,91.44
80.04,95.02,91.42
80.00,95.06,91.39
80.01,95.06,91.39
80.07,94.98,91.44
80.08,94.97,91.45
80.10,94.94,91.47
80.03,95.03,91.41
80.00,95.07,91.38
79.93,95.15,91.32
79.88,95.19,91.28
79.85,95.23,91.25
79.96,95.11,91.35
79.93,95.14,91.32
80.08,94.97,91.45
80.10,94.94,91.47
80.12,94.91,91.48
80.18,94.83,91.53
80.09,94.96,91.46
80.06,94.99,91.43
80.03,95.04,91.40
79.92,95.15,91.32
80.11,94.93,91.47
80.11,94.93,91.47
79.98,95.09,91.37
80.02,95.04,91.40
80.02,95.05,91.40
80.05,95.01,91.42
80.09,94.96,91.45
80.01,95.05,91.39
79.97,95.10,91.36
80.10,94.93,91.47
80.08,94.97,91.45
80.10,94.93,91.47
80.15,94.87,91.51
80.18,94.83,91.53
80.10,94.95,91.46
80.11,94.93,91.47
80.05,95.00,91.43
80.06,95.00,91.43
80.06,94.99,91.43
80.10,94.94,91.47
80.17,94.84,91.53
80.16,94.85,91.52
80.10,94.94,91.47
80.17,94.85,91.52
79.85,95.23,91.25
79.86,95.22,91.26
79.86,95.22,91.26
79.89,95.18,91.29
79.93,95.14,91.33
79.94,95.13,91.33
79.94,95.14,91.33
79.90,95.18,91.30
79.80,97.60,88.21
79.84,97.66,88.17
79.86,97.71,88.13
79.90,97.78,88.09
79.87,97.72,88.13
79.90,97.79,88.08
79.87,97.73,88.12
79.82,97.62,88.20
79.85,97.69,88.15
79.89,97.75,88.11
79.82,97.64,88.19
79.84,97.66,88.17
79.94,97.86,88.04
79.94,97.86,88.04
79.97,97.92,88.00
80.00,97.98,87.96
80.00,97.99,87.95
80.03,98.04,87.92
80.00,97.98,87.96
80.03,98.03,87.92
79.99,97.97,87.97
79.93,97.85,88.04
79.97,97.92,88.00
79.94,97.85,88.04
79.87,97.72,88.13
79.90,97.78,88.09
79.95,97.88,88.02
79.97,97.93,87.99
80.00,97.98,87.96
79.92,97.83,88.06
79.95,97.89,88.02
79.91,97.81,88.07
79.94,97.87,88.03
79.89,97.76,88.10
80.21,98.39,87.69
80.24,98.44,87.65
80.24,98.43,87.65
80.26,98.46,87.63
80.28,98.49,87.60
80.28,98.51,87.60
80.23,98.41,87.67
80.22,98.40,87.68
80.20,98.35,87.71
80.03,98.05,87.91
80.08,98.13,87.86
80.09,98.14,87.85
80.14,98.24,87.78
80.18,98.32,87.73
80.19,98.34,87.72
80.10,98.17,87.83
80.11,98.18,87.82
80.05,98.09,87.89
80.22,98.39,87.68
80.17,98.30,87.74
80.12,98.21,87.81
80.07,98.11,87.87
80.16,98.28,87.76
80.15,98.27,87.77
80.20,98.36,87.70
80.07,98.12,87.86
80.07,98.12,87.87
80.11,98.19,87.82
80.15,98.27,87.76
80.07,98.11,87.87
80.16,98.29,87.75
80.12,98.21,87.80
80.08,98.14,87.85
80.17,98.29,87.75
80.17,98.31,87.74
80.10,98.17,87.83
80.09,98.16,87.84
80.13,98.23,87.79
80.18,98.32,87.73
80.09,98.15,87.85
80.22,98.40,87.67
80.18,98.33,87.72
80.14,98.25,87.77
80.19,98.33,87.72
80.23,98.41,87.66
79.99,97.95,87.97
80.01,98.00,87.95
80.02,98.02,87.93
80.33,98.59,87.53
80.35,98.62,87.50
80.31,98.56,87.55
80.30,98.54,87.57
80.33,98.58,87.54
80.28,98.50,87.60
80.26,98.46,87.63
80.44,98.76,87.38
80.43,98.74,87.40
80.40,98.69,87.44
80.36,98.64,87.49
80.35,98.61,87.51
80.38,98.67,87.47
80.39,98.68,87.45
80.32,98.57,87.55
80.32,98.57,87.55
80.29,98.51,87.59
80.25,98.46,87.63
80.25,98.45,87.64
80.26,98.46,87.63
80.26,98.47,87.62
80.36,98.64,87.49
80.32,98.58,87.54
80.29,98.51,87.59
80.32,98.57,87.55
80.35,98.62,87.50
80.40,98.69,87.44
80.42,98.73,87.41
80.45,98.78,87.37
80.45,98.78,87.36
80.48,98.82,87.32
80.45,98.77,87.37
80.46,98.78,87.36
80.38,98.67,87.46
80.39,98.68,87.45
80.42,98.73,87.41
80.45,98.78,87.36
80.39,98.68,87.45
80.60,92.46,92.64
80.61,92.47,92.63
80.61,92.46,92.64
80.61,92.47,92.63
80.61,92.49,92.62
80.61,92.48,92.63
80.60,92.46,92.64
80.60,92.45,92.65
80.60,92.44,92.65
80.60,92.44,92.65
80.60,92.45,92.65
80.60,92.45,92.64
80.60,92.45,92.65
80.60,92.46,92.64
80.60,92.45,92.64
80.61,92.46,92.64
80.61,92.50,92.62
80.61,92.54,92.60
80.61,92.54,92.60
80.62,92.58,92.58
80.62,92.63,92.56
80.62,92.63,92.55
80.62,92.54,92.60
80.62,92.54,92.60
80.61,92.50,92.62
80.61,92.53,92.60
80.62,92.58,92.58
80.62,92.61,92.56
80.62,92.60,92.57
80.63,92.65,92.55
80.62,92.62,92.56
80.63,92.66,92.54
80.61,92.50,92.62
80.61,92.49,92.62
80.61,92.49,92.62
80.61,92.48,92.63
80.61,92.50,92.62
80.61,92.51,92.61
80.61,92.52,92.61
80.62,92.57,92.58
80.61,92.54,92.60
80.62,92.55,92.60
80.62,92.60,92.57
80.62,92.56,92.59
80.62,92.58,92.58
80.62,92.56,92.59
80.61,92.52,92.61
80.62,92.60,92.57
80.63,92.65,92.54
80.62,92.55,92.60
80.61,92.53,92.60
80.61,92.49,92.62
80.61,92.48,92.63
80.61,92.46,92.64
80.61,92.51,92.62
80.61,92.49,92.63
80.62,92.55,92.59
80.61,92.54,92.60
80.61,92.52,92.61
80.61,92.51,92.61
80.61,92.49,92.62
80.61,92.49,92.63
80.61,92.52,92.61
80.61,92.49,92.62
80.65,92.96,92.40
80.64,92.89,92.43
80.65,92.91,92.42
80.64,92.86,92.44
80.64,92.80,92.47
80.64,92.81,92.47
80.64,92.92,92.41
80.65,92.93,92.41
80.65,92.98,92.38
80.64,92.86,92.44
80.64,92.82,92.46
80.63,92.74,92.50
80.63,92.71,92.51
80.64,92.77,92.49
80.63,92.74,92.50
80.63,92.73,92.50
80.63,92.72,92.51
80.64,92.80,92.47
80.64,92.87,92.44
80.63,92.72,92.51
80.64,92.79,92.48
80.64,92.85,92.45
80.65,92.92,92.42
80.64,92.84,92.46
80.64,92.88,92.43
80.64,92.81,92.47
80.64,92.89,92.43
80.64,92.83,92.46
80.64,92.83,92.46
80.64,92.77,92.49
80.63,92.73,92.51
80.64,92.82,92.46
80.64,92.87,92.44
80.64,92.80,92.47
80.64,92.76,92.49
80.63,92.68,92.53
80.63,92.65,92.54
80.63,92.70,92.52
80.64,92.85,92.45
80.65,92.91,92.42
80.64,92.88,92.44
80.65,92.91,92.42
80.65,92.97,92.39
80.64,92.84,92.45
80.64,92.78,92.48
80.63,92.70,92.52
80.64,92.77,92.48
80.63,92.74,92.50
80.64,93.27,92.25
80.64,93.25,92.26
80.65,93.16,92.31
80.65,93.06,92.35
80.65,93.04,92.36
80.65,93.07,92.34
80.65,93.09,92.34
80.63,93.36,92.21
80.64,93.26,92.26
80.64,93.26,92.26
80.64,93.15,92.31
80.65,93.05,92.36
80.64,93.25,92.26
80.64,93.35,92.22
80.65,93.09,92.34
80.65,93.12,92.32
80.65,93.05,92.35
80.65,93.01,92.37
80.65,93.04,92.36
80.65,92.98,92.39
80.65,92.95,92.40
80.64,93.30,92.24
80.64,93.21,92.28
80.65,93.13,92.32
80.65,93.16,92.31
80.64,93.16,92.30
80.58,93.81,92.01
80.57,93.89,91.98
80.55,93.96,91.95
80.53,94.04,91.91
80.57,93.91,91.97
80.56,93.95,91.95
80.57,93.86,91.99
80.59,93.76,92.04
80.59,93.73,92.05
80.61,93.60,92.11
80.62,93.50,92.15
80.62,93.47,92.16
80.59,93.70,92.06
80.60,93.66,92.08
80.63,93.40,92.20
80.62,93.52,92.14
80.60,93.65,92.08
80.58,93.79,92.02
80.62,93.55,92.13
80.61,93.57,92.12
80.63,93.44,92.18
80.57,93.87,91.99
80.59,93.76,92.03
80.58,93.77,92.03
80.60,93.67,92.07
80.61,93.56,92.13
80.58,93.78,92.03
80.57,93.89,91.98
80.63,93.42,92.18
80.62,93.53,92.14
80.60,93.64,92.09
80.59,93.74,92.04
80.62,93.51,92.15
80.62,93.48,92.16
80.63,93.38,92.20
80.60,93.67,92.08
80.60,93.69,92.07
80.61,93.59,92.11
80.62,93.46,92.17
80.59,93.72,92.05
80.62,93.46,92.17
80.61,93.56,92.12
80.62,93.46,92.17
80.64,93.23,92.27
80.64,93.29,92.25
80.64,93.36,92.21
80.63,93.38,92.20
80.64,93.33,92.23
80.55,93.99,91.94
80.54,94.03,91.92
80.52,94.11,91.88
80.47,94.25,91.82
80.47,94.26,91.81
80.41,94.41,91.75
80.46,94.26,91.81
80.47,94.26,91.81
80.50,94.17,91.85
80.52,94.12,91.88
80.46,94.26,91.81
80.53,94.07,91.90
80.55,93.97,91.94
80.53,94.06,91.90
80.50,94.16,91.86
80.50,94.17,91.86
80.47,94.25,91.82
80.51,94.15,91.86
80.48,94.23,91.83
80.55,93.98,91.94
80.53,94.07,91.90
80.55,93.97,91.94
80.28,94.68,91.61
80.23,94.75,91.58
80.19,94.81,91.54
80.15,94.87,91.51
80.24,94.74,91.58
80.24,94.73,91.59
80.28,94.67,91.62
80.32,94.60,91.65
80.32,94.61,91.65
80.35,94.54,91.68
80.38,94.46,91.72
80.31,94.61,91.65
80.33,94.57,91.67
80.36,94.51,91.70
80.42,94.39,91.75
80.41,94.40,91.75
80.40,94.42,91.74
80.30,94.63,91.64
80.27,94.70,91.60
80.29,94.66,91.62
80.27,94.70,91.61
80.22,94.77,91.57
80.31,94.62,91.64
80.34,94.54,91.68
80.45,94.33,91.78
80.41,94.42,91.74
80.36,94.52,91.69
80.37,94.49,91.71
80.39,94.45,91.72
80.46,94.28,91.80
80.45,94.31,91.79
80.42,94.38,91.76
80.16,94.87,91.51
80.16,94.86,91.51
80.16,94.86,91.52
80.20,94.80,91.55
80.25,94.73,91.59
80.21,94.79,91.55
80.23,94.76,91.57
80.19,94.82,91.54
80.22,98.40,87.67
80.25,98.46,87.63
80.29,98.51,87.59
80.32,98.56,87.55
80.29,98.52,87.58
80.32,98.58,87.54
80.30,98.53,87.57
80.23,98.42,87.66
80.27,98.49,87.61
80.30,98.54,87.57
80.25,98.44,87.64
80.25,98.45,87.63
80.36,98.63,87.50
80.37,98.64,87.48
80.39,98.69,87.45
80.43,98.74,87.40
80.43,98.75,87.39
80.45,98.78,87.36
80.43,98.73,87.40
80.45,98.78,87.36
80.42,98.73,87.41
80.35,98.63,87.50
80.39,98.69,87.45
80.36,98.63,87.50
80.28,98.50,87.60
80.31,98.55,87.56
80.37,98.65,87.48
80.40,98.70,87.43
80.43,98.74,87.40
80.34,98.61,87.51
80.38,98.66,87.47
80.34,98.59,87.52
80.37,98.65,87.48
80.31,98.55,87.56
80.67,99.07,87.07
80.73,99.13,87.00
80.73,99.13,87.00
80.78,99.19,86.93
80.83,99.25,86.86
80.82,99.24,86.87
80.72,99.12,87.01
80.71,99.11,87.02
80.67,99.07,87.07
80.45,98.78,87.36
80.51,98.85,87.29
80.52,98.87,87.27
80.57,98.94,87.20
80.62,99.00,87.14
80.63,99.01,87.13
80.53,98.88,87.26
80.54,98.89,87.25
80.47,98.80,87.34
80.67,99.07,87.07
80.62,98.99,87.14
80.56,98.92,87.22
80.50,98.84,87.30
80.61,98.99,87.15
80.61,98.98,87.16
80.67,99.06,87.08
80.52,98.86,87.28
80.51,98.86,87.28
80.57,98.93,87.21
80.62,98.99,87.14
80.51,98.85,87.29
80.62,99.00,87.14
80.57,98.93,87.21
80.52,98.87,87.28
80.62,99.00,87.14
80.63,99.01,87.13
80.55,98.90,87.24
80.53,98.89,87.26
80.58,98.95,87.19
80.65,99.04,87.10
80.53,98.87,87.27
80.69,99.09,87.05
80.64,99.02,87.11
80.59,98.96,87.18
80.63,99.02,87.12
80.68,99.07,87.06
80.41,98.71,87.42
80.44,98.75,87.39
80.45,98.76,87.38
80.75,99.16,86.96
80.78,99.20,86.92
80.84,99.26,86.85
80.86,99.29,86.82
80.89,99.33,86.78
80.84,99.26,86.86
80.89,99.32,86.79
80.73,99.14,86.99
80.74,99.14,86.99
80.80,99.21,86.91
80.85,99.28,86.84
80.74,99.15,86.98
80.60,92.43,92.65
80.60,92.45,92.64
80.61,92.47,92.64
80.61,92.48,92.63
80.60,92.45,92.64
80.60,92.45,92.64
80.60,92.44,92.65
80.60,92.44,92.65
80.60,92.44,92.65
80.60,92.44,92.65
80.60,92.44,92.65
80.60,92.45,92.64
80.61,92.48,92.63
80.61,92.48,92.63
80.61,92.48,92.63
80.61,92.47,92.64
80.60,92.45,92.64
80.60,92.46,92.64
80.60,92.46,92.64
80.61,92.47,92.63
80.64,92.90,92.42
80.64,92.93,92.41
80.65,92.94,92.41
80.65,92.96,92.40
80.65,92.96,92.39
80.65,93.00,92.37
80.65,92.99,92.38
80.65,92.90,92.42
80.65,92.95,92.40
80.65,92.99,92.38
80.65,92.91,92.42
80.65,92.92,92.42
80.65,93.06,92.35
80.65,93.11,92.33
80.64,93.14,92.31
80.64,93.22,92.28
80.64,93.28,92.25
80.64,93.32,92.23
80.65,93.16,92.30
80.64,93.19,92.29
80.64,93.13,92.32
80.65,93.07,92.35
80.65,93.16,92.31
80.65,93.08,92.34
80.65,92.95,92.40
80.65,93.02,92.37
80.65,93.09,92.33
80.65,93.10,92.33
80.65,93.16,92.31
80.65,93.09,92.33
80.65,93.16,92.31
80.65,93.03,92.36
80.65,93.05,92.35
80.65,92.99,92.38
80.64,93.34,92.22
80.63,93.37,92.21
80.63,93.39,92.20
80.64,93.30,92.24
80.64,93.25,92.27
80.64,93.23,92.27
80.64,93.24,92.27
80.64,93.31,92.23
80.72,99.13,87.00
80.77,99.19,86.94
80.83,99.25,86.87
80.88,99.31,86.79
80.83,99.26,86.86
80.89,99.32,86.78
80.84,99.26,86.85
80.73,99.13,87.00
80.78,99.20,86.93
80.84,99.26,86.85
80.73,99.13,87.00
80.73,99.13,86.99
81.12,99.56,86.51
81.16,99.61,86.46
81.16,99.60,86.47
81.20,99.65,86.42
81.25,99.70,86.37
81.25,99.70,86.37
81.16,99.60,86.47
81.16,99.60,86.47
81.11,99.56,86.52
80.90,99.33,86.78
80.96,99.39,86.71
80.96,99.39,86.70
81.03,99.47,86.62
81.09,99.54,86.54
81.10,99.55,86.53
80.96,99.40,86.70
80.96,99.40,86.70
80.91,99.34,86.76
81.15,99.59,86.48
81.08,99.52,86.56
81.01,99.45,86.64
80.95,99.38,86.71
81.07,99.51,86.58
81.06,99.50,86.58
81.12,99.57,86.51
80.93,99.37,86.74
80.95,99.38,86.72
81.00,99.44,86.65
81.05,99.49,86.59
80.95,99.38,86.72
81.05,99.49,86.59
80.99,99.43,86.66
80.94,99.38,86.72
81.05,99.50,86.59
81.06,99.50,86.58
80.95,99.39,86.71
80.95,99.38,86.72
81.00,99.44,86.65
81.06,99.50,86.58
80.95,99.38,86.72
81.13,99.57,86.50
81.07,99.51,86.57
81.02,99.46,86.63
81.08,99.53,86.55
81.15,99.60,86.48
80.79,99.20,86.92
80.84,99.26,86.85
80.84,99.26,86.85
81.17,99.62,86.45
81.22,99.67,86.40
81.28,99.72,86.34
81.30,99.74,86.32
81.34,99.79,86.27
81.27,99.71,86.35
81.31,99.76,86.30
81.21,99.66,86.41
81.20,99.64,86.42
81.25,99.69,86.37
81.31,99.75,86.31
81.19,99.63,86.44
81.17,99.62,86.46
81.22,99.66,86.41
81.26,99.71,86.35
81.31,99.76,86.31
81.27,99.72,86.35
81.34,99.78,86.28
81.29,99.74,86.33
81.18,99.62,86.45
81.24,99.69,86.38
81.30,99.75,86.31
81.19,99.64,86.43
81.21,99.66,86.41
81.57,100.01,86.07
81.52,99.97,86.11
81.50,99.95,86.12
81.45,99.89,86.17
81.41,99.85,86.21
81.40,99.84,86.22
81.49,99.93,86.14
81.48,99.92,86.14
81.54,99.98,86.09
81.51,99.95,86.12
81.45,99.89,86.18
81.38,99.82,86.24
81.37,99.81,86.25
81.39,99.84,86.23
81.40,99.85,86.22
81.39,99.84,86.23
81.37,99.82,86.24
81.45,99.89,86.18
81.53,99.97,86.10
81.40,99.85,86.22
81.45,99.90,86.17
81.50,99.94,86.13
81.57,100.01,86.07
81.48,99.93,86.14
81.54,99.98,86.10
81.47,99.92,86.15
81.48,99.92,86.14
81.44,99.88,86.19
81.46,99.90,86.17
81.42,99.86,86.20
81.38,99.83,86.24
81.47,99.91,86.16
81.51,99.95,86.12
81.39,99.83,86.23
81.36,99.80,86.26
81.28,99.73,86.34
81.24,99.68,86.38
81.33,99.78,86.29
81.44,99.88,86.18
81.48,99.92,86.14
81.46,99.90,86.17
81.47,99.91,86.15
81.51,99.95,86.12
81.42,99.87,86.20
81.39,99.83,86.23
81.29,99.73,86.33
81.36,99.81,86.25
81.33,99.78,86.28
81.56,100.00,86.08
81.57,100.02,86.07
81.62,100.07,86.03
81.65,100.09,86.01
81.67,100.12,86.00
81.59,100.04,86.05
81.61,100.05,86.04
81.52,99.96,86.11
81.53,99.98,86.10
81.59,100.03,86.06
81.63,100.08,86.02
81.55,99.99,86.09
81.56,100.00,86.08
81.57,100.01,86.07
81.59,100.03,86.05
81.61,100.05,86.04
81.62,100.06,86.04
81.67,100.11,86.00
81.64,100.08,86.02
81.54,99.99,86.09
81.59,100.03,86.06
81.63,100.07,86.02
81.53,99.97,86.10
81.52,99.96,86.11
81.91,100.35,85.84
81.96,100.41,85.81
81.96,100.41,85.81
82.00,100.46,85.78
82.05,100.51,85.76
82.05,100.51,85.76
81.95,100.40,85.81
81.95,100.40,85.81
81.90,100.35,85.84
81.69,100.13,85.98
81.76,100.20,85.94
81.76,100.21,85.93
81.84,100.29,85.89
81.91,100.36,85.84
81.92,100.37,85.83
81.76,100.21,85.93
81.76,100.21,85.93
81.69,100.13,85.98
81.96,100.41,85.81
81.88,100.33,85.86
81.81,100.26,85.90
81.75,100.20,85.94
81.87,100.31,85.87
81.85,100.30,85.88
81.92,100.37,85.83
81.65,100.10,86.01
81.68,100.12,85.99
81.77,100.22,85.93
81.82,100.27,85.90
81.71,100.15,85.97
81.82,100.27,85.90
81.73,100.18,85.95
81.66,100.10,86.01
81.83,100.27,85.89
81.83,100.28,85.89
81.75,100.19,85.94
81.72,100.16,85.97
81.78,100.23,85.92
81.86,100.31,85.87
81.68,100.13,85.98
81.93,100.38,85.82
81.87,100.32,85.86
81.82,100.26,85.90
81.89,100.34,85.85
81.96,100.42,85.81
81.58,100.02,86.06
81.63,100.07,86.02
81.63,100.07,86.02
81.98,100.43,85.80
82.03,100.48,85.77
82.10,100.56,85.73
82.11,100.57,85.73
82.16,100.62,85.71
82.07,100.53,85.75
82.12,100.59,85.72
82.03,100.49,85.77
82.02,100.47,85.78
82.06,100.52,85.75
82.13,100.60,85.71
82.00,100.45,85.79
81.97,100.42,85.80
82.02,100.48,85.78
82.07,100.53,85.75
82.12,100.58,85.72
82.09,100.55,85.74
82.15,100.62,85.71
82.10,100.57,85.73
81.99,100.44,85.79
82.06,100.52,85.76
82.13,100.59,85.72
82.01,100.47,85.78
82.03,100.49,85.77
82.36,100.86,85.61
82.32,100.82,85.63
82.31,100.80,85.63
82.26,100.75,85.65
82.22,100.70,85.67
82.22,100.70,85.67
82.31,100.80,85.63
82.30,100.79,85.64
82.35,100.84,85.62
82.29,100.77,85.65
82.24,100.72,85.66
82.19,100.66,85.69
82.17,100.64,85.70
82.20,100.67,85.68
82.22,100.70,85.67
82.19,100.67,85.69
82.18,100.65,85.69
82.24,100.72,85.67
82.32,100.81,85.63
82.22,100.69,85.67
82.26,100.74,85.65
82.31,100.80,85.63
82.36,100.85,85.61
82.31,100.79,85.64
82.35,100.84,85.62
82.30,100.79,85.64
82.33,100.83,85.62
82.29,100.78,85.64
82.30,100.79,85.64
82.26,100.74,85.66
82.21,100.69,85.68
82.30,100.79,85.64
82.34,100.84,85.62
82.25,100.73,85.66
82.20,100.68,85.68
82.12,100.58,85.72
82.07,100.53,85.75
82.16,100.63,85.70
82.29,100.78,85.64
82.34,100.83,85.62
82.30,100.79,85.64
82.30,100.79,85.64
82.35,100.84,85.62
82.26,100.74,85.66
82.21,100.69,85.68
82.11,100.58,85.73
82.21,100.68,85.68
82.17,100.64,85.70
82.39,100.89,85.60
82.39,100.90,85.60
82.43,100.95,85.59
82.47,101.00,85.57
82.48,101.02,85.57
82.39,100.90,85.60
82.40,100.91,85.60
82.38,100.89,85.60
82.38,100.89,85.60
82.43,100.94,85.59
82.47,100.99,85.57
82.39,100.89,85.60
82.38,100.88,85.61
82.39,100.89,85.60
82.39,100.89,85.60
82.39,100.90,85.60
82.43,100.94,85.59
82.46,100.99,85.57
82.46,100.99,85.58
82.38,100.89,85.60
82.42,100.93,85.59
82.46,100.98,85.58
82.38,100.88,85.61
82.37,100.88,85.61
82.67,101.25,85.51
82.62,101.19,85.52
82.63,101.20,85.52
82.59,101.16,85.53
82.55,101.10,85.54
82.56,101.11,85.54
82.64,101.22,85.51
82.65,101.23,85.51
82.69,101.28,85.50
82.58,101.14,85.53
82.55,101.09,85.55
82.48,101.01,85.57
82.43,100.95,85.59
82.51,101.05,85.56
82.54,101.08,85.55
82.50,101.04,85.56
82.47,100.99,85.57
82.54,101.09,85.55
82.62,101.19,85.52
82.53,101.07,85.55
82.57,101.13,85.54
82.62,101.19,85.52
82.65,101.24,85.51
82.61,101.18,85.52
82.65,101.23,85.51
82.61,101.17,85.52
82.65,101.23,85.51
82.62,101.19,85.52
82.61,101.18,85.52
82.57,101.13,85.54
82.53,101.08,85.55
82.61,101.18,85.52
82.65,101.22,85.51
82.58,101.14,85.53
82.54,101.09,85.55
82.45,100.98,85.58
82.41,100.92,85.60
82.49,101.03,85.56
82.62,101.19,85.52
82.66,101.25,85.51
82.63,101.20,85.52
82.64,101.21,85.52
82.69,101.28,85.50
82.59,101.15,85.53
82.55,101.10,85.54
82.45,100.97,85.58
82.54,101.09,85.55
82.50,101.04,85.56
82.79,101.42,85.47
82.78,101.40,85.47
82.75,101.36,85.48
82.71,101.30,85.49
82.70,101.30,85.49
82.72,101.32,85.49
82.72,101.33,85.49
82.91,101.59,85.42
82.87,101.53,85.44
82.84,101.49,85.45
82.77,101.39,85.47
82.73,101.34,85.48
82.81,101.44,85.46
82.85,101.50,85.45
82.78,101.41,85.47
82.80,101.43,85.46
82.75,101.37,85.48
82.72,101.32,85.49
82.73,101.33,85.49
82.70,101.30,85.49
82.70,101.29,85.50
82.82,101.46,85.46
82.79,101.42,85.47
82.76,101.38,85.47
82.79,101.42,85.46
82.82,101.47,85.45
82.86,101.52,85.44
82.89,101.56,85.43
82.93,101.62,85.42
82.95,101.64,85.41
82.98,101.68,85.40
82.92,101.60,85.42
82.95,101.65,85.41
82.87,101.53,85.44
82.87,101.52,85.44
82.91,101.58,85.43
82.95,101.64,85.41
82.86,101.52,85.44
82.68,101.27,85.50
82.68,101.27,85.50
82.68,101.27,85.50
82.68,101.28,85.50
82.71,101.31,85.49
82.74,101.36,85.48
82.74,101.35,85.48
82.68,101.27,85.50
82.71,101.31,85.49
82.74,101.35,85.48
82.68,101.27,85.50
82.68,101.27,85.50
82.82,101.46,85.46
82.81,101.45,85.46
82.86,101.51,85.44
82.90,101.57,85.43
82.89,101.56,85.43
82.94,101.63,85.41
82.90,101.57,85.43
82.94,101.63,85.41
82.90,101.58,85.43
82.75,101.37,85.48
82.83,101.47,85.45
82.78,101.41,85.47
82.73,101.34,85.48
82.77,101.40,85.47
82.84,101.50,85.45
82.87,101.54,85.44
82.92,101.60,85.42
82.81,101.45,85.46
82.85,101.50,85.44
82.79,101.41,85.47
82.83,101.48,85.45
82.76,101.37,85.48
83.19,101.98,85.32
83.24,102.04,85.30
83.23,102.03,85.30
83.28,102.08,85.29
83.32,102.15,85.27
83.32,102.14,85.27
83.23,102.03,85.30
83.23,102.02,85.31
83.19,101.97,85.32
82.96,101.66,85.41
83.02,101.74,85.38
83.03,101.76,85.38
83.11,101.86,85.35
83.17,101.95,85.33
83.18,101.96,85.32
83.05,101.78,85.37
83.05,101.78,85.37
82.98,101.69,85.40
83.24,102.03,85.30
83.16,101.93,85.33
83.08,101.83,85.36
83.01,101.72,85.39
83.14,101.90,85.34
83.12,101.88,85.34
83.20,101.99,85.32
83.00,101.71,85.39
83.00,101.71,85.39
83.06,101.80,85.37
83.12,101.88,85.35
83.00,101.71,85.39
83.13,101.88,85.34
83.06,101.80,85.37
83.00,101.71,85.39
83.13,101.89,85.34
83.13,101.90,85.34
83.04,101.77,85.38
83.03,101.75,85.38
83.08,101.82,85.36
83.15,101.91,85.34
83.02,101.73,85.39
83.21,101.99,85.31
83.15,101.92,85.33
83.11,101.85,85.35
83.17,101.94,85.33
83.24,102.04,85.30
82.90,101.57,85.43
82.93,101.61,85.42
82.94,101.62,85.41
83.26,102.06,85.29
83.30,102.12,85.27
83.36,102.19,85.25
83.38,102.21,85.24
83.42,102.27,85.23
83.34,102.17,85.26
83.39,102.23,85.24
83.30,102.11,85.28
83.29,102.10,85.28
83.33,102.16,85.26
83.40,102.24,85.24
83.27,102.07,85.29
83.25,102.04,85.30
83.29,102.10,85.28
83.34,102.17,85.26
83.39,102.23,85.24
83.36,102.19,85.25
83.42,102.26,85.23
83.37,102.21,85.25
83.26,102.07,85.29
83.33,102.15,85.26
83.39,102.23,85.24
83.28,102.09,85.28
83.29,102.11,85.28
83.63,102.51,85.14
83.59,102.47,85.15
83.58,102.46,85.16
83.53,102.40,85.18
83.48,102.35,85.20
83.48,102.34,85.20
83.57,102.45,85.16
83.57,102.45,85.16
83.61,102.50,85.14
83.55,102.43,85.17
83.51,102.38,85.19
83.45,102.30,85.21
83.43,102.29,85.22
83.46,102.32,85.21
83.48,102.34,85.20
83.46,102.31,85.21
83.45,102.30,85.22
83.50,102.37,85.19
83.58,102.46,85.16
83.48,102.34,85.20
83.53,102.40,85.18
83.57,102.45,85.16
83.62,102.51,85.14
83.57,102.45,85.16
83.61,102.50,85.15
83.57,102.45,85.16
83.60,102.49,85.15
83.56,102.43,85.17
83.56,102.44,85.17
83.52,102.39,85.18
83.47,102.33,85.20
83.56,102.44,85.17
83.61,102.50,85.15
83.51,102.38,85.19
83.47,102.33,85.21
83.38,102.22,85.24
83.34,102.16,85.26
83.43,102.28,85.22
83.56,102.44,85.17
83.60,102.49,85.15
83.56,102.44,85.17
83.56,102.44,85.16
83.61,102.50,85.15
83.52,102.39,85.18
83.48,102.34,85.20
83.38,102.22,85.24
83.47,102.33,85.20
83.43,102.28,85.22
83.66,102.55,85.13
83.66,102.55,85.13
83.71,102.60,85.11
83.75,102.64,85.09
83.76,102.65,85.09
83.66,102.55,85.12
83.67,102.56,85.12
83.65,102.53,85.13
83.65,102.54,85.13
83.70,102.59,85.11
83.74,102.64,85.09
83.65,102.54,85.13
83.65,102.55,85.13
83.66,102.55,85.13
83.66,102.55,85.13
83.67,102.56,85.12
83.70,102.60,85.11
83.75,102.65,85.09
83.75,102.64,85.09
83.65,102.54,85.13
83.70,102.59,85.11
83.74,102.64,85.09
83.65,102.54,85.13
83.64,102.53,85.13
83.99,102.88,85.00
83.94,102.84,85.01
83.94,102.83,85.01
83.89,102.79,85.03
83.84,102.74,85.05
83.85,102.75,85.05
83.94,102.83,85.02
83.96,102.86,85.01
83.98,102.88,85.00
83.92,102.81,85.02
83.87,102.76,85.04
83.77,102.67,85.08
83.73,102.62,85.10
83.81,102.70,85.07
83.84,102.74,85.05
83.80,102.70,85.07
83.77,102.66,85.08
83.86,102.75,85.05
83.94,102.84,85.01
83.85,102.74,85.05
83.89,102.79,85.03
83.94,102.84,85.01
83.99,102.88,85.00
83.94,102.83,85.01
83.99,102.88,85.00
83.95,102.85,85.01
83.98,102.87,85.00
83.92,102.82,85.02
83.93,102.83,85.02
83.89,102.78,85.03
83.84,102.73,85.06
83.94,102.83,85.02
83.98,102.88,85.00
83.88,102.77,85.04
83.83,102.72,85.06
83.73,102.63,85.10
83.68,102.57,85.12
83.79,102.68,85.07
83.93,102.82,85.02
83.97,102.87,85.00
83.93,102.83,85.02
83.94,102.83,85.02
83.98,102.88,85.00
83.89,102.78,85.03
83.84,102.73,85.05
83.74,102.63,85.09
83.83,102.73,85.06
83.79,102.68,85.07
84.03,102.92,84.98
84.04,102.93,84.98
84.09,102.97,84.96
84.13,103.00,84.95
84.14,103.02,84.95
84.04,102.93,84.98
84.05,102.94,84.98
84.03,102.92,84.98
84.03,102.92,84.98
84.08,102.97,84.97
84.13,103.01,84.95
84.04,102.93,84.98
84.04,102.93,84.98
84.04,102.93,84.98
84.05,102.93,84.98
84.06,102.95,84.97
84.09,102.97,84.96
84.14,103.01,84.95
84.13,103.01,84.95
84.04,102.93,84.98
84.09,102.97,84.96
84.14,103.02,84.95
84.03,102.92,84.98
84.02,102.91,84.99
84.41,103.24,84.88
84.36,103.21,84.89
84.35,103.19,84.90
84.29,103.15,84.91
84.25,103.11,84.92
84.26,103.12,84.91
84.35,103.20,84.89
84.35,103.20,84.89
84.40,103.24,84.88
84.33,103.18,84.90
84.24,103.10,84.93
84.16,103.03,84.95
84.12,103.00,84.96
84.19,103.06,84.94
84.24,103.11,84.92
84.19,103.05,84.94
84.17,103.04,84.94
84.24,103.10,84.92
84.37,103.21,84.89
84.27,103.13,84.91
84.30,103.15,84.91
84.36,103.20,84.89
84.41,103.24,84.88
84.36,103.20,84.89
84.42,103.25,84.88
84.38,103.22,84.88
84.41,103.24,84.88
84.34,103.19,84.90
84.35,103.19,84.89
84.30,103.15,84.91
84.25,103.11,84.92
84.36,103.20,84.89
84.43,103.26,84.88
84.32,103.16,84.91
84.23,103.09,84.93
84.15,103.02,84.95
84.11,102.99,84.96
84.20,103.07,84.94
84.34,103.18,84.90
84.41,103.24,84.88
84.35,103.19,84.89
84.35,103.20,84.89
84.40,103.23,84.88
84.29,103.15,84.91
84.25,103.12,84.92
84.15,103.02,84.95
84.23,103.09,84.93
84.20,103.06,84.94
84.44,103.27,84.87
84.45,103.28,84.87
84.52,103.33,84.87
84.56,103.36,84.86
84.57,103.37,84.86
84.46,103.28,84.87
84.46,103.29,84.87
84.46,103.29,84.87
84.46,103.28,84.87
84.51,103.33,84.87
84.56,103.36,84.86
84.45,103.28,84.87
84.49,103.31,84.87
84.48,103.30,84.87
84.47,103.29,84.87
84.47,103.29,84.87
84.53,103.34,84.86
84.61,103.40,84.86
84.59,103.39,84.86
84.48,103.30,84.87
84.54,103.35,84.86
84.60,103.39,84.86
84.47,103.29,84.87
84.47,103.29,84.87
84.86,103.59,84.85
84.81,103.55,84.85
84.80,103.55,84.85
84.74,103.50,84.85
84.68,103.45,84.85
84.66,103.44,84.85
84.79,103.54,84.85
84.78,103.53,84.85
84.84,103.58,84.84
84.76,103.52,84.85
84.69,103.46,84.85
84.58,103.38,84.86
84.50,103.32,84.87
84.63,103.42,84.86
84.70,103.47,84.85
84.62,103.41,84.86
84.59,103.38,84.86
84.70,103.47,84.85
84.82,103.56,84.85
84.71,103.48,84.85
84.77,103.53,84.85
84.83,103.57,84.85
84.89,103.62,84.85
84.83,103.57,84.85
84.92,103.63,84.85
84.86,103.60,84.85
84.87,103.60,84.85
84.80,103.55,84.85
84.82,103.56,84.85
84.77,103.52,84.85
84.71,103.48,84.85
84.83,103.57,84.85
84.91,103.63,84.85
84.94,103.65,84.86
84.68,103.46,84.86
84.58,103.37,84.86
84.51,103.32,84.87
84.63,103.41,84.86
84.79,103.54,84.85
84.84,103.58,84.84
84.79,103.54,84.85
84.78,103.53,84.85
84.85,103.58,84.84
84.73,103.49,84.85
84.67,103.45,84.85
84.57,103.37,84.86
84.69,103.46,84.86
84.64,103.42,84.86
84.88,103.61,84.85
84.89,103.61,84.85
84.92,103.64,84.85
84.97,103.68,84.86
84.98,103.68,84.86
84.90,103.62,84.85
84.91,103.63,84.85
84.89,103.62,84.85
84.88,103.61,84.85
84.92,103.64,84.85
84.97,103.68,84.86
84.88,103.61,84.85
84.97,103.68,84.86
85.00,103.70,84.86
85.04,103.73,84.87
85.11,103.78,84.88
85.14,103.80,84.89
85.18,103.84,84.89
85.09,103.77,84.87
85.13,103.80,84.88
85.06,103.74,84.87
84.95,103.66,84.86
84.97,103.67,84.86
85.05,103.74,84.87
85.12,103.79,84.88
84.99,103.69,84.86
85.04,103.73,84.87
85.01,103.70,84.86
84.93,103.65,84.86
84.91,103.63,84.85
84.96,103.67,84.86
85.19,103.84,84.89
85.12,103.79,84.88
85.10,103.77,84.88
85.00,103.70,84.86
84.94,103.65,84.86
85.08,103.76,84.87
85.13,103.80,84.88
84.96,103.67,84.86
85.06,103.74,84.87
85.17,103.83,84.89
85.17,103.83,84.89
85.26,103.90,84.91
85.14,103.81,84.89
85.21,103.86,84.90
85.08,103.76,84.87
85.05,103.74,84.87
85.11,103.79,84.88
85.23,103.88,84.91
84.99,103.69,84.86
85.16,103.82,84.89
85.07,103.75,84.87
85.02,103.72,84.87
85.06,103.75,84.87
84.98,103.68,84.86
85.26,103.90,84.91
85.21,103.86,84.90
85.13,103.80,84.88
85.17,103.83,84.89
85.23,103.87,84.91
85.18,103.84,84.89
85.20,103.85,84.90
85.22,103.87,84.90
85.24,103.88,84.91
85.27,103.91,84.92
85.33,103.95,84.94
85.31,103.94,84.93
85.20,103.85,84.90
85.27,103.91,84.92
85.33,103.95,84.94
85.22,103.87,84.90
85.25,103.89,84.91
85.57,104.14,85.02
85.50,104.09,85.00
85.50,104.09,85.00
85.43,104.04,84.97
85.36,103.98,84.95
85.35,103.97,84.95
85.50,104.09,85.00
85.49,104.09,85.00
85.56,104.14,85.02
85.48,104.08,84.99
85.41,104.01,84.96
85.31,103.94,84.93
85.30,103.93,84.93
85.34,103.96,84.94
85.42,104.02,84.97
85.38,103.99,84.95
85.33,103.96,84.94
85.43,104.03,84.97
85.52,104.10,85.00
85.42,104.02,84.97
85.47,104.06,84.98
85.52,104.11,85.00
85.57,104.15,85.02
85.52,104.11,85.00
85.58,104.15,85.02
85.53,104.12,85.01
85.59,104.16,85.03
85.55,104.13,85.01
85.54,104.12,85.01
85.48,104.07,84.99
85.42,104.03,84.97
85.53,104.11,85.00
85.58,104.15,85.02
85.49,104.08,84.99
85.45,104.05,84.98
85.35,103.97,84.94
85.30,103.93,84.93
85.38,104.00,84.96
85.51,104.10,85.00
85.60,104.17,85.04
85.51,104.10,85.00
85.50,104.09,85.00
85.57,104.14,85.02
85.44,104.04,84.98
85.37,103.98,84.95
85.32,103.95,84.93
85.41,104.02,84.96
85.34,103.96,84.94
85.62,104.19,85.05
85.62,104.19,85.05
85.68,104.25,85.08
85.74,104.30,85.11
85.75,104.30,85.11
85.62,104.19,85.05
85.63,104.20,85.05
85.65,104.22,85.06
85.64,104.21,85.06
85.69,104.25,85.09
85.75,104.30,85.12
85.62,104.19,85.05
85.63,104.20,85.05
85.64,104.20,85.05
85.62,104.19,85.05
85.61,104.18,85.04
85.67,104.23,85.07
85.72,104.27,85.10
85.72,104.28,85.10
85.63,104.20,85.05
85.68,104.24,85.08
85.73,104.28,85.10
85.63,104.20,85.05
85.63,104.19,85.05
85.98,104.51,85.24
85.89,104.43,85.19
85.94,104.48,85.22
85.91,104.45,85.21
85.83,104.37,85.16
85.88,104.42,85.19
86.00,104.53,85.26
86.04,104.57,85.29
86.07,104.60,85.31
85.84,104.38,85.16
85.81,104.35,85.15
85.71,104.27,85.10
85.66,104.22,85.07
85.77,104.33,85.13
85.81,104.36,85.15
85.76,104.31,85.12
85.71,104.26,85.09
85.80,104.35,85.14
85.89,104.43,85.19
85.82,104.36,85.15
85.86,104.40,85.17
85.89,104.43,85.19
85.93,104.47,85.22
85.90,104.44,85.20
85.94,104.47,85.22
85.91,104.44,85.20
85.98,104.51,85.25
85.95,104.48,85.23
85.93,104.46,85.21
85.87,104.41,85.18
85.83,104.37,85.16
85.92,104.45,85.21
85.96,104.49,85.23
85.90,104.44,85.20
85.83,104.38,85.16
85.73,104.29,85.11
85.68,104.24,85.08
85.78,104.33,85.13
85.95,104.48,85.23
86.02,104.56,85.28
85.98,104.51,85.25
86.02,104.55,85.27
86.09,104.62,85.32
85.95,104.49,85.23
85.85,104.39,85.17
85.74,104.29,85.11
85.84,104.39,85.17
85.79,104.34,85.14
86.13,104.67,85.35
86.08,104.61,85.31
86.10,104.63,85.32
86.16,104.69,85.36
86.11,104.64,85.33
86.04,104.57,85.28
85.99,104.52,85.25
86.17,104.71,85.38
86.18,104.72,85.38
86.24,104.78,85.42
86.29,104.83,85.45
86.29,104.83,85.46
86.20,104.73,85.39
86.21,104.74,85.40
86.17,104.70,85.37
86.22,104.76,85.41
86.27,104.81,85.44
86.27,104.81,85.44
86.32,104.87,85.48
86.28,104.82,85.45
86.33,104.87,85.48
86.15,104.69,85.36
86.12,104.65,85.34
86.09,104.62,85.32
86.05,104.58,85.29
86.15,104.68,85.36
86.18,104.71,85.38
86.21,104.74,85.40
86.30,104.84,85.46
86.25,104.78,85.42
86.20,104.73,85.39
86.23,104.76,85.41
86.26,104.80,85.43
86.27,104.81,85.44
86.30,104.84,85.46
86.33,104.88,85.49
86.35,104.90,85.50
86.38,104.93,85.52
86.32,104.86,85.47
86.33,104.88,85.49
86.36,104.90,85.50
86.36,104.91,85.51
86.40,104.95,85.53
86.43,104.99,85.55
86.44,105.00,85.56
86.37,104.91,85.51
86.37,104.92,85.51
86.42,104.97,85.54
86.39,104.94,85.52
86.41,104.97,85.54
86.45,105.02,85.56
86.38,104.92,85.52
85.99,104.52,85.25
85.97,104.51,85.24
85.97,104.50,85.24
85.97,104.50,85.24
86.01,104.54,85.26
86.04,104.57,85.29
86.05,104.58,85.29
85.99,104.52,85.25
86.03,104.56,85.28
86.06,104.59,85.30
86.00,104.53,85.26
86.01,104.55,85.27
86.03,104.56,85.28
86.09,104.62,85.32
86.14,104.68,85.35
86.07,104.60,85.30
86.10,104.63,85.33
86.34,104.89,85.49
86.30,104.84,85.46
86.29,104.84,85.46
86.25,104.79,85.43
86.21,104.75,85.40
86.29,104.83,85.46
86.34,104.88,85.49
86.28,104.82,85.45
86.23,104.77,85.41
86.17,104.70,85.37
86.15,104.68,85.36
86.19,104.72,85.39
86.26,104.80,85.43
86.31,104.85,85.47
86.23,104.77,85.42
86.20,104.74,85.39
86.26,104.80,85.44
86.14,104.67,85.35
86.08,104.61,85.31
86.13,104.66,85.34
86.19,104.73,85.39
86.11,104.64,85.33
86.31,104.85,85.47
86.33,104.87,85.48
86.35,104.90,85.50
86.35,104.89,85.49
86.38,104.93,85.52
86.58,105.17,85.65
86.55,105.13,85.63
86.55,105.13,85.63
86.53,105.10,85.61
86.50,105.07,85.60
86.50,105.07,85.60
86.56,105.14,85.63
86.56,105.14,85.64
86.58,105.17,85.65
86.52,105.10,85.61
86.49,105.06,85.59
86.43,104.99,85.55
86.40,104.95,85.53
86.47,105.03,85.57
86.40,104.96,85.53
86.40,104.96,85.53
86.40,104.95,85.53
86.46,105.02,85.57
86.52,105.09,85.61
86.41,104.96,85.53
86.46,105.03,85.57
86.53,105.11,85.61
86.59,105.18,85.65
86.53,105.11,85.62
86.60,105.19,85.66
86.54,105.12,85.62
86.59,105.18,85.66
86.53,105.11,85.62
86.53,105.11,85.62
86.47,105.03,85.57
86.40,104.96,85.53
86.54,105.12,85.62
86.60,105.19,85.66
86.55,105.13,85.63
86.48,105.05,85.58
86.43,104.98,85.55
86.45,105.01,85.56
86.42,104.98,85.55
86.57,105.16,85.64
86.59,105.18,85.65
86.57,105.15,85.64
86.56,105.14,85.64
86.58,105.17,85.65
86.53,105.10,85.61
86.51,105.08,85.60
86.47,105.04,85.58
86.51,105.09,85.61
86.49,105.05,85.59
86.62,105.21,85.67
86.61,105.21,85.67
86.64,105.24,85.68
86.67,105.28,85.70
86.67,105.28,85.70
86.61,105.20,85.67
86.61,105.20,85.67
86.62,105.22,85.67
86.62,105.21,85.67
86.65,105.25,85.69
86.67,105.28,85.70
86.61,105.21,85.67
86.64,105.24,85.68
86.64,105.24,85.68
86.68,105.28,85.70
86.71,105.32,85.72
86.71,105.32,85.72
86.75,105.37,85.74
86.71,105.32,85.72
86.74,105.36,85.74
86.70,105.32,85.72
86.62,105.22,85.67
86.63,105.22,85.67
86.67,105.27,85.70
86.70,105.32,85.72
86.63,105.23,85.68
86.70,105.32,85.72
86.67,105.27,85.70
86.63,105.23,85.68
86.63,105.23,85.68
86.63,105.23,85.68
86.84,105.48,85.78
86.80,105.43,85.76
86.76,105.39,85.75
86.69,105.31,85.71
86.66,105.26,85.69
86.73,105.35,85.73
86.77,105.40,85.75
86.65,105.26,85.69
86.69,105.30,85.71
86.77,105.39,85.75
86.80,105.43,85.76
86.84,105.48,85.78
86.73,105.35,85.73
86.78,105.40,85.75
86.74,105.36,85.74
86.72,105.34,85.72
86.76,105.38,85.74
86.83,105.47,85.78
86.68,105.29,85.70
86.82,105.46,85.77
86.75,105.38,85.74
86.71,105.33,85.72
86.74,105.36,85.74
86.69,105.30,85.71
86.87,105.51,85.80
86.83,105.46,85.78
86.78,105.41,85.76
86.82,105.46,85.78
86.87,105.51,85.80
86.79,105.42,85.76
86.79,105.42,85.76
86.79,105.42,85.76
86.79,105.42,85.76
86.83,105.47,85.78
86.87,105.52,85.80
86.88,105.52,85.80
86.81,105.45,85.77
86.86,105.50,85.79
86.90,105.55,85.81
86.85,105.49,85.79
86.88,105.53,85.80
86.82,105.45,85.77
86.85,105.50,85.79
86.89,105.53,85.80
86.86,105.50,85.79
86.91,105.56,85.82
86.97,105.63,85.84
86.96,105.61,85.83
87.01,105.67,85.85
87.08,105.75,85.88
87.07,105.74,85.88
86.95,105.60,85.83
86.93,105.58,85.82
87.15,105.82,85.91
87.09,105.76,85.89
87.04,105.70,85.87
86.99,105.64,85.85
87.10,105.77,85.89
87.13,105.81,85.90
87.18,105.85,85.92
86.95,105.61,85.83
86.96,105.62,85.84
87.04,105.71,85.87
87.11,105.78,85.90
86.98,105.64,85.84
87.17,105.85,85.92
87.10,105.77,85.89
87.02,105.68,85.86
86.94,105.59,85.83
87.07,105.74,85.88
87.06,105.72,85.87
87.14,105.81,85.91
86.92,105.58,85.82
86.93,105.58,85.82
86.99,105.65,85.85
87.05,105.72,85.87
86.93,105.59,85.82
87.12,105.79,85.90
87.06,105.73,85.87
86.99,105.65,85.85
87.06,105.73,85.88
87.12,105.80,85.90
87.18,105.86,85.92
87.17,105.85,85.92
87.22,105.90,85.94
87.27,105.94,85.95
87.26,105.94,85.95
87.17,105.85,85.92
87.17,105.84,85.92
87.19,105.86,85.92
87.21,105.88,85.93
87.27,105.95,85.96
87.32,105.99,85.97
87.34,106.01,85.98
87.23,105.90,85.94
87.25,105.92,85.95
87.35,106.02,85.98
87.28,105.96,85.96
87.30,105.98,85.97
87.37,106.04,85.99
87.23,105.91,85.94
87.20,105.87,85.93
87.21,105.89,85.93
87.23,105.91,85.94
87.24,105.92,85.95
87.28,105.95,85.96
87.34,106.01,85.98
87.33,106.00,85.98
87.24,105.91,85.94
87.31,105.98,85.97
87.37,106.04,85.99
87.29,105.96,85.96
87.34,106.02,85.98
87.58,106.22,86.07
87.53,106.17,86.05
87.53,106.18,86.05
87.49,106.14,86.04
87.44,106.10,86.02
87.44,106.10,86.02
87.54,106.19,86.05
87.54,106.19,86.06
87.59,106.23,86.07
87.48,106.13,86.03
87.43,106.09,86.01
87.33,106.00,85.98
87.30,105.97,85.97
87.38,106.05,86.00
87.44,106.10,86.02
87.39,106.05,86.00
87.33,106.01,85.98
87.43,106.09,86.02
87.53,106.18,86.05
87.44,106.11,86.02
87.49,106.14,86.04
87.53,106.18,86.05
87.58,106.22,86.07
87.54,106.19,86.05
87.59,106.23,86.07
87.54,106.19,86.06
87.61,106.24,86.08
87.57,106.21,86.07
87.55,106.20,86.06
87.50,106.15,86.04
87.45,106.11,86.02
87.54,106.19,86.06
87.59,106.23,86.08
87.52,106.17,86.05
87.47,106.13,86.03
87.41,106.07,86.01
87.39,106.06,86.00
87.42,106.09,86.01
87.56,106.20,86.06
87.60,106.24,86.08
87.55,106.20,86.06
87.54,106.19,86.06
87.59,106.23,86.07
87.49,106.15,86.04
87.45,106.11,86.02
87.40,106.07,86.01
87.47,106.12,86.03
87.42,106.08,86.01
87.64,106.27,86.10
87.64,106.27,86.09
87.69,106.30,86.12
87.75,106.34,86.14
87.75,106.34,86.14
87.63,106.26,86.09
87.62,106.25,86.09
87.66,106.28,86.10
87.65,106.27,86.10
87.70,106.31,86.12
87.76,106.35,86.14
87.65,106.27,86.10
87.64,106.27,86.10
87.64,106.27,86.10
87.64,106.26,86.09
87.63,106.26,86.09
87.69,106.30,86.12
87.74,106.34,86.14
87.75,106.34,86.14
87.65,106.27,86.10
87.70,106.31,86.12
87.76,106.35,86.15
87.65,106.27,86.10
87.67,106.29,86.11
88.03,106.52,86.27
87.97,106.49,86.24
87.97,106.49,86.24
87.92,106.45,86.21
87.86,106.41,86.19
87.86,106.41,86.19
87.97,106.48,86.24
87.96,106.48,86.24
88.02,106.52,86.26
87.90,106.44,86.21
87.85,106.41,86.19
87.74,106.33,86.14
87.68,106.29,86.11
87.80,106.38,86.17
87.85,106.41,86.19
87.81,106.38,86.17
87.73,106.33,86.14
87.84,106.40,86.18
87.97,106.48,86.24
87.86,106.42,86.19
87.92,106.45,86.22
87.97,106.49,86.24
88.03,106.52,86.27
87.98,106.49,86.24
88.03,106.52,86.27
87.96,106.48,86.23
88.06,106.54,86.28
88.01,106.51,86.26
87.99,106.50,86.25
87.92,106.46,86.22
87.87,106.42,86.20
87.98,106.49,86.25
88.04,106.53,86.27
87.95,106.47,86.23
87.89,106.43,86.21
87.78,106.36,86.16
87.73,106.32,86.13
87.83,106.39,86.18
88.00,106.50,86.25
88.05,106.53,86.28
87.99,106.49,86.25
87.98,106.49,86.24
88.03,106.52,86.27
87.92,106.46,86.22
87.87,106.42,86.19
87.77,106.36,86.15
87.88,106.43,86.20
87.82,106.38,86.17
88.09,106.55,86.30
88.09,106.55,86.30
88.15,106.58,86.33
88.21,106.62,86.36
88.22,106.62,86.36
88.08,106.55,86.29
88.07,106.55,86.29
88.11,106.56,86.31
88.10,106.56,86.30
88.15,106.59,86.33
88.22,106.62,86.37
88.09,106.56,86.30
88.10,106.56,86.30
88.10,106.56,86.30
88.09,106.56,86.30
88.13,106.57,86.32
88.16,106.59,86.34
88.22,106.62,86.37
88.23,106.62,86.37
88.10,106.56,86.31
88.17,106.60,86.34
88.23,106.63,86.38
88.11,106.56,86.31
88.12,106.57,86.31
88.49,106.75,86.52
88.43,106.72,86.48
88.45,106.73,86.49
88.40,106.71,86.46
88.33,106.68,86.43
88.34,106.68,86.43
88.46,106.74,86.50
88.47,106.74,86.50
88.52,106.77,86.53
88.36,106.69,86.45
88.32,106.67,86.42
88.20,106.61,86.36
88.13,106.58,86.32
88.26,106.64,86.39
88.34,106.68,86.43
88.27,106.65,86.39
88.20,106.61,86.36
88.32,106.67,86.42
88.43,106.72,86.48
88.38,106.70,86.45
88.42,106.72,86.48
88.47,106.75,86.50
88.52,106.76,86.53
88.51,106.76,86.53
88.59,106.80,86.58
88.55,106.78,86.55
88.58,106.79,86.57
88.50,106.76,86.52
88.53,106.77,86.54
88.45,106.73,86.49
88.36,106.69,86.44
88.53,106.77,86.54
88.62,106.81,86.59
88.44,106.73,86.49
88.37,106.70,86.45
88.25,106.63,86.38
88.19,106.60,86.35
88.30,106.66,86.41
88.50,106.76,86.52
88.57,106.79,86.56
88.49,106.75,86.52
88.48,106.75,86.51
88.54,106.78,86.55
88.41,106.72,86.47
88.35,106.69,86.44
88.24,106.63,86.38
88.37,106.69,86.45
88.29,106.66,86.41
88.61,106.81,86.59
88.59,106.80,86.57
88.66,106.83,86.62
88.75,106.86,86.67
88.74,106.86,86.67
88.58,106.79,86.57
88.56,106.79,86.56
88.65,106.82,86.61
88.63,106.81,86.60
88.69,106.84,86.64
88.76,106.87,86.68
88.61,106.81,86.59
88.67,106.83,86.62
88.63,106.82,86.60
88.60,106.80,86.58
88.56,106.78,86.56
88.68,106.83,86.63
88.72,106.85,86.65
88.76,106.87,86.68
89.02,106.97,86.85
88.96,106.94,86.81
88.96,106.95,86.81
88.91,106.93,86.78
88.85,106.90,86.74
88.86,106.91,86.74
88.98,106.95,86.82
88.98,106.95,86.82
89.03,106.97,86.86
88.94,106.94,86.80
88.87,106.91,86.75
88.77,106.87,86.69
88.73,106.86,86.66
88.81,106.89,86.71
88.90,106.92,86.77
89.01,106.96,86.84
88.90,106.92,86.77
88.89,106.92,86.77
89.00,106.96,86.84
88.88,106.92,86.76
88.78,106.88,86.70
88.68,106.83,86.63
88.68,106.83,86.63
88.71,106.85,86.65
88.82,106.89,86.72
88.70,106.84,86.65
89.08,106.99,86.89
89.07,106.98,86.89
89.13,107.01,86.93
89.20,107.03,86.98
89.19,107.03,86.97
89.06,106.98,86.88
89.06,106.98,86.88
88.64,106.82,86.61
88.73,106.85,86.66
88.81,106.89,86.71
88.72,106.85,86.66
88.80,106.89,86.71
88.88,106.91,86.76
88.87,106.91,86.75
88.92,106.93,86.79
88.98,106.95,86.83
88.86,106.91,86.75
88.93,106.93,86.79
88.99,106.96,86.83
89.09,106.99,86.90
89.15,107.01,86.94
89.21,107.03,86.98
89.04,106.98,86.87
89.11,107.00,86.91
88.85,106.90,86.74
88.80,106.88,86.70
88.74,106.86,86.67
88.84,106.90,86.73
88.95,106.94,86.80
89.20,107.03,86.98
89.08,106.99,86.90
88.97,106.95,86.82
89.02,106.97,86.85
89.06,106.98,86.88
89.26,107.05,87.02
89.19,107.03,86.97
89.19,107.03,86.97
89.26,107.05,87.02
89.13,107.00,86.93
89.08,106.99,86.89
89.09,106.99,86.90
89.10,107.00,86.91
89.11,107.00,86.92
89.16,107.02,86.95
89.23,107.04,87.00
89.22,107.04,86.99
89.50,107.13,87.20
89.43,107.11,87.15
89.45,107.11,87.16
89.40,107.09,87.12
89.33,107.07,87.07
89.35,107.08,87.09
89.47,107.12,87.17
89.49,107.12,87.19
89.53,107.14,87.22
89.37,107.09,87.11
89.32,107.07,87.07
89.20,107.03,86.98
89.13,107.01,86.93
89.27,107.05,87.03
89.43,107.10,87.14
89.48,107.12,87.18
89.42,107.10,87.14
89.42,107.10,87.13
89.46,107.12,87.17
89.41,107.10,87.13
89.36,107.08,87.10
89.31,107.07,87.05
89.31,107.07,87.06
89.18,107.02,86.97
89.30,107.06,87.05
89.25,107.05,87.01
89.52,107.14,87.22
89.52,107.13,87.21
89.56,107.15,87.24
89.60,107.16,87.28
89.59,107.16,87.27
89.51,107.13,87.21
89.51,107.13,87.20
89.17,107.02,86.95
89.21,107.03,86.99
89.27,107.06,87.03
89.23,107.04,87.00
89.29,107.06,87.04
89.34,107.08,87.08
89.34,107.08,87.08
89.42,107.10,87.14
89.48,107.12,87.19
89.35,107.08,87.08
89.35,107.08,87.09
89.42,107.10,87.14
89.51,107.13,87.21
89.53,107.14,87.22
89.60,107.16,87.27
89.50,107.13,87.19
89.56,107.15,87.25
89.32,107.07,87.06
89.32,107.07,87.06
89.31,107.07,87.06
89.36,107.08,87.09
89.41,107.10,87.13
89.57,107.15,87.25
89.49,107.13,87.19
89.40,107.10,87.12
89.45,107.11,87.16
89.50,107.13,87.20
89.63,107.17,87.30
89.59,107.16,87.27
89.58,107.15,87.26
89.62,107.16,87.29
89.55,107.14,87.23
89.54,107.14,87.23
89.55,107.14,87.24
89.61,107.16,87.29
89.68,107.18,87.34
89.69,107.19,87.35
89.75,107.20,87.39
89.68,107.18,87.34
89.74,107.20,87.38
89.67,107.18,87.33
89.60,107.16,87.28
89.59,107.16,87.26
89.64,107.17,87.30
89.70,107.19,87.36
89.57,107.15,87.25
89.71,107.19,87.36
89.64,107.17,87.31
89.62,107.17,87.29
89.66,107.18,87.32
89.58,107.15,87.26
89.78,107.21,87.42
89.76,107.21,87.40
89.74,107.20,87.39
89.70,107.19,87.35
89.68,107.18,87.33
89.73,107.20,87.37
89.75,107.20,87.39
89.62,107.17,87.29
89.67,107.18,87.33
89.73,107.20,87.38
89.75,107.20,87.39
89.80,107.22,87.44
89.72,107.20,87.37
89.77,107.21,87.41
89.66,107.18,87.32
89.65,107.17,87.31
89.70,107.19,87.35
89.77,107.21,87.41
89.63,107.17,87.30
89.75,107.20,87.39
89.71,107.19,87.36
89.66,107.18,87.32
89.65,107.18,87.32
89.67,107.18,87.33
89.81,107.22,87.44
89.76,107.21,87.40
89.71,107.19,87.36
89.75,107.20,87.40
89.80,107.22,87.43
89.77,107.21,87.41
89.78,107.21,87.41
89.78,107.21,87.42
89.79,107.22,87.42
89.81,107.22,87.44
89.85,107.23,87.47
89.84,107.23,87.47
89.78,107.21,87.42
89.82,107.22,87.45
89.86,107.23,87.48
89.80,107.22,87.43
89.81,107.22,87.44
89.93,107.26,87.54
89.90,107.25,87.52
89.91,107.25,87.52
89.88,107.24,87.50
89.84,107.23,87.47
89.85,107.23,87.47
89.91,107.25,87.52
89.91,107.25,87.52
89.94,107.26,87.55
89.89,107.24,87.51
89.86,107.23,87.48
89.82,107.22,87.45
89.80,107.22,87.43
89.83,107.23,87.46
89.89,107.24,87.51
89.86,107.24,87.48
89.83,107.23,87.46
89.88,107.24,87.49
89.92,107.25,87.53
89.90,107.25,87.51
89.91,107.25,87.53
89.93,107.25,87.54
89.94,107.26,87.55
89.93,107.26,87.54
89.95,107.26,87.56
89.94,107.26,87.55
89.94,107.26,87.55
89.92,107.25,87.53
89.93,107.25,87.54
89.91,107.25,87.53
89.89,107.24,87.51
89.94,107.26,87.54
89.96,107.26,87.56
89.90,107.25,87.51
89.89,107.24,87.50
89.85,107.23,87.48
89.83,107.23,87.46
89.87,107.24,87.49
89.91,107.25,87.52
89.94,107.26,87.55
89.91,107.25,87.52
89.91,107.25,87.52
89.94,107.26,87.55
89.88,107.24,87.50
89.85,107.23,87.47
89.84,107.23,87.46
89.87,107.24,87.49
89.84,107.23,87.47
89.95,107.26,87.56
89.95,107.26,87.56
89.96,107.26,87.56
89.97,107.27,87.57
89.97,107.26,87.57
89.95,107.26,87.55
89.94,107.26,87.55
89.95,107.26,87.55
89.95,107.26,87.55
89.96,107.26,87.56
89.97,107.26,87.57
89.95,107.26,87.56
89.97,107.26,87.57
89.96,107.26,87.56
89.95,107.26,87.56
89.94,107.26,87.55
89.96,107.26,87.57
89.97,107.27,87.57
89.98,107.27,87.58
89.96,107.26,87.56
89.97,107.26,87.57
89.97,107.27,87.57
89.95,107.26,87.56
89.95,107.26,87.55
89.96,107.26,87.56
89.97,107.26,87.57
89.98,107.27,87.58
89.97,107.27,87.57
89.98,107.27,87.58
89.96,107.26,87.56
89.97,107.27,87.57
89.97,107.27,87.57
