80.79,114.00,87.83
80.93,114.03,87.75
80.89,114.02,87.77
80.78,113.99,87.83
80.75,113.99,87.85
80.75,113.99,87.85
80.85,114.01,87.79
80.84,114.01,87.80
81.19,114.08,87.59
80.99,114.04,87.71
80.83,114.00,87.80
81.03,114.05,87.69
81.16,114.08,87.61
81.30,114.11,87.53
81.21,114.09,87.58
81.36,114.12,87.49
81.54,114.16,87.39
81.89,114.24,87.18
81.73,114.20,87.28
81.51,114.15,87.40
81.54,114.16,87.39
81.82,114.22,87.22
81.55,114.16,87.38
82.21,114.30,86.99
82.26,114.32,86.96
81.75,114.20,87.27
81.95,114.25,87.15
81.85,114.23,87.21
82.18,114.30,87.01
82.07,114.27,87.08
82.59,114.39,86.77
82.66,114.40,86.73
82.35,114.33,86.91
82.27,114.32,86.96
82.55,114.38,86.79
82.48,114.36,86.83
82.84,114.44,86.63
82.98,114.47,86.54
82.93,114.46,86.57
82.78,114.43,86.66
82.55,114.38,86.79
82.75,114.42,86.68
82.84,114.44,86.62
82.84,114.44,86.63
83.05,114.49,86.50
83.01,114.48,86.53
82.92,114.46,86.58
83.02,114.48,86.52
83.02,114.48,86.52
83.46,114.65,86.06
83.85,114.80,85.62
83.85,114.80,85.62
83.85,114.80,85.62
83.85,114.80,85.62
83.85,114.80,85.62
83.85,114.80,85.62
83.85,114.80,85.62
83.85,114.80,85.62
83.85,114.80,85.62
83.85,114.80,85.62
84.46,115.21,85.00
84.46,115.21,85.00
84.46,115.21,85.00
84.46,115.21,85.00
84.15,115.01,85.31
84.49,119.10,76.25
84.49,119.10,76.25
84.68,118.48,76.56
84.50,119.13,76.25
84.51,119.17,76.25
84.53,119.25,76.25
84.53,119.25,76.25
84.58,119.39,76.25
84.46,115.21,85.00
85.29,116.04,84.37
85.29,116.04,84.37
85.29,116.04,84.37
85.29,116.04,84.37
85.29,116.04,84.37
84.87,117.87,76.88
84.87,117.87,76.88
84.87,117.87,76.88
84.87,117.87,76.88
84.87,117.87,76.88
84.87,117.87,76.88
84.87,117.87,76.88
84.87,117.87,76.88
84.87,117.87,76.88
84.87,117.87,76.88
84.87,117.87,76.88
84.87,117.87,76.88
84.87,117.87,76.88
84.50,119.12,76.25
85.00,117.31,77.18
84.55,119.32,76.25
84.64,119.60,76.25
84.67,119.71,76.25
84.62,119.53,76.25
84.64,119.60,76.25
84.77,120.04,76.25
84.78,120.07,76.25
84.77,120.04,76.25
84.90,120.48,76.25
84.90,120.47,76.25
84.90,120.49,76.25
85.02,120.87,76.25
85.03,120.90,76.25
85.04,120.94,76.25
85.13,121.23,76.25
85.16,121.34,76.25
85.16,121.35,76.25
85.24,121.59,76.25
85.29,116.04,84.37
85.36,116.32,77.49
85.39,116.25,77.49
85.50,116.04,77.50
85.48,116.08,77.50
85.29,116.04,84.37
85.29,116.04,84.37
85.29,116.04,84.37
85.29,116.04,84.37
85.24,116.54,77.49
85.25,116.51,77.49
85.26,116.51,77.49
85.29,116.04,84.37
85.16,116.69,77.49
85.17,116.67,77.49
85.16,116.69,77.49
84.87,117.87,76.88
85.07,117.02,77.34
84.87,117.87,76.88
84.87,117.87,76.88
84.87,117.87,76.88
84.68,119.74,76.25
84.79,120.10,76.25
84.90,120.48,76.25
85.04,120.94,76.25
85.19,121.45,76.25
85.30,121.80,76.25
85.31,121.84,76.25
85.30,121.80,76.25
85.30,121.81,76.25
85.36,122.01,76.25
85.97,113.98,76.68
85.97,113.98,76.68
85.97,113.98,76.68
85.97,113.98,76.68
85.97,113.98,76.68
85.66,115.75,77.50
85.66,115.75,77.50
85.83,115.42,77.50
85.81,115.45,77.50
85.44,116.16,77.50
85.64,115.78,77.50
85.29,116.04,84.37
85.27,116.48,77.49
85.29,116.04,84.37
85.29,116.04,84.37
85.29,116.04,84.37
85.60,116.35,84.22
85.17,116.67,77.49
85.44,116.19,84.30
85.36,122.01,76.25
85.40,122.12,76.25
85.41,122.15,76.25
85.41,122.15,76.25
85.40,122.12,76.25
85.59,122.29,76.41
86.10,112.75,75.00
86.10,112.75,75.00
86.10,112.75,75.00
86.10,112.75,75.00
86.10,112.75,75.00
85.97,113.98,76.68
85.97,113.98,76.68
85.97,113.98,76.68
85.97,113.98,76.68
85.97,113.98,76.68
85.97,113.98,76.68
85.97,113.98,76.68
85.97,113.98,76.68
85.97,113.98,76.68
85.97,113.98,76.68
85.97,113.98,76.68
86.05,114.41,77.10
86.10,114.90,77.51
86.09,114.93,77.51
86.12,114.87,77.51
85.99,115.11,77.51
85.96,115.18,77.51
86.03,115.03,77.51
85.82,115.44,77.50
85.96,115.18,77.51
85.29,116.04,84.37
86.52,117.27,83.75
86.52,117.27,83.75
86.52,117.27,83.75
86.52,117.27,83.75
86.52,117.27,83.75
85.44,122.20,76.28
86.10,122.59,76.88
86.10,122.59,76.88
86.10,122.59,76.88
86.10,122.59,76.88
85.76,122.39,76.56
86.51,112.34,74.38
86.51,112.34,74.38
86.51,112.34,74.38
86.51,112.34,74.38
86.51,112.34,74.38
86.10,112.75,75.00
86.51,113.16,75.63
86.51,113.16,75.63
86.51,113.16,75.63
86.51,113.16,75.63
86.51,113.16,75.63
85.97,113.98,76.68
85.97,113.98,76.68
86.10,114.90,77.51
86.06,114.98,77.51
86.52,117.27,83.75
86.52,117.27,83.75
86.52,117.27,83.75
86.52,117.27,83.75
86.52,117.27,83.75
86.52,117.27,83.75
86.10,122.59,76.88
86.63,122.99,77.34
86.35,122.79,77.09
86.66,122.99,77.37
86.66,122.99,77.37
86.68,122.99,77.40
86.92,110.29,72.19
86.92,110.29,72.19
86.92,110.29,72.19
86.92,110.60,72.58
86.92,110.29,72.19
86.92,110.29,72.19
86.92,110.29,72.19
86.92,110.29,72.19
86.92,111.52,73.75
86.92,111.52,73.75
86.92,111.52,73.75
86.92,111.52,73.75
86.92,111.52,73.75
86.92,110.91,72.97
86.92,111.52,73.75
86.92,111.52,73.75
86.92,111.52,73.75
86.92,111.52,73.75
86.92,111.52,73.75
86.51,112.34,74.38
86.51,113.16,75.63
86.52,117.27,83.75
86.52,117.27,83.75
86.52,117.27,83.75
86.52,117.27,83.75
86.52,117.27,83.75
86.52,117.27,83.75
86.73,122.99,77.46
86.78,122.99,77.52
86.84,122.99,77.61
86.90,122.99,77.69
86.92,110.29,72.19
86.92,110.29,72.19
86.92,111.52,73.75
86.92,111.52,73.75
86.92,111.52,73.75
86.52,117.27,83.75
87.60,118.47,83.12
87.60,118.47,83.12
87.60,118.47,83.12
87.60,118.47,83.12
87.60,118.47,83.12
86.91,122.99,77.69
87.15,123.00,78.00
87.14,123.00,77.99
87.13,123.00,77.97
87.41,123.00,78.34
87.41,123.00,78.34
87.60,118.47,83.12
87.60,118.47,83.12
87.60,118.47,83.12
87.60,118.47,83.12
87.60,118.47,83.12
87.60,118.47,83.12
87.60,118.47,83.12
87.60,118.47,83.12
87.33,118.17,83.28
87.42,123.00,78.34
87.68,123.00,78.68
87.69,123.00,78.70
87.69,123.00,78.69
87.92,123.01,78.99
87.91,123.01,78.97
87.60,118.47,83.12
87.60,118.47,83.12
88.15,119.51,82.50
88.15,119.51,82.50
88.15,119.51,82.50
88.15,119.51,82.50
88.15,119.51,82.50
88.15,119.51,82.50
88.15,119.51,82.50
88.15,119.51,82.50
87.93,123.01,79.00
88.06,123.01,79.16
88.09,123.01,79.21
88.09,123.01,79.21
88.17,123.01,79.31
88.14,123.01,79.27
88.15,119.51,82.50
88.15,119.51,82.50
88.56,120.54,81.87
88.56,120.54,81.87
88.76,121.17,81.45
88.56,120.54,81.87
88.56,120.54,81.87
88.56,120.54,81.87
88.56,120.54,81.87
88.56,120.54,81.87
88.56,120.54,81.87
88.56,120.54,81.87
88.56,120.54,81.87
88.37,122.80,79.66
88.56,122.59,80.00
88.56,122.59,80.00
88.56,122.59,80.00
88.27,122.91,79.48
88.66,122.39,80.25
88.56,120.54,81.87
88.56,120.54,81.87
88.56,120.54,81.87
88.97,121.80,81.02
88.87,121.49,81.23
88.97,121.80,81.02
88.97,121.80,81.02
88.97,121.80,81.02
88.97,121.80,81.02
88.92,121.65,81.13
88.97,121.80,81.02
88.97,121.80,81.02
88.97,121.80,81.02
88.97,121.80,81.02
88.97,121.80,81.02
88.56,122.59,80.00
88.76,122.20,80.51
88.97,121.80,81.02
88.97,121.80,81.02
88.97,121.80,81.02
80.84,114.01,87.80
80.86,114.01,87.79
80.91,114.02,87.76
80.77,113.99,87.84
80.78,113.99,87.83
80.76,113.99,87.84
80.83,114.01,87.80
80.76,113.99,87.84
80.75,113.99,87.85
80.82,114.00,87.81
80.89,114.02,87.77
80.80,114.00,87.82
80.80,114.00,87.82
80.84,114.01,87.80
80.79,114.00,87.83
80.94,114.03,87.74
81.04,114.05,87.68
81.09,114.06,87.65
81.06,114.05,87.67
80.93,114.03,87.75
80.91,114.02,87.76
81.01,114.04,87.70
80.80,114.00,87.82
80.88,114.02,87.77
80.79,114.00,87.83
81.05,114.05,87.68
81.17,114.08,87.60
81.00,114.04,87.70
80.93,114.03,87.74
80.84,114.01,87.80
81.09,114.06,87.65
81.00,114.04,87.70
81.10,114.06,87.64
81.15,114.07,87.62
81.26,114.10,87.55
81.25,114.10,87.56
81.12,114.07,87.63
81.29,114.10,87.54
81.19,114.08,87.59
81.63,114.18,87.33
81.72,114.20,87.28
81.81,114.22,87.23
81.34,114.11,87.51
81.53,114.16,87.40
81.35,114.12,87.50
81.54,114.16,87.39
81.35,114.12,87.50
81.36,114.12,87.49
81.46,114.14,87.44
81.52,114.15,87.40
81.26,114.10,87.55
81.44,114.14,87.45
81.68,114.19,87.31
81.86,114.23,87.20
81.68,114.19,87.30
81.38,114.12,87.48
81.43,114.13,87.45
81.45,114.14,87.44
81.99,114.26,87.12
81.97,114.25,87.14
82.24,114.31,86.98
82.05,114.27,87.09
81.63,114.18,87.33
81.64,114.18,87.33
81.64,114.18,87.33
81.75,114.20,87.27
81.84,114.22,87.21
82.10,114.28,87.06
81.90,114.24,87.18
81.70,114.19,87.29
81.60,114.17,87.35
81.68,114.19,87.31
81.80,114.21,87.24
82.04,114.27,87.09
82.20,114.30,87.00
82.00,114.26,87.12
81.79,114.21,87.24
81.91,114.24,87.17
81.94,114.25,87.15
82.12,114.29,87.04
81.96,114.25,87.14
82.46,114.36,86.85
82.42,114.35,86.87
82.62,114.39,86.75
82.40,114.35,86.88
82.15,114.29,87.03
82.31,114.32,86.94
82.50,114.37,86.82
82.10,114.28,87.06
82.31,114.33,86.94
82.06,114.27,87.08
82.38,114.34,86.89
82.57,114.38,86.78
82.37,114.34,86.90
82.27,114.32,86.96
82.33,114.33,86.92
82.52,114.37,86.81
82.17,114.29,87.02
82.38,114.34,86.90
82.89,114.45,86.60
82.91,114.46,86.58
82.96,114.47,86.56
82.72,114.41,86.70
82.75,114.42,86.68
82.79,114.43,86.65
82.85,114.44,86.62
82.72,114.41,86.70
82.65,114.40,86.74
82.67,114.40,86.73
82.76,114.42,86.67
82.45,114.36,86.85
82.56,114.38,86.79
82.41,114.35,86.87
82.84,114.44,86.62
82.91,114.46,86.58
82.72,114.41,86.70
82.70,114.41,86.71
82.70,114.41,86.71
82.84,114.44,86.62
82.62,114.39,86.76
82.52,114.37,86.81
82.79,114.43,86.65
82.66,114.40,86.73
82.97,114.47,86.55
82.99,114.47,86.54
83.03,114.48,86.51
83.02,114.48,86.52
82.97,114.47,86.55
82.97,114.47,86.55
83.02,114.48,86.52
82.85,114.44,86.62
82.89,114.45,86.59
82.84,114.44,86.63
83.00,114.48,86.53
83.03,114.48,86.51
82.93,114.46,86.57
82.93,114.46,86.57
82.88,114.45,86.60
83.02,114.48,86.52
82.93,114.46,86.57
83.04,114.48,86.51
83.16,114.53,86.39
83.05,114.49,86.50
83.85,114.80,85.62
83.85,114.80,85.62
83.85,114.80,85.62
83.05,114.49,86.50
83.85,114.80,85.62
83.85,114.80,85.62
83.85,114.80,85.62
83.85,114.80,85.62
83.85,114.80,85.62
83.85,114.80,85.62
83.85,114.80,85.62
83.85,114.80,85.62
83.85,114.80,85.62
83.85,114.80,85.62
83.85,114.80,85.62
83.85,114.80,85.62
83.85,114.80,85.62
83.85,114.80,85.62
83.85,114.80,85.62
83.85,114.80,85.62
83.85,114.80,85.62
83.85,114.80,85.62
83.85,114.80,85.62
83.85,114.80,85.62
84.46,115.21,85.00
84.46,115.21,85.00
84.46,115.21,85.00
83.85,114.80,85.62
84.46,115.21,85.00
84.46,115.21,85.00
84.46,115.21,85.00
84.46,115.21,85.00
84.46,115.21,85.00
84.48,119.08,76.25
84.49,119.10,76.25
84.48,119.09,76.25
84.49,119.10,76.25
84.49,119.11,76.25
84.50,119.14,76.25
84.50,119.14,76.25
84.52,119.21,76.25
84.51,119.17,76.25
84.51,119.19,76.25
84.51,119.17,76.25
84.52,119.21,76.25
84.54,119.28,76.25
84.55,119.32,76.25
84.55,119.32,76.25
84.46,115.21,85.00
84.46,115.21,85.00
84.46,115.21,85.00
85.29,116.04,84.37
85.29,116.04,84.37
85.29,116.04,84.37
84.46,115.21,85.00
85.29,116.04,84.37
85.29,116.04,84.37
85.29,116.04,84.37
85.29,116.04,84.37
85.29,116.04,84.37
84.87,117.87,76.88
84.87,117.87,76.88
84.87,117.87,76.88
84.87,117.87,76.88
84.87,117.87,76.88
84.87,117.87,76.88
84.87,117.87,76.88
84.87,117.87,76.88
84.87,117.87,76.88
84.87,117.87,76.88
84.87,117.87,76.88
84.87,117.87,76.88
84.87,117.87,76.88
84.87,117.87,76.88
84.87,117.87,76.88
84.87,117.87,76.88
84.87,117.87,76.88
84.87,117.87,76.88
84.87,117.87,76.88
84.87,117.87,76.88
84.87,117.87,76.88
84.87,117.87,76.88
84.87,117.87,76.88
84.87,117.87,76.88
84.87,117.87,76.88
84.87,117.87,76.88
84.49,119.10,76.25
84.49,119.11,76.25
84.87,117.87,76.88
84.87,117.87,76.88
84.50,119.13,76.25
84.87,117.87,76.88
84.53,119.22,76.25
84.51,119.19,76.25
84.54,119.28,76.25
84.53,119.22,76.25
84.54,119.28,76.25
84.65,119.65,76.25
84.61,119.50,76.25
84.62,119.55,76.25
84.59,119.42,76.25
84.60,119.46,76.25
84.59,119.42,76.25
84.63,119.57,76.25
84.63,119.57,76.25
84.60,119.46,76.25
84.59,119.42,76.25
84.61,119.50,76.25
84.66,119.66,76.25
84.72,119.88,76.25
84.71,119.82,76.25
84.77,120.05,76.25
84.71,119.84,76.25
84.71,119.82,76.25
84.72,119.88,76.25
84.77,120.04,76.25
84.84,120.26,76.25
84.84,120.26,76.25
84.90,120.48,76.25
84.84,120.26,76.25
84.84,120.26,76.25
84.84,120.26,76.25
84.90,120.48,76.25
84.97,120.69,76.25
84.97,120.69,76.25
85.03,120.90,76.25
84.97,120.69,76.25
84.97,120.71,76.25
84.97,120.71,76.25
85.04,120.92,76.25
85.08,121.07,76.25
85.08,121.07,76.25
85.15,121.29,76.25
85.10,121.13,76.25
85.10,121.14,76.25
85.10,121.12,76.25
85.15,121.29,76.25
85.18,121.41,76.25
85.20,121.47,76.25
85.20,121.47,76.25
85.29,116.04,84.37
85.29,116.04,84.37
85.29,116.04,84.37
85.43,116.18,77.50
85.45,116.15,77.50
85.37,116.28,77.49
85.42,116.20,77.50
85.49,116.06,77.50
85.29,116.04,84.37
85.29,116.04,84.37
85.29,116.04,84.37
85.29,116.04,84.37
85.29,116.04,84.37
85.29,116.04,84.37
85.29,116.04,84.37
85.29,116.04,84.37
85.29,116.04,84.37
85.29,116.04,84.37
85.29,116.04,84.37
85.29,116.04,84.37
85.30,116.43,77.49
85.31,116.40,77.49
85.25,116.53,77.49
85.32,116.38,77.49
85.37,116.29,77.49
85.31,116.41,77.49
85.25,116.52,77.49
85.29,116.04,84.37
85.29,116.04,84.37
85.29,116.04,84.37
85.20,116.61,77.49
85.21,116.60,77.49
85.16,116.68,77.49
85.21,116.59,77.49
85.21,116.60,77.49
85.20,116.61,77.49
85.16,116.69,77.49
84.87,117.87,76.88
84.87,117.87,76.88
85.15,116.71,77.49
85.14,116.72,77.48
84.87,117.87,76.88
85.15,116.72,77.49
84.87,117.87,76.88
84.87,117.87,76.88
84.87,117.87,76.88
84.87,117.87,76.88
84.87,117.87,76.88
84.87,117.87,76.88
84.87,117.87,76.88
84.87,117.87,76.88
84.87,117.87,76.88
84.87,117.87,76.88
84.87,117.87,76.88
84.87,117.87,76.88
84.87,117.87,76.88
84.87,117.87,76.88
84.87,117.87,76.88
84.87,117.87,76.88
84.65,119.64,76.25
84.66,119.68,76.25
84.66,119.67,76.25
84.73,119.89,76.25
84.73,119.91,76.25
84.77,120.05,76.25
84.71,119.82,76.25
84.77,120.05,76.25
84.84,120.26,76.25
84.84,120.26,76.25
84.90,120.48,76.25
84.84,120.26,76.25
84.90,120.48,76.25
84.97,120.71,76.25
84.97,120.70,76.25
85.04,120.93,76.25
84.99,120.76,76.25
85.04,120.94,76.25
85.12,121.20,76.25
85.10,121.15,76.25
85.18,121.40,76.25
85.12,121.20,76.25
85.18,121.40,76.25
85.31,121.82,76.25
85.27,121.70,76.25
85.27,121.71,76.25
85.23,121.58,76.25
85.25,121.63,76.25
85.25,121.62,76.25
85.30,121.80,76.25
85.30,121.80,76.25
85.25,121.63,76.25
85.23,121.57,76.25
85.27,121.70,76.25
85.31,121.82,76.25
85.34,121.92,76.25
85.33,121.91,76.25
85.33,121.91,76.25
85.97,113.98,76.68
85.97,113.98,76.68
85.97,113.98,76.68
85.97,113.98,76.68
85.97,113.98,76.68
85.97,113.98,76.68
85.97,113.98,76.68
85.97,113.98,76.68
85.74,115.58,77.50
85.74,115.59,77.50
85.66,115.75,77.50
85.74,115.60,77.50
85.82,115.44,77.50
85.65,115.76,77.50
85.54,115.97,77.50
85.55,115.96,77.50
85.41,116.21,77.50
85.52,116.00,77.50
85.58,115.90,77.50
85.58,115.90,77.50
85.46,116.12,77.50
85.56,115.93,77.50
85.73,115.61,77.50
85.65,115.76,77.50
85.57,115.91,77.50
85.29,116.04,84.37
85.29,116.04,84.37
85.29,116.04,84.37
85.35,116.32,77.49
85.26,116.49,77.49
85.34,116.34,77.49
85.26,116.49,77.49
85.38,116.28,77.49
85.29,116.04,84.37
85.29,116.04,84.37
85.29,116.04,84.37
85.29,116.04,84.37
85.29,116.04,84.37
85.29,116.04,84.37
85.29,116.04,84.37
85.29,116.04,84.37
85.29,116.04,84.37
85.29,116.04,84.37
85.29,116.04,84.37
85.29,116.04,84.37
85.22,116.58,77.49
85.17,116.67,77.49
85.22,116.58,77.49
85.16,116.68,77.49
85.21,116.59,77.49
85.29,116.04,84.37
85.29,116.04,84.37
85.29,116.04,84.37
85.15,116.70,77.49
85.33,121.90,76.25
85.33,121.90,76.25
85.33,121.90,76.25
85.40,122.13,76.25
85.38,122.06,76.25
85.39,122.08,76.25
85.35,121.96,76.25
85.38,122.06,76.25
85.38,122.08,76.25
85.40,122.13,76.25
85.40,122.13,76.25
85.38,122.06,76.25
85.35,121.96,76.25
85.38,122.06,76.25
85.40,122.13,76.25
85.42,122.18,76.26
85.41,122.15,76.25
85.41,122.15,76.25
86.10,112.75,75.00
86.10,112.75,75.00
86.10,112.75,75.00
86.10,112.75,75.00
86.10,112.75,75.00
86.10,112.75,75.00
86.10,112.75,75.00
86.10,112.75,75.00
85.97,113.98,76.68
85.97,113.98,76.68
85.97,113.98,76.68
85.97,113.98,76.68
85.97,113.98,76.68
85.97,113.98,76.68
85.97,113.98,76.68
85.97,113.98,76.68
85.97,113.98,76.68
85.97,113.98,76.68
85.97,113.98,76.68
85.97,113.98,76.68
85.97,113.98,76.68
85.97,113.98,76.68
85.97,113.98,76.68
85.97,113.98,76.68
85.97,113.98,76.68
85.97,113.98,76.68
85.97,113.98,76.68
85.97,113.98,76.68
85.97,113.98,76.68
85.97,113.98,76.68
85.97,113.98,76.68
85.97,113.98,76.68
85.97,113.98,76.68
85.97,113.98,76.68
85.97,113.98,76.68
85.97,113.98,76.68
85.97,113.98,76.68
86.11,114.89,77.51
86.10,114.92,77.51
86.12,114.86,77.51
86.11,114.89,77.51
86.12,114.83,77.49
86.05,115.00,77.51
86.04,115.02,77.51
85.98,115.14,77.51
86.02,115.05,77.51
86.08,114.95,77.51
86.07,114.97,77.51
86.01,115.07,77.51
85.96,115.18,77.51
85.89,115.31,77.51
85.89,115.31,77.51
85.74,115.60,77.50
85.81,115.46,77.50
85.89,115.30,77.51
85.91,115.27,77.51
85.82,115.45,77.50
85.89,115.31,77.51
86.00,115.11,77.51
85.92,115.24,77.51
85.90,115.28,77.51
85.73,115.61,77.50
85.29,116.04,84.37
85.29,116.04,84.37
85.29,116.04,84.37
86.52,117.27,83.75
86.52,117.27,83.75
86.52,117.27,83.75
85.29,116.04,84.37
86.52,117.27,83.75
86.52,117.27,83.75
86.52,117.27,83.75
86.52,117.27,83.75
86.52,117.27,83.75
85.41,122.17,76.25
85.41,122.15,76.25
85.41,122.15,76.25
85.47,122.22,76.30
86.10,122.59,76.88
86.10,122.59,76.88
86.10,122.59,76.88
86.10,122.59,76.88
86.10,122.59,76.88
86.10,122.59,76.88
86.10,122.59,76.88
86.10,122.59,76.88
86.51,112.34,74.38
86.51,112.34,74.38
86.51,112.34,74.38
86.51,112.34,74.38
86.51,112.34,74.38
86.51,112.34,74.38
86.51,112.34,74.38
86.10,112.75,75.00
86.10,112.75,75.00
86.51,112.34,74.38
86.10,112.75,75.00
86.10,112.75,75.00
86.51,113.16,75.63
86.51,113.16,75.63
86.51,113.16,75.63
86.51,113.16,75.63
86.51,113.16,75.63
86.51,113.16,75.63
86.51,113.16,75.63
85.97,113.98,76.68
85.97,113.98,76.68
86.51,113.16,75.63
85.97,113.98,76.68
85.97,113.98,76.68
85.97,113.98,76.68
85.97,113.98,76.68
85.97,113.98,76.68
85.97,113.98,76.68
85.97,113.98,76.68
85.97,113.98,76.68
85.97,113.98,76.68
86.12,114.87,77.51
86.10,114.92,77.51
86.11,114.89,77.51
86.08,114.94,77.51
86.01,115.08,77.51
86.03,115.04,77.51
86.05,115.01,77.51
86.09,114.93,77.51
86.01,115.08,77.51
86.52,117.27,83.75
86.52,117.27,83.75
86.52,117.27,83.75
86.52,117.27,83.75
86.52,117.27,83.75
86.52,117.27,83.75
86.52,117.27,83.75
86.52,117.27,83.75
86.52,117.27,83.75
86.52,117.27,83.75
86.52,117.27,83.75
86.52,117.27,83.75
86.52,117.27,83.75
86.52,117.27,83.75
86.52,117.27,83.75
86.52,117.27,83.75
86.52,117.27,83.75
86.52,117.27,83.75
86.10,122.59,76.88
86.10,122.59,76.88
86.10,122.59,76.88
86.10,122.59,76.88
86.64,122.99,77.36
86.63,122.99,77.34
86.60,122.98,77.31
86.63,122.99,77.33
86.64,122.99,77.35
86.67,122.99,77.39
86.64,122.99,77.35
86.67,122.99,77.39
86.92,110.29,72.19
86.92,110.29,72.19
86.92,110.29,72.19
86.92,110.29,72.19
86.92,110.29,72.19
86.92,110.29,72.19
86.92,110.29,72.19
86.92,110.29,72.19
86.92,110.29,72.19
86.92,110.29,72.19
86.92,110.29,72.19
86.92,110.29,72.19
86.92,110.29,72.19
86.92,110.29,72.19
86.92,110.29,72.19
86.92,111.52,73.75
86.92,111.52,73.75
86.92,111.52,73.75
86.92,111.52,73.75
86.92,111.52,73.75
86.92,111.52,73.75
86.92,111.52,73.75
86.92,111.52,73.75
86.92,111.52,73.75
86.92,111.52,73.75
86.92,111.52,73.75
86.92,111.52,73.75
86.92,111.52,73.75
86.92,111.52,73.75
86.92,111.52,73.75
86.92,111.52,73.75
86.92,111.52,73.75
86.92,111.52,73.75
86.92,111.52,73.75
86.92,111.52,73.75
86.92,111.52,73.75
86.51,112.34,74.38
86.51,112.34,74.38
86.92,111.52,73.75
86.51,112.34,74.38
86.51,112.34,74.38
86.51,113.16,75.63
86.51,113.16,75.63
86.51,113.16,75.63
86.51,113.16,75.63
86.52,117.27,83.75
86.52,117.27,83.75
86.52,117.27,83.75
86.52,117.27,83.75
86.52,117.27,83.75
86.52,117.27,83.75
86.52,117.27,83.75
86.52,117.27,83.75
86.52,117.27,83.75
86.52,117.27,83.75
86.52,117.27,83.75
86.52,117.27,83.75
86.52,117.27,83.75
86.52,117.27,83.75
86.52,117.27,83.75
86.52,117.27,83.75
86.52,117.27,83.75
86.52,117.27,83.75
86.70,122.99,77.43
86.75,122.99,77.49
86.68,122.99,77.40
86.69,122.99,77.42
86.72,122.99,77.45
86.81,122.99,77.57
86.75,122.99,77.49
86.82,122.99,77.57
86.78,122.99,77.53
86.79,122.99,77.55
86.76,122.99,77.51
86.87,122.99,77.65
86.92,110.29,72.19
86.92,110.29,72.19
86.92,110.29,72.19
86.92,110.29,72.19
86.92,110.29,72.19
86.92,110.29,72.19
86.92,110.29,72.19
86.92,110.29,72.19
86.92,110.29,72.19
86.92,111.52,73.75
86.92,111.52,73.75
86.92,111.52,73.75
86.92,111.52,73.75
86.92,111.52,73.75
86.92,111.52,73.75
86.92,111.52,73.75
86.92,111.52,73.75
86.92,111.52,73.75
86.92,111.52,73.75
86.92,111.52,73.75
86.92,111.52,73.75
86.92,111.52,73.75
86.92,111.52,73.75
86.52,117.27,83.75
86.52,117.27,83.75
86.52,117.27,83.75
87.60,118.47,83.12
87.60,118.47,83.12
87.60,118.47,83.12
86.52,117.27,83.75
87.60,118.47,83.12
87.60,118.47,83.12
87.60,118.47,83.12
87.60,118.47,83.12
87.60,118.47,83.12
86.84,122.99,77.61
86.82,122.99,77.58
87.14,123.00,77.99
87.02,122.99,77.84
87.03,122.99,77.84
86.96,122.99,77.76
86.99,122.99,77.80
86.99,122.99,77.79
87.14,123.00,77.98
87.27,123.00,78.16
87.28,123.00,78.17
86.90,122.99,77.69
87.02,122.99,77.84
87.28,123.00,78.17
87.16,123.00,78.01
87.02,122.99,77.83
87.27,123.00,78.16
87.41,123.00,78.34
87.60,118.47,83.12
87.60,118.47,83.12
87.60,118.47,83.12
87.60,118.47,83.12
87.60,118.47,83.12
87.60,118.47,83.12
87.60,118.47,83.12
87.60,118.47,83.12
87.60,118.47,83.12
87.60,118.47,83.12
87.60,118.47,83.12
87.60,118.47,83.12
87.60,118.47,83.12
87.60,118.47,83.12
87.60,118.47,83.12
87.60,118.47,83.12
87.60,118.47,83.12
87.60,118.47,83.12
87.60,118.47,83.12
87.06,117.87,83.44
87.60,118.47,83.12
87.60,118.47,83.12
87.60,118.47,83.12
87.60,118.47,83.12
87.60,118.47,83.12
87.28,123.00,78.17
87.28,123.00,78.17
87.68,123.00,78.69
87.55,123.00,78.52
87.55,123.00,78.51
87.41,123.00,78.34
87.55,123.00,78.51
87.55,123.00,78.52
87.68,123.00,78.69
87.81,123.01,78.84
87.80,123.01,78.84
87.42,123.00,78.34
87.55,123.00,78.52
87.80,123.01,78.83
87.66,123.00,78.66
87.55,123.00,78.52
87.80,123.01,78.83
87.92,123.01,78.98
87.60,118.47,83.12
87.60,118.47,83.12
87.60,118.47,83.12
87.60,118.47,83.12
87.60,118.47,83.12
87.60,118.47,83.12
87.60,118.47,83.12
87.60,118.47,83.12
88.15,119.51,82.50
88.15,119.51,82.50
88.15,119.51,82.50
87.60,118.47,83.12
88.15,119.51,82.50
88.15,119.51,82.50
88.15,119.51,82.50
88.15,119.51,82.50
88.15,119.51,82.50
88.15,119.51,82.50
88.15,119.51,82.50
88.15,119.51,82.50
88.15,119.51,82.50
88.15,119.51,82.50
88.15,119.51,82.50
88.15,119.51,82.50
87.80,123.01,78.84
87.81,123.01,78.84
88.08,123.01,79.19
88.01,123.01,79.10
87.99,123.01,79.08
87.87,123.01,78.92
87.99,123.01,79.08
88.01,123.01,79.10
88.07,123.01,79.18
88.13,123.01,79.26
88.11,123.01,79.24
87.92,123.01,78.99
88.00,123.01,79.09
88.12,123.01,79.24
88.02,123.01,79.12
88.00,123.01,79.09
88.12,123.01,79.24
88.16,123.01,79.29
88.15,119.51,82.50
88.15,119.51,82.50
88.15,119.51,82.50
88.15,119.51,82.50
88.15,119.51,82.50
88.15,119.51,82.50
88.15,119.51,82.50
88.15,119.51,82.50
88.56,120.54,81.87
88.56,120.54,81.87
88.56,120.54,81.87
88.15,119.51,82.50
88.56,120.54,81.87
88.56,120.54,81.87
88.56,120.54,81.87
88.56,120.54,81.87
88.56,120.54,81.87
88.56,120.54,81.87
88.56,120.54,81.87
88.56,120.54,81.87
88.56,120.54,81.87
88.56,120.54,81.87
88.56,120.54,81.87
88.56,120.54,81.87
88.56,120.54,81.87
88.56,120.54,81.87
88.56,120.54,81.87
88.56,120.54,81.87
88.56,120.54,81.87
88.56,120.54,81.87
88.56,120.54,81.87
88.56,122.59,80.00
88.56,122.59,80.00
88.56,122.59,80.00
88.56,122.59,80.00
88.56,122.59,80.00
88.11,123.01,79.24
88.13,123.01,79.26
88.56,122.59,80.00
88.56,122.59,80.00
88.17,123.01,79.31
88.56,122.59,80.00
88.16,123.01,79.30
88.56,120.54,81.87
88.56,120.54,81.87
88.56,120.54,81.87
88.56,120.54,81.87
88.56,120.54,81.87
88.56,120.54,81.87
88.56,120.54,81.87
88.56,120.54,81.87
88.56,120.54,81.87
88.56,120.54,81.87
88.56,120.54,81.87
88.56,120.54,81.87
88.56,120.54,81.87
88.97,121.80,81.02
88.97,121.80,81.02
88.97,121.80,81.02
88.56,120.54,81.87
88.97,121.80,81.02
88.97,121.80,81.02
88.97,121.80,81.02
88.97,121.80,81.02
88.97,121.80,81.02
88.97,121.80,81.02
88.97,121.80,81.02
88.97,121.80,81.02
88.97,121.80,81.02
88.97,121.80,81.02
88.97,121.80,81.02
88.97,121.80,81.02
88.97,121.80,81.02
88.97,121.80,81.02
88.97,121.80,81.02
88.97,121.80,81.02
88.97,121.80,81.02
88.97,121.80,81.02
88.97,121.80,81.02
88.97,121.80,81.02
88.56,122.59,80.00
88.56,122.59,80.00
88.97,121.80,81.02
88.97,121.80,81.02
88.56,122.59,80.00
88.97,121.80,81.02
88.56,122.59,80.00
88.97,121.80,81.02
88.97,121.80,81.02
88.97,121.80,81.02
88.97,121.80,81.02
88.97,121.80,81.02
88.97,121.80,81.02
88.97,121.80,81.02
88.97,121.80,81.02
88.97,121.80,81.02
88.97,121.80,81.02
88.97,121.80,81.02
88.97,121.80,81.02
88.97,121.80,81.02
88.97,121.80,81.02
88.97,121.80,81.02
88.97,121.80,81.02
80.81,114.00,87.81
80.82,114.00,87.81
80.85,114.01,87.79
80.88,114.02,87.77
80.89,114.02,87.77
80.92,114.02,87.75
80.87,114.01,87.78
80.90,114.02,87.76
80.86,114.01,87.78
80.78,113.99,87.83
80.78,114.00,87.83
80.77,113.99,87.84
80.77,113.99,87.84
80.78,113.99,87.83
80.77,113.99,87.84
80.76,113.99,87.84
80.76,113.99,87.85
80.76,113.99,87.85
80.86,114.01,87.79
80.83,114.01,87.80
80.81,114.00,87.82
80.81,114.00,87.82
80.81,114.00,87.82
80.77,113.99,87.84
80.76,113.99,87.84
80.75,113.99,87.85
80.75,113.99,87.85
80.75,113.99,87.85
80.75,113.99,87.85
80.75,113.99,87.85
80.80,114.00,87.82
80.84,114.01,87.80
80.85,114.01,87.79
80.83,114.01,87.80
80.87,114.01,87.78
80.87,114.01,87.78
80.91,114.02,87.76
80.77,113.99,87.84
80.78,113.99,87.83
80.81,114.00,87.82
80.82,114.00,87.81
80.79,114.00,87.83
80.82,114.00,87.81
80.84,114.01,87.80
80.82,114.00,87.81
80.82,114.00,87.81
80.84,114.01,87.79
80.80,114.00,87.82
80.77,113.99,87.84
80.77,113.99,87.84
80.77,113.99,87.84
80.80,114.00,87.82
80.82,114.00,87.81
80.77,113.99,87.84
80.91,114.02,87.75
80.96,114.03,87.73
80.99,114.04,87.71
81.06,114.06,87.67
81.11,114.07,87.64
81.14,114.07,87.62
81.01,114.04,87.70
81.04,114.05,87.68
80.96,114.03,87.72
80.99,114.04,87.71
80.98,114.04,87.71
81.05,114.05,87.68
81.12,114.07,87.63
80.97,114.04,87.72
80.88,114.02,87.78
80.87,114.01,87.78
80.92,114.02,87.75
80.96,114.03,87.73
80.95,114.03,87.73
81.00,114.04,87.70
80.97,114.03,87.72
81.02,114.05,87.69
80.98,114.04,87.72
80.82,114.00,87.81
80.86,114.01,87.79
80.84,114.01,87.80
80.79,114.00,87.83
80.83,114.01,87.80
80.90,114.02,87.76
80.94,114.03,87.74
80.86,114.01,87.79
80.89,114.02,87.77
80.91,114.02,87.76
80.78,113.99,87.83
80.80,114.00,87.82
80.81,114.00,87.82
80.77,113.99,87.84
80.77,113.99,87.84
80.99,114.04,87.71
81.05,114.05,87.67
81.11,114.07,87.64
81.10,114.06,87.64
81.17,114.08,87.60
81.12,114.07,87.64
81.18,114.08,87.60
80.92,114.03,87.75
80.95,114.03,87.74
81.02,114.05,87.69
81.08,114.06,87.65
80.97,114.03,87.72
80.98,114.04,87.72
80.93,114.03,87.74
80.89,114.02,87.77
80.89,114.02,87.77
80.84,114.01,87.80
80.88,114.02,87.77
80.83,114.01,87.80
81.06,114.05,87.67
81.01,114.04,87.70
81.05,114.05,87.68
81.13,114.07,87.63
81.08,114.06,87.66
80.97,114.04,87.72
80.92,114.03,87.75
81.00,114.04,87.70
80.92,114.03,87.75
80.92,114.03,87.75
80.79,114.00,87.83
80.81,114.00,87.81
80.81,114.00,87.81
81.04,114.05,87.68
81.07,114.06,87.66
81.12,114.07,87.63
81.20,114.09,87.58
81.23,114.09,87.57
81.28,114.10,87.54
81.18,114.08,87.60
81.24,114.09,87.57
81.16,114.08,87.61
81.22,114.09,87.58
81.17,114.08,87.61
81.20,114.08,87.59
81.28,114.10,87.54
81.12,114.07,87.63
81.17,114.08,87.61
81.11,114.07,87.64
81.06,114.06,87.67
81.07,114.06,87.66
81.05,114.05,87.67
81.32,114.11,87.51
81.28,114.10,87.54
81.24,114.09,87.56
81.16,114.08,87.61
81.11,114.07,87.64
81.20,114.09,87.59
81.25,114.10,87.56
81.58,114.17,87.36
81.63,114.18,87.34
81.67,114.19,87.31
81.76,114.21,87.26
81.81,114.22,87.23
81.85,114.23,87.20
81.72,114.20,87.28
81.77,114.21,87.25
81.68,114.19,87.31
81.42,114.13,87.45
81.52,114.15,87.40
81.43,114.14,87.45
81.44,114.14,87.45
81.53,114.16,87.39
81.44,114.14,87.44
81.34,114.12,87.50
81.26,114.10,87.55
81.25,114.10,87.56
81.54,114.16,87.39
81.44,114.14,87.44
81.44,114.14,87.44
81.35,114.12,87.50
81.26,114.10,87.55
81.44,114.14,87.44
81.54,114.16,87.39
81.26,114.10,87.55
81.36,114.12,87.50
81.45,114.14,87.44
81.27,114.10,87.55
81.27,114.10,87.54
81.59,114.17,87.36
81.54,114.16,87.38
81.41,114.13,87.46
81.32,114.11,87.52
81.50,114.15,87.41
81.35,114.12,87.50
81.49,114.15,87.42
81.62,114.18,87.34
81.38,114.12,87.48
81.41,114.13,87.46
81.31,114.11,87.52
81.23,114.09,87.57
81.18,114.08,87.60
81.21,114.09,87.58
81.14,114.07,87.62
81.47,114.14,87.43
81.39,114.13,87.48
81.30,114.11,87.53
81.35,114.12,87.50
81.40,114.13,87.47
81.61,114.17,87.35
81.70,114.19,87.29
81.77,114.21,87.25
81.75,114.20,87.26
81.84,114.22,87.21
81.79,114.21,87.24
81.88,114.23,87.19
81.61,114.17,87.35
81.61,114.17,87.35
81.68,114.19,87.31
81.75,114.20,87.26
81.61,114.17,87.35
81.30,114.11,87.53
81.32,114.11,87.52
81.34,114.12,87.50
81.37,114.12,87.49
81.40,114.13,87.47
81.49,114.15,87.42
81.46,114.14,87.43
81.33,114.11,87.51
81.42,114.13,87.46
81.50,114.15,87.41
81.37,114.12,87.49
81.41,114.13,87.47
81.86,114.23,87.20
81.85,114.23,87.21
81.98,114.25,87.13
82.10,114.28,87.06
82.09,114.28,87.06
82.23,114.31,86.99
82.12,114.28,87.05
82.25,114.31,86.97
82.13,114.29,87.04
81.97,114.25,87.13
81.93,114.24,87.16
82.01,114.26,87.11
82.13,114.29,87.04
81.89,114.23,87.18
81.69,114.19,87.30
81.70,114.19,87.30
81.64,114.18,87.33
81.58,114.17,87.36
81.59,114.17,87.36
81.58,114.17,87.37
81.57,114.17,87.37
81.68,114.19,87.30
81.58,114.17,87.37
81.53,114.16,87.39
81.59,114.17,87.36
81.47,114.14,87.43
81.65,114.18,87.32
81.69,114.19,87.30
81.74,114.20,87.27
81.78,114.21,87.25
81.79,114.21,87.24
81.89,114.24,87.18
81.85,114.23,87.21
82.18,114.30,87.01
82.05,114.27,87.09
81.97,114.25,87.13
82.03,114.26,87.10
81.92,114.24,87.17
81.87,114.23,87.19
81.77,114.21,87.25
81.80,114.21,87.24
81.72,114.20,87.28
81.62,114.18,87.34
81.82,114.22,87.22
81.92,114.24,87.16
81.72,114.20,87.28
81.65,114.18,87.32
81.53,114.16,87.39
81.48,114.15,87.42
81.58,114.17,87.37
81.76,114.21,87.26
81.82,114.22,87.22
81.74,114.20,87.27
81.71,114.20,87.29
81.77,114.21,87.25
81.65,114.18,87.32
81.60,114.17,87.35
81.52,114.15,87.40
81.64,114.18,87.33
81.56,114.16,87.38
81.97,114.25,87.14
82.05,114.27,87.09
82.12,114.28,87.05
82.11,114.28,87.05
82.19,114.30,87.01
82.13,114.29,87.04
82.21,114.30,87.00
81.91,114.24,87.17
81.93,114.24,87.16
82.02,114.26,87.11
82.09,114.28,87.06
81.95,114.25,87.15
81.77,114.21,87.25
81.71,114.20,87.28
81.73,114.20,87.27
81.80,114.22,87.23
81.66,114.19,87.32
81.83,114.22,87.22
81.84,114.22,87.21
81.93,114.24,87.16
81.99,114.26,87.13
82.00,114.26,87.11
81.86,114.23,87.20
81.88,114.23,87.19
82.09,114.28,87.06
82.03,114.27,87.10
82.06,114.27,87.08
82.15,114.29,87.03
81.97,114.25,87.13
81.90,114.24,87.18
81.88,114.23,87.19
81.93,114.24,87.16
82.01,114.26,87.11
81.85,114.23,87.20
82.36,114.34,86.91
82.34,114.33,86.92
82.44,114.35,86.86
82.52,114.37,86.81
82.51,114.37,86.82
82.61,114.39,86.76
82.54,114.38,86.80
82.64,114.40,86.74
82.56,114.38,86.79
82.31,114.33,86.94
82.32,114.33,86.93
82.41,114.35,86.88
82.50,114.37,86.83
82.33,114.33,86.92
82.05,114.27,87.09
82.13,114.29,87.04
82.20,114.30,87.00
82.28,114.32,86.95
82.23,114.31,86.98
82.33,114.33,86.93
82.25,114.31,86.97
82.38,114.34,86.89
82.48,114.36,86.84
82.58,114.38,86.78
82.40,114.35,86.88
82.42,114.35,86.87
82.22,114.31,86.99
82.12,114.29,87.05
82.00,114.26,87.12
81.97,114.25,87.13
82.02,114.26,87.10
82.29,114.32,86.95
82.17,114.29,87.02
82.19,114.30,87.01
82.08,114.28,87.07
81.95,114.25,87.15
82.20,114.30,87.00
82.33,114.33,86.92
82.30,114.32,86.94
82.39,114.34,86.89
82.48,114.36,86.84
82.47,114.36,86.84
82.56,114.38,86.79
82.49,114.36,86.83
82.58,114.38,86.78
82.28,114.32,86.96
82.28,114.32,86.95
82.38,114.34,86.90
82.46,114.36,86.85
82.29,114.32,86.95
82.17,114.30,87.02
82.20,114.30,87.00
82.30,114.32,86.94
82.38,114.34,86.90
82.41,114.35,86.88
82.23,114.31,86.98
82.26,114.31,86.97
82.35,114.33,86.91
82.43,114.35,86.87
82.50,114.37,86.82
82.44,114.35,86.86
82.54,114.37,86.80
82.22,114.31,86.99
82.12,114.28,87.05
82.06,114.27,87.08
82.12,114.28,87.05
82.01,114.26,87.11
82.43,114.35,86.86
82.33,114.33,86.93
82.22,114.31,86.99
82.27,114.32,86.96
82.32,114.33,86.93
82.86,114.45,86.61
82.88,114.45,86.60
82.90,114.45,86.59
82.93,114.46,86.57
82.95,114.46,86.56
82.97,114.47,86.55
82.92,114.46,86.58
82.94,114.46,86.56
82.91,114.46,86.59
82.78,114.43,86.66
82.79,114.43,86.65
82.73,114.42,86.69
82.69,114.41,86.72
82.70,114.41,86.71
82.67,114.40,86.73
82.65,114.40,86.74
82.82,114.44,86.64
82.84,114.44,86.63
82.86,114.45,86.61
82.77,114.43,86.67
82.72,114.42,86.69
82.89,114.45,86.59
82.82,114.44,86.64
82.78,114.43,86.66
82.81,114.43,86.64
82.75,114.42,86.68
82.75,114.42,86.68
82.69,114.41,86.72
82.60,114.39,86.76
82.61,114.39,86.76
82.66,114.40,86.73
82.71,114.41,86.70
82.72,114.41,86.70
82.77,114.43,86.67
82.71,114.41,86.70
82.76,114.42,86.67
82.70,114.41,86.71
82.50,114.37,86.82
82.56,114.38,86.79
82.51,114.37,86.82
82.40,114.35,86.88
82.46,114.36,86.85
82.61,114.39,86.76
82.67,114.40,86.73
82.53,114.37,86.81
82.61,114.39,86.76
82.64,114.40,86.74
82.38,114.34,86.89
82.43,114.35,86.86
82.48,114.36,86.83
82.36,114.34,86.90
82.34,114.33,86.92
82.84,114.44,86.62
82.88,114.45,86.60
82.88,114.45,86.60
82.84,114.44,86.62
82.88,114.45,86.60
82.91,114.46,86.58
82.95,114.46,86.56
82.65,114.40,86.73
82.72,114.41,86.70
82.78,114.43,86.66
82.78,114.43,86.66
82.78,114.43,86.66
82.64,114.40,86.74
82.63,114.40,86.75
82.63,114.39,86.75
82.71,114.41,86.70
82.77,114.43,86.67
82.62,114.39,86.75
82.70,114.41,86.71
82.77,114.42,86.67
82.77,114.42,86.67
82.84,114.44,86.63
82.77,114.43,86.67
82.84,114.44,86.62
82.68,114.41,86.72
82.64,114.40,86.75
82.57,114.38,86.78
82.55,114.38,86.79
82.50,114.37,86.82
82.59,114.39,86.77
82.54,114.37,86.80
82.77,114.43,86.66
82.71,114.41,86.70
82.73,114.42,86.69
82.82,114.44,86.64
82.75,114.42,86.68
82.64,114.40,86.74
82.57,114.38,86.78
82.68,114.41,86.72
82.61,114.39,86.76
82.59,114.39,86.77
82.40,114.34,86.89
82.47,114.36,86.84
82.45,114.36,86.85
82.95,114.46,86.56
82.96,114.47,86.55
82.98,114.47,86.54
83.01,114.48,86.52
83.02,114.48,86.52
83.04,114.48,86.51
83.00,114.48,86.53
83.02,114.48,86.52
82.99,114.47,86.54
83.00,114.48,86.53
82.99,114.47,86.54
83.00,114.48,86.53
83.04,114.48,86.51
82.97,114.47,86.55
82.95,114.46,86.56
82.94,114.46,86.56
82.97,114.47,86.55
82.99,114.47,86.54
82.99,114.47,86.54
83.01,114.48,86.52
82.99,114.47,86.54
83.02,114.48,86.52
83.00,114.47,86.53
82.89,114.45,86.60
82.91,114.46,86.59
82.87,114.45,86.61
82.81,114.43,86.64
82.83,114.44,86.63
82.93,114.46,86.57
82.95,114.46,86.56
82.87,114.45,86.61
82.91,114.46,86.58
82.93,114.46,86.57
82.81,114.43,86.64
82.84,114.44,86.62
82.88,114.45,86.60
82.80,114.43,86.65
82.79,114.43,86.65
82.99,114.47,86.54
83.01,114.48,86.53
83.02,114.48,86.52
83.01,114.48,86.53
83.03,114.48,86.52
83.03,114.48,86.52
83.04,114.48,86.51
82.89,114.45,86.60
82.92,114.46,86.58
82.97,114.47,86.55
82.97,114.47,86.55
82.96,114.47,86.56
82.98,114.47,86.55
82.95,114.46,86.56
82.91,114.45,86.59
82.88,114.45,86.60
82.86,114.44,86.61
82.93,114.46,86.57
82.90,114.45,86.59
83.02,114.48,86.52
82.97,114.47,86.55
82.97,114.47,86.55
83.02,114.48,86.52
82.97,114.47,86.55
82.93,114.46,86.57
82.88,114.45,86.60
82.93,114.46,86.57
82.89,114.45,86.60
82.88,114.45,86.60
82.82,114.44,86.64
82.86,114.44,86.61
82.84,114.44,86.63
83.03,114.48,86.52
83.04,114.48,86.51
83.05,114.49,86.50
83.06,114.49,86.49
83.06,114.49,86.50
83.26,114.57,86.28
83.07,114.49,86.48
83.03,114.48,86.51
83.05,114.48,86.50
83.11,114.51,86.44
83.03,114.48,86.51
83.03,114.48,86.51
83.85,114.80,85.62
83.85,114.80,85.62
83.85,114.80,85.62
83.85,114.80,85.62
83.85,114.80,85.62
83.85,114.80,85.62
83.85,114.80,85.62
83.85,114.80,85.62
83.85,114.80,85.62
83.05,114.49,86.50
83.04,114.48,86.51
83.03,114.48,86.51
83.06,114.49,86.50
83.09,114.50,86.47
83.85,114.80,85.62
83.85,114.80,85.62
83.85,114.80,85.62
83.85,114.80,85.62
83.85,114.80,85.62
83.85,114.80,85.62
83.85,114.80,85.62
83.03,114.48,86.51
83.05,114.49,86.50
83.03,114.48,86.51
83.85,114.80,85.62
83.85,114.80,85.62
83.85,114.80,85.62
83.85,114.80,85.62
83.85,114.80,85.62
83.85,114.80,85.62
83.85,114.80,85.62
83.85,114.80,85.62
83.85,114.80,85.62
83.85,114.80,85.62
83.85,114.80,85.62
83.85,114.80,85.62
83.85,114.80,85.62
83.85,114.80,85.62
83.85,114.80,85.62
83.85,114.80,85.62
83.85,114.80,85.62
83.85,114.80,85.62
83.85,114.80,85.62
83.85,114.80,85.62
83.85,114.80,85.62
83.85,114.80,85.62
83.85,114.80,85.62
83.85,114.80,85.62
83.85,114.80,85.62
83.85,114.80,85.62
83.85,114.80,85.62
83.85,114.80,85.62
83.85,114.80,85.62
83.85,114.80,85.62
83.85,114.80,85.62
83.85,114.80,85.62
83.85,114.80,85.62
83.85,114.80,85.62
83.85,114.80,85.62
83.85,114.80,85.62
83.85,114.80,85.62
83.85,114.80,85.62
83.85,114.80,85.62
83.85,114.80,85.62
83.85,114.80,85.62
83.85,114.80,85.62
83.85,114.80,85.62
83.85,114.80,85.62
83.85,114.80,85.62
83.85,114.80,85.62
83.85,114.80,85.62
83.85,114.80,85.62
83.85,114.80,85.62
83.85,114.80,85.62
83.85,114.80,85.62
83.85,114.80,85.62
83.85,114.80,85.62
83.85,114.80,85.62
83.85,114.80,85.62
83.85,114.80,85.62
83.85,114.80,85.62
83.85,114.80,85.62
83.85,114.80,85.62
83.85,114.80,85.62
83.85,114.80,85.62
83.85,114.80,85.62
83.85,114.80,85.62
83.85,114.80,85.62
83.85,114.80,85.62
83.85,114.80,85.62
83.85,114.80,85.62
83.85,114.80,85.62
83.85,114.80,85.62
83.85,114.80,85.62
83.85,114.80,85.62
83.85,114.80,85.62
84.46,115.21,85.00
84.46,115.21,85.00
84.46,115.21,85.00
84.46,115.21,85.00
84.46,115.21,85.00
84.46,115.21,85.00
84.46,115.21,85.00
84.46,115.21,85.00
84.46,115.21,85.00
83.85,114.80,85.62
83.85,114.80,85.62
83.85,114.80,85.62
83.85,114.80,85.62
83.85,114.80,85.62
84.46,115.21,85.00
84.46,115.21,85.00
84.46,115.21,85.00
84.46,115.21,85.00
84.46,115.21,85.00
84.46,115.21,85.00
84.46,115.21,85.00
83.85,114.80,85.62
83.85,114.80,85.62
83.85,114.80,85.62
84.46,115.21,85.00
84.46,115.21,85.00
84.46,115.21,85.00
84.46,115.21,85.00
84.46,115.21,85.00
84.46,115.21,85.00
84.46,115.21,85.00
84.46,115.21,85.00
84.46,115.21,85.00
84.46,115.21,85.00
84.46,115.21,85.00
84.46,115.21,85.00
84.49,119.09,76.25
84.49,119.10,76.25
84.49,119.09,76.25
84.49,119.09,76.25
84.49,119.10,76.25
84.49,119.09,76.25
84.48,119.09,76.25
84.53,118.93,76.33
84.58,118.78,76.41
84.48,119.08,76.25
84.49,119.09,76.25
84.49,119.11,76.25
84.49,119.11,76.25
84.49,119.12,76.25
84.49,119.10,76.25
84.49,119.11,76.25
84.51,119.16,76.25
84.51,119.16,76.25
84.50,119.14,76.25
84.49,119.12,76.25
84.49,119.12,76.25
84.49,119.12,76.25
84.49,119.12,76.25
84.53,119.23,76.25
84.52,119.21,76.25
84.52,119.19,76.25
84.50,119.16,76.25
84.50,119.14,76.25
84.51,119.17,76.25
84.52,119.19,76.25
84.52,119.22,76.25
84.52,119.21,76.25
84.51,119.18,76.25
84.50,119.14,76.25
84.50,119.14,76.25
84.50,119.15,76.25
84.51,119.16,76.25
84.52,119.19,76.25
84.51,119.17,76.25
84.50,119.15,76.25
84.52,119.19,76.25
84.53,119.23,76.25
84.53,119.23,76.25
84.53,119.25,76.25
84.55,119.30,76.25
84.56,119.34,76.25
84.57,119.36,76.25
84.54,119.26,76.25
84.54,119.28,76.25
84.54,119.28,76.25
84.54,119.26,76.25
84.55,119.30,76.25
84.57,119.36,76.25
84.53,119.25,76.25
84.46,115.21,85.00
84.46,115.21,85.00
84.46,115.21,85.00
84.46,115.21,85.00
84.46,115.21,85.00
84.46,115.21,85.00
84.46,115.21,85.00
84.46,115.21,85.00
84.46,115.21,85.00
84.46,115.21,85.00
84.46,115.21,85.00
84.46,115.21,85.00
85.29,116.04,84.37
85.29,116.04,84.37
85.29,116.04,84.37
85.29,116.04,84.37
85.29,116.04,84.37
85.29,116.04,84.37
85.29,116.04,84.37
85.29,116.04,84.37
85.29,116.04,84.37
84.46,115.21,85.00
84.46,115.21,85.00
84.46,115.21,85.00
84.46,115.21,85.00
84.46,115.21,85.00
85.29,116.04,84.37
85.29,116.04,84.37
85.29,116.04,84.37
85.29,116.04,84.37
85.29,116.04,84.37
85.29,116.04,84.37
85.29,116.04,84.37
84.46,115.21,85.00
84.46,115.21,85.00
84.46,115.21,85.00
85.29,116.04,84.37
85.29,116.04,84.37
85.29,116.04,84.37
85.29,116.04,84.37
85.29,116.04,84.37
85.29,116.04,84.37
85.29,116.04,84.37
85.29,116.04,84.37
85.29,116.04,84.37
85.29,116.04,84.37
85.29,116.04,84.37
85.29,116.04,84.37
84.77,118.18,76.72
84.87,117.87,76.88
84.87,117.87,76.88
84.87,117.87,76.88
84.87,117.87,76.88
84.87,117.87,76.88
84.87,117.87,76.88
84.87,117.87,76.88
84.87,117.87,76.88
84.87,117.87,76.88
84.87,117.87,76.88
84.87,117.87,76.88
84.87,117.87,76.88
84.87,117.87,76.88
84.87,117.87,76.88
84.87,117.87,76.88
84.87,117.87,76.88
84.87,117.87,76.88
84.87,117.87,76.88
84.87,117.87,76.88
84.87,117.87,76.88
84.87,117.87,76.88
84.87,117.87,76.88
84.87,117.87,76.88
84.87,117.87,76.88
84.87,117.87,76.88
84.87,117.87,76.88
84.87,117.87,76.88
84.87,117.87,76.88
84.87,117.87,76.88
84.87,117.87,76.88
84.87,117.87,76.88
84.87,117.87,76.88
84.87,117.87,76.88
84.87,117.87,76.88
84.87,117.87,76.88
84.87,117.87,76.88
84.87,117.87,76.88
84.87,117.87,76.88
84.87,117.87,76.88
84.87,117.87,76.88
84.87,117.87,76.88
84.87,117.87,76.88
84.87,117.87,76.88
84.87,117.87,76.88
84.87,117.87,76.88
84.87,117.87,76.88
84.87,117.87,76.88
84.87,117.87,76.88
84.87,117.87,76.88
84.87,117.87,76.88
84.87,117.87,76.88
84.87,117.87,76.88
84.87,117.87,76.88
84.87,117.87,76.88
84.87,117.87,76.88
84.87,117.87,76.88
84.87,117.87,76.88
84.87,117.87,76.88
84.87,117.87,76.88
84.87,117.87,76.88
84.87,117.87,76.88
84.87,117.87,76.88
84.87,117.87,76.88
84.87,117.87,76.88
84.87,117.87,76.88
84.87,117.87,76.88
84.87,117.87,76.88
84.87,117.87,76.88
84.87,117.87,76.88
84.87,117.87,76.88
84.87,117.87,76.88
84.87,117.87,76.88
84.87,117.87,76.88
84.87,117.87,76.88
84.87,117.87,76.88
84.87,117.87,76.88
84.87,117.87,76.88
84.87,117.87,76.88
84.87,117.87,76.88
84.87,117.87,76.88
84.87,117.87,76.88
84.87,117.87,76.88
84.87,117.87,76.88
84.87,117.87,76.88
84.87,117.87,76.88
84.87,117.87,76.88
84.87,117.87,76.88
84.87,117.87,76.88
84.87,117.87,76.88
84.87,117.87,76.88
84.87,117.87,76.88
84.87,117.87,76.88
84.87,117.87,76.88
84.48,119.08,76.25
84.49,119.09,76.25
84.49,119.10,76.25
84.49,119.11,76.25
84.49,119.11,76.25
84.50,119.12,76.25
84.49,119.11,76.25
84.87,117.87,76.88
84.87,117.87,76.88
84.87,117.87,76.88
84.87,117.87,76.88
84.87,117.87,76.88
84.87,117.87,76.88
84.87,117.87,76.88
84.50,119.13,76.25
84.49,119.11,76.25
84.49,119.10,76.25
84.49,119.11,76.25
84.50,119.13,76.25
84.87,117.87,76.88
84.87,117.87,76.88
84.87,117.87,76.88
84.87,117.87,76.88
84.87,117.87,76.88
84.51,119.17,76.25
84.51,119.16,76.25
84.52,119.20,76.25
84.53,119.23,76.25
84.52,119.22,76.25
84.54,119.26,76.25
84.53,119.25,76.25
84.55,119.30,76.25
84.54,119.27,76.25
84.50,119.15,76.25
84.51,119.18,76.25
84.50,119.15,76.25
84.51,119.18,76.25
84.52,119.20,76.25
84.53,119.25,76.25
84.54,119.27,76.25
84.55,119.30,76.25
84.53,119.24,76.25
84.54,119.26,76.25
84.51,119.18,76.25
84.53,119.22,76.25
84.51,119.18,76.25
84.65,119.63,76.25
84.62,119.55,76.25
84.63,119.58,76.25
84.62,119.52,76.25
84.59,119.44,76.25
84.60,119.47,76.25
84.64,119.61,76.25
84.65,119.63,76.25
84.66,119.68,76.25
84.61,119.51,76.25
84.60,119.46,76.25
84.57,119.38,76.25
84.56,119.34,76.25
84.58,119.41,76.25
84.58,119.39,76.25
84.57,119.37,76.25
84.56,119.35,76.25
84.59,119.44,76.25
84.62,119.53,76.25
84.57,119.37,76.25
84.59,119.44,76.25
84.61,119.52,76.25
84.63,119.58,76.25
84.61,119.49,76.25
84.62,119.55,76.25
84.60,119.48,76.25
84.63,119.58,76.25
84.62,119.53,76.25
84.61,119.51,76.25
84.59,119.44,76.25
84.57,119.39,76.25
84.61,119.49,76.25
84.62,119.55,76.25
84.61,119.51,76.25
84.59,119.44,76.25
84.56,119.35,76.25
84.56,119.33,76.25
84.57,119.37,76.25
84.62,119.55,76.25
84.65,119.63,76.25
84.63,119.58,76.25
84.64,119.60,76.25
84.66,119.68,76.25
84.62,119.52,76.25
84.59,119.44,76.25
84.57,119.37,76.25
84.60,119.46,76.25
84.58,119.41,76.25
84.75,119.96,76.25
84.74,119.93,76.25
84.71,119.85,76.25
84.68,119.74,76.25
84.67,119.71,76.25
84.69,119.77,76.25
84.70,119.79,76.25
84.77,120.05,76.25
84.74,119.95,76.25
84.74,119.93,76.25
84.71,119.82,76.25
84.68,119.72,76.25
84.74,119.93,76.25
84.77,120.05,76.25
84.74,119.93,76.25
84.75,119.96,76.25
84.71,119.85,76.25
84.69,119.77,76.25
84.70,119.79,76.25
84.68,119.74,76.25
84.67,119.71,76.25
84.77,120.04,76.25
84.75,119.96,76.25
84.72,119.88,76.25
84.75,119.96,76.25
84.77,120.04,76.25
84.87,120.37,76.25
84.87,120.37,76.25
84.84,120.26,76.25
84.81,120.15,76.25
84.81,120.15,76.25
84.81,120.15,76.25
84.80,120.15,76.25
84.90,120.47,76.25
84.87,120.37,76.25
84.87,120.37,76.25
84.84,120.26,76.25
84.80,120.15,76.25
84.87,120.37,76.25
84.90,120.48,76.25
84.87,120.37,76.25
84.87,120.37,76.25
84.84,120.26,76.25
84.81,120.15,76.25
84.81,120.15,76.25
84.81,120.15,76.25
84.81,120.15,76.25
84.90,120.48,76.25
84.87,120.37,76.25
84.84,120.26,76.25
84.87,120.37,76.25
84.90,120.48,76.25
85.00,120.80,76.25
85.00,120.80,76.25
84.97,120.69,76.25
84.93,120.58,76.25
84.93,120.58,76.25
84.93,120.58,76.25
84.93,120.59,76.25
85.03,120.90,76.25
85.00,120.80,76.25
85.00,120.80,76.25
84.97,120.69,76.25
84.93,120.58,76.25
85.00,120.80,76.25
85.03,120.90,76.25
85.01,120.83,76.25
85.01,120.83,76.25
84.97,120.71,76.25
84.94,120.60,76.25
84.94,120.60,76.25
84.94,120.60,76.25
84.94,120.60,76.25
85.03,120.91,76.25
85.00,120.81,76.25
84.97,120.70,76.25
85.00,120.82,76.25
85.04,120.93,76.25
85.11,121.15,76.25
85.11,121.15,76.25
85.08,121.07,76.25
85.06,120.99,76.25
85.06,120.99,76.25
85.06,120.99,76.25
85.05,120.97,76.25
85.15,121.32,76.25
85.13,121.23,76.25
85.12,121.21,76.25
85.09,121.11,76.25
85.06,121.01,76.25
85.11,121.18,76.25
85.14,121.26,76.25
85.13,121.24,76.25
85.13,121.23,76.25
85.10,121.14,76.25
85.07,121.02,76.25
85.07,121.02,76.25
85.07,121.04,76.25
85.07,121.04,76.25
85.14,121.27,76.25
85.12,121.19,76.25
85.09,121.10,76.25
85.13,121.22,76.25
85.16,121.32,76.25
85.16,121.32,76.25
85.16,121.35,76.25
85.19,121.44,76.25
85.21,121.50,76.25
85.22,121.53,76.25
85.17,121.38,76.25
85.18,121.40,76.25
85.18,121.40,76.25
85.17,121.38,76.25
85.19,121.44,76.25
85.22,121.53,76.25
85.16,121.35,76.25
85.29,116.04,84.37
85.29,116.04,84.37
85.29,116.04,84.37
85.29,116.04,84.37
85.29,116.04,84.37
85.29,116.04,84.37
85.29,116.04,84.37
85.29,116.04,84.37
85.29,116.04,84.37
85.29,116.04,84.37
85.29,116.04,84.37
85.29,116.04,84.37
85.46,116.11,77.50
85.47,116.10,77.50
85.44,116.16,77.50
85.41,116.22,77.50
85.42,116.20,77.50
85.38,116.27,77.49
85.40,116.23,77.50
85.36,116.30,77.49
85.39,116.25,77.49
85.39,116.26,77.49
85.42,116.19,77.50
85.45,116.13,77.50
85.45,116.14,77.50
85.49,116.07,77.50
85.46,116.12,77.50
85.50,116.05,77.50
85.29,116.04,84.37
85.29,116.04,84.37
85.29,116.04,84.37
85.29,116.04,84.37
85.29,116.04,84.37
85.29,116.04,84.37
85.29,116.04,84.37
85.29,116.04,84.37
85.29,116.04,84.37
85.29,116.04,84.37
85.29,116.04,84.37
85.29,116.04,84.37
85.29,116.04,84.37
85.29,116.04,84.37
85.29,116.04,84.37
85.29,116.04,84.37
85.29,116.04,84.37
85.29,116.04,84.37
85.29,116.04,84.37
85.29,116.04,84.37
85.29,116.04,84.37
85.29,116.04,84.37
85.29,116.04,84.37
85.29,116.04,84.37
85.29,116.04,84.37
85.29,116.04,84.37
85.29,116.04,84.37
85.29,116.04,84.37
85.29,116.04,84.37
85.29,116.04,84.37
85.29,116.04,84.37
85.29,116.04,84.37
85.29,116.04,84.37
85.29,116.04,84.37
85.29,116.04,84.37
85.29,116.04,84.37
85.29,116.04,84.37
85.29,116.04,84.37
85.29,116.04,84.37
85.29,116.04,84.37
85.29,116.04,84.37
85.29,116.04,84.37
85.29,116.04,84.37
85.29,116.04,84.37
85.29,116.04,84.37
85.29,116.04,84.37
85.29,116.04,84.37
85.29,116.04,84.37
85.33,116.37,77.49
85.33,116.36,77.49
85.34,116.34,77.49
85.35,116.32,77.49
85.31,116.41,77.49
85.28,116.47,77.49
85.27,116.48,77.49
85.24,116.53,77.49
85.28,116.46,77.49
85.32,116.39,77.49
85.36,116.32,77.49
85.28,116.45,77.49
85.29,116.45,77.49
85.25,116.52,77.49
85.43,116.19,77.50
85.39,116.25,77.49
85.36,116.31,77.49
85.33,116.36,77.49
85.34,116.35,77.49
85.28,116.46,77.49
85.31,116.40,77.49
85.25,116.52,77.49
85.28,116.47,77.49
85.30,116.42,77.49
85.27,116.48,77.49
85.24,116.53,77.49
85.29,116.04,84.37
85.29,116.04,84.37
85.29,116.04,84.37
85.29,116.04,84.37
85.29,116.04,84.37
85.29,116.04,84.37
85.29,116.04,84.37
85.29,116.04,84.37
85.29,116.04,84.37
85.29,116.04,84.37
85.29,116.04,84.37
85.29,116.04,84.37
85.22,116.58,77.49
85.22,116.57,77.49
85.23,116.56,77.49
85.23,116.55,77.49
85.20,116.61,77.49
85.18,116.64,77.49
85.18,116.65,77.49
85.16,116.68,77.49
85.19,116.64,77.49
85.21,116.60,77.49
85.23,116.55,77.49
85.19,116.64,77.49
85.19,116.63,77.49
85.17,116.68,77.49
85.23,116.55,77.49
85.23,116.56,77.49
85.22,116.57,77.49
85.22,116.58,77.49
85.20,116.60,77.49
85.18,116.65,77.49
85.18,116.64,77.49
85.16,116.69,77.49
85.18,116.65,77.49
85.20,116.61,77.49
85.18,116.65,77.49
85.16,116.69,77.49
84.87,117.87,76.88
84.87,117.87,76.88
84.87,117.87,76.88
84.87,117.87,76.88
84.87,117.87,76.88
84.87,117.87,76.88
84.87,117.87,76.88
85.16,116.69,77.49
85.16,116.69,77.49
85.15,116.71,77.49
85.13,116.77,77.47
85.10,116.87,77.41
85.15,116.70,77.49
85.15,116.70,77.49
84.87,117.87,76.88
84.87,117.87,76.88
84.87,117.87,76.88
84.87,117.87,76.88
84.87,117.87,76.88
85.15,116.70,77.49
85.14,116.72,77.49
85.12,116.80,77.45
85.15,116.70,77.49
85.15,116.70,77.49
84.87,117.87,76.88
84.87,117.87,76.88
84.87,117.87,76.88
84.87,117.87,76.88
84.87,117.87,76.88
84.87,117.87,76.88
84.87,117.87,76.88
84.87,117.87,76.88
84.87,117.87,76.88
84.87,117.87,76.88
84.87,117.87,76.88
84.87,117.87,76.88
84.87,117.87,76.88
84.87,117.87,76.88
84.87,117.87,76.88
84.87,117.87,76.88
84.87,117.87,76.88
84.87,117.87,76.88
84.87,117.87,76.88
84.87,117.87,76.88
84.87,117.87,76.88
84.87,117.87,76.88
84.87,117.87,76.88
84.87,117.87,76.88
84.87,117.87,76.88
84.87,117.87,76.88
84.87,117.87,76.88
84.87,117.87,76.88
84.87,117.87,76.88
84.87,117.87,76.88
84.87,117.87,76.88
84.87,117.87,76.88
84.87,117.87,76.88
84.87,117.87,76.88
84.87,117.87,76.88
84.87,117.87,76.88
84.87,117.87,76.88
84.87,117.87,76.88
84.87,117.87,76.88
84.87,117.87,76.88
84.87,117.87,76.88
84.87,117.87,76.88
84.87,117.87,76.88
84.87,117.87,76.88
84.87,117.87,76.88
84.87,117.87,76.88
84.87,117.87,76.88
84.87,117.87,76.88
84.87,117.87,76.88
84.87,117.87,76.88
84.87,117.87,76.88
84.87,117.87,76.88
84.87,117.87,76.88
84.87,117.87,76.88
84.87,117.87,76.88
84.87,117.87,76.88
84.87,117.87,76.88
84.87,117.87,76.88
84.87,117.87,76.88
84.87,117.87,76.88
84.87,117.87,76.88
84.87,117.87,76.88
84.87,117.87,76.88
84.87,117.87,76.88
84.87,117.87,76.88
84.87,117.87,76.88
84.87,117.87,76.88
84.87,117.87,76.88
84.87,117.87,76.88
84.87,117.87,76.88
84.87,117.87,76.88
84.87,117.87,76.88
84.87,117.87,76.88
84.87,117.87,76.88
84.63,119.58,76.25
84.64,119.60,76.25
84.65,119.62,76.25
84.65,119.63,76.25
84.65,119.65,76.25
84.67,119.71,76.25
84.66,119.69,76.25
84.64,119.60,76.25
84.65,119.65,76.25
84.67,119.70,76.25
84.64,119.62,76.25
84.65,119.63,76.25
84.70,119.82,76.25
84.70,119.82,76.25
84.73,119.89,76.25
84.75,119.97,76.25
84.76,120.01,76.25
84.77,120.05,76.25
84.75,119.97,76.25
84.77,120.05,76.25
84.75,119.97,76.25
84.69,119.76,76.25
84.72,119.87,76.25
84.69,119.79,76.25
84.67,119.71,76.25
84.71,119.82,76.25
84.74,119.93,76.25
84.74,119.93,76.25
84.77,120.05,76.25
84.74,119.93,76.25
84.77,120.04,76.25
84.69,119.78,76.25
84.72,119.86,76.25
84.68,119.75,76.25
84.81,120.15,76.25
84.80,120.15,76.25
84.84,120.26,76.25
84.87,120.37,76.25
84.87,120.37,76.25
84.90,120.47,76.25
84.87,120.37,76.25
84.90,120.48,76.25
84.87,120.37,76.25
84.80,120.15,76.25
84.84,120.26,76.25
84.80,120.15,76.25
84.80,120.15,76.25
84.84,120.26,76.25
84.87,120.37,76.25
84.87,120.37,76.25
84.90,120.48,76.25
84.87,120.37,76.25
84.90,120.48,76.25
84.81,120.15,76.25
84.84,120.26,76.25
84.81,120.15,76.25
84.94,120.60,76.25
84.93,120.59,76.25
84.97,120.71,76.25
85.00,120.81,76.25
85.00,120.80,76.25
85.04,120.92,76.25
85.01,120.82,76.25
85.04,120.94,76.25
85.01,120.83,76.25
84.93,120.58,76.25
84.97,120.69,76.25
84.93,120.58,76.25
84.94,120.60,76.25
84.98,120.73,76.25
85.01,120.83,76.25
85.01,120.85,76.25
85.04,120.94,76.25
85.01,120.83,76.25
85.04,120.94,76.25
84.94,120.60,76.25
84.97,120.71,76.25
84.94,120.60,76.25
85.08,121.08,76.25
85.08,121.06,76.25
85.11,121.17,76.25
85.14,121.28,76.25
85.14,121.25,76.25
85.17,121.37,76.25
85.15,121.30,76.25
85.19,121.42,76.25
85.16,121.32,76.25
85.07,121.03,76.25
85.10,121.13,76.25
85.07,121.03,76.25
85.08,121.07,76.25
85.11,121.17,76.25
85.15,121.30,76.25
85.16,121.32,76.25
85.19,121.42,76.25
85.14,121.27,76.25
85.17,121.37,76.25
85.08,121.07,76.25
85.12,121.20,76.25
85.08,121.07,76.25
85.31,121.82,76.25
85.29,121.75,76.25
85.29,121.76,76.25
85.27,121.70,76.25
85.25,121.64,76.25
85.26,121.65,76.25
85.29,121.77,76.25
85.29,121.78,76.25
85.31,121.83,76.25
85.27,121.69,76.25
85.25,121.63,76.25
85.22,121.52,76.25
85.20,121.46,76.25
85.23,121.58,76.25
85.22,121.54,76.25
85.21,121.51,76.25
85.21,121.49,76.25
85.24,121.60,76.25
85.28,121.73,76.25
85.22,121.54,76.25
85.25,121.63,76.25
85.27,121.71,76.25
85.30,121.80,76.25
85.27,121.71,76.25
85.30,121.80,76.25
85.27,121.71,76.25
85.30,121.80,76.25
85.27,121.72,76.25
85.27,121.71,76.25
85.25,121.63,76.25
85.22,121.54,76.25
85.27,121.71,76.25
85.30,121.80,76.25
85.27,121.69,76.25
85.24,121.60,76.25
85.21,121.48,76.25
85.20,121.46,76.25
85.21,121.51,76.25
85.29,121.75,76.25
85.30,121.81,76.25
85.29,121.76,76.25
85.29,121.77,76.25
85.31,121.83,76.25
85.27,121.70,76.25
85.25,121.64,76.25
85.22,121.52,76.25
85.25,121.63,76.25
85.23,121.58,76.25
85.32,121.88,76.25
85.32,121.87,76.25
85.34,121.92,76.25
85.35,121.97,76.25
85.35,121.96,76.25
85.32,121.86,76.25
85.32,121.86,76.25
85.32,121.86,76.25
85.32,121.86,76.25
85.34,121.92,76.25
85.35,121.96,76.25
85.32,121.87,76.25
85.97,113.98,76.68
85.97,113.98,76.68
85.97,113.98,76.68
85.97,113.98,76.68
85.97,113.98,76.68
85.97,113.98,76.68
85.97,113.98,76.68
85.97,113.98,76.68
85.97,113.98,76.68
85.97,113.98,76.68
85.97,113.98,76.68
85.97,113.98,76.68
85.97,113.98,76.68
85.97,113.98,76.68
85.97,113.98,76.68
85.97,113.98,76.68
85.97,113.98,76.68
85.97,113.98,76.68
85.97,113.98,76.68
85.97,113.98,76.68
85.97,113.98,76.68
85.97,113.98,76.68
85.97,113.98,76.68
85.97,113.98,76.68
85.97,113.98,76.68
85.97,113.98,76.68
85.97,113.98,76.68
85.97,113.98,76.68
85.79,115.50,77.50
85.79,115.50,77.50
85.74,115.59,77.50
85.70,115.67,77.50
85.70,115.67,77.50
85.66,115.75,77.50
85.70,115.67,77.50
85.66,115.75,77.50
85.70,115.67,77.50
85.70,115.67,77.50
85.74,115.59,77.50
85.78,115.52,77.50
85.77,115.53,77.50
85.82,115.44,77.50
85.78,115.51,77.50
85.82,115.43,77.50
85.65,115.77,77.50
85.59,115.87,77.50
85.59,115.87,77.50
85.54,115.96,77.50
85.49,116.07,77.50
85.49,116.06,77.50
85.60,115.86,77.50
85.60,115.85,77.50
85.65,115.76,77.50
85.43,116.19,77.50
85.48,116.08,77.50
85.47,116.10,77.50
85.40,116.23,77.50
85.46,116.12,77.50
85.53,115.98,77.50
85.59,115.87,77.50
85.54,115.97,77.50
85.54,115.97,77.50
85.58,115.90,77.50
85.62,115.82,77.50
85.62,115.82,77.50
85.62,115.82,77.50
85.62,115.82,77.50
85.51,116.02,77.50
85.55,115.95,77.50
85.48,116.07,77.50
85.45,116.14,77.50
85.50,116.05,77.50
85.55,115.95,77.50
85.60,115.85,77.50
85.51,116.02,77.50
85.52,116.00,77.50
85.47,116.10,77.50
85.68,115.69,77.50
85.64,115.77,77.50
85.69,115.69,77.50
85.77,115.53,77.50
85.73,115.61,77.50
85.60,115.85,77.50
85.56,115.92,77.50
85.61,115.83,77.50
85.57,115.90,77.50
85.53,115.98,77.50
85.53,115.99,77.50
85.53,116.00,77.50
85.65,115.76,77.50
85.61,115.84,77.50
85.69,115.68,77.50
85.29,116.04,84.37
85.29,116.04,84.37
85.29,116.04,84.37
85.29,116.04,84.37
85.29,116.04,84.37
85.29,116.04,84.37
85.29,116.04,84.37
85.29,116.04,84.37
85.29,116.04,84.37
85.29,116.04,84.37
85.29,116.04,84.37
85.29,116.04,84.37
85.31,116.40,77.49
85.27,116.49,77.49
85.31,116.41,77.49
85.30,116.42,77.49
85.26,116.50,77.49
85.30,116.42,77.49
85.35,116.33,77.49
85.39,116.25,77.49
85.40,116.24,77.49
85.38,116.27,77.49
85.33,116.36,77.49
85.37,116.29,77.49
85.26,116.50,77.49
85.32,116.39,77.49
85.32,116.39,77.49
85.27,116.49,77.49
85.32,116.38,77.49
85.37,116.29,77.49
85.43,116.18,77.50
85.42,116.20,77.50
85.36,116.30,77.49
85.41,116.22,77.50
85.29,116.04,84.37
85.29,116.04,84.37
85.29,116.04,84.37
85.29,116.04,84.37
85.29,116.04,84.37
85.29,116.04,84.37
85.29,116.04,84.37
85.29,116.04,84.37
85.29,116.04,84.37
85.29,116.04,84.37
85.29,116.04,84.37
85.29,116.04,84.37
85.90,116.65,84.06
85.29,116.04,84.37
85.29,116.04,84.37
85.29,116.04,84.37
85.29,116.04,84.37
85.29,116.04,84.37
85.29,116.04,84.37
85.29,116.04,84.37
85.29,116.04,84.37
85.29,116.04,84.37
85.29,116.04,84.37
85.29,116.04,84.37
85.29,116.04,84.37
85.29,116.04,84.37
85.29,116.04,84.37
85.29,116.04,84.37
85.29,116.04,84.37
85.29,116.04,84.37
85.29,116.04,84.37
85.29,116.04,84.37
85.29,116.04,84.37
85.29,116.04,84.37
85.29,116.04,84.37
85.29,116.04,84.37
85.29,116.04,84.37
85.29,116.04,84.37
85.29,116.04,84.37
85.29,116.04,84.37
85.29,116.04,84.37
85.29,116.04,84.37
85.29,116.04,84.37
85.29,116.04,84.37
85.29,116.04,84.37
85.29,116.04,84.37
85.29,116.04,84.37
85.29,116.04,84.37
85.19,116.62,77.49
85.17,116.67,77.49
85.19,116.62,77.49
85.19,116.62,77.49
85.17,116.67,77.49
85.19,116.62,77.49
85.22,116.58,77.49
85.24,116.53,77.49
85.24,116.53,77.49
85.24,116.53,77.49
85.21,116.58,77.49
85.24,116.54,77.49
85.16,116.68,77.49
85.19,116.64,77.49
85.19,116.63,77.49
85.17,116.68,77.49
85.19,116.63,77.49
85.21,116.59,77.49
85.23,116.55,77.49
85.24,116.54,77.49
85.22,116.58,77.49
85.24,116.53,77.49
85.29,116.04,84.37
85.29,116.04,84.37
85.29,116.04,84.37
85.29,116.04,84.37
85.29,116.04,84.37
85.29,116.04,84.37
85.29,116.04,84.37
85.29,116.04,84.37
85.29,116.04,84.37
85.29,116.04,84.37
85.29,116.04,84.37
85.29,116.04,84.37
85.16,116.69,77.49
85.16,116.69,77.49
85.15,116.71,77.49
85.14,116.74,77.48
85.16,116.69,77.49
85.15,116.71,77.49
85.16,116.69,77.49
85.16,116.70,77.49
85.32,121.85,76.25
85.32,121.85,76.25
85.32,121.85,76.25
85.32,121.85,76.25
85.33,121.90,76.25
85.35,121.95,76.25
85.35,121.95,76.25
85.32,121.85,76.25
85.33,121.90,76.25
85.35,121.95,76.25
85.32,121.85,76.25
85.32,121.85,76.25
85.40,122.12,76.25
85.39,122.09,76.25
85.39,122.10,76.25
85.38,122.07,76.25
85.37,122.04,76.25
85.37,122.05,76.25
85.39,122.11,76.25
85.40,122.12,76.25
85.40,122.14,76.25
85.37,122.04,76.25
85.36,122.01,76.25
85.34,121.93,76.25
85.33,121.89,76.25
85.36,121.99,76.25
85.37,122.03,76.25
85.36,121.98,76.25
85.34,121.93,76.25
85.36,122.01,76.25
85.39,122.09,76.25
85.37,122.04,76.25
85.38,122.07,76.25
85.39,122.10,76.25
85.40,122.12,76.25
85.39,122.11,76.25
85.40,122.14,76.25
85.39,122.11,76.25
85.40,122.12,76.25
85.39,122.09,76.25
85.39,122.10,76.25
85.38,122.07,76.25
85.37,122.03,76.25
85.39,122.11,76.25
85.40,122.14,76.25
85.37,122.04,76.25
85.36,122.01,76.25
85.34,121.93,76.25
85.32,121.88,76.25
85.36,121.98,76.25
85.39,122.09,76.25
85.40,122.12,76.25
85.39,122.10,76.25
85.39,122.11,76.25
85.40,122.14,76.25
85.38,122.07,76.25
85.37,122.04,76.25
85.34,121.93,76.25
85.36,122.01,76.25
85.36,121.99,76.25
85.41,122.16,76.25
85.41,122.15,76.25
85.41,122.16,76.25
85.43,122.19,76.27
85.41,122.17,76.25
85.40,122.14,76.25
85.40,122.13,76.25
85.40,122.13,76.25
85.40,122.14,76.25
85.41,122.16,76.25
85.41,122.17,76.25
85.41,122.15,76.25
86.10,112.75,75.00
86.10,112.75,75.00
86.10,112.75,75.00
86.10,112.75,75.00
86.10,112.75,75.00
86.10,112.75,75.00
86.10,112.75,75.00
86.10,112.75,75.00
86.10,112.75,75.00
86.10,112.75,75.00
86.10,112.75,75.00
86.10,112.75,75.00
86.10,112.75,75.00
86.10,112.75,75.00
86.10,112.75,75.00
86.10,112.75,75.00
86.10,112.75,75.00
86.10,112.75,75.00
86.10,112.75,75.00
86.10,112.75,75.00
86.10,112.75,75.00
86.10,112.75,75.00
86.10,112.75,75.00
86.10,112.75,75.00
86.10,112.75,75.00
86.10,112.75,75.00
86.10,112.75,75.00
86.10,112.75,75.00
85.97,113.98,76.68
85.97,113.98,76.68
85.97,113.98,76.68
85.97,113.98,76.68
85.97,113.98,76.68
85.97,113.98,76.68
85.97,113.98,76.68
85.97,113.98,76.68
85.97,113.98,76.68
85.97,113.98,76.68
85.97,113.98,76.68
85.97,113.98,76.68
85.97,113.98,76.68
85.97,113.98,76.68
85.97,113.98,76.68
85.97,113.98,76.68
85.97,113.98,76.68
85.97,113.98,76.68
85.97,113.98,76.68
85.97,113.98,76.68
85.97,113.98,76.68
85.97,113.98,76.68
85.97,113.98,76.68
85.97,113.98,76.68
85.97,113.98,76.68
85.97,113.98,76.68
85.97,113.98,76.68
85.97,113.98,76.68
85.97,113.98,76.68
85.97,113.98,76.68
85.97,113.98,76.68
85.97,113.98,76.68
85.97,113.98,76.68
85.97,113.98,76.68
85.97,113.98,76.68
85.97,113.98,76.68
85.97,113.98,76.68
85.97,113.98,76.68
85.97,113.98,76.68
85.97,113.98,76.68
85.97,113.98,76.68
85.97,113.98,76.68
85.97,113.98,76.68
85.97,113.98,76.68
85.97,113.98,76.68
85.97,113.98,76.68
85.97,113.98,76.68
85.97,113.98,76.68
85.97,113.98,76.68
85.97,113.98,76.68
85.97,113.98,76.68
85.97,113.98,76.68
85.97,113.98,76.68
85.97,113.98,76.68
85.97,113.98,76.68
85.97,113.98,76.68
85.97,113.98,76.68
85.97,113.98,76.68
85.97,113.98,76.68
85.97,113.98,76.68
85.97,113.98,76.68
85.97,113.98,76.68
85.97,113.98,76.68
85.97,113.98,76.68
85.97,113.98,76.68
85.97,113.98,76.68
85.97,113.98,76.68
85.97,113.98,76.68
85.97,113.98,76.68
85.97,113.98,76.68
85.97,113.98,76.68
85.97,113.98,76.68
85.97,113.98,76.68
85.97,113.98,76.68
85.97,113.98,76.68
85.97,113.98,76.68
85.97,113.98,76.68
85.97,113.98,76.68
85.97,113.98,76.68
85.97,113.98,76.68
85.97,113.98,76.68
85.97,113.98,76.68
85.97,113.98,76.68
85.97,113.98,76.68
85.97,113.98,76.68
85.97,113.98,76.68
85.97,113.98,76.68
85.97,113.98,76.68
85.97,113.98,76.68
85.97,113.98,76.68
85.97,113.98,76.68
85.97,113.98,76.68
85.97,113.98,76.68
85.97,113.98,76.68
85.97,113.98,76.68
85.97,113.98,76.68
85.97,113.98,76.68
85.97,113.98,76.68
85.97,113.98,76.68
85.97,113.98,76.68
85.97,113.98,76.68
85.97,113.98,76.68
85.97,113.98,76.68
85.97,113.98,76.68
85.97,113.98,76.68
85.97,113.98,76.68
85.97,113.98,76.68
85.97,113.98,76.68
85.97,113.98,76.68
85.97,113.98,76.68
85.97,113.98,76.68
85.97,113.98,76.68
86.10,114.91,77.51
86.09,114.92,77.51
86.10,114.90,77.51
86.11,114.89,77.51
86.10,114.91,77.51
86.11,114.89,77.51
86.12,114.88,77.51
86.11,114.75,77.41
86.12,114.84,77.49
86.11,114.89,77.51
86.12,114.88,77.51
86.12,114.87,77.51
86.12,114.88,77.51
86.12,114.86,77.50
86.12,114.85,77.50
86.09,114.64,77.30
86.08,114.95,77.51
86.07,114.96,77.51
86.07,114.97,77.51
86.07,114.98,77.51
86.05,115.01,77.51
86.02,115.06,77.51
86.02,115.06,77.51
85.99,115.13,77.51
86.01,115.08,77.51
86.03,115.04,77.51
86.06,114.99,77.51
86.00,115.10,77.51
85.99,115.11,77.51
85.97,115.16,77.51
86.10,114.91,77.51
86.09,114.92,77.51
86.09,114.93,77.51
86.09,114.93,77.51
86.07,114.96,77.51
86.05,115.00,77.51
86.06,114.99,77.51
86.02,115.05,77.51
86.04,115.02,77.51
86.06,114.99,77.51
86.03,115.04,77.51
86.00,115.09,77.51
85.96,115.18,77.51
85.92,115.24,77.51
85.92,115.24,77.51
85.89,115.31,77.51
85.85,115.38,77.51
85.85,115.38,77.51
85.92,115.24,77.51
85.92,115.24,77.51
85.96,115.18,77.51
85.78,115.52,77.50
85.81,115.45,77.50
85.77,115.53,77.50
85.70,115.67,77.50
85.73,115.61,77.50
85.85,115.39,77.50
85.88,115.32,77.51
85.86,115.36,77.51
85.87,115.34,77.51
85.90,115.28,77.51
85.94,115.20,77.51
85.95,115.19,77.51
85.94,115.22,77.51
85.93,115.24,77.51
85.82,115.44,77.50
85.85,115.38,77.51
85.77,115.52,77.50
85.82,115.45,77.50
85.85,115.38,77.51
85.89,115.31,77.51
85.92,115.25,77.51
85.85,115.38,77.51
85.85,115.38,77.51
85.81,115.45,77.50
85.98,115.14,77.51
85.94,115.21,77.51
85.96,115.17,77.51
86.02,115.07,77.51
85.98,115.14,77.51
85.90,115.28,77.51
85.87,115.35,77.51
85.95,115.19,77.51
85.91,115.27,77.51
85.87,115.35,77.51
85.86,115.36,77.51
85.86,115.37,77.51
85.96,115.18,77.51
85.91,115.26,77.51
85.97,115.16,77.51
85.77,115.53,77.50
85.73,115.60,77.50
85.69,115.69,77.50
85.69,115.69,77.50
85.69,115.68,77.50
85.73,115.61,77.50
85.77,115.53,77.50
85.77,115.53,77.50
85.29,116.04,84.37
85.29,116.04,84.37
85.29,116.04,84.37
85.29,116.04,84.37
85.29,116.04,84.37
85.29,116.04,84.37
85.29,116.04,84.37
85.29,116.04,84.37
85.29,116.04,84.37
85.29,116.04,84.37
85.29,116.04,84.37
85.29,116.04,84.37
86.52,117.27,83.75
86.52,117.27,83.75
86.52,117.27,83.75
86.52,117.27,83.75
86.52,117.27,83.75
86.52,117.27,83.75
86.52,117.27,83.75
86.52,117.27,83.75
86.52,117.27,83.75
85.29,116.04,84.37
85.29,116.04,84.37
85.29,116.04,84.37
85.29,116.04,84.37
85.29,116.04,84.37
86.52,117.27,83.75
86.52,117.27,83.75
86.52,117.27,83.75
86.52,117.27,83.75
86.52,117.27,83.75
86.52,117.27,83.75
86.52,117.27,83.75
85.29,116.04,84.37
85.29,116.04,84.37
85.29,116.04,84.37
86.52,117.27,83.75
86.52,117.27,83.75
86.52,117.27,83.75
86.52,117.27,83.75
86.52,117.27,83.75
86.52,117.27,83.75
86.52,117.27,83.75
86.52,117.27,83.75
86.52,117.27,83.75
86.52,117.27,83.75
86.52,117.27,83.75
86.52,117.27,83.75
85.41,122.16,76.25
85.41,122.15,76.25
85.40,122.14,76.25
85.40,122.13,76.25
85.41,122.16,76.25
85.41,122.17,76.25
85.42,122.18,76.26
85.41,122.15,76.25
85.41,122.16,76.25
85.41,122.17,76.25
85.40,122.14,76.25
85.40,122.13,76.25
85.41,122.15,76.25
85.41,122.17,76.25
85.50,122.24,76.33
85.41,122.17,76.25
85.46,122.21,76.29
85.41,122.15,76.25
85.41,122.17,76.25
85.41,122.17,76.25
86.10,122.59,76.88
86.10,122.59,76.88
86.10,122.59,76.88
86.10,122.59,76.88
86.10,122.59,76.88
86.10,122.59,76.88
86.10,122.59,76.88
86.10,122.59,76.88
86.10,122.59,76.88
86.10,122.59,76.88
86.10,122.59,76.88
86.10,122.59,76.88
86.10,122.59,76.88
86.10,122.59,76.88
86.10,122.59,76.88
86.10,122.59,76.88
86.10,122.59,76.88
86.10,122.59,76.88
86.10,122.59,76.88
86.10,122.59,76.88
86.10,122.59,76.88
86.10,122.59,76.88
86.10,122.59,76.88
86.10,122.59,76.88
86.10,122.59,76.88
86.10,122.59,76.88
86.10,122.59,76.88
86.10,122.59,76.88
86.51,112.34,74.38
86.51,112.34,74.38
86.51,112.34,74.38
86.51,112.34,74.38
86.51,112.34,74.38
86.51,112.34,74.38
86.51,112.34,74.38
86.51,112.34,74.38
86.51,112.34,74.38
86.51,112.34,74.38
86.51,112.34,74.38
86.51,112.34,74.38
86.51,112.34,74.38
86.51,112.34,74.38
86.51,112.34,74.38
86.51,112.34,74.38
86.51,112.34,74.38
86.51,112.34,74.38
86.51,112.34,74.38
86.51,112.34,74.38
86.51,112.34,74.38
86.51,112.34,74.38
86.51,112.34,74.38
86.10,112.75,75.00
86.10,112.75,75.00
86.10,112.75,75.00
86.10,112.75,75.00
86.10,112.75,75.00
86.10,112.75,75.00
86.10,112.75,75.00
86.51,112.34,74.38
86.51,112.34,74.38
86.51,112.34,74.38
86.51,112.34,74.38
86.51,112.34,74.38
86.10,112.75,75.00
86.10,112.75,75.00
86.10,112.75,75.00
86.10,112.75,75.00
86.10,112.75,75.00
86.10,112.75,75.00
86.10,112.75,75.00
86.10,112.75,75.00
86.10,112.75,75.00
86.10,112.75,75.00
86.10,112.75,75.00
86.10,112.75,75.00
86.10,112.75,75.00
86.51,113.16,75.63
86.51,113.16,75.63
86.51,113.16,75.63
86.51,113.16,75.63
86.51,113.16,75.63
86.51,113.16,75.63
86.51,113.16,75.63
86.51,113.16,75.63
86.51,113.16,75.63
86.51,113.16,75.63
86.51,113.16,75.63
86.51,113.16,75.63
86.51,113.16,75.63
86.51,113.16,75.63
86.51,113.16,75.63
86.51,113.16,75.63
86.51,113.16,75.63
86.51,113.16,75.63
86.51,113.16,75.63
86.51,113.16,75.63
86.51,113.16,75.63
86.51,113.16,75.63
86.51,113.16,75.63
85.97,113.98,76.68
85.97,113.98,76.68
85.97,113.98,76.68
85.97,113.98,76.68
85.97,113.98,76.68
85.97,113.98,76.68
85.97,113.98,76.68
86.51,113.16,75.63
86.51,113.16,75.63
86.51,113.16,75.63
86.51,113.16,75.63
86.51,113.16,75.63
85.97,113.98,76.68
85.97,113.98,76.68
85.97,113.98,76.68
85.97,113.98,76.68
85.97,113.98,76.68
85.97,113.98,76.68
85.97,113.98,76.68
85.97,113.98,76.68
85.97,113.98,76.68
85.97,113.98,76.68
85.97,113.98,76.68
85.97,113.98,76.68
85.97,113.98,76.68
85.97,113.98,76.68
85.97,113.98,76.68
85.97,113.98,76.68
85.97,113.98,76.68
85.97,113.98,76.68
85.97,113.98,76.68
85.97,113.98,76.68
85.97,113.98,76.68
85.97,113.98,76.68
85.97,113.98,76.68
85.97,113.98,76.68
85.97,113.98,76.68
85.97,113.98,76.68
85.97,113.98,76.68
85.97,113.98,76.68
85.97,113.98,76.68
85.97,113.98,76.68
85.97,113.98,76.68
85.97,113.98,76.68
85.97,113.98,76.68
85.97,113.98,76.68
85.97,113.98,76.68
85.97,113.98,76.68
85.97,113.98,76.68
85.97,113.98,76.68
85.97,113.98,76.68
85.97,113.98,76.68
85.97,113.98,76.68
85.97,113.98,76.68
85.97,113.98,76.68
85.97,113.98,76.68
85.97,113.98,76.68
86.11,114.89,77.51
86.10,114.91,77.51
86.11,114.89,77.51
86.10,114.90,77.51
86.09,114.92,77.51
86.12,114.88,77.51
86.12,114.80,77.46
86.12,114.88,77.51
86.12,114.87,77.51
86.12,114.88,77.51
86.11,114.90,77.51
86.12,114.85,77.50
86.07,114.96,77.51
86.04,115.03,77.51
86.05,115.01,77.51
86.02,115.06,77.51
85.99,115.13,77.51
86.00,115.11,77.51
86.06,114.99,77.51
86.07,114.97,77.51
86.09,114.92,77.51
86.06,114.98,77.51
86.03,115.05,77.51
86.06,114.99,77.51
86.04,115.02,77.51
86.06,114.98,77.51
86.07,114.97,77.51
86.06,114.99,77.51
86.08,114.95,77.51
86.08,114.94,77.51
86.11,114.90,77.51
86.10,114.91,77.51
86.09,114.93,77.51
86.10,114.92,77.51
86.04,115.03,77.51
86.01,115.08,77.51
85.98,115.13,77.51
85.98,115.13,77.51
85.98,115.13,77.51
86.00,115.09,77.51
86.03,115.04,77.51
86.02,115.06,77.51
86.52,117.27,83.75
86.52,117.27,83.75
86.52,117.27,83.75
86.52,117.27,83.75
86.52,117.27,83.75
86.52,117.27,83.75
86.52,117.27,83.75
86.52,117.27,83.75
86.52,117.27,83.75
86.52,117.27,83.75
86.52,117.27,83.75
86.52,117.27,83.75
86.52,117.27,83.75
86.52,117.27,83.75
86.52,117.27,83.75
86.52,117.27,83.75
86.52,117.27,83.75
86.52,117.27,83.75
86.52,117.27,83.75
86.52,117.27,83.75
86.52,117.27,83.75
86.52,117.27,83.75
86.52,117.27,83.75
86.52,117.27,83.75
86.52,117.27,83.75
86.52,117.27,83.75
86.52,117.27,83.75
86.52,117.27,83.75
86.52,117.27,83.75
86.52,117.27,83.75
86.52,117.27,83.75
86.52,117.27,83.75
86.52,117.27,83.75
86.52,117.27,83.75
86.52,117.27,83.75
86.52,117.27,83.75
86.52,117.27,83.75
86.52,117.27,83.75
86.52,117.27,83.75
86.52,117.27,83.75
86.52,117.27,83.75
86.52,117.27,83.75
86.52,117.27,83.75
86.52,117.27,83.75
86.52,117.27,83.75
86.52,117.27,83.75
86.52,117.27,83.75
86.52,117.27,83.75
86.52,117.27,83.75
86.52,117.27,83.75
86.52,117.27,83.75
86.52,117.27,83.75
86.52,117.27,83.75
86.52,117.27,83.75
86.52,117.27,83.75
86.52,117.27,83.75
86.52,117.27,83.75
86.52,117.27,83.75
86.52,117.27,83.75
86.52,117.27,83.75
86.52,117.27,83.75
86.52,117.27,83.75
86.52,117.27,83.75
86.52,117.27,83.75
86.52,117.27,83.75
86.52,117.27,83.75
86.52,117.27,83.75
86.52,117.27,83.75
86.52,117.27,83.75
86.52,117.27,83.75
86.52,117.27,83.75
86.52,117.27,83.75
86.10,122.59,76.88
86.10,122.59,76.88
86.10,122.59,76.88
86.10,122.59,76.88
86.10,122.59,76.88
86.10,122.59,76.88
86.10,122.59,76.88
86.10,122.59,76.88
86.10,122.59,76.88
86.10,122.59,76.88
86.10,122.59,76.88
86.10,122.59,76.88
86.10,122.59,76.88
86.10,122.59,76.88
86.10,122.59,76.88
86.10,122.59,76.88
86.10,122.59,76.88
86.10,122.59,76.88
86.10,122.59,76.88
86.10,122.59,76.88
86.65,122.99,77.36
86.64,122.99,77.35
86.64,122.99,77.35
86.62,122.99,77.32
86.58,122.96,77.29
86.48,122.89,77.20
86.63,122.99,77.34
86.62,122.99,77.33
86.64,122.99,77.35
86.55,122.94,77.26
86.62,122.98,77.32
86.64,122.99,77.34
86.64,122.99,77.35
86.65,122.99,77.36
86.63,122.99,77.33
86.64,122.99,77.35
86.66,122.99,77.38
86.65,122.99,77.36
86.66,122.99,77.37
86.68,122.99,77.40
86.66,122.99,77.38
86.64,122.99,77.34
86.61,122.98,77.32
86.64,122.99,77.34
86.66,122.99,77.37
86.68,122.99,77.40
86.65,122.99,77.36
86.66,122.99,77.38
86.92,110.29,72.19
86.92,110.29,72.19
86.92,110.29,72.19
86.92,110.29,72.19
86.92,110.29,72.19
86.92,110.29,72.19
86.92,110.29,72.19
86.92,110.29,72.19
86.92,110.29,72.19
86.92,110.29,72.19
86.92,110.29,72.19
86.92,110.29,72.19
86.92,110.29,72.19
86.92,110.29,72.19
86.92,110.29,72.19
86.92,110.29,72.19
86.92,110.29,72.19
86.92,110.29,72.19
86.92,110.29,72.19
86.92,110.29,72.19
86.92,110.29,72.19
86.92,110.29,72.19
86.92,110.29,72.19
86.92,110.29,72.19
86.92,110.29,72.19
86.92,110.29,72.19
86.92,110.29,72.19
86.92,110.29,72.19
86.92,110.29,72.19
86.92,110.29,72.19
86.92,110.29,72.19
86.92,110.29,72.19
86.92,110.29,72.19
86.92,110.29,72.19
86.92,110.29,72.19
86.92,110.29,72.19
86.92,110.29,72.19
86.92,110.29,72.19
86.92,110.29,72.19
86.92,110.29,72.19
86.92,110.29,72.19
86.92,110.29,72.19
86.92,110.29,72.19
86.92,110.29,72.19
86.92,110.29,72.19
86.92,110.29,72.19
86.92,110.29,72.19
86.92,110.29,72.19
86.92,110.29,72.19
86.92,110.29,72.19
86.92,110.29,72.19
86.92,110.29,72.19
86.92,110.29,72.19
86.92,110.29,72.19
86.92,111.52,73.75
86.92,111.52,73.75
86.92,111.52,73.75
86.92,111.52,73.75
86.92,111.52,73.75
86.92,111.52,73.75
86.92,111.52,73.75
86.92,111.52,73.75
86.92,111.52,73.75
86.92,111.52,73.75
86.92,111.52,73.75
86.92,111.52,73.75
86.92,111.52,73.75
86.92,111.52,73.75
86.92,111.52,73.75
86.92,111.52,73.75
86.92,111.52,73.75
86.92,111.52,73.75
86.92,111.52,73.75
86.92,111.52,73.75
86.92,111.52,73.75
86.92,111.52,73.75
86.92,111.52,73.75
86.92,111.52,73.75
86.92,111.52,73.75
86.92,111.52,73.75
86.92,111.52,73.75
86.92,111.52,73.75
86.92,111.52,73.75
86.92,111.52,73.75
86.92,111.52,73.75
86.92,111.52,73.75
86.92,111.52,73.75
86.92,111.52,73.75
86.92,111.52,73.75
86.92,111.52,73.75
86.92,111.52,73.75
86.92,111.52,73.75
86.92,111.52,73.75
86.92,111.52,73.75
86.92,111.52,73.75
86.92,111.52,73.75
86.92,111.52,73.75
86.92,111.52,73.75
86.92,111.52,73.75
86.92,111.52,73.75
86.92,111.52,73.75
86.92,111.52,73.75
86.92,111.52,73.75
86.92,111.52,73.75
86.92,111.52,73.75
86.92,111.52,73.75
86.92,111.52,73.75
86.92,111.52,73.75
86.92,111.52,73.75
86.92,111.52,73.75
86.92,111.52,73.75
86.92,111.52,73.75
86.92,111.52,73.75
86.92,111.52,73.75
86.92,111.52,73.75
86.92,111.52,73.75
86.92,111.52,73.75
86.92,111.52,73.75
86.92,111.52,73.75
86.92,111.52,73.75
86.92,111.52,73.75
86.92,111.52,73.75
86.92,111.52,73.75
86.92,111.52,73.75
86.92,111.52,73.75
86.92,111.52,73.75
86.92,111.52,73.75
86.92,111.52,73.75
86.92,111.52,73.75
86.51,112.34,74.38
86.51,112.34,74.38
86.51,112.34,74.38
86.51,112.34,74.38
86.51,112.34,74.38
86.51,112.34,74.38
86.51,112.34,74.38
86.92,111.52,73.75
86.92,111.52,73.75
86.92,111.52,73.75
86.92,111.52,73.75
86.92,111.52,73.75
86.51,112.34,74.38
86.51,112.34,74.38
86.51,112.34,74.38
86.51,112.34,74.38
86.51,112.34,74.38
86.51,112.34,74.38
86.51,112.34,74.38
86.51,112.34,74.38
86.51,112.34,74.38
86.51,112.34,74.38
86.51,112.34,74.38
86.51,112.34,74.38
86.51,112.34,74.38
86.51,113.16,75.63
86.51,113.16,75.63
86.51,113.16,75.63
86.51,113.16,75.63
86.51,113.16,75.63
86.51,113.16,75.63
86.51,113.16,75.63
86.51,113.16,75.63
86.51,113.16,75.63
86.51,113.16,75.63
86.51,113.16,75.63
86.51,113.16,75.63
86.51,113.16,75.63
86.51,113.16,75.63
86.51,113.16,75.63
86.51,113.16,75.63
86.51,113.16,75.63
86.51,113.16,75.63
86.51,113.16,75.63
86.51,113.16,75.63
86.52,117.27,83.75
86.52,117.27,83.75
86.52,117.27,83.75
86.52,117.27,83.75
86.52,117.27,83.75
86.52,117.27,83.75
86.52,117.27,83.75
86.52,117.27,83.75
86.52,117.27,83.75
86.52,117.27,83.75
86.52,117.27,83.75
86.52,117.27,83.75
86.52,117.27,83.75
86.52,117.27,83.75
86.52,117.27,83.75
86.52,117.27,83.75
86.52,117.27,83.75
86.52,117.27,83.75
86.52,117.27,83.75
86.52,117.27,83.75
86.52,117.27,83.75
86.52,117.27,83.75
86.52,117.27,83.75
86.52,117.27,83.75
86.52,117.27,83.75
86.52,117.27,83.75
86.52,117.27,83.75
86.52,117.27,83.75
86.52,117.27,83.75
86.52,117.27,83.75
86.52,117.27,83.75
86.52,117.27,83.75
86.52,117.27,83.75
86.52,117.27,83.75
86.52,117.27,83.75
86.52,117.27,83.75
86.52,117.27,83.75
86.52,117.27,83.75
86.52,117.27,83.75
86.52,117.27,83.75
86.52,117.27,83.75
86.52,117.27,83.75
86.52,117.27,83.75
86.52,117.27,83.75
86.52,117.27,83.75
86.52,117.27,83.75
86.52,117.27,83.75
86.52,117.27,83.75
86.52,117.27,83.75
86.52,117.27,83.75
86.52,117.27,83.75
86.52,117.27,83.75
86.52,117.27,83.75
86.52,117.27,83.75
86.52,117.27,83.75
86.52,117.27,83.75
86.52,117.27,83.75
86.52,117.27,83.75
86.52,117.27,83.75
86.52,117.27,83.75
86.52,117.27,83.75
86.52,117.27,83.75
86.52,117.27,83.75
86.52,117.27,83.75
86.52,117.27,83.75
86.52,117.27,83.75
86.52,117.27,83.75
86.52,117.27,83.75
86.52,117.27,83.75
86.52,117.27,83.75
86.52,117.27,83.75
86.52,117.27,83.75
86.74,122.99,77.48
86.76,122.99,77.51
86.73,122.99,77.46
86.72,122.99,77.45
86.74,122.99,77.48
86.70,122.99,77.43
86.69,122.99,77.42
86.66,122.99,77.37
86.67,122.99,77.38
86.66,122.99,77.38
86.69,122.99,77.41
86.71,122.99,77.44
86.67,122.99,77.39
86.68,122.99,77.40
86.67,122.99,77.39
86.68,122.99,77.40
86.69,122.99,77.41
86.71,122.99,77.44
86.75,122.99,77.48
86.79,122.99,77.54
86.76,122.99,77.51
86.73,122.99,77.47
86.70,122.99,77.43
86.78,122.99,77.53
86.80,122.99,77.55
86.83,122.99,77.59
86.77,122.99,77.52
86.75,122.99,77.50
86.80,122.99,77.55
86.86,122.99,77.63
86.84,122.99,77.61
86.74,122.99,77.47
86.72,122.99,77.45
86.73,122.99,77.46
86.79,122.99,77.54
86.85,122.99,77.62
86.73,122.99,77.47
86.74,122.99,77.48
86.71,122.99,77.44
86.72,122.99,77.45
86.72,122.99,77.46
86.76,122.99,77.50
86.80,122.99,77.56
86.86,122.99,77.63
86.82,122.99,77.58
86.78,122.99,77.53
86.83,122.99,77.60
86.89,122.99,77.67
86.92,110.29,72.19
86.92,110.29,72.19
86.92,110.29,72.19
86.92,110.29,72.19
86.92,110.29,72.19
86.92,110.29,72.19
86.92,110.29,72.19
86.92,110.29,72.19
86.92,110.29,72.19
86.92,110.29,72.19
86.92,110.29,72.19
86.92,110.29,72.19
86.92,110.29,72.19
86.92,110.29,72.19
86.92,110.29,72.19
86.92,110.29,72.19
86.92,110.29,72.19
86.92,110.29,72.19
86.92,110.29,72.19
86.92,110.29,72.19
86.92,110.29,72.19
86.92,110.29,72.19
86.92,110.29,72.19
86.92,110.29,72.19
86.92,110.29,72.19
86.92,110.29,72.19
86.92,110.29,72.19
86.92,110.29,72.19
86.92,110.29,72.19
86.92,110.29,72.19
86.92,110.29,72.19
86.92,110.29,72.19
86.92,110.29,72.19
86.92,110.29,72.19
86.92,110.29,72.19
86.92,110.29,72.19
86.92,110.29,72.19
86.92,110.29,72.19
86.92,110.29,72.19
86.92,110.29,72.19
86.92,110.29,72.19
86.92,110.29,72.19
86.92,111.52,73.75
86.92,111.52,73.75
86.92,111.52,73.75
86.92,111.52,73.75
86.92,111.52,73.75
86.92,111.52,73.75
86.92,111.52,73.75
86.92,111.52,73.75
86.92,111.52,73.75
86.92,111.52,73.75
86.92,111.52,73.75
86.92,111.52,73.75
86.92,111.52,73.75
86.92,111.52,73.75
86.92,111.52,73.75
86.92,111.52,73.75
86.92,111.52,73.75
86.92,111.52,73.75
86.92,111.52,73.75
86.92,111.52,73.75
86.92,111.52,73.75
86.92,111.52,73.75
86.92,111.52,73.75
86.92,111.52,73.75
86.92,111.52,73.75
86.92,111.52,73.75
86.92,111.52,73.75
86.92,111.52,73.75
86.92,111.52,73.75
86.92,111.52,73.75
86.92,111.52,73.75
86.92,111.52,73.75
86.92,111.52,73.75
86.92,111.52,73.75
86.92,111.52,73.75
86.92,111.52,73.75
86.92,111.52,73.75
86.92,111.52,73.75
86.92,111.52,73.75
86.92,111.52,73.75
86.92,111.52,73.75
86.92,111.52,73.75
86.92,111.52,73.75
86.92,111.52,73.75
86.92,111.52,73.75
86.92,111.52,73.75
86.92,111.52,73.75
86.92,111.52,73.75
86.92,111.52,73.75
86.92,111.52,73.75
86.92,111.52,73.75
86.92,111.52,73.75
86.92,111.52,73.75
86.92,111.52,73.75
86.92,111.52,73.75
86.92,111.52,73.75
86.92,111.52,73.75
86.92,111.52,73.75
86.92,111.52,73.75
86.92,111.52,73.75
86.92,111.52,73.75
86.92,111.52,73.75
86.92,111.52,73.75
86.92,111.52,73.75
86.52,117.27,83.75
86.52,117.27,83.75
86.52,117.27,83.75
86.52,117.27,83.75
86.52,117.27,83.75
86.52,117.27,83.75
86.52,117.27,83.75
86.52,117.27,83.75
86.52,117.27,83.75
86.52,117.27,83.75
86.52,117.27,83.75
86.52,117.27,83.75
87.60,118.47,83.12
87.60,118.47,83.12
87.60,118.47,83.12
87.60,118.47,83.12
87.60,118.47,83.12
87.60,118.47,83.12
87.60,118.47,83.12
87.60,118.47,83.12
87.60,118.47,83.12
86.52,117.27,83.75
86.52,117.27,83.75
86.52,117.27,83.75
86.52,117.27,83.75
86.52,117.27,83.75
87.60,118.47,83.12
87.60,118.47,83.12
87.60,118.47,83.12
87.60,118.47,83.12
87.60,118.47,83.12
87.60,118.47,83.12
87.60,118.47,83.12
86.52,117.27,83.75
86.52,117.27,83.75
86.52,117.27,83.75
87.60,118.47,83.12
87.60,118.47,83.12
87.60,118.47,83.12
87.60,118.47,83.12
87.60,118.47,83.12
87.60,118.47,83.12
87.60,118.47,83.12
87.60,118.47,83.12
87.60,118.47,83.12
87.60,118.47,83.12
87.60,118.47,83.12
87.60,118.47,83.12
86.87,122.99,77.65
86.86,122.99,77.63
86.83,122.99,77.59
86.78,122.99,77.53
86.77,122.99,77.52
86.80,122.99,77.55
86.81,122.99,77.56
87.14,123.00,77.99
87.08,123.00,77.91
87.08,123.00,77.92
87.02,122.99,77.84
86.96,122.99,77.76
86.97,122.99,77.77
87.08,123.00,77.92
87.09,123.00,77.92
87.14,123.00,78.00
86.93,122.99,77.72
86.90,122.99,77.68
86.87,122.99,77.64
86.99,122.99,77.80
87.05,122.99,77.88
86.92,122.99,77.71
86.91,122.99,77.70
86.99,122.99,77.80
87.06,123.00,77.89
87.06,123.00,77.88
87.13,123.00,77.98
87.07,123.00,77.89
87.14,123.00,77.99
87.07,123.00,77.90
86.90,122.99,77.69
86.98,122.99,77.78
86.89,122.99,77.66
87.20,123.00,78.06
87.20,123.00,78.07
87.27,123.00,78.16
87.31,123.00,78.21
87.35,123.00,78.25
87.21,123.00,78.08
87.21,123.00,78.08
86.90,122.99,77.69
86.86,122.99,77.63
86.86,122.99,77.63
86.90,122.99,77.69
86.82,122.99,77.58
86.96,122.99,77.76
87.02,122.99,77.84
87.08,123.00,77.91
86.96,122.99,77.76
86.96,122.99,77.76
87.21,123.00,78.08
87.15,123.00,78.00
87.22,123.00,78.09
87.35,123.00,78.25
87.29,123.00,78.18
87.09,123.00,77.93
87.03,122.99,77.85
87.07,123.00,77.90
87.00,122.99,77.81
86.93,122.99,77.72
86.94,122.99,77.74
86.96,122.99,77.76
87.20,123.00,78.06
87.14,123.00,77.99
87.09,123.00,77.92
87.21,123.00,78.09
87.34,123.00,78.25
87.27,123.00,78.16
87.34,123.00,78.25
87.41,123.00,78.34
87.34,123.00,78.25
87.41,123.00,78.34
87.60,118.47,83.12
87.60,118.47,83.12
87.60,118.47,83.12
87.60,118.47,83.12
87.60,118.47,83.12
87.60,118.47,83.12
87.60,118.47,83.12
87.60,118.47,83.12
87.60,118.47,83.12
87.60,118.47,83.12
87.60,118.47,83.12
87.60,118.47,83.12
87.60,118.47,83.12
87.60,118.47,83.12
87.60,118.47,83.12
87.60,118.47,83.12
87.60,118.47,83.12
87.60,118.47,83.12
87.60,118.47,83.12
87.60,118.47,83.12
87.60,118.47,83.12
87.60,118.47,83.12
87.60,118.47,83.12
87.60,118.47,83.12
87.60,118.47,83.12
87.87,118.99,82.81
87.60,118.47,83.12
87.60,118.47,83.12
87.60,118.47,83.12
87.60,118.47,83.12
87.60,118.47,83.12
87.60,118.47,83.12
87.60,118.47,83.12
87.60,118.47,83.12
87.60,118.47,83.12
87.60,118.47,83.12
87.60,118.47,83.12
87.60,118.47,83.12
87.60,118.47,83.12
87.60,118.47,83.12
87.60,118.47,83.12
87.60,118.47,83.12
87.60,118.47,83.12
87.60,118.47,83.12
87.60,118.47,83.12
87.60,118.47,83.12
87.60,118.47,83.12
87.60,118.47,83.12
87.60,118.47,83.12
87.60,118.47,83.12
87.60,118.47,83.12
87.60,118.47,83.12
87.60,118.47,83.12
87.60,118.47,83.12
87.60,118.47,83.12
87.60,118.47,83.12
87.60,118.47,83.12
87.60,118.47,83.12
87.60,118.47,83.12
87.60,118.47,83.12
87.60,118.47,83.12
87.60,118.47,83.12
87.60,118.47,83.12
87.60,118.47,83.12
87.60,118.47,83.12
87.60,118.47,83.12
87.60,118.47,83.12
87.60,118.47,83.12
87.60,118.47,83.12
87.60,118.47,83.12
87.60,118.47,83.12
87.60,118.47,83.12
87.60,118.47,83.12
87.60,118.47,83.12
87.60,118.47,83.12
87.60,118.47,83.12
87.60,118.47,83.12
87.60,118.47,83.12
87.60,118.47,83.12
87.60,118.47,83.12
87.60,118.47,83.12
87.60,118.47,83.12
87.60,118.47,83.12
87.60,118.47,83.12
87.60,118.47,83.12
87.60,118.47,83.12
87.60,118.47,83.12
87.60,118.47,83.12
87.60,118.47,83.12
87.60,118.47,83.12
87.60,118.47,83.12
87.60,118.47,83.12
87.60,118.47,83.12
87.60,118.47,83.12
87.60,118.47,83.12
87.60,118.47,83.12
87.60,118.47,83.12
87.60,118.47,83.12
87.35,123.00,78.26
87.35,123.00,78.26
87.28,123.00,78.17
87.21,123.00,78.08
87.21,123.00,78.08
87.21,123.00,78.08
87.21,123.00,78.08
87.69,123.00,78.69
87.62,123.00,78.61
87.62,123.00,78.60
87.55,123.00,78.52
87.49,123.00,78.43
87.48,123.00,78.43
87.62,123.00,78.60
87.61,123.00,78.60
87.68,123.00,78.68
87.41,123.00,78.34
87.35,123.00,78.26
87.28,123.00,78.17
87.48,123.00,78.43
87.55,123.00,78.51
87.48,123.00,78.43
87.48,123.00,78.43
87.55,123.00,78.51
87.62,123.00,78.60
87.62,123.00,78.61
87.69,123.00,78.69
87.62,123.00,78.60
87.68,123.00,78.68
87.61,123.00,78.60
87.41,123.00,78.34
87.48,123.00,78.42
87.35,123.00,78.25
87.75,123.00,78.77
87.75,123.00,78.77
87.80,123.01,78.84
87.87,123.01,78.92
87.86,123.01,78.92
87.74,123.00,78.76
87.74,123.00,78.76
87.42,123.00,78.34
87.35,123.00,78.25
87.35,123.00,78.25
87.41,123.00,78.34
87.28,123.00,78.17
87.48,123.00,78.43
87.55,123.00,78.52
87.62,123.00,78.61
87.48,123.00,78.43
87.48,123.00,78.43
87.75,123.00,78.76
87.68,123.00,78.68
87.73,123.00,78.75
87.85,123.01,78.90
87.78,123.01,78.82
87.61,123.00,78.59
87.54,123.00,78.50
87.62,123.00,78.61
87.55,123.00,78.52
87.48,123.00,78.43
87.48,123.00,78.43
87.48,123.00,78.43
87.74,123.00,78.76
87.68,123.00,78.68
87.61,123.00,78.59
87.73,123.00,78.75
87.85,123.01,78.90
87.80,123.01,78.84
87.86,123.01,78.91
87.91,123.01,78.98
87.86,123.01,78.91
87.92,123.01,78.99
87.60,118.47,83.12
87.60,118.47,83.12
87.60,118.47,83.12
87.60,118.47,83.12
87.60,118.47,83.12
87.60,118.47,83.12
87.60,118.47,83.12
87.60,118.47,83.12
87.60,118.47,83.12
87.60,118.47,83.12
87.60,118.47,83.12
87.60,118.47,83.12
87.60,118.47,83.12
87.60,118.47,83.12
87.60,118.47,83.12
87.60,118.47,83.12
87.60,118.47,83.12
87.60,118.47,83.12
87.60,118.47,83.12
87.60,118.47,83.12
87.60,118.47,83.12
87.60,118.47,83.12
87.60,118.47,83.12
87.60,118.47,83.12
87.60,118.47,83.12
87.60,118.47,83.12
87.60,118.47,83.12
87.60,118.47,83.12
87.60,118.47,83.12
87.60,118.47,83.12
87.60,118.47,83.12
87.60,118.47,83.12
87.60,118.47,83.12
87.60,118.47,83.12
88.15,119.51,82.50
88.15,119.51,82.50
88.15,119.51,82.50
88.15,119.51,82.50
88.15,119.51,82.50
88.15,119.51,82.50
88.15,119.51,82.50
88.15,119.51,82.50
88.15,119.51,82.50
87.60,118.47,83.12
87.60,118.47,83.12
87.60,118.47,83.12
87.60,118.47,83.12
87.60,118.47,83.12
88.15,119.51,82.50
88.15,119.51,82.50
88.15,119.51,82.50
88.15,119.51,82.50
88.15,119.51,82.50
88.15,119.51,82.50
88.15,119.51,82.50
87.60,118.47,83.12
87.60,118.47,83.12
87.60,118.47,83.12
88.15,119.51,82.50
88.15,119.51,82.50
88.15,119.51,82.50
88.15,119.51,82.50
88.15,119.51,82.50
88.15,119.51,82.50
88.15,119.51,82.50
88.15,119.51,82.50
88.15,119.51,82.50
88.15,119.51,82.50
88.15,119.51,82.50
88.15,119.51,82.50
88.15,119.51,82.50
88.15,119.51,82.50
88.15,119.51,82.50
88.15,119.51,82.50
88.15,119.51,82.50
88.15,119.51,82.50
88.15,119.51,82.50
88.15,119.51,82.50
88.15,119.51,82.50
88.15,119.51,82.50
88.15,119.51,82.50
88.15,119.51,82.50
88.15,119.51,82.50
88.15,119.51,82.50
88.15,119.51,82.50
88.15,119.51,82.50
88.15,119.51,82.50
88.15,119.51,82.50
88.15,119.51,82.50
88.15,119.51,82.50
88.15,119.51,82.50
88.15,119.51,82.50
88.15,119.51,82.50
88.15,119.51,82.50
88.15,119.51,82.50
88.15,119.51,82.50
87.86,123.01,78.92
87.87,123.01,78.92
87.80,123.01,78.84
87.75,123.00,78.77
87.75,123.00,78.77
87.74,123.00,78.76
87.74,123.00,78.76
88.08,123.01,79.20
88.05,123.01,79.15
88.04,123.01,79.15
88.00,123.01,79.09
87.97,123.01,79.05
87.96,123.01,79.04
88.03,123.01,79.13
88.02,123.01,79.12
88.07,123.01,79.18
87.90,123.01,78.97
87.84,123.01,78.89
87.77,123.01,78.80
87.93,123.01,79.00
87.96,123.01,79.04
87.96,123.01,79.04
87.97,123.01,79.05
88.00,123.01,79.09
88.04,123.01,79.14
88.05,123.01,79.15
88.08,123.01,79.20
88.03,123.01,79.13
88.06,123.01,79.17
88.02,123.01,79.12
87.90,123.01,78.96
87.93,123.01,79.00
87.83,123.01,78.88
88.11,123.01,79.23
88.10,123.01,79.22
88.12,123.01,79.25
88.15,123.01,79.28
88.14,123.01,79.27
88.09,123.01,79.21
88.08,123.01,79.20
87.92,123.01,78.99
87.86,123.01,78.91
87.86,123.01,78.91
87.91,123.01,78.98
87.80,123.01,78.84
87.96,123.01,79.04
88.01,123.01,79.10
88.05,123.01,79.15
87.96,123.01,79.04
87.96,123.01,79.03
88.11,123.01,79.23
88.06,123.01,79.17
88.07,123.01,79.18
88.13,123.01,79.26
88.08,123.01,79.20
88.02,123.01,79.11
87.97,123.01,79.05
88.05,123.01,79.15
88.00,123.01,79.10
87.96,123.01,79.04
87.96,123.01,79.04
87.95,123.01,79.03
88.10,123.01,79.22
88.06,123.01,79.17
88.01,123.01,79.11
88.07,123.01,79.18
88.13,123.01,79.26
88.12,123.01,79.25
88.14,123.01,79.27
88.15,123.01,79.28
88.14,123.01,79.27
88.16,123.01,79.30
88.15,119.51,82.50
88.15,119.51,82.50
88.15,119.51,82.50
88.15,119.51,82.50
88.15,119.51,82.50
88.15,119.51,82.50
88.15,119.51,82.50
88.15,119.51,82.50
88.15,119.51,82.50
88.15,119.51,82.50
88.15,119.51,82.50
88.15,119.51,82.50
88.15,119.51,82.50
88.15,119.51,82.50
88.15,119.51,82.50
88.15,119.51,82.50
88.15,119.51,82.50
88.15,119.51,82.50
88.15,119.51,82.50
88.15,119.51,82.50
88.15,119.51,82.50
88.15,119.51,82.50
88.15,119.51,82.50
88.15,119.51,82.50
88.15,119.51,82.50
88.15,119.51,82.50
88.15,119.51,82.50
88.15,119.51,82.50
88.15,119.51,82.50
88.15,119.51,82.50
88.15,119.51,82.50
88.15,119.51,82.50
88.15,119.51,82.50
88.15,119.51,82.50
88.56,120.54,81.87
88.56,120.54,81.87
88.56,120.54,81.87
88.56,120.54,81.87
88.56,120.54,81.87
88.56,120.54,81.87
88.56,120.54,81.87
88.56,120.54,81.87
88.56,120.54,81.87
88.15,119.51,82.50
88.15,119.51,82.50
88.15,119.51,82.50
88.15,119.51,82.50
88.15,119.51,82.50
88.56,120.54,81.87
88.56,120.54,81.87
88.56,120.54,81.87
88.56,120.54,81.87
88.56,120.54,81.87
88.56,120.54,81.87
88.56,120.54,81.87
88.15,119.51,82.50
88.15,119.51,82.50
88.15,119.51,82.50
88.56,120.54,81.87
88.56,120.54,81.87
88.56,120.54,81.87
88.56,120.54,81.87
88.56,120.54,81.87
88.56,120.54,81.87
88.56,120.54,81.87
88.56,120.54,81.87
88.56,120.54,81.87
88.56,120.54,81.87
88.56,120.54,81.87
88.56,120.54,81.87
88.56,120.54,81.87
88.56,120.54,81.87
88.56,120.54,81.87
88.56,120.54,81.87
88.56,120.54,81.87
88.56,120.54,81.87
88.56,120.54,81.87
88.56,120.54,81.87
88.56,120.54,81.87
88.56,120.54,81.87
88.56,120.54,81.87
88.56,120.54,81.87
88.56,120.54,81.87
88.56,120.54,81.87
88.56,120.54,81.87
88.56,120.54,81.87
88.56,120.54,81.87
88.56,120.54,81.87
88.56,120.54,81.87
88.56,120.54,81.87
88.56,120.54,81.87
88.56,120.54,81.87
88.56,120.54,81.87
88.56,120.54,81.87
88.56,120.54,81.87
88.56,120.54,81.87
88.56,120.54,81.87
88.56,120.54,81.87
88.56,120.54,81.87
88.56,120.54,81.87
88.56,120.54,81.87
88.56,120.54,81.87
88.56,120.54,81.87
88.56,120.54,81.87
88.56,120.54,81.87
88.56,120.54,81.87
88.56,120.54,81.87
88.56,120.54,81.87
88.56,120.54,81.87
88.56,120.54,81.87
88.56,120.54,81.87
88.56,120.54,81.87
88.56,120.54,81.87
88.56,120.54,81.87
88.56,120.54,81.87
88.56,120.54,81.87
88.56,120.54,81.87
88.56,120.54,81.87
88.56,120.54,81.87
88.56,120.54,81.87
88.56,120.54,81.87
88.56,120.54,81.87
88.56,122.59,80.00
88.56,122.59,80.00
88.56,122.59,80.00
88.56,122.59,80.00
88.56,122.59,80.00
88.56,122.59,80.00
88.56,122.59,80.00
88.56,122.59,80.00
88.56,122.59,80.00
88.56,122.59,80.00
88.56,122.59,80.00
88.56,122.59,80.00
88.56,122.59,80.00
88.56,122.59,80.00
88.56,122.59,80.00
88.56,122.59,80.00
88.14,123.01,79.27
88.15,123.01,79.29
88.12,123.01,79.25
88.10,123.01,79.22
88.11,123.01,79.23
88.10,123.01,79.22
88.09,123.01,79.20
88.56,122.59,80.00
88.56,122.59,80.00
88.56,122.59,80.00
88.56,122.59,80.00
88.56,122.59,80.00
88.56,122.59,80.00
88.56,122.59,80.00
88.22,122.96,79.40
88.14,123.01,79.27
88.11,123.01,79.24
88.14,123.01,79.27
88.17,123.01,79.31
88.56,122.59,80.00
88.56,122.59,80.00
88.56,122.59,80.00
88.56,122.59,80.00
88.56,122.59,80.00
88.17,123.01,79.30
88.15,123.01,79.28
88.14,123.01,79.27
88.15,123.01,79.28
88.13,123.01,79.25
88.16,123.01,79.29
88.16,123.01,79.30
88.16,123.01,79.30
88.56,120.54,81.87
88.56,120.54,81.87
88.56,120.54,81.87
88.56,120.54,81.87
88.56,120.54,81.87
88.56,120.54,81.87
88.56,120.54,81.87
88.56,120.54,81.87
88.56,120.54,81.87
88.56,120.54,81.87
88.56,120.54,81.87
88.56,120.54,81.87
88.56,120.54,81.87
88.56,120.54,81.87
88.56,120.54,81.87
88.56,120.54,81.87
88.56,120.54,81.87
88.56,120.54,81.87
88.56,120.54,81.87
88.56,120.54,81.87
88.56,120.54,81.87
88.56,120.54,81.87
88.56,120.54,81.87
88.56,120.54,81.87
88.56,120.54,81.87
88.56,120.54,81.87
88.56,120.54,81.87
88.56,120.54,81.87
88.56,120.54,81.87
88.56,120.54,81.87
88.56,120.54,81.87
88.56,120.54,81.87
88.56,120.54,81.87
88.56,120.54,81.87
88.56,120.54,81.87
88.56,120.54,81.87
88.56,120.54,81.87
88.56,120.54,81.87
88.56,120.54,81.87
88.56,120.54,81.87
88.56,120.54,81.87
88.56,120.54,81.87
88.56,120.54,81.87
88.56,120.54,81.87
88.56,120.54,81.87
88.56,120.54,81.87
88.56,120.54,81.87
88.56,120.54,81.87
88.56,120.54,81.87
88.56,120.54,81.87
88.56,120.54,81.87
88.56,120.54,81.87
88.56,120.54,81.87
88.56,120.54,81.87
88.56,120.54,81.87
88.56,120.54,81.87
88.97,121.80,81.02
88.97,121.80,81.02
88.97,121.80,81.02
88.97,121.80,81.02
88.97,121.80,81.02
88.97,121.80,81.02
88.97,121.80,81.02
88.97,121.80,81.02
88.97,121.80,81.02
88.56,120.54,81.87
88.56,120.54,81.87
88.56,120.54,81.87
88.56,120.54,81.87
88.56,120.54,81.87
88.97,121.80,81.02
88.97,121.80,81.02
88.97,121.80,81.02
88.97,121.80,81.02
88.97,121.80,81.02
88.97,121.80,81.02
88.97,121.80,81.02
88.56,120.54,81.87
88.56,120.54,81.87
88.56,120.54,81.87
88.97,121.80,81.02
88.97,121.80,81.02
88.97,121.80,81.02
88.97,121.80,81.02
88.97,121.80,81.02
88.97,121.80,81.02
88.97,121.80,81.02
88.97,121.80,81.02
88.97,121.80,81.02
88.97,121.80,81.02
88.97,121.80,81.02
88.97,121.80,81.02
88.97,121.80,81.02
88.97,121.80,81.02
88.97,121.80,81.02
88.97,121.80,81.02
88.97,121.80,81.02
88.97,121.80,81.02
88.97,121.80,81.02
88.97,121.80,81.02
88.97,121.80,81.02
88.97,121.80,81.02
88.97,121.80,81.02
88.97,121.80,81.02
88.97,121.80,81.02
88.97,121.80,81.02
88.97,121.80,81.02
88.97,121.80,81.02
88.97,121.80,81.02
88.97,121.80,81.02
88.97,121.80,81.02
88.97,121.80,81.02
88.97,121.80,81.02
88.97,121.80,81.02
88.97,121.80,81.02
88.97,121.80,81.02
88.97,121.80,81.02
88.97,121.80,81.02
88.97,121.80,81.02
88.97,121.80,81.02
88.97,121.80,81.02
88.97,121.80,81.02
88.97,121.80,81.02
88.97,121.80,81.02
88.97,121.80,81.02
88.97,121.80,81.02
88.97,121.80,81.02
88.97,121.80,81.02
88.97,121.80,81.02
88.97,121.80,81.02
88.97,121.80,81.02
88.97,121.80,81.02
88.97,121.80,81.02
88.97,121.80,81.02
88.97,121.80,81.02
88.97,121.80,81.02
88.97,121.80,81.02
88.97,121.80,81.02
88.97,121.80,81.02
88.97,121.80,81.02
88.97,121.80,81.02
88.97,121.80,81.02
88.97,121.80,81.02
88.97,121.80,81.02
88.97,121.80,81.02
88.97,121.80,81.02
88.56,122.59,80.00
88.56,122.59,80.00
88.56,122.59,80.00
88.56,122.59,80.00
88.56,122.59,80.00
88.56,122.59,80.00
88.56,122.59,80.00
88.97,121.80,81.02
88.97,121.80,81.02
88.97,121.80,81.02
88.97,121.80,81.02
88.97,121.80,81.02
88.97,121.80,81.02
88.97,121.80,81.02
88.56,122.59,80.00
88.56,122.59,80.00
88.56,122.59,80.00
88.56,122.59,80.00
88.56,122.59,80.00
88.97,121.80,81.02
88.97,121.80,81.02
88.97,121.80,81.02
88.97,121.80,81.02
88.97,121.80,81.02
88.56,122.59,80.00
88.56,122.59,80.00
88.56,122.59,80.00
88.56,122.59,80.00
88.56,122.59,80.00
88.56,122.59,80.00
88.56,122.59,80.00
88.56,122.59,80.00
88.97,121.80,81.02
88.97,121.80,81.02
88.97,121.80,81.02
88.97,121.80,81.02
88.97,121.80,81.02
88.97,121.80,81.02
88.97,121.80,81.02
88.97,121.80,81.02
88.97,121.80,81.02
88.97,121.80,81.02
88.97,121.80,81.02
88.97,121.80,81.02
88.97,121.80,81.02
88.97,121.80,81.02
88.97,121.80,81.02
88.97,121.80,81.02
88.97,121.80,81.02
88.97,121.80,81.02
88.97,121.80,81.02
88.97,121.80,81.02
88.97,121.80,81.02
88.97,121.80,81.02
88.97,121.80,81.02
88.97,121.80,81.02
88.97,121.80,81.02
88.97,121.80,81.02
88.97,121.80,81.02
88.97,121.80,81.02
88.97,121.80,81.02
88.97,121.80,81.02
88.97,121.80,81.02
88.97,121.80,81.02
88.97,121.80,81.02
88.97,121.80,81.02
88.97,121.80,81.02
88.97,121.80,81.02
88.97,121.80,81.02
88.97,121.80,81.02
88.97,121.80,81.02
88.97,121.80,81.02
88.97,121.80,81.02
88.97,121.80,81.02
88.97,121.80,81.02
88.97,121.80,81.02
88.97,121.80,81.02
88.97,121.80,81.02
88.97,121.80,81.02
88.97,121.80,81.02
88.97,121.80,81.02
88.97,121.80,81.02
88.97,121.80,81.02
88.97,121.80,81.02
88.97,121.80,81.02
88.97,121.80,81.02
88.97,121.80,81.02
88.97,121.80,81.02
88.97,121.80,81.02
88.97,121.80,81.02
88.97,121.80,81.02
88.97,121.80,81.02
88.97,121.80,81.02
88.97,121.80,81.02
88.97,121.80,81.02
88.97,121.80,81.02
88.97,121.80,81.02
88.97,121.80,81.02
88.97,121.80,81.02
88.97,121.80,81.02
88.97,121.80,81.02
88.97,121.80,81.02
88.97,121.80,81.02
88.97,121.80,81.02
88.97,121.80,81.02
88.97,121.80,81.02
