105.92,106.61,87.76
105.98,106.60,87.75
106.00,106.60,87.75
105.93,106.61,87.75
105.91,106.62,87.76
105.95,106.61,87.75
105.96,106.61,87.75
105.96,106.61,87.75
106.12,106.58,87.74
106.18,106.57,87.73
106.07,106.59,87.74
106.03,106.59,87.75
106.06,106.59,87.74
106.12,106.58,87.74
106.40,106.52,87.71
106.43,106.51,87.70
106.22,106.56,87.73
106.55,106.49,87.69
106.29,106.54,87.72
106.82,106.42,87.64
106.88,106.41,87.63
107.12,106.34,87.58
107.06,106.36,87.59
106.60,106.48,87.68
106.97,106.38,87.61
107.40,106.25,87.50
107.47,106.23,87.48
107.41,106.25,87.50
107.34,106.27,87.52
107.87,106.05,87.32
107.88,106.04,87.31
107.79,106.09,87.36
107.81,106.08,87.35
108.22,105.83,87.13
108.43,105.69,87.00
108.45,105.66,86.98
108.40,105.71,87.02
108.25,105.82,87.11
107.87,106.05,87.32
108.60,105.49,86.86
108.64,105.46,86.83
108.76,105.27,86.72
108.73,105.31,86.75
108.45,105.66,86.98
108.60,105.49,86.86
109.07,104.72,86.49
109.18,104.52,86.44
109.24,104.43,86.42
109.21,104.47,86.43
109.06,104.73,86.49
108.88,105.06,86.62
108.89,105.04,86.60
109.01,104.82,86.52
108.91,105.02,86.60
108.75,105.29,86.73
108.83,105.16,86.66
109.38,104.23,86.38
109.39,104.22,86.38
109.55,104.02,86.35
109.53,104.05,86.35
109.19,104.50,86.43
109.36,104.26,86.39
109.02,104.81,86.52
109.74,103.82,86.32
109.76,103.80,86.31
109.95,103.61,86.28
109.92,103.64,86.28
109.55,104.02,86.35
109.74,103.82,86.32
110.16,103.43,86.23
110.18,103.41,86.22
110.39,103.22,86.16
110.35,103.25,86.17
109.95,103.61,86.28
110.16,103.43,86.23
110.57,103.05,86.09
110.65,102.97,86.06
110.81,102.80,85.98
110.62,103.00,86.07
110.38,103.23,86.16
110.57,103.05,86.09
111.22,102.25,85.73
111.27,102.16,85.70
111.35,101.98,85.64
111.33,102.04,85.66
111.04,102.52,85.84
111.17,102.33,85.76
111.08,102.46,85.82
110.99,102.58,85.87
110.79,102.83,85.99
111.56,101.41,85.57
111.57,101.38,85.57
111.63,101.17,85.59
111.62,101.21,85.59
111.47,101.69,85.59
111.45,101.75,85.60
111.49,101.62,85.58
111.32,102.07,85.67
111.43,101.81,85.61
111.19,102.31,85.75
112.04,100.10,85.96
112.02,100.14,85.94
112.16,99.89,86.07
112.17,99.87,86.08
111.87,100.45,85.79
111.81,100.61,85.73
111.90,100.40,85.81
111.98,100.24,85.89
111.85,100.52,85.76
111.74,100.82,85.66
111.70,100.93,85.63
111.75,100.79,85.67
111.59,101.30,85.58
111.68,100.99,85.62
111.52,101.54,85.58
112.29,99.68,86.18
112.28,99.70,86.17
112.43,99.47,86.28
112.42,99.48,86.28
112.10,100.00,86.01
112.27,99.71,86.16
111.88,100.44,85.80
111.77,100.74,85.68
112.76,98.99,86.47
112.74,99.02,86.46
112.91,98.76,86.53
112.87,98.82,86.51
112.62,99.20,86.39
112.57,99.26,86.37
112.65,99.15,86.41
112.41,99.50,86.27
112.55,99.29,86.36
113.27,98.13,86.69
113.29,98.10,86.69
113.39,97.91,86.75
113.38,97.93,86.75
113.11,98.43,86.61
113.12,98.40,86.61
113.21,98.24,86.65
112.86,98.84,86.51
113.07,98.49,86.59
112.70,99.08,86.44
113.50,97.69,86.84
113.48,97.71,86.83
113.61,97.46,86.95
113.60,97.48,86.94
113.33,98.02,86.72
113.47,97.74,86.82
113.22,98.22,86.66
114.15,96.42,87.80
114.14,96.45,87.76
114.25,96.26,87.96
114.27,96.22,88.00
114.00,96.69,87.52
113.90,96.87,87.36
114.02,96.66,87.55
114.11,96.50,87.72
114.01,96.68,87.53
113.78,97.11,87.17
113.68,97.32,87.03
113.80,97.07,87.19
113.90,96.88,87.35
113.76,97.15,87.14
113.59,97.50,86.93
113.69,97.30,87.05
114.59,88.95,94.36
114.64,88.96,94.35
114.64,88.97,94.35
114.62,88.96,94.35
114.62,88.96,94.35
114.36,96.07,88.16
114.32,96.13,88.10
114.49,95.84,88.38
114.46,95.89,88.34
114.20,96.34,87.88
114.35,96.09,88.14
114.01,96.67,87.54
113.82,97.03,87.23
114.80,89.00,94.32
114.76,88.99,94.33
114.72,88.98,94.33
114.76,88.99,94.33
114.68,95.49,88.68
114.77,95.32,88.81
114.91,95.06,88.97
114.88,95.12,88.94
114.64,95.56,88.63
114.67,95.51,88.67
114.73,95.39,88.76
114.48,95.85,88.37
114.62,95.60,88.59
115.10,89.07,94.24
114.91,89.02,94.29
114.89,89.02,94.29
115.09,89.06,94.24
115.24,94.44,89.30
115.25,94.42,89.31
115.36,94.23,89.41
115.36,94.24,89.40
115.08,94.73,89.16
115.09,94.71,89.17
115.18,94.55,89.25
114.87,95.14,88.93
115.05,94.79,89.12
114.75,95.36,88.79
115.17,89.08,94.22
115.48,89.16,94.12
115.79,89.25,94.00
115.62,89.20,94.07
115.60,89.19,94.08
115.78,89.24,94.01
115.51,94.00,89.52
115.46,94.07,89.48
115.68,93.73,89.65
115.64,93.79,89.62
115.30,94.33,89.36
115.48,94.03,89.50
115.19,94.53,89.26
116.07,89.34,93.85
116.01,89.32,93.88
116.02,89.33,93.87
116.09,89.35,93.84
116.20,92.88,90.09
116.19,92.90,90.07
116.29,92.69,90.20
116.27,92.75,90.16
116.08,93.09,89.97
116.08,93.10,89.97
116.12,93.03,90.01
115.89,93.40,89.81
115.90,93.38,89.82
115.99,93.24,89.90
115.67,93.74,89.64
115.85,93.46,89.78
116.41,89.51,93.56
116.27,89.43,93.70
116.28,89.43,93.70
116.41,89.51,93.57
116.42,92.41,90.36
116.43,92.37,90.38
116.53,92.14,90.53
116.54,92.11,90.55
116.26,92.76,90.16
116.41,92.43,90.35
116.11,93.04,90.00
116.00,93.23,89.90
116.47,89.55,93.49
116.74,89.78,93.10
116.88,89.97,92.78
116.68,89.72,93.20
116.70,89.74,93.17
116.95,90.13,92.54
116.97,90.33,92.25
116.96,90.14,92.51
116.88,89.98,92.78
116.96,90.14,92.51
116.97,90.53,91.99
116.93,90.77,91.71
116.97,90.56,91.95
116.97,90.34,92.25
116.97,90.55,91.96
116.89,90.99,91.46
116.84,91.16,91.30
116.89,90.98,91.47
116.93,90.80,91.67
116.86,91.08,91.38
116.78,91.36,91.12
116.77,91.41,91.08
116.81,91.26,91.20
116.66,91.77,90.79
116.58,91.99,90.63
116.67,91.73,90.82
116.73,91.55,90.96
116.64,91.82,90.75
116.51,92.17,90.51
116.59,91.96,90.65
116.83,89.90,92.90
116.96,90.17,92.48
116.97,90.54,91.97
116.88,91.01,91.45
116.79,91.34,91.13
116.68,91.69,90.84
105.96,106.61,87.75
105.95,106.61,87.75
105.99,106.60,87.75
105.91,106.62,87.76
105.93,106.61,87.75
105.92,106.61,87.76
105.97,106.61,87.75
105.94,106.61,87.75
105.93,106.61,87.75
105.94,106.61,87.75
105.97,106.61,87.75
105.93,106.61,87.75
105.93,106.61,87.75
105.96,106.61,87.75
105.95,106.61,87.75
106.09,106.58,87.74
106.06,106.59,87.74
106.15,106.57,87.74
106.05,106.59,87.75
106.01,106.60,87.75
106.04,106.59,87.75
106.13,106.58,87.74
106.01,106.60,87.75
106.05,106.59,87.74
105.99,106.60,87.75
106.02,106.60,87.75
106.09,106.58,87.74
106.01,106.60,87.75
106.04,106.59,87.75
106.04,106.59,87.75
106.10,106.58,87.74
105.99,106.60,87.75
106.08,106.59,87.74
106.30,106.54,87.72
106.29,106.54,87.72
106.41,106.52,87.70
106.26,106.55,87.72
106.39,106.52,87.71
106.32,106.54,87.72
106.49,106.50,87.69
106.14,106.57,87.74
106.25,106.55,87.72
106.13,106.58,87.74
106.20,106.56,87.73
106.35,106.53,87.71
106.18,106.57,87.73
106.34,106.53,87.71
106.17,106.57,87.73
106.42,106.52,87.70
106.21,106.56,87.73
106.96,106.39,87.61
106.87,106.41,87.63
107.01,106.37,87.60
107.09,106.35,87.58
106.93,106.39,87.62
106.93,106.39,87.62
106.75,106.44,87.65
106.79,106.43,87.64
106.64,106.47,87.67
106.51,106.50,87.69
106.65,106.46,87.67
106.62,106.47,87.68
106.58,106.48,87.68
106.76,106.44,87.65
106.81,106.42,87.64
107.02,106.37,87.60
106.67,106.46,87.67
106.45,106.51,87.70
107.30,106.28,87.53
107.27,106.29,87.54
107.43,106.24,87.49
107.15,106.33,87.57
107.26,106.30,87.54
107.44,106.24,87.49
107.23,106.30,87.55
107.11,106.34,87.58
107.37,106.26,87.51
107.16,106.33,87.56
107.19,106.32,87.56
107.38,106.26,87.51
107.68,106.13,87.40
107.66,106.14,87.40
107.87,106.05,87.32
107.62,106.16,87.42
107.65,106.15,87.41
107.77,106.10,87.36
107.53,106.20,87.45
107.54,106.20,87.45
107.75,106.11,87.37
107.49,106.22,87.47
107.50,106.21,87.47
107.79,106.09,87.36
108.35,105.74,87.05
108.32,105.77,87.07
108.44,105.68,86.99
108.46,105.64,86.97
108.31,105.78,87.08
108.23,105.83,87.12
108.33,105.76,87.06
107.91,106.03,87.30
108.10,105.91,87.19
108.04,105.94,87.22
108.31,105.77,87.07
108.18,105.86,87.15
107.92,106.02,87.29
108.15,105.88,87.16
108.06,105.93,87.22
108.03,105.95,87.23
107.78,106.09,87.36
107.78,106.09,87.36
108.69,105.38,86.79
108.62,105.47,86.84
108.70,105.37,86.78
108.74,105.30,86.73
108.67,105.40,86.80
108.62,105.48,86.85
108.56,105.55,86.90
108.54,105.57,86.92
108.53,105.58,86.92
108.44,105.67,86.99
108.56,105.55,86.90
108.54,105.57,86.91
108.46,105.64,86.97
108.50,105.59,86.93
108.60,105.49,86.86
108.67,105.41,86.80
108.50,105.59,86.94
108.36,105.74,87.04
109.15,104.59,86.46
109.12,104.63,86.47
109.27,104.39,86.41
109.22,104.46,86.42
109.14,104.60,86.46
109.07,104.72,86.49
109.12,104.62,86.46
108.97,104.90,86.55
108.97,104.89,86.55
108.98,104.88,86.55
108.89,105.05,86.61
109.04,104.78,86.51
109.11,104.65,86.47
108.95,104.93,86.56
108.96,104.92,86.56
108.90,105.03,86.60
108.87,105.08,86.62
108.83,105.16,86.66
108.82,105.17,86.67
108.76,105.26,86.72
108.70,105.37,86.78
108.83,105.15,86.66
108.83,105.15,86.66
108.74,105.30,86.74
108.80,105.20,86.69
108.83,105.15,86.66
108.88,105.07,86.62
108.83,105.16,86.66
108.68,105.39,86.79
109.46,104.13,86.36
109.38,104.23,86.38
109.47,104.12,86.36
109.55,104.02,86.35
109.46,104.13,86.37
109.38,104.24,86.38
109.28,104.38,86.41
109.27,104.39,86.41
109.27,104.39,86.41
109.19,104.51,86.43
109.32,104.32,86.40
109.31,104.34,86.40
109.20,104.49,86.43
109.28,104.38,86.41
109.36,104.26,86.39
109.44,104.15,86.37
109.29,104.36,86.41
109.13,104.61,86.46
108.95,104.94,86.57
109.04,104.77,86.50
109.10,104.66,86.48
109.12,104.64,86.47
109.01,104.82,86.52
108.96,104.92,86.56
108.94,104.96,86.58
109.85,103.72,86.30
109.75,103.81,86.31
109.85,103.71,86.29
109.95,103.62,86.28
109.84,103.72,86.30
109.74,103.81,86.32
109.65,103.91,86.33
109.64,103.92,86.33
109.57,104.00,86.35
109.47,104.12,86.36
109.65,103.91,86.33
109.65,103.92,86.33
109.55,104.03,86.35
109.63,103.94,86.34
109.72,103.84,86.32
109.83,103.73,86.30
109.63,103.93,86.33
109.46,104.14,86.37
110.27,103.32,86.20
110.17,103.42,86.23
110.29,103.31,86.19
110.37,103.24,86.17
110.26,103.34,86.20
110.17,103.42,86.23
110.06,103.51,86.25
110.06,103.52,86.25
109.97,103.60,86.27
109.85,103.71,86.30
110.07,103.51,86.25
110.06,103.52,86.25
109.94,103.62,86.28
110.04,103.54,86.26
110.14,103.45,86.23
110.25,103.34,86.20
110.05,103.53,86.26
109.84,103.72,86.30
110.68,102.94,86.04
110.62,103.01,86.07
110.73,102.89,86.02
110.72,102.90,86.02
110.60,103.02,86.08
110.61,103.01,86.08
110.51,103.10,86.11
110.48,103.14,86.13
110.44,103.17,86.14
110.28,103.31,86.19
110.51,103.11,86.11
110.48,103.13,86.13
110.37,103.24,86.17
110.45,103.16,86.14
110.48,103.13,86.13
110.60,103.03,86.08
110.46,103.15,86.13
110.27,103.33,86.20
111.29,102.12,85.68
111.25,102.20,85.71
111.31,102.07,85.67
111.34,102.01,85.65
111.28,102.14,85.69
111.14,102.38,85.78
111.16,102.34,85.77
111.11,102.42,85.80
111.22,102.25,85.73
111.23,102.23,85.72
111.15,102.36,85.77
111.07,102.47,85.82
111.02,102.54,85.85
111.08,102.45,85.81
110.72,102.90,86.02
110.89,102.70,85.93
110.83,102.78,85.96
111.03,102.53,85.84
110.93,102.65,85.90
110.80,102.81,85.98
110.94,102.64,85.90
110.92,102.67,85.91
110.85,102.75,85.95
110.71,102.91,86.03
110.68,102.94,86.04
111.60,101.29,85.58
111.56,101.40,85.57
111.60,101.27,85.58
111.63,101.19,85.59
111.59,101.31,85.58
111.51,101.56,85.58
111.52,101.53,85.58
111.46,101.73,85.59
111.49,101.63,85.59
111.55,101.42,85.58
111.52,101.52,85.58
111.49,101.63,85.58
111.44,101.78,85.60
111.39,101.90,85.63
111.37,101.95,85.64
111.36,101.96,85.64
111.30,102.10,85.68
111.40,101.87,85.62
111.41,101.84,85.61
111.32,102.05,85.66
111.38,101.92,85.63
111.41,101.83,85.61
111.46,101.72,85.59
111.40,101.87,85.62
111.25,102.19,85.71
111.24,102.20,85.71
111.18,102.32,85.75
111.26,102.17,85.70
111.13,102.39,85.79
111.09,102.44,85.81
112.10,100.00,86.01
112.03,100.12,85.95
112.09,100.01,86.00
112.16,99.88,86.07
112.11,99.98,86.02
111.89,100.43,85.80
111.84,100.53,85.76
111.85,100.51,85.77
111.86,100.49,85.77
111.93,100.33,85.84
111.91,100.38,85.82
111.96,100.27,85.87
112.01,100.17,85.93
111.95,100.30,85.86
111.96,100.26,85.88
112.08,100.04,85.99
111.80,100.65,85.72
111.77,100.73,85.69
111.72,100.88,85.65
111.76,100.77,85.67
111.80,100.66,85.71
111.81,100.62,85.73
111.74,100.81,85.66
111.69,100.96,85.63
111.65,101.11,85.60
111.64,101.14,85.60
111.64,101.15,85.60
111.58,101.34,85.57
111.67,101.04,85.61
111.68,101.01,85.62
111.60,101.26,85.58
111.65,101.09,85.60
111.68,101.00,85.62
111.72,100.87,85.65
111.67,101.03,85.61
111.56,101.42,85.58
111.49,101.63,85.59
111.49,101.63,85.58
111.57,101.37,85.57
111.51,101.58,85.58
111.49,101.63,85.58
112.37,99.56,86.24
112.28,99.69,86.17
112.35,99.58,86.22
112.43,99.48,86.28
112.36,99.58,86.23
112.28,99.70,86.17
112.19,99.85,86.09
112.18,99.85,86.09
112.15,99.92,86.05
112.06,100.07,85.97
112.22,99.80,86.11
112.22,99.79,86.12
112.13,99.94,86.04
112.22,99.79,86.12
112.30,99.67,86.18
112.35,99.59,86.22
112.24,99.77,86.13
111.89,100.42,85.80
111.85,100.52,85.76
111.95,100.29,85.86
111.99,100.22,85.90
111.93,100.33,85.85
111.86,100.48,85.78
112.03,100.12,85.95
111.82,100.58,85.74
111.74,100.82,85.66
111.74,100.81,85.66
111.81,100.62,85.73
111.76,100.76,85.68
111.74,100.82,85.66
112.84,98.87,86.50
112.75,99.00,86.46
112.83,98.89,86.49
112.89,98.78,86.52
112.81,98.92,86.49
112.68,99.11,86.43
112.67,99.12,86.42
112.59,99.24,86.38
112.66,99.14,86.42
112.76,98.98,86.47
112.70,99.07,86.44
112.63,99.17,86.40
112.56,99.28,86.37
112.50,99.37,86.32
112.48,99.39,86.32
112.43,99.46,86.28
112.35,99.59,86.22
112.50,99.36,86.33
112.51,99.35,86.34
112.42,99.49,86.27
112.49,99.38,86.32
112.54,99.32,86.35
112.63,99.17,86.40
112.51,99.36,86.33
112.34,99.61,86.21
113.33,98.02,86.72
113.28,98.11,86.69
113.34,98.01,86.72
113.38,97.92,86.75
113.33,98.03,86.71
113.19,98.28,86.64
113.20,98.26,86.65
113.11,98.42,86.61
113.20,98.25,86.65
113.29,98.09,86.70
113.24,98.19,86.67
113.16,98.32,86.63
112.88,98.79,86.52
112.80,98.92,86.48
112.99,98.63,86.56
113.01,98.58,86.57
113.09,98.45,86.60
112.96,98.66,86.55
112.86,98.83,86.51
112.97,98.65,86.55
113.09,98.46,86.60
112.99,98.62,86.56
113.01,98.59,86.57
113.15,98.36,86.62
112.78,98.95,86.47
112.63,99.17,86.40
112.64,99.17,86.41
112.79,98.95,86.48
112.68,99.11,86.43
112.63,99.17,86.40
113.55,97.57,86.89
113.49,97.70,86.83
113.55,97.59,86.89
113.60,97.47,86.95
113.54,97.59,86.89
113.48,97.72,86.82
113.41,97.87,86.77
113.40,97.88,86.77
113.39,97.90,86.76
113.31,98.06,86.70
113.44,97.81,86.79
113.44,97.80,86.80
113.35,97.97,86.73
113.43,97.81,86.79
113.43,97.82,86.79
113.54,97.60,86.88
113.44,97.80,86.80
113.28,98.12,86.69
113.23,98.22,86.66
113.17,98.32,86.64
113.30,98.08,86.70
113.22,98.23,86.66
113.15,98.35,86.63
114.20,96.34,87.88
114.14,96.43,87.78
114.19,96.35,87.86
114.26,96.24,87.98
114.21,96.32,87.90
114.01,96.68,87.53
113.95,96.78,87.44
113.96,96.76,87.46
114.00,96.69,87.52
114.05,96.60,87.61
114.06,96.59,87.62
114.08,96.55,87.66
114.13,96.46,87.75
114.07,96.57,87.64
114.08,96.56,87.65
114.19,96.36,87.85
113.79,97.09,87.18
113.73,97.21,87.10
113.74,97.19,87.12
113.77,97.13,87.15
113.87,96.93,87.31
113.83,97.01,87.24
113.89,96.89,87.34
113.94,96.79,87.43
113.85,96.98,87.27
113.85,96.97,87.28
113.95,96.78,87.44
113.68,97.31,87.04
113.63,97.41,86.98
113.64,97.40,86.99
113.58,97.51,86.93
113.54,97.60,86.88
113.64,97.38,86.99
113.70,97.28,87.06
113.59,97.49,86.93
113.64,97.39,86.99
113.67,97.32,87.03
113.72,97.22,87.09
113.68,97.31,87.04
113.53,97.62,86.87
114.61,88.96,94.36
114.61,88.96,94.36
114.64,88.96,94.35
114.63,88.96,94.35
114.61,88.96,94.36
114.60,88.96,94.36
114.63,88.96,94.35
114.62,88.96,94.35
114.42,95.96,88.27
114.34,96.10,88.13
114.41,95.99,88.24
114.47,95.87,88.36
114.41,95.98,88.24
114.33,96.11,88.12
114.26,96.24,87.99
114.27,96.21,88.01
114.23,96.29,87.93
114.17,96.40,87.82
114.29,96.19,88.03
114.30,96.17,88.06
114.23,96.28,87.94
114.31,96.16,88.07
114.36,96.06,88.17
114.40,96.00,88.23
114.31,96.15,88.08
114.01,96.67,87.54
113.96,96.77,87.45
114.07,96.56,87.65
114.11,96.50,87.71
114.06,96.58,87.63
114.01,96.68,87.53
114.16,96.42,87.80
113.81,97.05,87.21
113.75,97.17,87.13
113.86,96.95,87.30
113.91,96.85,87.38
113.86,96.96,87.29
113.79,97.09,87.18
113.95,96.78,87.44
113.75,97.16,87.13
114.70,88.98,94.34
114.72,88.98,94.33
114.78,88.99,94.32
114.72,88.98,94.33
114.69,88.98,94.34
114.74,88.99,94.33
114.68,88.97,94.34
114.70,88.98,94.34
114.78,88.99,94.32
114.69,88.98,94.34
114.67,88.97,94.34
114.74,88.99,94.33
114.85,95.17,88.91
114.78,95.31,88.82
114.84,95.19,88.90
114.89,95.09,88.96
114.83,95.21,88.89
114.71,95.43,88.74
114.71,95.44,88.72
114.65,95.55,88.64
114.72,95.42,88.74
114.80,95.26,88.85
114.75,95.35,88.79
114.69,95.47,88.70
114.48,95.85,88.38
114.40,95.99,88.24
114.57,95.69,88.51
114.58,95.68,88.52
114.64,95.57,88.63
114.55,95.72,88.49
114.47,95.87,88.35
114.54,95.75,88.46
114.63,95.58,88.62
114.55,95.73,88.48
114.56,95.70,88.51
114.68,95.49,88.69
114.42,95.97,88.26
114.84,89.01,94.31
114.93,89.03,94.28
115.00,89.04,94.27
114.95,89.03,94.28
114.81,89.00,94.31
114.90,89.02,94.29
114.81,89.00,94.32
114.94,89.03,94.28
115.10,89.07,94.24
114.92,89.03,94.29
114.83,89.00,94.31
114.99,89.04,94.27
115.30,94.34,89.35
115.25,94.43,89.31
115.31,94.32,89.36
115.36,94.24,89.40
115.30,94.35,89.35
115.16,94.59,89.23
115.17,94.58,89.24
115.08,94.73,89.16
115.17,94.57,89.24
115.27,94.39,89.33
115.21,94.49,89.28
115.14,94.63,89.21
114.89,95.10,88.95
114.82,95.22,88.88
114.98,94.93,89.05
115.00,94.89,89.07
115.07,94.76,89.14
114.96,94.97,89.03
114.87,95.13,88.94
114.96,94.96,89.03
115.06,94.77,89.14
114.98,94.92,89.05
114.99,94.90,89.06
115.11,94.68,89.18
114.81,95.25,88.86
114.76,95.34,88.80
114.70,95.45,88.72
114.81,95.24,88.87
114.74,95.38,88.77
114.68,95.48,88.69
115.04,89.05,94.26
115.14,89.08,94.23
115.04,89.05,94.26
115.55,89.18,94.10
115.66,89.21,94.06
115.72,89.22,94.03
115.13,89.07,94.23
115.38,89.14,94.15
115.34,89.13,94.16
115.60,89.19,94.07
115.39,89.14,94.15
115.35,89.13,94.16
115.31,89.12,94.18
115.29,89.11,94.18
115.54,89.18,94.10
115.65,89.20,94.06
115.80,89.25,93.99
115.69,89.22,94.04
115.59,93.87,89.58
115.48,94.04,89.50
115.57,93.90,89.57
115.66,93.76,89.63
115.57,93.90,89.56
115.47,94.05,89.49
115.38,94.21,89.42
115.39,94.19,89.43
115.35,94.25,89.40
115.28,94.37,89.34
115.41,94.15,89.44
115.43,94.12,89.46
115.33,94.29,89.38
115.42,94.14,89.45
115.50,94.02,89.51
115.56,93.92,89.56
115.43,94.13,89.46
115.25,94.43,89.31
115.20,94.52,89.26
115.14,94.62,89.21
115.27,94.38,89.33
115.19,94.54,89.26
115.12,94.66,89.19
115.82,89.26,93.98
116.03,89.33,93.86
116.05,89.34,93.85
115.95,89.30,93.92
115.82,89.26,93.98
116.00,89.32,93.89
115.81,89.25,93.99
115.94,89.30,93.92
116.06,89.34,93.85
115.93,89.29,93.93
115.92,89.29,93.94
116.06,89.34,93.85
116.25,92.79,90.14
116.18,92.91,90.07
116.24,92.79,90.14
116.28,92.71,90.18
116.23,92.82,90.12
116.14,92.99,90.03
116.14,92.99,90.03
116.08,93.09,89.97
116.13,93.00,90.02
116.19,92.89,90.08
116.16,92.96,90.04
116.10,93.06,89.99
115.99,93.24,89.89
115.99,93.25,89.89
115.90,93.39,89.82
115.98,93.25,89.89
116.05,93.14,89.95
116.04,93.16,89.94
115.94,93.32,89.86
115.67,93.74,89.64
115.56,93.91,89.56
115.79,93.56,89.73
115.79,93.55,89.74
115.88,93.42,89.80
115.76,93.60,89.71
115.65,93.77,89.63
115.74,93.63,89.70
115.87,93.43,89.80
115.77,93.59,89.72
115.78,93.57,89.73
115.92,93.35,89.84
115.58,93.89,89.57
116.12,89.36,93.82
116.22,89.42,93.73
116.42,89.52,93.55
116.23,89.42,93.73
116.13,89.37,93.81
116.26,89.43,93.71
116.14,89.37,93.80
116.24,89.42,93.72
116.41,89.51,93.56
116.25,89.42,93.72
116.15,89.38,93.79
116.34,89.47,93.63
116.47,92.28,90.44
116.43,92.40,90.37
116.48,92.25,90.46
116.53,92.12,90.54
116.48,92.26,90.45
116.28,92.72,90.18
116.22,92.83,90.11
116.35,92.56,90.27
116.37,92.53,90.29
116.42,92.40,90.37
116.33,92.60,90.25
116.26,92.75,90.16
116.34,92.59,90.25
116.41,92.43,90.35
116.34,92.59,90.26
116.35,92.55,90.28
116.47,92.27,90.45
116.19,92.90,90.08
116.18,92.92,90.06
116.09,93.07,89.98
116.19,92.90,90.08
116.11,93.04,90.00
116.06,93.13,89.95
116.01,93.21,89.91
115.95,93.30,89.86
116.06,93.13,89.95
116.00,93.23,89.90
115.93,93.34,89.84
116.36,89.48,93.62
116.43,89.53,93.54
116.37,89.49,93.61
116.72,89.75,93.15
116.82,89.88,92.94
116.79,89.84,92.99
116.44,89.53,93.53
116.56,89.62,93.37
116.56,89.62,93.38
116.69,89.73,93.19
116.57,89.63,93.36
116.55,89.61,93.39
116.59,89.65,93.32
116.61,89.66,93.30
116.72,89.76,93.14
116.95,90.14,92.53
116.97,90.22,92.40
116.97,90.24,92.38
116.95,90.14,92.52
116.92,90.05,92.66
116.92,90.06,92.65
116.87,89.95,92.81
116.81,89.87,92.94
116.91,90.05,92.67
116.92,90.06,92.65
116.80,89.85,92.98
116.97,90.57,91.93
116.96,90.65,91.85
116.95,90.66,91.83
116.97,90.55,91.96
116.97,90.44,92.10
116.97,90.44,92.11
116.97,90.33,92.26
116.97,90.23,92.39
116.97,90.44,92.10
116.97,90.44,92.11
116.97,90.24,92.37
116.89,90.98,91.47
116.87,91.07,91.38
116.87,91.06,91.39
116.88,91.03,91.42
116.91,90.89,91.58
116.90,90.92,91.54
116.94,90.75,91.73
116.95,90.67,91.82
116.91,90.88,91.59
116.91,90.87,91.59
116.95,90.68,91.81
116.84,91.18,91.28
116.81,91.26,91.21
116.77,91.39,91.09
116.80,91.29,91.18
116.84,91.17,91.29
116.85,91.13,91.33
116.80,91.32,91.16
116.67,91.75,90.81
116.62,91.88,90.71
116.63,91.85,90.73
116.65,91.80,90.77
116.69,91.66,90.87
116.68,91.68,90.85
116.72,91.56,90.95
116.76,91.45,91.04
116.71,91.60,90.92
116.72,91.58,90.94
116.77,91.40,91.09
116.59,91.97,90.64
116.55,92.08,90.57
116.56,92.07,90.58
116.51,92.18,90.51
116.47,92.28,90.44
116.56,92.06,90.59
116.60,91.95,90.66
116.52,92.15,90.53
116.57,92.03,90.60
116.59,91.96,90.65
116.62,91.89,90.70
116.60,91.94,90.67
116.46,92.31,90.43
116.77,89.82,93.04
116.86,89.94,92.84
116.77,89.82,93.03
116.96,90.15,92.50
116.97,90.25,92.36
116.92,90.07,92.63
116.90,90.03,92.69
116.93,90.08,92.62
116.96,90.15,92.50
116.86,89.94,92.83
116.97,90.55,91.96
116.95,90.66,91.83
116.97,90.46,92.09
116.97,90.37,92.20
116.97,90.46,92.08
116.97,90.55,91.96
116.96,90.26,92.35
116.89,90.99,91.46
116.86,91.08,91.37
116.91,90.89,91.57
116.93,90.77,91.71
116.91,90.90,91.56
116.87,91.04,91.41
116.95,90.67,91.82
116.84,91.17,91.29
116.77,91.41,91.08
116.78,91.39,91.09
116.83,91.20,91.26
116.80,91.30,91.17
116.68,91.71,90.84
116.63,91.84,90.74
116.72,91.56,90.95
116.74,91.52,90.99
116.70,91.62,90.90
116.66,91.75,90.80
116.76,91.43,91.06
116.64,91.83,90.75
105.94,106.61,87.75
105.94,106.61,87.75
105.96,106.61,87.75
105.97,106.61,87.75
105.97,106.61,87.75
105.99,106.60,87.75
105.98,106.60,87.75
106.00,106.60,87.75
105.98,106.60,87.75
105.92,106.61,87.76
105.92,106.61,87.75
105.92,106.61,87.76
105.92,106.61,87.75
105.93,106.61,87.75
105.93,106.61,87.75
105.92,106.61,87.76
105.91,106.62,87.76
105.91,106.62,87.76
105.98,106.60,87.75
105.96,106.61,87.75
105.95,106.61,87.75
105.95,106.61,87.75
105.94,106.61,87.75
105.94,106.61,87.75
105.93,106.61,87.75
105.93,106.61,87.75
105.94,106.61,87.75
105.94,106.61,87.75
105.92,106.61,87.75
105.92,106.62,87.76
105.93,106.61,87.75
105.94,106.61,87.75
105.95,106.61,87.75
105.95,106.61,87.75
105.96,106.61,87.75
105.96,106.61,87.75
105.97,106.60,87.75
105.92,106.61,87.76
105.92,106.61,87.75
105.94,106.61,87.75
105.94,106.61,87.75
105.93,106.61,87.75
105.95,106.61,87.75
105.96,106.61,87.75
105.95,106.61,87.75
105.95,106.61,87.75
105.96,106.61,87.75
105.93,106.61,87.75
105.92,106.61,87.76
105.95,106.61,87.75
105.94,106.61,87.75
105.94,106.61,87.75
105.96,106.61,87.75
105.93,106.61,87.75
106.05,106.59,87.75
106.03,106.59,87.75
106.08,106.59,87.74
106.11,106.58,87.74
106.09,106.58,87.74
106.14,106.57,87.74
106.12,106.58,87.74
106.17,106.57,87.73
106.13,106.58,87.74
106.02,106.60,87.75
106.02,106.60,87.75
106.06,106.59,87.74
106.09,106.58,87.74
106.03,106.59,87.75
105.97,106.61,87.75
105.99,106.60,87.75
106.00,106.60,87.75
106.02,106.60,87.75
106.02,106.60,87.75
106.06,106.59,87.74
106.04,106.59,87.75
106.07,106.59,87.74
106.11,106.58,87.74
106.16,106.57,87.74
106.09,106.58,87.74
106.10,106.58,87.74
106.04,106.59,87.75
106.01,106.60,87.75
105.98,106.60,87.75
105.98,106.60,87.75
105.97,106.61,87.75
106.04,106.59,87.75
106.01,106.60,87.75
106.02,106.60,87.75
106.00,106.60,87.75
105.97,106.61,87.75
106.03,106.59,87.75
106.07,106.59,87.74
106.00,106.60,87.75
106.04,106.59,87.75
106.06,106.59,87.74
106.05,106.59,87.75
106.08,106.58,87.74
106.07,106.59,87.74
106.11,106.58,87.74
105.98,106.60,87.75
105.99,106.60,87.75
106.02,106.60,87.75
106.04,106.59,87.75
106.00,106.60,87.75
106.00,106.60,87.75
106.00,106.60,87.75
106.04,106.59,87.75
106.08,106.58,87.74
106.08,106.58,87.74
106.00,106.60,87.75
106.00,106.60,87.75
106.03,106.60,87.75
106.07,106.59,87.74
106.11,106.58,87.74
106.05,106.59,87.75
106.08,106.59,87.74
106.01,106.60,87.75
105.99,106.60,87.75
105.97,106.60,87.75
105.98,106.60,87.75
105.97,106.61,87.75
106.10,106.58,87.74
106.06,106.59,87.74
106.02,106.60,87.75
106.04,106.59,87.75
106.06,106.59,87.74
106.24,106.55,87.73
106.24,106.55,87.73
106.30,106.54,87.72
106.35,106.53,87.71
106.34,106.53,87.71
106.41,106.52,87.71
106.36,106.53,87.71
106.42,106.52,87.70
106.36,106.53,87.71
106.19,106.56,87.73
106.21,106.56,87.73
106.28,106.55,87.72
106.33,106.53,87.72
106.22,106.56,87.73
106.30,106.54,87.72
106.27,106.55,87.72
106.35,106.53,87.71
106.40,106.52,87.71
106.38,106.52,87.71
106.46,106.51,87.70
106.44,106.51,87.70
106.52,106.49,87.69
106.47,106.51,87.70
106.18,106.57,87.73
106.23,106.56,87.73
106.20,106.56,87.73
106.11,106.58,87.74
106.16,106.57,87.74
106.29,106.54,87.72
106.34,106.53,87.71
106.19,106.56,87.73
106.21,106.56,87.73
106.28,106.54,87.72
106.10,106.58,87.74
106.14,106.57,87.74
106.17,106.57,87.73
106.09,106.58,87.74
106.08,106.59,87.74
106.17,106.57,87.73
106.24,106.55,87.73
106.27,106.55,87.72
106.25,106.55,87.73
106.32,106.54,87.72
106.31,106.54,87.72
106.37,106.53,87.71
106.12,106.58,87.74
106.13,106.57,87.74
106.19,106.56,87.73
106.23,106.55,87.73
106.15,106.57,87.74
106.44,106.51,87.70
106.36,106.53,87.71
106.26,106.55,87.72
106.23,106.56,87.73
106.15,106.57,87.74
106.28,106.55,87.72
106.20,106.56,87.73
106.48,106.50,87.70
106.38,106.52,87.71
106.31,106.54,87.72
106.36,106.53,87.71
106.25,106.55,87.72
106.27,106.55,87.72
106.16,106.57,87.73
106.19,106.56,87.73
106.14,106.57,87.74
106.15,106.57,87.74
106.10,106.58,87.74
106.15,106.57,87.74
106.13,106.58,87.74
106.88,106.41,87.63
106.85,106.42,87.63
106.90,106.40,87.62
106.92,106.40,87.62
106.87,106.41,87.63
106.94,106.39,87.62
106.98,106.38,87.61
107.06,106.36,87.59
107.05,106.36,87.59
107.10,106.35,87.58
107.03,106.37,87.60
107.01,106.37,87.60
107.07,106.35,87.59
106.99,106.38,87.61
106.95,106.39,87.62
106.87,106.41,87.63
106.91,106.40,87.62
106.83,106.42,87.64
106.87,106.41,87.63
106.77,106.43,87.65
106.68,106.46,87.66
106.70,106.45,87.66
106.87,106.41,87.63
106.89,106.40,87.63
106.96,106.39,87.61
106.76,106.44,87.65
106.69,106.45,87.66
106.57,106.48,87.68
106.52,106.49,87.69
106.45,106.51,87.70
106.62,106.47,87.67
106.56,106.48,87.68
106.77,106.43,87.65
106.75,106.44,87.65
106.72,106.45,87.66
106.71,106.45,87.66
106.63,106.47,87.67
106.52,106.49,87.69
106.54,106.49,87.69
106.53,106.49,87.69
106.65,106.46,87.67
106.54,106.49,87.69
106.56,106.48,87.68
106.66,106.46,87.67
106.67,106.46,87.67
106.78,106.43,87.65
106.88,106.41,87.63
106.69,106.45,87.66
106.59,106.48,87.68
106.68,106.46,87.66
106.79,106.43,87.65
106.91,106.40,87.62
106.94,106.39,87.62
107.04,106.36,87.60
106.89,106.40,87.63
107.00,106.38,87.61
106.61,106.47,87.68
106.59,106.48,87.68
106.55,106.49,87.68
106.65,106.46,87.67
106.74,106.44,87.66
106.87,106.41,87.63
106.74,106.44,87.65
106.80,106.43,87.64
106.42,106.51,87.70
106.39,106.52,87.71
106.37,106.53,87.71
106.47,106.50,87.70
106.53,106.49,87.69
106.50,106.50,87.69
106.51,106.50,87.69
106.43,106.51,87.70
107.21,106.31,87.55
107.20,106.32,87.56
107.28,106.29,87.53
107.35,106.27,87.52
107.33,106.27,87.52
107.41,106.25,87.50
107.36,106.26,87.51
107.45,106.23,87.48
107.38,106.26,87.51
106.86,106.41,87.63
107.08,106.35,87.59
107.20,106.31,87.55
107.27,106.29,87.54
107.13,106.33,87.57
107.37,106.26,87.51
107.28,106.29,87.53
107.18,106.32,87.56
107.16,106.33,87.56
107.19,106.32,87.56
107.42,106.24,87.49
107.32,106.28,87.52
107.33,106.27,87.52
107.25,106.30,87.54
107.14,106.33,87.57
107.35,106.27,87.52
107.46,106.23,87.48
107.00,106.37,87.60
107.13,106.34,87.57
107.24,106.30,87.54
107.22,106.31,87.55
107.36,106.27,87.51
107.26,106.30,87.54
107.39,106.26,87.51
107.07,106.36,87.59
107.04,106.36,87.60
107.14,106.33,87.57
107.25,106.30,87.54
107.02,106.37,87.60
107.31,106.28,87.53
107.22,106.31,87.55
107.11,106.34,87.58
107.09,106.35,87.59
107.13,106.34,87.57
107.36,106.27,87.51
107.26,106.29,87.54
107.17,106.32,87.56
107.29,106.29,87.53
107.39,106.25,87.50
107.57,106.18,87.44
107.56,106.19,87.44
107.67,106.14,87.40
107.76,106.10,87.37
107.75,106.10,87.37
107.87,106.05,87.32
107.77,106.10,87.36
107.88,106.04,87.31
107.77,106.10,87.36
107.52,106.20,87.46
107.53,106.20,87.45
107.64,106.15,87.41
107.75,106.11,87.37
107.55,106.19,87.45
107.76,106.10,87.36
107.66,106.14,87.40
107.54,106.19,87.45
107.53,106.20,87.46
107.55,106.19,87.45
107.71,106.12,87.39
107.61,106.17,87.43
107.65,106.15,87.41
107.61,106.17,87.43
107.48,106.22,87.48
107.70,106.13,87.39
107.78,106.09,87.36
107.46,106.23,87.48
107.57,106.18,87.44
107.63,106.16,87.42
107.60,106.17,87.43
107.72,106.12,87.39
107.69,106.13,87.39
107.78,106.09,87.36
107.42,106.24,87.49
107.43,106.24,87.49
107.51,106.21,87.46
107.59,106.18,87.43
107.45,106.23,87.49
107.58,106.18,87.44
107.52,106.21,87.46
107.44,106.24,87.49
107.43,106.24,87.49
107.46,106.23,87.48
107.80,106.09,87.35
107.59,106.18,87.44
107.50,106.22,87.47
107.58,106.18,87.44
107.79,106.09,87.36
108.30,105.79,87.08
108.28,105.80,87.09
108.34,105.75,87.05
108.39,105.72,87.03
108.38,105.72,87.03
108.43,105.68,87.00
108.40,105.70,87.01
108.45,105.66,86.98
108.41,105.70,87.01
108.45,105.67,86.98
108.40,105.71,87.02
108.37,105.73,87.04
108.46,105.63,86.96
108.46,105.62,86.96
108.47,105.62,86.96
108.27,105.80,87.10
108.23,105.83,87.12
108.28,105.80,87.09
108.29,105.79,87.09
108.24,105.82,87.12
108.29,105.79,87.09
108.33,105.76,87.06
108.38,105.72,87.03
107.93,106.02,87.29
108.03,105.95,87.23
107.99,105.97,87.25
108.08,105.92,87.21
108.17,105.86,87.15
108.13,105.89,87.18
107.98,105.98,87.26
107.95,106.00,87.28
107.88,106.04,87.31
108.27,105.80,87.10
108.20,105.85,87.14
108.15,105.88,87.17
108.07,105.93,87.21
108.25,105.82,87.11
108.26,105.81,87.11
108.46,105.63,86.96
107.90,106.03,87.30
108.01,105.96,87.24
108.02,105.96,87.24
108.16,105.87,87.16
108.26,105.81,87.10
108.06,105.94,87.22
107.94,106.01,87.28
108.21,105.84,87.13
108.09,105.92,87.20
107.97,105.99,87.26
108.19,105.85,87.14
108.14,105.88,87.17
107.94,106.01,87.28
107.96,106.00,87.27
108.05,105.94,87.22
108.12,105.90,87.19
107.96,105.99,87.27
108.12,105.90,87.18
108.04,105.95,87.23
108.14,105.89,87.17
107.86,106.06,87.33
107.87,106.05,87.32
107.89,106.04,87.31
107.78,106.09,87.36
107.74,106.11,87.38
107.83,106.07,87.34
107.77,106.09,87.36
107.72,106.12,87.38
107.87,106.05,87.32
107.89,106.04,87.31
107.74,106.11,87.38
107.78,106.09,87.36
107.73,106.12,87.38
108.65,105.44,86.82
108.61,105.48,86.85
108.66,105.43,86.82
108.66,105.42,86.81
108.63,105.46,86.84
108.67,105.41,86.80
108.69,105.38,86.78
108.73,105.32,86.75
108.72,105.33,86.76
108.75,105.28,86.73
108.72,105.34,86.76
108.71,105.35,86.77
108.74,105.30,86.74
108.70,105.35,86.77
108.68,105.39,86.79
108.64,105.45,86.83
108.63,105.47,86.84
108.59,105.50,86.87
108.59,105.51,86.87
108.55,105.56,86.90
108.53,105.58,86.92
108.52,105.58,86.93
108.58,105.52,86.88
108.57,105.53,86.89
108.61,105.48,86.85
108.59,105.52,86.88
108.55,105.56,86.91
108.51,105.59,86.93
108.45,105.65,86.98
108.44,105.68,86.99
108.52,105.59,86.93
108.45,105.66,86.98
108.59,105.51,86.87
108.59,105.51,86.87
108.58,105.52,86.88
108.57,105.53,86.88
108.55,105.56,86.90
108.52,105.59,86.93
108.52,105.58,86.92
108.51,105.59,86.93
108.55,105.56,86.91
108.52,105.59,86.93
108.46,105.63,86.97
108.45,105.64,86.97
108.45,105.64,86.97
108.53,105.58,86.92
108.56,105.54,86.89
108.45,105.65,86.98
108.45,105.67,86.99
108.45,105.65,86.97
108.49,105.60,86.94
108.48,105.61,86.95
108.47,105.61,86.95
108.70,105.36,86.77
108.60,105.50,86.86
108.64,105.45,86.83
108.45,105.64,86.97
108.45,105.65,86.97
108.45,105.65,86.97
108.53,105.58,86.92
108.57,105.54,86.89
108.48,105.61,86.95
108.49,105.60,86.94
108.59,105.50,86.87
108.39,105.72,87.02
108.35,105.75,87.05
108.30,105.78,87.08
108.41,105.70,87.01
108.42,105.69,87.00
108.37,105.73,87.04
108.39,105.71,87.02
108.34,105.76,87.06
109.11,104.66,86.48
109.09,104.67,86.48
109.13,104.60,86.46
109.16,104.56,86.45
109.15,104.57,86.45
109.20,104.50,86.43
109.18,104.54,86.44
109.22,104.46,86.42
109.19,104.51,86.43
109.23,104.45,86.42
109.28,104.38,86.41
109.18,104.53,86.44
109.22,104.47,86.43
109.17,104.54,86.44
109.14,104.59,86.46
109.10,104.67,86.48
109.07,104.72,86.49
109.09,104.68,86.48
109.09,104.68,86.48
109.07,104.73,86.49
109.09,104.68,86.48
109.12,104.63,86.47
109.15,104.57,86.45
109.02,104.80,86.52
109.02,104.81,86.52
108.97,104.90,86.55
108.93,104.98,86.58
108.93,104.97,86.58
109.02,104.81,86.52
109.02,104.81,86.52
109.02,104.80,86.52
108.98,104.89,86.55
108.93,104.97,86.58
108.94,104.96,86.58
108.89,105.05,86.61
108.93,104.97,86.58
108.89,105.06,86.61
109.05,104.75,86.50
109.09,104.69,86.48
109.13,104.61,86.46
109.16,104.55,86.45
109.08,104.71,86.49
109.06,104.73,86.49
109.03,104.79,86.52
108.92,104.99,86.59
108.97,104.91,86.56
109.01,104.83,86.53
109.00,104.85,86.53
108.98,104.88,86.54
108.99,104.87,86.54
108.96,104.93,86.56
108.83,105.16,86.66
108.83,105.16,86.66
108.90,105.03,86.60
108.93,104.98,86.59
108.90,105.04,86.60
108.88,105.07,86.62
108.85,105.12,86.64
108.84,105.13,86.65
108.83,105.16,86.66
108.78,105.23,86.70
108.83,105.16,86.67
108.84,105.14,86.65
108.83,105.15,86.66
108.87,105.09,86.63
108.83,105.16,86.66
108.80,105.21,86.69
108.73,105.32,86.75
108.70,105.36,86.78
108.67,105.41,86.81
108.76,105.28,86.73
108.73,105.33,86.75
108.85,105.11,86.64
108.85,105.11,86.64
108.86,105.10,86.64
108.86,105.10,86.63
108.83,105.15,86.66
108.79,105.22,86.70
108.79,105.22,86.70
108.73,105.31,86.75
108.80,105.21,86.69
108.76,105.27,86.72
108.74,105.31,86.74
108.77,105.26,86.72
108.77,105.25,86.71
108.81,105.19,86.68
108.83,105.15,86.66
108.77,105.25,86.71
108.75,105.29,86.73
108.78,105.24,86.71
108.83,105.16,86.66
108.85,105.12,86.65
108.86,105.09,86.63
108.89,105.04,86.61
108.84,105.14,86.65
108.87,105.08,86.63
108.77,105.24,86.71
108.78,105.24,86.70
108.79,105.23,86.70
108.83,105.15,86.66
108.86,105.11,86.64
108.86,105.10,86.63
108.83,105.15,86.66
108.86,105.10,86.64
108.66,105.42,86.81
108.65,105.43,86.82
108.65,105.44,86.82
108.69,105.38,86.79
108.72,105.34,86.76
108.71,105.35,86.77
108.71,105.34,86.76
108.68,105.40,86.80
109.42,104.18,86.37
109.38,104.23,86.38
109.42,104.17,86.37
109.43,104.17,86.37
109.39,104.22,86.38
109.43,104.16,86.37
109.47,104.12,86.36
109.51,104.07,86.36
109.51,104.07,86.36
109.55,104.02,86.35
109.51,104.07,86.36
109.50,104.08,86.36
109.54,104.03,86.35
109.52,104.06,86.35
109.46,104.13,86.37
109.42,104.18,86.37
109.39,104.22,86.38
109.34,104.29,86.39
109.33,104.30,86.39
109.27,104.39,86.41
109.24,104.43,86.42
109.23,104.44,86.42
109.33,104.30,86.40
109.33,104.31,86.40
109.37,104.24,86.38
109.34,104.30,86.39
109.27,104.39,86.41
109.23,104.44,86.42
109.23,104.45,86.42
109.18,104.52,86.44
109.24,104.44,86.42
109.19,104.51,86.43
109.35,104.27,86.39
109.35,104.27,86.39
109.35,104.28,86.39
109.34,104.28,86.39
109.31,104.33,86.40
109.27,104.39,86.41
109.27,104.39,86.41
109.25,104.43,86.42
109.30,104.35,86.40
109.26,104.40,86.41
109.21,104.48,86.43
109.25,104.42,86.42
109.25,104.42,86.42
109.27,104.39,86.41
109.33,104.30,86.39
109.24,104.43,86.42
109.20,104.49,86.43
109.28,104.38,86.41
109.33,104.31,86.40
109.41,104.20,86.38
109.48,104.11,86.36
109.49,104.10,86.36
109.37,104.25,86.39
109.41,104.20,86.38
109.26,104.41,86.42
109.26,104.41,86.41
109.26,104.40,86.41
109.30,104.34,86.40
109.34,104.29,86.39
109.40,104.21,86.38
109.32,104.32,86.40
109.37,104.25,86.38
109.16,104.57,86.45
109.13,104.62,86.46
109.10,104.67,86.48
109.16,104.56,86.45
109.16,104.56,86.45
108.98,104.88,86.55
109.03,104.79,86.51
108.99,104.86,86.54
109.00,104.84,86.53
109.05,104.76,86.50
108.96,104.91,86.56
108.92,105.00,86.59
109.05,104.75,86.50
109.07,104.71,86.49
109.12,104.64,86.47
109.15,104.58,86.45
109.08,104.70,86.48
109.06,104.74,86.50
109.01,104.82,86.52
109.06,104.74,86.50
109.06,104.73,86.50
109.01,104.82,86.52
109.11,104.64,86.47
109.17,104.55,86.45
109.15,104.58,86.45
109.11,104.65,86.47
109.17,104.55,86.45
108.99,104.87,86.54
108.99,104.87,86.54
108.99,104.86,86.54
108.96,104.92,86.56
108.83,105.16,86.66
108.91,105.01,86.59
108.83,105.16,86.66
108.90,105.03,86.60
108.94,104.95,86.57
108.98,104.89,86.55
108.92,104.99,86.59
108.95,104.95,86.57
108.91,105.01,86.59
109.79,103.77,86.31
109.74,103.82,86.32
109.80,103.76,86.31
109.80,103.76,86.31
109.75,103.81,86.31
109.81,103.75,86.30
109.85,103.71,86.30
109.90,103.66,86.29
109.90,103.66,86.29
109.95,103.61,86.28
109.90,103.67,86.29
109.89,103.67,86.29
109.94,103.62,86.28
109.88,103.68,86.29
109.84,103.72,86.30
109.79,103.77,86.31
109.75,103.81,86.31
109.70,103.86,86.32
109.70,103.86,86.32
109.65,103.92,86.33
109.60,103.97,86.34
109.60,103.97,86.34
109.69,103.87,86.32
109.69,103.87,86.32
109.74,103.82,86.32
109.66,103.91,86.33
109.61,103.96,86.34
109.52,104.07,86.35
109.48,104.11,86.36
109.43,104.17,86.37
109.56,104.01,86.35
109.51,104.07,86.36
109.71,103.85,86.32
109.70,103.86,86.32
109.70,103.86,86.32
109.69,103.87,86.32
109.65,103.92,86.33
109.60,103.97,86.34
109.60,103.96,86.34
109.52,104.06,86.35
109.62,103.95,86.34
109.56,104.01,86.35
109.54,104.04,86.35
109.58,104.00,86.34
109.59,103.98,86.34
109.64,103.93,86.33
109.68,103.88,86.33
109.60,103.97,86.34
109.55,104.02,86.35
109.67,103.90,86.33
109.67,103.90,86.33
109.77,103.79,86.31
109.82,103.74,86.30
109.87,103.69,86.29
109.73,103.84,86.32
109.79,103.77,86.31
109.58,103.99,86.34
109.59,103.98,86.34
109.60,103.97,86.34
109.64,103.92,86.33
109.69,103.88,86.33
109.78,103.78,86.31
109.68,103.89,86.33
109.73,103.83,86.32
109.42,104.18,86.37
109.42,104.19,86.37
109.41,104.19,86.38
109.46,104.13,86.36
109.50,104.08,86.36
109.49,104.09,86.36
109.50,104.09,86.36
109.45,104.14,86.37
110.22,103.38,86.21
110.17,103.42,86.23
110.22,103.37,86.21
110.23,103.37,86.21
110.18,103.41,86.22
110.23,103.36,86.21
110.28,103.32,86.19
110.34,103.26,86.18
110.33,103.27,86.18
110.38,103.23,86.17
110.32,103.28,86.18
110.32,103.29,86.18
110.36,103.24,86.17
110.31,103.29,86.19
110.27,103.33,86.20
110.21,103.38,86.22
110.17,103.41,86.22
110.12,103.46,86.24
110.12,103.46,86.24
110.06,103.52,86.25
110.01,103.56,86.26
110.00,103.57,86.27
110.11,103.47,86.24
110.11,103.47,86.24
110.16,103.42,86.23
110.07,103.50,86.25
110.02,103.55,86.26
109.91,103.66,86.28
109.86,103.70,86.29
109.80,103.76,86.30
109.96,103.61,86.27
109.90,103.66,86.29
110.13,103.45,86.23
110.12,103.46,86.24
110.11,103.47,86.24
110.11,103.47,86.24
110.06,103.51,86.25
110.01,103.56,86.26
110.01,103.56,86.26
109.91,103.65,86.28
110.02,103.55,86.26
109.96,103.60,86.27
109.94,103.63,86.28
109.98,103.59,86.27
110.00,103.58,86.27
110.05,103.52,86.25
110.10,103.48,86.24
110.00,103.57,86.27
109.95,103.62,86.28
110.03,103.54,86.26
110.08,103.50,86.24
110.19,103.40,86.22
110.24,103.35,86.20
110.30,103.30,86.19
110.15,103.44,86.23
110.20,103.39,86.22
109.99,103.58,86.27
110.00,103.57,86.27
110.00,103.57,86.27
110.05,103.52,86.25
110.10,103.48,86.24
110.20,103.39,86.22
110.09,103.49,86.24
110.15,103.43,86.23
109.80,103.76,86.31
109.79,103.77,86.31
109.79,103.77,86.31
109.85,103.71,86.30
109.90,103.67,86.29
109.89,103.67,86.29
109.89,103.67,86.29
109.84,103.72,86.30
110.63,103.00,86.07
110.59,103.03,86.09
110.65,102.97,86.06
110.67,102.95,86.05
110.63,102.99,86.06
110.69,102.93,86.04
110.71,102.91,86.03
110.77,102.85,86.00
110.74,102.87,86.01
110.76,102.86,86.00
110.70,102.92,86.03
110.66,102.96,86.05
110.67,102.96,86.05
110.61,103.02,86.08
110.64,102.98,86.06
110.59,103.04,86.09
110.63,102.99,86.07
110.58,103.04,86.09
110.56,103.06,86.10
110.49,103.13,86.12
110.44,103.17,86.14
110.43,103.18,86.15
110.55,103.07,86.10
110.53,103.09,86.11
110.59,103.03,86.09
110.50,103.11,86.12
110.50,103.12,86.12
110.34,103.26,86.17
110.29,103.31,86.19
110.23,103.36,86.21
110.39,103.21,86.16
110.33,103.27,86.18
110.58,103.05,86.09
110.56,103.06,86.09
110.55,103.07,86.10
110.53,103.09,86.11
110.49,103.12,86.12
110.43,103.18,86.14
110.45,103.16,86.14
110.35,103.26,86.17
110.49,103.12,86.12
110.40,103.21,86.16
110.36,103.25,86.17
110.40,103.21,86.15
110.41,103.20,86.15
110.47,103.15,86.13
110.52,103.10,86.11
110.42,103.19,86.15
110.38,103.23,86.17
110.42,103.19,86.15
110.47,103.14,86.13
110.54,103.08,86.11
110.55,103.07,86.10
110.61,103.02,86.08
110.53,103.09,86.11
110.58,103.04,86.09
110.41,103.20,86.15
110.42,103.20,86.15
110.43,103.19,86.15
110.47,103.15,86.13
110.52,103.10,86.11
110.54,103.08,86.10
110.48,103.14,86.13
110.54,103.09,86.11
110.22,103.37,86.21
110.22,103.37,86.21
110.21,103.38,86.21
110.28,103.32,86.20
110.33,103.28,86.18
110.31,103.29,86.19
110.32,103.28,86.18
110.26,103.33,86.20
111.26,102.18,85.70
111.23,102.22,85.72
111.27,102.15,85.69
111.28,102.14,85.69
111.26,102.18,85.70
111.29,102.11,85.68
111.30,102.10,85.67
111.33,102.03,85.66
111.32,102.05,85.66
111.35,101.99,85.65
111.32,102.06,85.66
111.31,102.08,85.67
111.34,102.02,85.66
111.31,102.08,85.67
111.29,102.13,85.68
111.25,102.19,85.71
111.09,102.45,85.81
111.10,102.43,85.80
111.15,102.36,85.77
111.20,102.27,85.74
111.22,102.24,85.73
111.19,102.29,85.74
111.06,102.48,85.83
111.14,102.37,85.78
111.20,102.28,85.74
111.17,102.33,85.76
111.19,102.30,85.74
111.25,102.20,85.71
111.13,102.38,85.78
111.08,102.46,85.82
111.12,102.40,85.79
111.11,102.41,85.80
111.07,102.48,85.82
111.22,102.24,85.72
111.19,102.30,85.75
111.24,102.21,85.71
111.28,102.15,85.69
111.05,102.51,85.84
111.09,102.44,85.81
111.14,102.37,85.77
111.10,102.43,85.80
111.07,102.47,85.82
111.03,102.54,85.85
111.07,102.46,85.82
111.05,102.49,85.83
111.01,102.56,85.86
111.04,102.52,85.84
111.10,102.44,85.81
111.13,102.39,85.78
110.76,102.85,86.00
110.83,102.77,85.96
110.81,102.80,85.97
110.85,102.74,85.95
110.94,102.64,85.90
110.90,102.69,85.92
110.77,102.84,85.99
110.74,102.88,86.01
110.69,102.93,86.04
111.01,102.55,85.86
110.96,102.62,85.89
110.91,102.68,85.92
110.86,102.74,85.94
110.98,102.59,85.88
111.00,102.57,85.86
111.05,102.50,85.83
110.80,102.81,85.98
110.88,102.72,85.94
110.87,102.73,85.94
110.93,102.65,85.90
111.00,102.56,85.86
110.86,102.73,85.94
110.79,102.82,85.98
111.00,102.57,85.87
110.93,102.66,85.91
110.86,102.74,85.95
110.99,102.58,85.87
110.97,102.60,85.88
110.73,102.88,86.01
110.78,102.83,85.99
110.88,102.71,85.93
110.95,102.63,85.89
110.82,102.79,85.97
111.06,102.49,85.83
110.84,102.76,85.95
110.92,102.66,85.91
110.76,102.86,86.00
110.75,102.86,86.01
110.75,102.87,86.01
110.71,102.91,86.03
110.66,102.96,86.05
110.67,102.95,86.05
110.64,102.98,86.06
110.62,103.00,86.07
110.70,102.92,86.03
110.74,102.87,86.01
110.65,102.97,86.05
110.69,102.93,86.03
110.64,102.98,86.06
111.58,101.35,85.57
111.56,101.40,85.57
111.58,101.34,85.57
111.58,101.33,85.58
111.57,101.38,85.57
111.58,101.32,85.58
111.60,101.28,85.58
111.62,101.22,85.59
111.62,101.22,85.59
111.63,101.17,85.59
111.61,101.24,85.58
111.61,101.25,85.58
111.62,101.19,85.59
111.60,101.26,85.58
111.59,101.30,85.58
111.58,101.35,85.57
111.49,101.63,85.58
111.49,101.62,85.58
111.52,101.55,85.58
111.54,101.47,85.58
111.54,101.45,85.58
111.54,101.48,85.57
111.53,101.49,85.57
111.45,101.74,85.59
111.49,101.63,85.59
111.49,101.63,85.58
111.51,101.55,85.58
111.54,101.47,85.58
111.49,101.63,85.58
111.46,101.71,85.59
111.53,101.51,85.57
111.51,101.57,85.58
111.54,101.46,85.58
111.56,101.41,85.57
111.49,101.64,85.59
111.57,101.37,85.57
111.59,101.31,85.58
111.48,101.64,85.59
111.49,101.61,85.58
111.52,101.54,85.58
111.50,101.59,85.58
111.49,101.63,85.58
111.44,101.76,85.60
111.42,101.83,85.61
111.41,101.84,85.61
111.38,101.92,85.63
111.35,101.99,85.65
111.34,102.00,85.65
111.40,101.86,85.62
111.39,101.89,85.62
111.43,101.79,85.60
111.41,101.85,85.62
111.37,101.93,85.63
111.33,102.03,85.66
111.32,102.06,85.66
111.28,102.13,85.69
111.34,102.02,85.65
111.31,102.09,85.67
111.42,101.81,85.61
111.43,101.80,85.60
111.43,101.79,85.60
111.44,101.77,85.60
111.40,101.86,85.62
111.38,101.91,85.63
111.38,101.92,85.63
111.34,102.01,85.65
111.38,101.91,85.63
111.36,101.97,85.64
111.33,102.04,85.66
111.36,101.97,85.64
111.35,101.99,85.64
111.37,101.93,85.63
111.40,101.86,85.62
111.35,102.00,85.65
111.32,102.06,85.66
111.37,101.94,85.64
111.39,101.88,85.62
111.44,101.77,85.60
111.46,101.72,85.59
111.49,101.63,85.58
111.42,101.82,85.61
111.44,101.76,85.60
111.36,101.95,85.64
111.37,101.94,85.64
111.38,101.93,85.63
111.41,101.85,85.62
111.43,101.78,85.60
111.45,101.75,85.60
111.41,101.85,85.62
111.44,101.77,85.60
111.29,102.13,85.69
111.28,102.13,85.69
111.25,102.19,85.71
111.21,102.26,85.73
111.21,102.27,85.73
111.18,102.32,85.76
111.21,102.26,85.73
111.18,102.31,85.75
111.22,102.25,85.73
111.26,102.17,85.70
111.23,102.23,85.72
111.27,102.16,85.70
111.30,102.10,85.68
111.23,102.22,85.72
111.20,102.28,85.74
111.22,102.24,85.73
111.16,102.35,85.77
111.16,102.34,85.76
111.10,102.43,85.80
111.29,102.12,85.68
111.26,102.18,85.70
111.29,102.11,85.68
111.13,102.38,85.78
111.09,102.45,85.81
111.04,102.51,85.84
111.14,102.38,85.78
111.14,102.37,85.78
111.08,102.46,85.81
111.12,102.41,85.79
111.08,102.46,85.82
112.07,100.05,85.98
112.03,100.12,85.95
112.06,100.06,85.98
112.06,100.07,85.97
112.03,100.13,85.94
112.05,100.08,85.97
112.09,100.01,86.01
112.13,99.95,86.04
112.13,99.95,86.04
112.16,99.89,86.07
112.13,99.94,86.04
112.14,99.93,86.04
112.17,99.88,86.07
112.14,99.92,86.05
112.10,100.00,86.01
112.07,100.05,85.98
111.88,100.44,85.79
111.86,100.49,85.77
111.86,100.48,85.78
111.85,100.52,85.76
111.83,100.57,85.74
111.83,100.56,85.75
111.87,100.47,85.78
111.87,100.45,85.79
111.89,100.42,85.80
111.87,100.47,85.78
111.90,100.39,85.81
111.89,100.41,85.81
111.92,100.36,85.83
111.95,100.28,85.87
111.94,100.31,85.86
111.88,100.43,85.80
111.88,100.45,85.79
111.85,100.50,85.77
111.91,100.37,85.83
111.94,100.31,85.85
111.98,100.23,85.89
112.00,100.19,85.91
112.04,100.10,85.96
111.97,100.26,85.88
112.00,100.19,85.91
111.91,100.37,85.83
111.92,100.36,85.83
111.92,100.35,85.84
111.93,100.34,85.84
111.95,100.28,85.87
111.99,100.20,85.91
111.99,100.21,85.90
111.99,100.20,85.91
111.95,100.29,85.87
111.99,100.21,85.91
112.12,99.96,86.03
112.09,100.02,86.00
112.04,100.11,85.95
112.03,100.14,85.94
112.05,100.09,85.96
111.76,100.75,85.68
111.75,100.79,85.67
111.78,100.69,85.70
111.81,100.63,85.72
111.79,100.67,85.71
111.82,100.59,85.74
111.84,100.54,85.75
111.71,100.91,85.64
111.74,100.82,85.66
111.74,100.81,85.66
111.76,100.75,85.68
111.79,100.68,85.70
111.74,100.81,85.66
111.73,100.84,85.66
111.77,100.72,85.69
111.78,100.70,85.70
111.80,100.64,85.72
111.84,100.55,85.75
111.84,100.54,85.75
111.83,100.57,85.74
111.82,100.59,85.73
111.74,100.81,85.66
111.77,100.73,85.69
111.81,100.63,85.72
111.77,100.72,85.69
111.74,100.80,85.66
111.70,100.94,85.63
111.68,101.02,85.62
111.67,101.04,85.61
111.64,101.13,85.60
111.62,101.20,85.59
111.61,101.23,85.58
111.66,101.06,85.61
111.66,101.07,85.60
111.69,100.97,85.62
111.68,101.02,85.62
111.64,101.14,85.60
111.61,101.24,85.58
111.49,101.64,85.59
111.57,101.36,85.57
111.61,101.22,85.59
111.59,101.32,85.58
111.69,100.98,85.62
111.69,100.97,85.62
111.70,100.95,85.63
111.71,100.92,85.64
111.67,101.03,85.62
111.66,101.08,85.60
111.66,101.08,85.60
111.62,101.21,85.59
111.65,101.10,85.60
111.64,101.15,85.59
111.61,101.23,85.58
111.63,101.16,85.59
111.63,101.18,85.59
111.64,101.13,85.60
111.67,101.04,85.61
111.62,101.20,85.59
111.60,101.27,85.58
111.65,101.10,85.60
111.67,101.05,85.61
111.70,100.94,85.63
111.72,100.89,85.64
111.74,100.81,85.66
111.69,100.99,85.62
111.70,100.95,85.63
111.65,101.12,85.60
111.65,101.11,85.60
111.65,101.09,85.60
111.67,101.02,85.62
111.70,100.94,85.63
111.71,100.90,85.64
111.68,101.01,85.62
111.70,100.93,85.63
111.57,101.36,85.57
111.55,101.43,85.58
111.54,101.47,85.58
111.49,101.63,85.59
111.49,101.63,85.58
111.48,101.66,85.59
111.52,101.53,85.58
111.50,101.59,85.58
111.53,101.49,85.57
111.55,101.45,85.58
111.51,101.55,85.58
111.55,101.44,85.58
111.59,101.29,85.58
111.56,101.39,85.57
111.54,101.48,85.57
111.54,101.46,85.58
111.51,101.57,85.58
111.53,101.50,85.57
111.50,101.60,85.58
111.58,101.33,85.58
111.56,101.39,85.57
111.59,101.32,85.58
111.46,101.70,85.59
111.45,101.73,85.59
111.45,101.74,85.59
111.49,101.63,85.58
111.50,101.61,85.58
111.49,101.63,85.58
111.49,101.62,85.58
111.47,101.68,85.59
112.33,99.62,86.21
112.29,99.68,86.18
112.32,99.63,86.20
112.32,99.64,86.20
112.28,99.69,86.17
112.32,99.64,86.20
112.36,99.57,86.23
112.39,99.52,86.26
112.40,99.51,86.26
112.43,99.47,86.28
112.40,99.52,86.26
112.39,99.53,86.25
112.42,99.48,86.28
112.39,99.53,86.25
112.36,99.57,86.23
112.32,99.63,86.20
112.28,99.70,86.17
112.23,99.77,86.13
112.23,99.77,86.13
112.19,99.85,86.09
112.14,99.92,86.05
112.14,99.93,86.05
112.23,99.78,86.13
112.23,99.78,86.13
112.27,99.71,86.16
112.21,99.81,86.11
112.17,99.87,86.08
112.10,99.99,86.01
112.08,100.03,85.99
112.04,100.11,85.95
112.12,99.96,86.03
112.08,100.04,85.99
112.24,99.75,86.14
112.25,99.74,86.15
112.25,99.74,86.15
112.26,99.73,86.15
112.22,99.79,86.12
112.19,99.84,86.09
112.19,99.84,86.09
112.12,99.97,86.03
112.18,99.86,86.08
112.15,99.91,86.06
112.15,99.90,86.06
112.20,99.82,86.10
112.18,99.86,86.08
112.21,99.81,86.11
112.25,99.75,86.14
112.16,99.90,86.06
112.11,99.98,86.02
112.24,99.76,86.13
112.26,99.73,86.15
112.32,99.63,86.20
112.36,99.58,86.23
112.39,99.53,86.25
112.29,99.69,86.17
112.31,99.65,86.19
112.20,99.82,86.11
112.20,99.83,86.10
112.19,99.83,86.10
112.23,99.78,86.12
112.26,99.72,86.16
112.33,99.62,86.21
112.27,99.72,86.16
112.29,99.67,86.18
111.89,100.41,85.80
111.87,100.46,85.78
111.85,100.51,85.76
111.83,100.56,85.74
111.87,100.47,85.78
111.86,100.48,85.78
111.88,100.43,85.80
111.92,100.36,85.83
111.92,100.35,85.83
111.96,100.28,85.87
111.99,100.21,85.90
111.92,100.34,85.84
111.94,100.32,85.85
111.97,100.25,85.89
112.02,100.15,85.93
112.04,100.11,85.95
112.00,100.18,85.92
111.90,100.39,85.82
111.87,100.46,85.79
111.90,100.40,85.81
111.89,100.42,85.80
111.86,100.50,85.77
111.92,100.35,85.84
111.96,100.28,85.87
112.07,100.06,85.98
112.01,100.16,85.93
111.96,100.27,85.87
111.98,100.22,85.90
112.01,100.17,85.92
112.11,99.99,86.02
112.09,100.02,86.00
112.05,100.09,85.96
111.85,100.51,85.76
111.74,100.82,85.66
111.80,100.63,85.72
111.76,100.76,85.68
111.74,100.82,85.66
111.73,100.86,85.65
111.78,100.71,85.70
111.75,100.78,85.67
111.79,100.66,85.71
111.80,100.65,85.72
111.74,100.82,85.66
111.82,100.60,85.73
111.82,100.58,85.74
111.80,100.64,85.72
111.78,100.69,85.70
111.79,100.68,85.70
111.77,100.74,85.68
111.78,100.71,85.69
111.75,100.77,85.67
111.84,100.53,85.76
111.81,100.61,85.73
111.83,100.56,85.75
111.71,100.90,85.64
111.71,100.91,85.64
111.71,100.92,85.64
111.74,100.82,85.66
111.75,100.80,85.67
111.74,100.81,85.66
111.74,100.80,85.66
111.74,100.83,85.66
112.80,98.93,86.48
112.75,99.00,86.46
112.79,98.94,86.48
112.79,98.94,86.48
112.75,99.01,86.46
112.78,98.95,86.48
112.83,98.88,86.50
112.87,98.82,86.51
112.87,98.81,86.51
112.90,98.77,86.53
112.86,98.83,86.51
112.85,98.85,86.50
112.88,98.80,86.52
112.84,98.86,86.50
112.82,98.89,86.49
112.78,98.95,86.47
112.64,99.17,86.41
112.63,99.17,86.40
112.67,99.12,86.42
112.71,99.06,86.44
112.71,99.07,86.44
112.71,99.06,86.44
112.72,99.05,86.45
112.58,99.25,86.37
112.63,99.17,86.40
112.63,99.17,86.40
112.66,99.14,86.42
112.70,99.08,86.44
112.63,99.17,86.40
112.59,99.24,86.38
112.71,99.07,86.44
112.67,99.11,86.43
112.74,99.02,86.46
112.76,98.99,86.47
112.73,99.03,86.45
112.79,98.94,86.48
112.81,98.90,86.49
112.63,99.17,86.40
112.65,99.15,86.41
112.69,99.09,86.43
112.66,99.13,86.42
112.64,99.16,86.41
112.57,99.27,86.37
112.53,99.32,86.35
112.53,99.32,86.34
112.49,99.38,86.32
112.46,99.43,86.30
112.44,99.45,86.29
112.53,99.33,86.34
112.52,99.34,86.34
112.56,99.28,86.36
112.50,99.37,86.32
112.46,99.43,86.30
112.39,99.53,86.25
112.35,99.59,86.22
112.32,99.64,86.20
112.44,99.46,86.28
112.38,99.54,86.25
112.54,99.31,86.35
112.54,99.31,86.35
112.55,99.30,86.36
112.56,99.28,86.36
112.51,99.36,86.33
112.47,99.41,86.31
112.47,99.42,86.30
112.39,99.53,86.25
112.46,99.42,86.30
112.43,99.47,86.28
112.42,99.48,86.28
112.45,99.43,86.30
112.45,99.44,86.29
112.49,99.39,86.32
112.52,99.34,86.34
112.44,99.45,86.29
112.41,99.49,86.27
112.48,99.40,86.31
112.51,99.35,86.33
112.57,99.27,86.37
112.60,99.23,86.39
112.63,99.17,86.40
112.55,99.30,86.35
112.58,99.26,86.37
112.46,99.42,86.30
112.47,99.41,86.31
112.47,99.41,86.31
112.51,99.35,86.33
112.55,99.29,86.36
112.58,99.25,86.38
112.52,99.33,86.34
112.57,99.27,86.37
112.31,99.65,86.19
112.31,99.65,86.19
112.30,99.66,86.19
112.34,99.60,86.22
112.37,99.56,86.24
112.38,99.54,86.25
112.38,99.55,86.24
112.35,99.60,86.22
113.30,98.07,86.70
113.28,98.12,86.69
113.31,98.07,86.70
113.31,98.06,86.70
113.28,98.11,86.69
113.31,98.06,86.71
113.33,98.01,86.72
113.36,97.96,86.73
113.36,97.97,86.73
113.38,97.92,86.75
113.36,97.97,86.73
113.35,97.98,86.73
113.38,97.93,86.75
113.35,97.98,86.73
113.33,98.02,86.72
113.30,98.08,86.70
113.15,98.35,86.63
113.15,98.35,86.63
113.20,98.27,86.65
113.24,98.19,86.67
113.24,98.18,86.67
113.24,98.20,86.67
113.23,98.20,86.66
113.11,98.41,86.61
113.16,98.33,86.63
113.16,98.33,86.63
113.20,98.26,86.65
113.25,98.18,86.67
113.16,98.34,86.63
113.11,98.42,86.61
113.25,98.16,86.68
113.23,98.21,86.66
113.27,98.13,86.68
113.29,98.11,86.69
113.26,98.15,86.68
113.31,98.05,86.71
113.34,98.01,86.72
113.15,98.36,86.62
113.18,98.30,86.64
113.22,98.23,86.66
113.14,98.37,86.62
113.19,98.29,86.64
112.90,98.77,86.52
112.85,98.84,86.51
112.81,98.91,86.49
112.77,98.97,86.47
112.84,98.86,86.50
112.83,98.88,86.50
112.87,98.81,86.51
112.92,98.73,86.53
112.93,98.71,86.54
113.00,98.60,86.57
113.05,98.52,86.59
113.07,98.49,86.59
112.95,98.69,86.54
112.96,98.67,86.55
113.11,98.43,86.61
113.04,98.54,86.58
112.97,98.65,86.55
112.91,98.75,86.53
113.03,98.56,86.57
113.02,98.58,86.57
113.08,98.47,86.60
112.87,98.82,86.51
112.92,98.74,86.53
112.92,98.74,86.53
112.97,98.66,86.55
113.02,98.57,86.57
112.91,98.75,86.53
112.86,98.83,86.51
113.08,98.48,86.60
113.03,98.55,86.58
112.98,98.64,86.56
112.93,98.72,86.54
113.04,98.54,86.58
113.05,98.53,86.58
113.10,98.45,86.60
112.96,98.68,86.55
112.95,98.68,86.55
113.00,98.61,86.56
113.06,98.51,86.59
112.94,98.70,86.54
113.06,98.50,86.59
113.01,98.59,86.57
113.06,98.50,86.59
113.17,98.31,86.64
113.15,98.35,86.63
113.12,98.41,86.61
113.10,98.44,86.60
113.13,98.38,86.62
112.82,98.90,86.49
112.78,98.96,86.47
112.63,99.18,86.40
112.68,99.10,86.43
112.64,99.16,86.41
112.63,99.17,86.40
112.63,99.17,86.40
112.67,99.12,86.42
112.74,99.01,86.46
112.72,99.04,86.45
112.69,99.10,86.43
112.63,99.18,86.40
112.83,98.88,86.49
112.77,98.97,86.47
112.73,99.03,86.45
112.74,99.01,86.46
112.69,99.09,86.43
112.72,99.05,86.45
112.66,99.13,86.42
112.82,98.89,86.49
112.78,98.95,86.48
112.82,98.89,86.49
112.63,99.18,86.40
112.61,99.21,86.39
112.59,99.23,86.38
112.64,99.17,86.41
112.67,99.13,86.42
112.64,99.16,86.41
112.65,99.14,86.41
112.63,99.17,86.40
113.52,97.63,86.87
113.49,97.70,86.83
113.52,97.64,86.86
113.52,97.65,86.86
113.49,97.71,86.83
113.52,97.65,86.86
113.55,97.58,86.89
113.58,97.52,86.92
113.58,97.52,86.92
113.61,97.46,86.95
113.58,97.53,86.92
113.57,97.53,86.92
113.60,97.47,86.94
113.57,97.54,86.91
113.55,97.58,86.89
113.52,97.64,86.86
113.48,97.72,86.83
113.45,97.79,86.80
113.44,97.79,86.80
113.41,97.87,86.77
113.37,97.94,86.74
113.37,97.94,86.74
113.44,97.80,86.80
113.44,97.80,86.80
113.48,97.73,86.82
113.44,97.81,86.79
113.40,97.89,86.76
113.35,97.99,86.73
113.34,98.00,86.72
113.30,98.09,86.70
113.36,97.96,86.74
113.32,98.04,86.71
113.46,97.76,86.81
113.46,97.76,86.81
113.46,97.75,86.81
113.47,97.75,86.81
113.44,97.80,86.80
113.41,97.86,86.77
113.41,97.86,86.77
113.36,97.96,86.74
113.42,97.85,86.78
113.39,97.91,86.75
113.37,97.95,86.74
113.40,97.89,86.77
113.39,97.90,86.76
113.42,97.84,86.78
113.45,97.78,86.80
113.42,97.83,86.79
113.34,97.99,86.73
113.44,97.81,86.79
113.46,97.77,86.81
113.51,97.65,86.86
113.54,97.60,86.88
113.57,97.54,86.91
113.48,97.72,86.83
113.51,97.67,86.85
113.40,97.88,86.77
113.41,97.87,86.77
113.41,97.86,86.77
113.44,97.80,86.80
113.47,97.75,86.81
113.51,97.66,86.86
113.45,97.77,86.81
113.43,97.82,86.79
113.31,98.07,86.70
113.28,98.12,86.69
113.25,98.17,86.67
113.20,98.27,86.65
113.17,98.31,86.64
113.15,98.36,86.63
113.23,98.21,86.66
113.19,98.27,86.65
113.25,98.17,86.67
113.26,98.16,86.68
113.21,98.25,86.65
113.27,98.14,86.68
113.34,98.00,86.73
113.30,98.08,86.70
113.26,98.15,86.68
113.26,98.15,86.68
113.22,98.23,86.66
113.26,98.16,86.68
113.22,98.24,86.66
113.32,98.05,86.71
113.29,98.10,86.69
113.32,98.03,86.71
113.14,98.36,86.62
113.13,98.39,86.62
113.11,98.43,86.61
113.16,98.34,86.63
113.19,98.29,86.64
113.18,98.30,86.64
113.18,98.30,86.64
113.15,98.36,86.62
114.18,96.38,87.84
114.15,96.43,87.78
114.17,96.39,87.83
114.17,96.39,87.82
114.14,96.44,87.77
114.16,96.40,87.81
114.20,96.35,87.87
114.22,96.30,87.91
114.22,96.30,87.92
114.25,96.25,87.98
114.23,96.29,87.93
114.23,96.28,87.94
114.26,96.23,87.99
114.24,96.27,87.95
114.21,96.33,87.89
114.18,96.37,87.84
113.99,96.70,87.51
113.97,96.74,87.48
113.98,96.73,87.49
113.96,96.77,87.45
113.93,96.82,87.40
113.93,96.82,87.41
113.98,96.72,87.49
113.99,96.71,87.50
114.01,96.67,87.54
114.00,96.69,87.52
114.02,96.65,87.56
114.03,96.65,87.56
114.05,96.60,87.61
114.08,96.55,87.66
114.08,96.55,87.66
114.03,96.64,87.57
114.03,96.64,87.57
114.00,96.68,87.53
114.04,96.62,87.59
114.06,96.58,87.63
114.10,96.51,87.70
114.11,96.49,87.72
114.14,96.44,87.77
114.10,96.52,87.69
114.12,96.48,87.73
114.03,96.63,87.58
114.04,96.62,87.59
114.04,96.62,87.59
114.05,96.61,87.60
114.07,96.57,87.65
114.11,96.50,87.71
114.10,96.51,87.70
114.11,96.49,87.72
114.07,96.56,87.65
114.11,96.50,87.71
114.23,96.29,87.93
114.20,96.34,87.88
114.16,96.41,87.81
114.15,96.43,87.78
114.17,96.39,87.82
113.78,97.10,87.18
113.76,97.15,87.14
113.76,97.15,87.14
113.74,97.19,87.11
113.71,97.26,87.07
113.71,97.25,87.07
113.77,97.14,87.15
113.77,97.13,87.15
113.79,97.08,87.19
113.78,97.11,87.17
113.81,97.05,87.22
113.81,97.06,87.21
113.83,97.00,87.25
113.87,96.94,87.31
113.86,96.95,87.29
113.80,97.07,87.20
113.79,97.08,87.19
113.76,97.14,87.15
113.88,96.92,87.32
113.86,96.95,87.30
113.92,96.85,87.38
113.94,96.80,87.42
113.97,96.75,87.47
113.89,96.89,87.35
113.92,96.84,87.39
113.81,97.04,87.22
113.82,97.04,87.22
113.82,97.03,87.23
113.83,97.02,87.24
113.85,96.98,87.27
113.87,96.93,87.31
113.87,96.93,87.31
113.92,96.84,87.39
113.87,96.94,87.30
113.90,96.88,87.36
113.98,96.73,87.48
113.98,96.73,87.48
113.95,96.79,87.43
113.92,96.83,87.40
113.97,96.74,87.47
113.68,97.31,87.03
113.66,97.36,87.01
113.66,97.36,87.01
113.64,97.40,86.98
113.61,97.45,86.95
113.61,97.45,86.96
113.66,97.35,87.01
113.66,97.35,87.01
113.68,97.31,87.04
113.63,97.41,86.98
113.61,97.46,86.95
113.56,97.57,86.90
113.53,97.63,86.87
113.51,97.66,86.85
113.58,97.51,86.93
113.56,97.56,86.90
113.66,97.34,87.02
113.68,97.31,87.04
113.71,97.24,87.08
113.73,97.20,87.11
113.67,97.33,87.03
113.65,97.37,87.01
113.63,97.42,86.97
113.57,97.54,86.91
113.68,97.30,87.04
113.60,97.48,86.94
113.59,97.49,86.94
113.62,97.43,86.97
113.62,97.43,86.96
113.64,97.39,86.99
113.67,97.33,87.02
113.62,97.44,86.96
113.59,97.50,86.93
113.68,97.31,87.04
113.67,97.34,87.02
113.70,97.27,87.06
113.72,97.24,87.08
113.74,97.18,87.12
113.68,97.31,87.04
113.70,97.26,87.07
113.65,97.38,87.00
113.65,97.38,87.00
113.65,97.37,87.00
113.69,97.29,87.05
113.74,97.20,87.11
113.73,97.22,87.10
113.68,97.31,87.04
113.73,97.21,87.10
113.51,97.66,86.85
113.50,97.68,86.84
113.50,97.68,86.84
113.53,97.61,86.87
113.56,97.56,86.90
113.56,97.55,86.91
113.56,97.55,86.90
113.53,97.61,86.88
114.60,88.96,94.36
114.60,88.96,94.36
114.61,88.96,94.36
114.63,88.96,94.35
114.63,88.96,94.35
114.64,88.96,94.35
114.63,88.96,94.35
114.64,88.96,94.35
114.63,88.96,94.35
114.64,88.96,94.35
114.62,88.96,94.35
114.62,88.96,94.36
114.63,88.96,94.35
114.62,88.96,94.36
114.61,88.96,94.36
114.60,88.96,94.36
114.59,88.95,94.36
114.61,88.96,94.36
114.62,88.96,94.36
114.61,88.96,94.36
114.63,88.96,94.35
114.62,88.96,94.36
114.63,88.96,94.35
114.62,88.96,94.35
114.61,88.96,94.36
114.61,88.96,94.36
114.62,88.96,94.35
114.60,88.96,94.36
114.39,96.01,88.22
114.35,96.08,88.15
114.38,96.03,88.20
114.37,96.04,88.19
114.33,96.11,88.11
114.37,96.05,88.17
114.41,95.97,88.26
114.45,95.91,88.31
114.45,95.90,88.33
114.48,95.86,88.37
114.45,95.91,88.32
114.44,95.93,88.30
114.46,95.88,88.35
114.43,95.94,88.29
114.42,95.96,88.26
114.38,96.02,88.21
114.33,96.12,88.11
114.29,96.18,88.04
114.30,96.17,88.05
114.27,96.23,88.00
114.23,96.28,87.94
114.24,96.28,87.94
114.30,96.16,88.07
114.31,96.15,88.08
114.34,96.09,88.14
114.28,96.21,88.02
114.25,96.26,87.96
114.20,96.34,87.87
114.18,96.37,87.85
114.15,96.42,87.79
114.21,96.31,87.90
114.19,96.37,87.85
114.31,96.16,88.07
114.31,96.15,88.08
114.32,96.13,88.09
114.33,96.12,88.11
114.29,96.18,88.05
114.28,96.21,88.01
114.27,96.22,88.00
114.21,96.32,87.90
114.26,96.24,87.98
114.24,96.27,87.95
114.25,96.25,87.97
114.29,96.19,88.04
114.27,96.22,88.00
114.29,96.18,88.04
114.33,96.12,88.11
114.25,96.25,87.97
114.22,96.31,87.91
114.32,96.14,88.09
114.33,96.11,88.12
114.38,96.02,88.20
114.41,95.97,88.25
114.43,95.94,88.29
114.35,96.08,88.15
114.37,96.04,88.19
114.29,96.18,88.04
114.29,96.19,88.03
114.28,96.20,88.02
114.31,96.15,88.07
114.34,96.10,88.12
114.39,96.02,88.21
114.34,96.10,88.13
114.36,96.06,88.16
114.02,96.66,87.55
113.99,96.71,87.50
113.96,96.77,87.45
113.93,96.82,87.40
113.99,96.72,87.50
113.98,96.72,87.49
114.01,96.67,87.54
114.04,96.62,87.59
114.04,96.61,87.60
114.07,96.56,87.65
114.10,96.51,87.71
114.05,96.61,87.60
114.06,96.58,87.63
114.09,96.53,87.68
114.14,96.45,87.77
114.15,96.42,87.79
114.12,96.47,87.74
114.04,96.63,87.58
114.01,96.67,87.53
114.03,96.63,87.58
114.03,96.63,87.58
114.01,96.68,87.53
114.06,96.59,87.62
114.09,96.54,87.67
114.18,96.38,87.83
114.13,96.47,87.74
114.08,96.54,87.67
114.11,96.50,87.71
114.13,96.45,87.76
114.21,96.32,87.90
114.19,96.35,87.87
114.17,96.39,87.83
113.80,97.07,87.20
113.78,97.12,87.16
113.75,97.18,87.12
113.72,97.24,87.08
113.78,97.11,87.17
113.79,97.10,87.18
113.81,97.04,87.22
113.84,96.99,87.26
113.84,97.00,87.25
113.85,96.96,87.28
113.87,96.93,87.31
113.83,97.01,87.24
113.87,96.94,87.30
113.88,96.91,87.33
113.94,96.80,87.42
113.96,96.76,87.46
113.91,96.86,87.37
113.84,96.99,87.26
113.80,97.06,87.20
113.82,97.02,87.23
113.81,97.05,87.21
113.77,97.12,87.16
113.84,96.99,87.26
113.87,96.93,87.31
113.98,96.72,87.49
113.94,96.81,87.41
113.88,96.92,87.32
113.91,96.86,87.37
113.93,96.83,87.40
113.98,96.73,87.48
113.98,96.73,87.49
113.95,96.78,87.44
113.72,97.23,87.09
113.72,97.23,87.09
113.72,97.22,87.09
113.75,97.17,87.13
113.79,97.09,87.18
113.76,97.16,87.14
113.77,97.12,87.16
113.74,97.19,87.12
114.67,88.97,94.34
114.68,88.97,94.34
114.71,88.98,94.34
114.75,88.99,94.33
114.76,88.99,94.33
114.79,89.00,94.32
114.74,88.99,94.33
114.77,88.99,94.32
114.73,88.98,94.33
114.68,88.97,94.34
114.68,88.97,94.34
114.72,88.98,94.33
114.76,88.99,94.33
114.68,88.97,94.34
114.73,88.98,94.33
114.70,88.98,94.34
114.66,88.97,94.35
114.66,88.97,94.35
114.67,88.97,94.35
114.73,88.98,94.33
114.70,88.98,94.34
114.71,88.98,94.34
114.69,88.97,94.34
114.65,88.97,94.35
114.72,88.98,94.33
114.75,88.99,94.33
114.67,88.97,94.35
114.71,88.98,94.34
114.74,88.98,94.33
114.73,88.98,94.33
114.77,88.99,94.32
114.75,88.99,94.33
114.79,89.00,94.32
114.65,88.97,94.35
114.66,88.97,94.35
114.69,88.98,94.34
114.72,88.98,94.33
114.66,88.97,94.35
114.70,88.98,94.34
114.67,88.97,94.34
114.65,88.97,94.35
114.65,88.97,94.35
114.65,88.97,94.35
114.75,88.99,94.33
114.71,88.98,94.34
114.68,88.97,94.34
114.70,88.98,94.34
114.73,88.98,94.33
114.82,95.23,88.87
114.78,95.30,88.82
114.81,95.24,88.86
114.81,95.25,88.86
114.77,95.31,88.82
114.80,95.27,88.85
114.84,95.18,88.90
114.87,95.12,88.94
114.88,95.12,88.94
114.90,95.07,88.97
114.87,95.13,88.93
114.86,95.15,88.92
114.88,95.10,88.95
114.86,95.16,88.92
114.84,95.19,88.90
114.81,95.25,88.86
114.68,95.49,88.69
114.68,95.49,88.69
114.71,95.44,88.73
114.74,95.38,88.77
114.74,95.38,88.77
114.74,95.37,88.78
114.75,95.36,88.78
114.66,95.54,88.65
114.69,95.48,88.69
114.68,95.49,88.69
114.71,95.44,88.73
114.74,95.37,88.78
114.68,95.49,88.69
114.65,95.55,88.64
114.77,95.33,88.81
114.75,95.37,88.78
114.78,95.30,88.83
114.80,95.27,88.84
114.77,95.32,88.81
114.82,95.23,88.87
114.84,95.19,88.90
114.68,95.49,88.68
114.70,95.46,88.71
114.74,95.38,88.77
114.72,95.41,88.74
114.71,95.43,88.73
114.48,95.84,88.38
114.44,95.92,88.31
114.40,95.99,88.24
114.36,96.06,88.17
114.44,95.92,88.31
114.44,95.92,88.31
114.48,95.85,88.38
114.52,95.77,88.44
114.53,95.77,88.45
114.57,95.69,88.52
114.61,95.61,88.58
114.62,95.61,88.59
114.53,95.76,88.45
114.53,95.76,88.45
114.65,95.55,88.64
114.61,95.63,88.57
114.56,95.71,88.50
114.51,95.79,88.43
114.59,95.65,88.56
114.59,95.66,88.54
114.63,95.59,88.61
114.46,95.88,88.34
114.50,95.82,88.40
114.51,95.81,88.41
114.55,95.73,88.48
114.58,95.68,88.53
114.51,95.80,88.42
114.48,95.86,88.36
114.62,95.59,88.60
114.58,95.67,88.54
114.54,95.74,88.47
114.50,95.81,88.41
114.59,95.66,88.55
114.60,95.64,88.56
114.63,95.57,88.62
114.52,95.78,88.44
114.52,95.78,88.43
114.56,95.72,88.49
114.60,95.64,88.56
114.51,95.80,88.42
114.61,95.62,88.58
114.57,95.69,88.51
114.61,95.62,88.58
114.70,95.45,88.72
114.68,95.49,88.68
114.65,95.54,88.65
114.65,95.55,88.64
114.68,95.50,88.68
114.37,96.05,88.18
114.38,96.03,88.19
114.38,96.03,88.20
114.41,95.98,88.25
114.45,95.90,88.32
114.44,95.93,88.30
114.44,95.92,88.30
114.41,95.98,88.25
114.80,89.00,94.32
114.84,89.01,94.31
114.89,89.02,94.30
114.97,89.04,94.28
115.01,89.05,94.26
115.05,89.05,94.25
114.92,89.02,94.29
114.96,89.03,94.28
114.87,89.01,94.30
114.88,89.02,94.30
114.86,89.01,94.30
114.94,89.03,94.28
115.03,89.05,94.26
114.85,89.01,94.30
114.86,89.01,94.30
114.82,89.00,94.31
114.78,88.99,94.32
114.77,88.99,94.32
114.79,89.00,94.32
114.90,89.02,94.29
114.85,89.01,94.30
114.86,89.01,94.30
114.81,89.00,94.31
114.76,88.99,94.32
114.86,89.01,94.30
114.90,89.02,94.29
114.87,89.01,94.30
114.95,89.03,94.28
115.02,89.05,94.26
115.02,89.05,94.26
115.09,89.06,94.24
115.03,89.05,94.26
115.10,89.07,94.24
114.84,89.01,94.31
114.85,89.01,94.30
114.93,89.03,94.28
115.00,89.04,94.27
114.86,89.01,94.30
114.87,89.01,94.30
114.82,89.00,94.31
114.78,88.99,94.32
114.79,89.00,94.32
114.77,88.99,94.32
115.05,89.05,94.25
114.96,89.03,94.28
114.88,89.02,94.30
114.91,89.02,94.29
114.95,89.03,94.28
115.27,94.39,89.33
115.25,94.43,89.31
115.28,94.38,89.33
115.28,94.38,89.34
115.25,94.42,89.31
115.28,94.37,89.34
115.31,94.33,89.36
115.34,94.28,89.38
115.33,94.28,89.38
115.36,94.23,89.40
115.33,94.28,89.38
115.33,94.29,89.38
115.36,94.24,89.40
115.33,94.29,89.38
115.30,94.34,89.35
115.27,94.39,89.33
115.12,94.66,89.20
115.12,94.65,89.20
115.16,94.58,89.23
115.21,94.50,89.27
115.21,94.50,89.28
115.20,94.51,89.27
115.20,94.51,89.27
115.09,94.72,89.16
115.13,94.64,89.20
115.13,94.65,89.20
115.17,94.57,89.24
115.21,94.49,89.28
115.13,94.65,89.20
115.08,94.73,89.16
115.23,94.47,89.29
115.20,94.52,89.27
115.24,94.45,89.30
115.26,94.41,89.32
115.23,94.46,89.29
115.28,94.37,89.34
115.31,94.32,89.36
115.11,94.68,89.18
115.14,94.62,89.22
115.19,94.54,89.26
115.17,94.56,89.24
115.16,94.59,89.23
114.90,95.08,88.96
114.86,95.14,88.92
114.83,95.21,88.88
114.79,95.28,88.84
114.85,95.17,88.91
114.83,95.20,88.89
114.88,95.11,88.95
114.92,95.03,88.99
114.93,95.01,89.00
114.99,94.91,89.06
115.03,94.82,89.11
115.04,94.80,89.12
114.94,95.00,89.01
114.95,94.97,89.02
115.08,94.74,89.15
115.02,94.84,89.10
114.97,94.95,89.04
114.91,95.05,88.98
115.01,94.87,89.08
115.00,94.88,89.07
115.06,94.77,89.14
114.87,95.12,88.94
114.92,95.04,88.99
114.92,95.04,88.98
114.96,94.96,89.03
115.00,94.88,89.08
114.91,95.05,88.98
114.87,95.13,88.93
115.05,94.78,89.13
115.01,94.86,89.09
114.97,94.94,89.04
114.93,95.02,89.00
115.02,94.85,89.09
115.03,94.83,89.10
115.07,94.75,89.15
114.95,94.98,89.02
114.95,94.99,89.02
114.99,94.91,89.06
115.04,94.82,89.11
114.94,95.00,89.01
115.04,94.81,89.11
115.00,94.89,89.07
115.04,94.81,89.12
115.15,94.61,89.22
115.12,94.66,89.20
115.09,94.72,89.16
115.08,94.74,89.15
115.10,94.70,89.17
114.84,95.19,88.89
114.68,95.49,88.68
114.79,95.29,88.83
114.73,95.39,88.76
114.68,95.49,88.68
114.68,95.49,88.69
114.76,95.35,88.79
114.73,95.41,88.75
114.78,95.31,88.82
114.76,95.33,88.80
114.73,95.40,88.76
114.79,95.28,88.83
114.85,95.18,88.90
114.81,95.25,88.86
114.78,95.31,88.82
114.78,95.29,88.83
114.74,95.37,88.78
114.77,95.32,88.81
114.74,95.39,88.76
114.84,95.19,88.90
114.81,95.24,88.86
114.84,95.18,88.90
114.68,95.49,88.69
114.68,95.49,88.68
114.65,95.54,88.64
114.69,95.47,88.70
114.72,95.42,88.74
114.71,95.44,88.73
114.71,95.43,88.73
114.68,95.49,88.69
114.98,89.04,94.27
115.02,89.05,94.26
115.07,89.06,94.25
115.13,89.07,94.23
115.09,89.06,94.24
115.16,89.08,94.22
115.11,89.07,94.24
114.97,89.04,94.27
115.04,89.05,94.26
115.11,89.07,94.24
114.97,89.04,94.27
114.97,89.04,94.28
115.53,89.17,94.10
115.58,89.18,94.09
115.59,89.19,94.08
115.68,89.22,94.04
115.74,89.23,94.02
115.77,89.24,94.01
115.63,89.20,94.07
115.67,89.21,94.05
115.58,89.19,94.09
115.15,89.08,94.23
115.28,89.11,94.18
115.26,89.11,94.19
115.36,89.13,94.15
115.49,89.16,94.11
115.47,89.16,94.12
115.24,89.10,94.20
115.21,89.09,94.20
115.12,89.07,94.23
115.60,89.19,94.08
115.50,89.16,94.11
115.39,89.14,94.15
115.29,89.11,94.18
115.50,89.17,94.11
115.51,89.17,94.11
115.61,89.19,94.07
115.23,89.10,94.20
115.25,89.10,94.19
115.37,89.13,94.15
115.48,89.16,94.12
115.27,89.11,94.19
115.46,89.15,94.13
115.33,89.12,94.17
115.20,89.09,94.21
115.43,89.15,94.14
115.40,89.14,94.15
115.18,89.09,94.22
115.19,89.09,94.21
115.30,89.11,94.18
115.41,89.14,94.14
115.19,89.09,94.21
115.52,89.17,94.11
115.42,89.14,94.14
115.32,89.12,94.17
115.44,89.15,94.13
115.56,89.18,94.09
115.02,89.05,94.26
115.08,89.06,94.24
115.06,89.06,94.25
115.57,89.18,94.09
115.65,89.21,94.06
115.73,89.23,94.03
115.72,89.23,94.03
115.79,89.24,94.00
115.74,89.23,94.03
115.80,89.25,94.00
115.64,89.20,94.06
115.63,89.20,94.07
115.68,89.21,94.05
115.75,89.23,94.02
115.59,89.19,94.08
115.54,93.94,89.55
115.49,94.03,89.50
115.54,93.95,89.54
115.52,93.97,89.53
115.47,94.06,89.49
115.52,93.98,89.52
115.58,93.88,89.58
115.63,93.81,89.61
115.63,93.80,89.61
115.67,93.75,89.64
115.62,93.81,89.61
115.61,93.84,89.60
115.64,93.78,89.62
115.60,93.85,89.59
115.58,93.88,89.57
115.53,93.96,89.54
115.47,94.06,89.49
115.42,94.13,89.45
115.43,94.13,89.46
115.39,94.19,89.42
115.34,94.27,89.39
115.35,94.26,89.39
115.43,94.12,89.46
115.44,94.11,89.47
115.48,94.04,89.50
115.41,94.16,89.44
115.37,94.22,89.41
115.32,94.31,89.37
115.31,94.33,89.36
115.26,94.40,89.32
115.32,94.30,89.37
115.29,94.35,89.35
115.44,94.11,89.46
115.44,94.10,89.47
115.46,94.08,89.48
115.47,94.06,89.49
115.42,94.14,89.45
115.40,94.17,89.43
115.39,94.19,89.42
115.33,94.28,89.38
115.38,94.20,89.42
115.36,94.25,89.40
115.34,94.26,89.39
115.39,94.19,89.43
115.38,94.21,89.42
115.40,94.17,89.44
115.45,94.09,89.47
115.37,94.23,89.41
115.32,94.30,89.37
115.43,94.13,89.45
115.46,94.08,89.48
115.53,93.97,89.53
115.56,93.91,89.56
115.59,93.86,89.58
115.49,94.02,89.51
115.52,93.98,89.53
115.39,94.18,89.43
115.40,94.18,89.43
115.40,94.18,89.43
115.43,94.12,89.46
115.46,94.07,89.48
115.53,93.96,89.54
115.46,94.07,89.48
115.50,94.01,89.51
115.28,94.38,89.33
115.25,94.44,89.31
115.22,94.48,89.29
115.17,94.57,89.24
115.14,94.62,89.21
115.11,94.67,89.19
115.19,94.53,89.26
115.17,94.58,89.24
115.22,94.48,89.28
115.22,94.47,89.29
115.18,94.56,89.25
115.24,94.45,89.30
115.32,94.31,89.37
115.27,94.39,89.33
115.23,94.46,89.30
115.23,94.46,89.30
115.19,94.53,89.26
115.23,94.47,89.29
115.18,94.54,89.25
115.29,94.36,89.34
115.26,94.41,89.32
115.30,94.34,89.36
115.10,94.69,89.18
115.09,94.71,89.17
115.08,94.73,89.16
115.13,94.64,89.20
115.15,94.60,89.23
115.15,94.61,89.22
115.15,94.60,89.22
115.12,94.67,89.19
115.70,89.22,94.04
115.69,89.22,94.04
115.83,89.26,93.98
115.96,89.30,93.92
115.96,89.30,93.91
116.05,89.34,93.85
116.02,89.33,93.86
116.01,89.33,93.87
115.90,89.28,93.94
115.88,89.28,93.95
115.84,89.26,93.97
115.89,89.28,93.95
116.01,89.32,93.88
115.78,89.24,94.01
115.89,89.28,93.94
115.82,89.26,93.98
115.70,89.22,94.03
115.71,89.22,94.03
115.70,89.22,94.03
115.99,89.31,93.90
115.92,89.29,93.94
115.91,89.29,93.94
115.81,89.25,93.99
115.71,89.22,94.03
115.90,89.28,93.94
116.00,89.32,93.89
115.88,89.28,93.95
115.94,89.30,93.92
116.00,89.32,93.89
115.99,89.31,93.90
116.06,89.34,93.85
116.00,89.32,93.89
116.07,89.34,93.85
115.86,89.27,93.96
115.87,89.27,93.96
115.93,89.29,93.93
115.99,89.31,93.90
115.87,89.27,93.96
115.98,89.31,93.91
115.85,89.27,93.97
115.80,89.25,93.99
115.84,89.26,93.97
115.76,89.24,94.02
116.06,89.34,93.85
115.98,89.31,93.90
115.93,89.29,93.93
115.97,89.31,93.91
116.05,89.34,93.85
116.22,92.84,90.11
116.20,92.89,90.08
116.22,92.84,90.11
116.22,92.84,90.11
116.19,92.90,90.08
116.22,92.85,90.11
116.25,92.79,90.14
116.27,92.74,90.17
116.28,92.73,90.17
116.29,92.70,90.19
116.27,92.75,90.16
116.26,92.77,90.15
116.27,92.73,90.17
116.25,92.78,90.14
116.24,92.81,90.13
116.21,92.86,90.10
116.11,93.04,90.00
116.11,93.04,90.00
116.14,92.99,90.03
116.17,92.95,90.05
116.16,92.95,90.05
116.17,92.94,90.05
116.17,92.94,90.06
116.08,93.09,89.97
116.11,93.05,89.99
116.11,93.05,90.00
116.14,93.00,90.02
116.16,92.95,90.05
116.11,93.04,90.00
116.08,93.09,89.97
116.15,92.96,90.04
116.13,93.01,90.02
116.17,92.93,90.06
116.19,92.89,90.08
116.17,92.93,90.06
116.21,92.86,90.10
116.23,92.82,90.12
116.09,93.07,89.98
116.12,93.02,90.01
116.14,92.98,90.03
116.12,93.02,90.01
116.10,93.05,89.99
115.94,93.32,89.85
115.94,93.32,89.85
115.99,93.24,89.89
116.03,93.17,89.93
116.03,93.17,89.93
116.04,93.16,89.93
116.04,93.16,89.94
115.90,93.38,89.82
115.95,93.31,89.86
115.94,93.31,89.86
115.98,93.25,89.89
116.03,93.17,89.93
115.94,93.31,89.86
115.89,93.39,89.82
116.02,93.19,89.92
116.02,93.20,89.91
116.04,93.15,89.94
116.07,93.11,89.96
116.06,93.13,89.95
116.07,93.11,89.96
116.08,93.09,89.97
115.92,93.36,89.83
115.97,93.28,89.87
116.01,93.21,89.91
115.99,93.24,89.89
115.97,93.27,89.88
115.68,93.73,89.65
115.62,93.82,89.61
115.57,93.90,89.56
115.51,93.99,89.52
115.62,93.82,89.60
115.62,93.82,89.60
115.67,93.74,89.64
115.73,93.65,89.69
115.73,93.65,89.69
115.79,93.55,89.74
115.85,93.47,89.78
115.85,93.46,89.78
115.73,93.64,89.69
115.74,93.64,89.69
115.89,93.40,89.81
115.83,93.49,89.77
115.77,93.58,89.72
115.72,93.67,89.68
115.82,93.50,89.76
115.81,93.53,89.75
115.86,93.44,89.79
115.64,93.78,89.62
115.69,93.71,89.66
115.70,93.70,89.66
115.75,93.61,89.70
115.80,93.54,89.74
115.71,93.69,89.67
115.66,93.76,89.63
115.86,93.45,89.79
115.81,93.52,89.75
115.76,93.61,89.71
115.70,93.69,89.67
115.82,93.51,89.76
115.83,93.50,89.76
115.88,93.41,89.81
115.73,93.65,89.69
115.72,93.66,89.68
115.78,93.58,89.72
115.84,93.48,89.77
115.71,93.68,89.67
115.84,93.47,89.77
115.79,93.56,89.73
115.84,93.47,89.78
115.96,93.30,89.87
115.93,93.33,89.85
115.90,93.39,89.82
115.89,93.41,89.81
115.91,93.37,89.83
115.52,93.98,89.53
115.53,93.97,89.53
115.53,93.96,89.54
115.57,93.90,89.57
115.62,93.81,89.61
115.61,93.84,89.59
115.61,93.83,89.60
115.57,93.90,89.56
116.07,89.34,93.85
116.04,89.34,93.86
116.18,89.39,93.77
116.31,89.46,93.66
116.31,89.46,93.65
116.37,89.49,93.60
116.22,89.41,93.74
116.28,89.44,93.69
116.18,89.39,93.77
116.17,89.39,93.78
116.03,89.34,93.86
116.22,89.41,93.73
116.32,89.46,93.65
116.04,89.34,93.86
116.19,89.39,93.76
116.13,89.36,93.82
116.08,89.34,93.85
116.08,89.35,93.84
116.07,89.34,93.85
116.26,89.43,93.71
116.20,89.40,93.75
116.20,89.40,93.76
116.14,89.37,93.81
116.09,89.35,93.84
116.19,89.40,93.76
116.27,89.43,93.71
116.17,89.39,93.78
116.23,89.42,93.72
116.33,89.47,93.64
116.33,89.47,93.64
116.41,89.51,93.56
116.32,89.46,93.64
116.41,89.51,93.56
116.15,89.38,93.79
116.16,89.38,93.78
116.24,89.42,93.72
116.34,89.47,93.63
116.16,89.38,93.78
116.21,89.41,93.75
116.15,89.38,93.80
116.11,89.36,93.83
116.12,89.36,93.83
116.10,89.35,93.84
116.38,89.49,93.60
116.30,89.45,93.66
116.21,89.41,93.74
116.25,89.42,93.71
116.29,89.44,93.69
116.44,92.35,90.40
116.42,92.41,90.36
116.45,92.33,90.41
116.45,92.33,90.41
116.43,92.39,90.38
116.46,92.31,90.42
116.48,92.27,90.45
116.50,92.20,90.50
116.50,92.21,90.49
116.53,92.13,90.54
116.50,92.20,90.49
116.51,92.19,90.50
116.54,92.11,90.55
116.51,92.19,90.50
116.48,92.27,90.45
116.45,92.34,90.41
116.29,92.70,90.19
116.26,92.76,90.15
116.23,92.81,90.13
116.20,92.87,90.09
116.25,92.78,90.15
116.24,92.80,90.13
116.27,92.74,90.17
116.31,92.66,90.21
116.31,92.64,90.22
116.36,92.55,90.28
116.39,92.47,90.33
116.40,92.45,90.34
116.32,92.63,90.23
116.33,92.61,90.24
116.43,92.39,90.37
116.39,92.48,90.32
116.34,92.58,90.26
116.30,92.68,90.20
116.38,92.50,90.31
116.37,92.52,90.30
116.42,92.42,90.36
116.26,92.75,90.16
116.30,92.67,90.21
116.30,92.67,90.21
116.34,92.60,90.25
116.37,92.52,90.30
116.30,92.68,90.20
116.26,92.76,90.16
116.41,92.43,90.35
116.37,92.51,90.30
116.34,92.59,90.26
116.30,92.67,90.21
116.38,92.51,90.30
116.38,92.50,90.31
116.41,92.42,90.35
116.33,92.62,90.24
116.32,92.63,90.23
116.35,92.57,90.27
116.38,92.49,90.32
116.31,92.65,90.22
116.39,92.47,90.32
116.36,92.54,90.29
116.40,92.46,90.33
116.51,92.19,90.50
116.48,92.27,90.45
116.44,92.35,90.40
116.44,92.35,90.40
116.45,92.34,90.40
116.22,92.83,90.12
116.21,92.85,90.10
116.18,92.91,90.07
116.13,93.00,90.02
116.13,93.01,90.02
116.09,93.08,89.98
116.14,92.98,90.03
116.10,93.06,89.99
116.15,92.98,90.04
116.18,92.92,90.07
116.16,92.96,90.04
116.20,92.88,90.09
116.23,92.82,90.12
116.19,92.89,90.08
116.15,92.97,90.04
116.15,92.97,90.04
116.11,93.04,90.00
116.15,92.97,90.04
116.11,93.03,90.00
116.23,92.83,90.12
116.19,92.90,90.08
116.23,92.82,90.12
116.08,93.09,89.97
116.06,93.12,89.96
116.03,93.17,89.93
115.98,93.26,89.89
115.95,93.30,89.86
115.93,93.34,89.84
116.00,93.22,89.91
115.97,93.27,89.88
116.03,93.18,89.92
116.05,93.15,89.94
116.00,93.22,89.90
116.05,93.14,89.94
116.09,93.08,89.98
116.05,93.14,89.95
116.02,93.19,89.92
116.03,93.18,89.93
116.00,93.23,89.90
116.02,93.19,89.92
115.99,93.23,89.90
116.08,93.09,89.97
116.06,93.13,89.95
116.09,93.08,89.98
115.91,93.36,89.83
115.90,93.38,89.82
115.89,93.40,89.81
115.94,93.33,89.85
115.96,93.28,89.87
115.96,93.29,89.87
115.96,93.29,89.87
115.92,93.35,89.84
116.29,89.44,93.68
116.35,89.48,93.63
116.39,89.50,93.59
116.41,89.52,93.56
116.40,89.50,93.58
116.45,89.54,93.52
116.40,89.51,93.57
116.29,89.44,93.68
116.36,89.48,93.61
116.40,89.51,93.57
116.30,89.45,93.67
116.30,89.45,93.67
116.72,89.76,93.13
116.78,89.82,93.03
116.76,89.81,93.05
116.80,89.85,92.98
116.84,89.92,92.87
116.83,89.91,92.89
116.75,89.80,93.07
116.75,89.79,93.09
116.71,89.74,93.16
116.46,89.54,93.51
116.54,89.61,93.40
116.52,89.59,93.42
116.57,89.63,93.35
116.62,89.68,93.28
116.62,89.67,93.28
116.49,89.57,93.46
116.48,89.56,93.47
116.42,89.52,93.55
116.70,89.73,93.18
116.63,89.68,93.27
116.56,89.63,93.36
116.53,89.60,93.41
116.63,89.68,93.26
116.64,89.69,93.26
116.69,89.73,93.19
116.47,89.56,93.48
116.48,89.57,93.46
116.57,89.64,93.34
116.61,89.67,93.29
116.51,89.59,93.43
116.64,89.69,93.25
116.58,89.64,93.34
116.51,89.58,93.44
116.65,89.70,93.23
116.67,89.71,93.22
116.49,89.58,93.45
116.50,89.58,93.45
116.60,89.66,93.31
116.67,89.72,93.21
116.50,89.58,93.44
116.73,89.77,93.13
116.66,89.71,93.22
116.58,89.65,93.33
116.65,89.70,93.24
116.71,89.75,93.15
116.35,89.48,93.62
116.40,89.51,93.58
116.39,89.50,93.59
116.95,90.13,92.54
116.96,90.17,92.47
116.96,90.19,92.45
116.97,90.24,92.38
116.97,90.29,92.31
116.97,90.29,92.31
116.96,90.19,92.45
116.96,90.19,92.44
116.96,90.14,92.52
116.95,90.13,92.53
116.93,90.09,92.60
116.94,90.09,92.59
116.92,90.05,92.65
116.90,90.01,92.73
116.90,90.01,92.72
116.94,90.10,92.58
116.94,90.10,92.58
116.96,90.14,92.52
116.91,90.04,92.69
116.89,90.00,92.75
116.84,89.91,92.88
116.82,89.88,92.93
116.78,89.83,93.02
116.87,89.96,92.80
116.85,89.92,92.87
116.93,90.09,92.61
116.93,90.09,92.60
116.94,90.10,92.59
116.94,90.10,92.58
116.92,90.05,92.66
116.90,90.01,92.72
116.90,90.01,92.73
116.84,89.91,92.89
116.88,89.99,92.75
116.87,89.96,92.81
116.75,89.79,93.08
116.76,89.80,93.06
116.80,89.86,92.97
116.83,89.90,92.90
116.76,89.81,93.05
116.97,90.54,91.98
116.96,90.62,91.88
116.96,90.63,91.87
116.95,90.65,91.84
116.94,90.73,91.75
116.94,90.74,91.74
116.97,90.59,91.91
116.97,90.58,91.92
116.97,90.56,91.95
116.97,90.54,91.98
116.97,90.48,92.05
116.97,90.50,92.03
116.97,90.45,92.09
116.97,90.40,92.16
116.97,90.38,92.18
116.97,90.49,92.03
116.97,90.49,92.04
116.97,90.55,91.96
116.97,90.43,92.12
116.97,90.41,92.15
116.97,90.28,92.32
116.97,90.27,92.34
116.96,90.18,92.46
116.97,90.35,92.23
116.97,90.28,92.32
116.97,90.49,92.04
116.97,90.50,92.03
116.97,90.50,92.03
116.97,90.49,92.04
116.97,90.44,92.10
116.97,90.38,92.19
116.97,90.39,92.17
116.97,90.27,92.33
116.97,90.40,92.16
116.97,90.34,92.24
116.96,90.19,92.44
116.96,90.19,92.45
116.97,90.23,92.38
116.97,90.29,92.30
116.96,90.18,92.46
116.89,90.99,91.47
116.88,91.03,91.42
116.88,91.03,91.43
116.87,91.07,91.39
116.85,91.11,91.35
116.85,91.12,91.34
116.88,91.02,91.43
116.88,91.02,91.43
116.89,90.98,91.47
116.88,91.01,91.44
116.90,90.94,91.52
116.89,90.96,91.50
116.90,90.91,91.55
116.92,90.84,91.63
116.91,90.86,91.61
116.89,90.97,91.48
116.88,91.00,91.45
116.87,91.05,91.40
116.91,90.86,91.60
116.92,90.83,91.64
116.94,90.70,91.79
116.96,90.64,91.86
116.96,90.60,91.90
116.93,90.78,91.70
116.94,90.72,91.77
116.90,90.93,91.52
116.90,90.93,91.53
116.90,90.93,91.53
116.90,90.92,91.53
116.91,90.87,91.59
116.92,90.81,91.66
116.92,90.82,91.65
116.94,90.70,91.79
116.92,90.82,91.65
116.93,90.76,91.72
116.96,90.61,91.89
116.96,90.61,91.89
116.95,90.66,91.83
116.94,90.72,91.76
116.96,90.61,91.90
116.81,91.27,91.20
116.80,91.31,91.16
116.83,91.21,91.25
116.84,91.16,91.30
116.83,91.21,91.25
116.85,91.12,91.34
116.86,91.09,91.37
116.77,91.40,91.09
116.78,91.37,91.11
116.79,91.35,91.13
116.81,91.28,91.19
116.82,91.23,91.24
116.79,91.32,91.15
116.78,91.38,91.10
116.82,91.22,91.24
116.83,91.20,91.27
116.85,91.14,91.32
116.86,91.08,91.38
116.87,91.05,91.40
116.86,91.10,91.36
116.85,91.13,91.33
116.79,91.34,91.14
116.82,91.24,91.22
116.84,91.15,91.31
116.83,91.22,91.25
116.81,91.29,91.18
116.66,91.76,90.80
116.64,91.82,90.75
116.64,91.81,90.76
116.63,91.86,90.72
116.60,91.93,90.68
116.61,91.92,90.68
116.65,91.80,90.76
116.65,91.79,90.77
116.67,91.73,90.81
116.65,91.78,90.78
116.68,91.71,90.83
116.67,91.72,90.82
116.69,91.67,90.87
116.71,91.60,90.92
116.71,91.62,90.91
116.67,91.74,90.81
116.66,91.75,90.80
116.64,91.81,90.76
116.69,91.67,90.87
116.71,91.61,90.91
116.74,91.51,91.00
116.75,91.46,91.03
116.77,91.40,91.09
116.73,91.55,90.96
116.74,91.50,91.00
116.69,91.68,90.86
116.69,91.67,90.86
116.69,91.66,90.87
116.70,91.65,90.88
116.71,91.59,90.93
116.74,91.51,90.99
116.73,91.52,90.98
116.75,91.49,91.01
116.71,91.59,90.93
116.74,91.50,91.00
116.79,91.33,91.14
116.79,91.36,91.12
116.77,91.40,91.08
116.75,91.47,91.03
116.78,91.38,91.10
116.59,91.98,90.64
116.57,92.03,90.60
116.57,92.03,90.61
116.55,92.07,90.57
116.53,92.13,90.53
116.53,92.12,90.54
116.57,92.02,90.61
116.57,92.01,90.62
116.59,91.97,90.64
116.55,92.08,90.57
116.53,92.13,90.54
116.49,92.24,90.47
116.47,92.27,90.45
116.46,92.32,90.42
116.52,92.17,90.51
116.49,92.23,90.48
116.57,92.02,90.61
116.59,91.97,90.65
116.61,91.91,90.69
116.62,91.87,90.72
116.58,92.01,90.62
116.56,92.05,90.59
116.54,92.10,90.56
116.50,92.22,90.48
116.54,92.12,90.55
116.52,92.16,90.52
116.53,92.12,90.54
116.55,92.07,90.58
116.55,92.09,90.56
116.56,92.05,90.59
116.58,91.99,90.63
116.54,92.10,90.56
116.52,92.16,90.52
116.56,92.04,90.60
116.58,92.00,90.62
116.61,91.92,90.68
116.62,91.89,90.70
116.63,91.86,90.73
116.59,91.96,90.66
116.60,91.93,90.67
116.57,92.02,90.61
116.57,92.03,90.61
116.56,92.04,90.60
116.60,91.94,90.67
116.63,91.85,90.73
116.62,91.88,90.71
116.59,91.95,90.66
116.62,91.87,90.72
116.45,92.34,90.41
116.44,92.36,90.39
116.44,92.37,90.39
116.47,92.30,90.43
116.49,92.24,90.47
116.50,92.21,90.49
116.50,92.22,90.48
116.47,92.29,90.44
116.73,89.77,93.12
116.78,89.83,93.01
116.82,89.89,92.92
116.86,89.95,92.82
116.81,89.87,92.95
116.85,89.93,92.86
116.81,89.86,92.97
116.73,89.77,93.11
116.77,89.82,93.04
116.81,89.86,92.96
116.74,89.77,93.11
116.74,89.78,93.10
116.96,90.15,92.51
116.96,90.20,92.44
116.97,90.24,92.37
116.97,90.30,92.30
116.97,90.20,92.44
116.96,90.21,92.42
116.96,90.15,92.50
116.94,90.12,92.56
116.94,90.11,92.57
116.92,90.06,92.64
116.90,90.02,92.71
116.94,90.10,92.58
116.93,90.08,92.61
116.91,90.04,92.68
116.88,89.98,92.77
116.87,89.97,92.79
116.89,90.00,92.74
116.94,90.12,92.55
116.96,90.16,92.49
116.94,90.11,92.57
116.94,90.10,92.58
116.96,90.15,92.51
116.92,90.06,92.64
116.90,90.02,92.70
116.85,89.93,92.85
116.88,89.99,92.76
116.91,90.04,92.67
116.89,90.00,92.74
116.86,89.95,92.83
116.79,89.84,93.00
116.81,89.87,92.95
116.82,89.89,92.91
116.97,90.55,91.95
116.96,90.60,91.91
116.95,90.65,91.84
116.94,90.72,91.76
116.96,90.60,91.90
116.96,90.60,91.90
116.97,90.55,91.97
116.97,90.51,92.01
116.97,90.50,92.03
116.97,90.45,92.10
116.97,90.39,92.17
116.97,90.50,92.03
116.97,90.47,92.06
116.97,90.41,92.14
116.97,90.31,92.28
116.96,90.26,92.35
116.97,90.35,92.23
116.97,90.52,92.00
116.97,90.54,91.97
116.97,90.51,92.02
116.97,90.49,92.03
116.97,90.55,91.96
116.97,90.44,92.11
116.97,90.39,92.18
116.96,90.22,92.41
116.97,90.32,92.27
116.97,90.42,92.13
116.97,90.36,92.22
116.97,90.31,92.29
116.97,90.20,92.44
116.96,90.20,92.43
116.97,90.25,92.37
116.89,90.98,91.48
116.88,91.03,91.42
116.87,91.07,91.38
116.85,91.12,91.34
116.87,91.04,91.42
116.87,91.05,91.41
116.88,91.00,91.46
116.90,90.95,91.51
116.90,90.94,91.52
116.91,90.88,91.58
116.93,90.81,91.67
116.90,90.92,91.54
116.91,90.90,91.57
116.92,90.83,91.64
116.94,90.71,91.78
116.95,90.69,91.80
116.93,90.77,91.70
116.89,90.95,91.51
116.88,91.02,91.44
116.89,90.97,91.49
116.89,90.97,91.48
116.87,91.06,91.39
116.90,90.92,91.55
116.92,90.85,91.62
116.96,90.62,91.88
116.94,90.71,91.77
116.92,90.83,91.64
116.93,90.79,91.68
116.94,90.72,91.77
116.96,90.61,91.89
116.96,90.61,91.89
116.95,90.66,91.83
116.86,91.09,91.36
116.86,91.11,91.35
116.83,91.20,91.26
116.80,91.30,91.17
116.79,91.33,91.15
116.77,91.40,91.09
116.81,91.28,91.19
116.78,91.36,91.11
116.82,91.25,91.21
116.83,91.18,91.28
116.81,91.26,91.21
116.84,91.15,91.31
116.85,91.14,91.32
116.83,91.19,91.27
116.82,91.25,91.22
116.81,91.27,91.20
116.80,91.32,91.15
116.82,91.24,91.23
116.81,91.28,91.18
116.86,91.10,91.35
116.83,91.19,91.28
116.85,91.12,91.33
116.67,91.72,90.83
116.65,91.78,90.78
116.63,91.84,90.73
116.61,91.91,90.69
116.66,91.77,90.79
116.66,91.76,90.79
116.68,91.70,90.84
116.70,91.63,90.90
116.70,91.64,90.89
116.72,91.57,90.94
116.74,91.50,91.00
116.70,91.64,90.89
116.71,91.61,90.92
116.73,91.54,90.97
116.76,91.44,91.05
116.77,91.40,91.08
116.75,91.47,91.02
116.69,91.65,90.88
116.67,91.73,90.82
116.68,91.69,90.85
116.67,91.72,90.83
116.65,91.79,90.78
116.70,91.65,90.88
116.72,91.58,90.94
116.78,91.39,91.09
116.75,91.48,91.02
116.72,91.57,90.95
116.73,91.53,90.98
116.74,91.49,91.01
116.79,91.35,91.12
116.78,91.37,91.11
116.77,91.40,91.08
116.61,91.90,90.69
116.61,91.90,90.69
116.62,91.90,90.70
116.64,91.83,90.74
116.66,91.76,90.80
116.64,91.82,90.75
116.65,91.79,90.77
116.63,91.86,90.72
