110.23,112.01,87.61
110.14,112.03,87.65
110.13,112.03,87.66
110.14,112.03,87.65
110.11,112.04,87.67
110.21,112.02,87.62
110.30,112.00,87.58
110.35,111.99,87.55
110.33,111.99,87.56
110.29,112.00,87.58
110.21,112.02,87.62
110.17,112.03,87.64
110.50,111.96,87.49
110.57,111.94,87.45
110.75,111.91,87.38
110.63,111.93,87.43
110.63,111.93,87.43
110.48,111.96,87.50
110.45,111.97,87.51
110.28,112.00,87.59
111.07,111.85,87.25
110.99,111.86,87.28
110.91,111.88,87.31
111.14,111.84,87.22
110.70,111.92,87.40
111.40,111.79,87.13
111.23,111.82,87.19
111.27,111.81,87.17
111.53,111.77,87.09
111.82,111.74,87.01
111.65,111.76,87.06
111.50,111.78,87.10
111.59,111.77,87.07
111.82,111.74,87.01
111.54,111.77,87.09
112.05,111.72,86.97
111.90,111.73,87.00
111.91,111.73,87.00
112.09,111.72,86.97
112.36,111.72,86.95
112.33,111.72,86.95
112.38,111.72,86.95
112.40,111.72,86.95
112.65,111.73,86.96
112.69,111.73,86.96
112.71,111.74,86.97
112.63,111.73,86.96
112.97,111.76,87.01
112.98,111.77,87.01
113.12,111.79,87.05
113.22,111.80,87.08
112.86,111.75,86.99
113.19,111.80,87.07
113.29,111.82,87.11
113.64,111.87,87.22
113.62,111.87,87.22
113.53,111.85,87.19
113.80,111.89,87.27
113.78,111.89,87.27
113.99,111.91,87.33
114.02,111.91,87.34
114.05,111.92,87.35
114.02,111.91,87.34
114.36,111.93,87.43
114.39,111.93,87.44
114.37,111.93,87.43
114.32,111.93,87.42
114.77,111.93,87.53
114.74,111.93,87.53
114.69,111.93,87.52
114.74,111.93,87.53
115.13,111.93,87.63
115.08,111.93,87.62
115.13,111.93,87.63
115.16,111.93,87.65
115.42,111.93,87.73
115.49,111.93,87.75
115.55,111.93,87.77
115.65,111.93,87.80
115.71,111.94,87.83
115.95,111.95,87.93
116.06,111.96,87.98
115.91,111.95,87.91
116.18,111.97,88.04
116.14,111.97,88.02
116.29,111.99,88.10
116.32,111.99,88.11
116.52,112.03,88.22
116.51,112.03,88.21
116.59,112.04,88.26
116.98,112.14,88.50
116.96,112.14,88.49
116.89,112.12,88.44
117.15,112.19,88.60
117.14,112.19,88.60
117.31,112.24,88.70
117.33,112.25,88.71
117.37,112.26,88.73
117.34,112.25,88.71
117.63,112.33,88.86
117.60,112.32,88.84
117.63,112.33,88.86
117.66,112.34,88.87
117.85,112.38,88.95
117.91,112.40,88.97
117.97,112.41,89.00
118.04,112.42,89.02
118.08,112.43,89.04
118.33,112.47,89.12
118.44,112.48,89.16
118.26,112.46,89.10
118.53,112.50,89.19
118.49,112.49,89.18
118.79,112.52,89.27
118.70,112.51,89.25
118.83,112.53,89.29
118.92,112.53,89.32
119.06,112.55,89.37
119.30,112.57,89.45
119.26,112.56,89.43
119.41,112.58,89.49
119.31,112.57,89.45
119.50,112.59,89.52
119.64,112.61,89.57
119.70,112.62,89.59
119.77,112.63,89.62
119.85,112.64,89.66
119.91,112.66,89.68
120.12,112.71,89.76
120.22,112.74,89.80
120.08,112.70,89.75
120.30,112.76,89.83
120.27,112.75,89.82
120.52,112.85,89.91
120.45,112.81,89.89
120.56,112.87,89.92
120.62,112.89,89.94
120.73,112.95,89.96
121.02,113.11,90.02
120.89,113.03,90.01
121.03,113.11,90.02
120.92,113.05,90.01
121.08,113.14,90.03
121.28,113.26,90.05
121.19,113.20,90.04
121.28,113.26,90.05
121.37,113.31,90.05
121.47,113.37,90.04
121.71,113.50,90.04
121.65,113.48,90.04
121.80,113.55,90.03
121.69,113.49,90.04
121.86,113.58,90.03
122.09,113.70,90.01
122.00,113.65,90.01
122.10,113.70,90.01
122.20,113.74,90.00
122.33,113.80,89.99
122.57,113.91,89.97
122.52,113.88,89.97
122.67,113.95,89.97
122.56,113.90,89.97
122.75,113.98,89.97
122.98,114.07,89.97
122.88,114.03,89.97
122.99,114.08,89.97
123.08,114.11,89.97
123.19,114.16,89.97
123.43,114.28,89.99
123.40,114.26,89.98
123.45,114.29,89.99
123.42,114.28,89.99
123.64,114.41,90.00
123.68,114.44,90.01
123.89,114.59,90.03
123.88,114.57,90.03
123.96,114.64,90.03
123.87,114.56,90.03
124.02,114.70,90.04
124.16,114.86,90.04
124.09,114.78,90.04
124.17,114.87,90.04
124.25,114.97,90.04
124.30,115.03,90.04
124.46,115.25,90.04
124.51,115.32,90.03
124.45,115.24,90.04
124.47,115.27,90.04
124.64,115.53,90.01
124.72,115.64,90.00
124.70,115.62,90.00
124.84,115.82,89.98
124.57,115.42,90.02
124.78,115.73,89.99
125.01,116.05,89.95
125.03,116.07,89.94
124.98,116.02,89.95
125.01,116.04,89.95
125.22,116.28,89.93
125.22,116.27,89.93
125.38,116.44,89.91
125.43,116.48,89.91
125.42,116.48,89.91
125.39,116.44,89.91
125.62,116.60,89.93
125.62,116.61,89.93
125.82,116.74,89.94
125.85,116.76,89.95
125.85,116.76,89.95
125.87,116.76,89.96
126.06,116.85,90.00
126.07,116.86,90.00
126.23,116.92,90.05
126.24,116.93,90.05
126.35,116.97,90.09
126.33,116.97,90.09
126.43,117.00,90.13
126.51,117.04,90.16
126.52,117.04,90.17
126.65,117.09,90.23
126.72,117.13,90.26
126.43,117.00,90.13
126.71,117.12,90.25
126.78,117.16,90.29
127.02,117.30,90.40
127.07,117.34,90.42
126.99,117.29,90.39
127.19,117.43,90.47
127.28,117.49,90.50
127.28,117.50,90.50
127.43,117.62,90.54
127.45,117.64,90.55
127.45,117.64,90.55
127.47,117.66,90.55
127.62,117.80,90.57
127.63,117.81,90.57
127.84,118.00,90.59
127.80,117.97,90.58
127.83,117.99,90.59
127.85,118.00,90.59
128.03,118.15,90.59
128.08,118.18,90.60
128.30,118.34,90.61
128.39,118.39,90.62
128.39,118.39,90.62
128.29,118.33,90.61
128.40,118.39,90.62
128.73,118.55,90.66
128.68,118.53,90.65
128.70,118.54,90.65
128.77,118.56,90.66
129.09,118.66,90.72
128.99,118.63,90.70
129.10,118.67,90.72
129.21,118.69,90.75
129.37,118.72,90.79
129.61,118.77,90.85
129.56,118.76,90.84
129.78,118.78,90.90
129.61,118.77,90.85
129.82,118.79,90.91
129.93,118.80,90.94
130.08,118.80,90.99
130.00,118.80,90.97
129.96,118.80,90.95
130.16,118.80,91.02
129.98,118.80,90.96
130.08,118.80,91.00
130.24,118.80,91.05
130.32,118.80,91.09
130.33,118.80,91.09
130.30,118.80,91.08
130.12,118.80,91.01
130.26,118.80,91.06
130.24,118.80,91.05
130.19,118.80,91.03
130.32,118.80,91.08
130.30,118.80,91.07
110.11,112.04,87.67
110.14,112.03,87.66
110.11,112.04,87.67
110.11,112.04,87.67
110.14,112.03,87.66
110.12,112.04,87.66
110.13,112.03,87.66
110.12,112.04,87.66
110.28,112.00,87.59
110.32,111.99,87.57
110.26,112.01,87.60
110.27,112.00,87.59
110.34,111.99,87.56
110.17,112.03,87.64
110.21,112.02,87.62
110.22,112.02,87.62
110.29,112.00,87.58
110.22,112.02,87.62
110.17,112.02,87.64
110.23,112.01,87.61
110.18,112.02,87.64
110.27,112.00,87.59
110.23,112.01,87.61
110.15,112.03,87.65
110.14,112.03,87.66
110.16,112.03,87.65
110.19,112.02,87.63
110.62,111.93,87.43
110.66,111.92,87.42
110.54,111.95,87.47
110.57,111.94,87.46
110.69,111.92,87.41
110.43,111.97,87.52
110.47,111.96,87.50
110.43,111.97,87.52
110.60,111.94,87.44
110.46,111.96,87.50
110.42,111.97,87.52
110.49,111.96,87.49
110.40,111.98,87.53
110.56,111.94,87.46
110.37,111.98,87.55
110.29,112.00,87.58
110.37,111.98,87.55
110.46,111.96,87.51
110.54,111.95,87.47
110.47,111.96,87.50
110.38,111.98,87.54
110.34,111.99,87.56
110.25,112.01,87.60
110.23,112.01,87.61
110.86,111.89,87.33
111.03,111.85,87.26
110.91,111.88,87.31
110.83,111.89,87.35
110.81,111.89,87.35
110.95,111.87,87.30
110.78,111.90,87.37
110.93,111.87,87.31
110.67,111.92,87.41
110.89,111.88,87.32
110.85,111.89,87.34
111.11,111.84,87.24
111.02,111.86,87.27
110.81,111.90,87.35
110.69,111.92,87.40
110.59,111.94,87.45
110.58,111.94,87.45
111.10,111.84,87.24
111.31,111.81,87.16
111.22,111.82,87.20
111.23,111.82,87.19
111.07,111.85,87.25
111.25,111.82,87.18
111.09,111.84,87.24
111.58,111.77,87.07
111.74,111.75,87.03
111.68,111.76,87.05
111.32,111.81,87.16
111.36,111.80,87.14
111.55,111.77,87.08
111.56,111.77,87.08
111.33,111.80,87.15
111.29,111.81,87.17
111.21,111.82,87.20
111.52,111.78,87.09
111.22,111.82,87.20
111.38,111.80,87.14
111.82,111.74,87.01
111.67,111.76,87.05
111.69,111.75,87.04
111.38,111.80,87.14
111.47,111.78,87.11
111.40,111.79,87.13
111.77,111.75,87.02
112.00,111.73,86.98
111.82,111.74,87.01
111.99,111.73,86.98
111.65,111.76,87.06
111.71,111.75,87.04
111.91,111.73,87.00
111.72,111.75,87.04
111.52,111.78,87.09
111.70,111.75,87.04
111.83,111.74,87.01
112.07,111.72,86.97
111.99,111.73,86.98
111.99,111.73,86.98
111.85,111.74,87.00
112.00,111.73,86.98
112.13,111.72,86.97
112.35,111.72,86.95
112.11,111.73,86.97
112.20,111.72,86.96
112.12,111.73,86.97
112.37,111.72,86.95
112.10,111.72,86.97
112.37,111.72,86.95
112.22,111.72,86.96
112.23,111.72,86.96
112.23,111.72,86.96
112.39,111.72,86.95
112.52,111.73,86.96
112.68,111.73,86.96
112.50,111.72,86.95
112.49,111.72,86.95
112.54,111.73,86.96
112.74,111.74,86.97
112.59,111.73,86.96
112.64,111.73,86.96
112.48,111.72,86.95
112.71,111.74,86.97
112.61,111.73,86.96
112.70,111.73,86.96
113.04,111.77,87.03
113.05,111.78,87.03
112.98,111.76,87.01
113.09,111.78,87.05
113.17,111.79,87.07
113.08,111.78,87.04
113.02,111.77,87.03
112.90,111.75,87.00
112.72,111.74,86.97
112.81,111.74,86.98
112.84,111.75,86.99
112.84,111.75,86.99
112.83,111.75,86.99
113.00,111.77,87.02
113.21,111.80,87.08
113.02,111.77,87.03
112.89,111.75,86.99
112.70,111.73,86.97
113.20,111.80,87.08
113.13,111.79,87.06
113.26,111.81,87.09
113.24,111.81,87.09
113.43,111.84,87.15
113.47,111.84,87.17
113.63,111.87,87.22
113.46,111.84,87.16
113.41,111.84,87.15
113.58,111.86,87.20
113.36,111.83,87.13
113.39,111.83,87.14
113.58,111.86,87.20
113.67,111.88,87.23
113.71,111.88,87.24
113.70,111.88,87.24
113.66,111.87,87.23
113.79,111.89,87.27
113.83,111.89,87.28
114.01,111.91,87.33
113.81,111.89,87.28
113.82,111.89,87.28
113.90,111.90,87.30
114.03,111.92,87.34
113.92,111.90,87.31
114.00,111.91,87.33
113.83,111.89,87.28
113.90,111.90,87.30
113.93,111.91,87.31
114.03,111.92,87.34
114.20,111.92,87.39
114.36,111.93,87.43
114.19,111.92,87.38
114.17,111.92,87.38
114.22,111.92,87.39
114.37,111.93,87.43
114.21,111.92,87.39
114.35,111.93,87.43
114.15,111.92,87.37
114.19,111.92,87.38
114.19,111.92,87.39
114.36,111.93,87.43
114.56,111.93,87.48
114.74,111.93,87.53
114.58,111.93,87.49
114.54,111.93,87.48
114.55,111.93,87.48
114.73,111.93,87.52
114.55,111.93,87.48
114.75,111.93,87.53
114.55,111.93,87.48
114.55,111.93,87.48
114.51,111.93,87.47
114.74,111.93,87.53
114.91,111.93,87.57
115.12,111.93,87.63
114.94,111.93,87.58
114.94,111.93,87.58
114.88,111.93,87.57
115.12,111.93,87.63
114.93,111.93,87.58
115.15,111.93,87.64
114.97,111.93,87.59
114.95,111.93,87.59
114.94,111.93,87.58
115.14,111.93,87.64
115.30,111.93,87.69
115.45,111.93,87.73
115.23,111.93,87.66
115.28,111.93,87.68
115.31,111.93,87.69
115.51,111.93,87.76
115.34,111.93,87.70
115.53,111.93,87.76
115.39,111.93,87.72
115.40,111.93,87.72
115.36,111.93,87.70
115.60,111.93,87.79
115.61,111.93,87.79
115.57,111.93,87.77
116.00,111.95,87.95
115.88,111.95,87.90
115.84,111.94,87.88
115.72,111.94,87.83
115.76,111.94,87.85
115.73,111.94,87.84
115.93,111.95,87.92
116.04,111.96,87.97
116.07,111.96,87.98
115.68,111.94,87.82
115.85,111.95,87.89
116.10,111.96,88.00
115.90,111.95,87.91
115.78,111.94,87.86
116.02,111.96,87.96
116.16,111.97,88.03
116.14,111.97,88.02
116.31,111.99,88.10
116.12,111.97,88.01
116.18,111.97,88.04
116.21,111.98,88.05
116.42,112.01,88.17
116.36,112.00,88.13
116.40,112.01,88.15
116.28,111.99,88.09
116.33,111.99,88.11
116.34,112.00,88.12
116.52,112.03,88.22
116.47,112.02,88.19
116.43,112.01,88.17
116.57,112.04,88.25
116.55,112.04,88.24
116.75,112.09,88.36
116.79,112.09,88.38
116.97,112.14,88.49
116.78,112.09,88.38
116.73,112.08,88.35
116.92,112.13,88.46
116.68,112.07,88.32
116.71,112.07,88.33
116.93,112.13,88.47
117.00,112.15,88.51
117.06,112.17,88.55
117.06,112.17,88.54
117.01,112.15,88.52
117.14,112.19,88.60
117.15,112.19,88.60
117.32,112.24,88.70
117.13,112.19,88.59
117.12,112.18,88.58
117.24,112.22,88.65
117.35,112.25,88.72
117.25,112.22,88.66
117.33,112.24,88.70
117.16,112.19,88.61
117.23,112.22,88.65
117.26,112.22,88.67
117.35,112.25,88.72
117.48,112.29,88.78
117.62,112.33,88.85
117.48,112.29,88.78
117.45,112.28,88.77
117.47,112.28,88.77
117.62,112.33,88.85
117.51,112.30,88.80
117.64,112.33,88.86
117.48,112.29,88.78
117.50,112.29,88.79
117.49,112.29,88.78
117.64,112.33,88.86
117.76,112.36,88.91
117.88,112.39,88.96
117.74,112.36,88.90
117.75,112.36,88.91
117.77,112.37,88.92
117.93,112.40,88.98
117.80,112.37,88.93
117.95,112.40,88.99
117.83,112.38,88.94
117.83,112.38,88.94
117.81,112.37,88.93
118.00,112.42,89.01
118.01,112.42,89.01
117.98,112.41,89.00
118.39,112.48,89.14
118.28,112.46,89.11
118.22,112.45,89.09
118.12,112.44,89.05
118.15,112.44,89.06
118.10,112.43,89.04
118.30,112.47,89.11
118.40,112.48,89.15
118.43,112.48,89.16
118.05,112.42,89.03
118.24,112.46,89.09
118.47,112.49,89.17
118.27,112.46,89.10
118.15,112.44,89.06
118.38,112.48,89.14
118.51,112.49,89.18
118.52,112.49,89.19
118.75,112.52,89.26
118.55,112.50,89.20
118.62,112.51,89.22
118.62,112.51,89.22
118.77,112.52,89.27
118.68,112.51,89.24
118.86,112.53,89.30
118.68,112.51,89.24
118.71,112.51,89.25
118.66,112.51,89.23
118.88,112.53,89.30
118.88,112.53,89.30
118.93,112.53,89.32
118.94,112.54,89.32
119.28,112.57,89.44
119.09,112.55,89.37
119.11,112.55,89.38
119.04,112.54,89.36
119.18,112.56,89.41
119.23,112.56,89.42
119.36,112.57,89.47
119.36,112.57,89.47
119.18,112.56,89.41
119.07,112.55,89.37
119.11,112.55,89.38
119.29,112.57,89.44
119.40,112.58,89.48
119.38,112.58,89.48
119.41,112.58,89.49
119.55,112.60,89.54
119.67,112.61,89.58
119.51,112.59,89.53
119.48,112.59,89.51
119.51,112.59,89.52
119.73,112.62,89.61
119.54,112.60,89.54
119.74,112.62,89.61
119.57,112.60,89.55
119.67,112.61,89.59
119.63,112.61,89.57
119.80,112.64,89.64
119.81,112.64,89.64
119.77,112.63,89.63
120.17,112.72,89.78
120.07,112.69,89.74
120.02,112.68,89.72
119.91,112.66,89.68
119.94,112.67,89.69
119.92,112.66,89.68
120.09,112.70,89.75
120.19,112.72,89.79
120.21,112.73,89.80
119.87,112.65,89.67
120.03,112.69,89.73
120.25,112.74,89.81
120.06,112.69,89.74
119.96,112.67,89.70
120.17,112.72,89.78
120.28,112.75,89.83
120.30,112.76,89.83
120.49,112.83,89.90
120.32,112.77,89.84
120.39,112.80,89.86
120.40,112.80,89.87
120.50,112.84,89.90
120.43,112.81,89.88
120.57,112.87,89.92
120.39,112.80,89.86
120.37,112.79,89.85
120.42,112.80,89.87
120.59,112.88,89.93
120.60,112.88,89.93
120.63,112.90,89.94
120.64,112.90,89.94
120.91,113.04,90.01
120.76,112.96,89.97
120.78,112.97,89.98
120.72,112.94,89.96
120.84,113.00,89.99
120.87,113.02,90.00
120.98,113.08,90.02
120.97,113.07,90.02
120.83,113.00,89.99
120.74,112.96,89.97
120.77,112.97,89.98
120.91,113.04,90.01
121.01,113.10,90.02
120.98,113.08,90.02
121.00,113.09,90.02
121.10,113.15,90.03
121.24,113.23,90.04
121.15,113.18,90.04
121.11,113.16,90.03
121.06,113.13,90.03
121.24,113.23,90.04
121.10,113.15,90.03
121.32,113.28,90.05
121.14,113.18,90.04
121.23,113.23,90.04
121.18,113.20,90.04
121.33,113.29,90.05
121.34,113.29,90.05
121.39,113.32,90.05
121.38,113.32,90.05
121.68,113.49,90.04
121.51,113.39,90.04
121.54,113.41,90.04
121.50,113.39,90.04
121.60,113.44,90.04
121.64,113.47,90.04
121.75,113.53,90.03
121.74,113.52,90.03
121.58,113.43,90.04
121.48,113.38,90.05
121.53,113.40,90.04
121.67,113.49,90.04
121.78,113.54,90.03
121.76,113.53,90.03
121.78,113.54,90.03
121.89,113.60,90.02
122.04,113.67,90.01
121.94,113.62,90.02
121.90,113.60,90.02
121.85,113.58,90.03
122.05,113.68,90.01
121.90,113.60,90.02
122.14,113.72,90.00
121.96,113.63,90.02
122.03,113.67,90.01
121.98,113.64,90.01
122.15,113.72,90.00
122.16,113.73,90.00
122.21,113.75,90.00
122.21,113.75,90.00
122.55,113.89,89.97
122.35,113.81,89.99
122.39,113.83,89.98
122.34,113.81,89.99
122.45,113.85,89.98
122.49,113.87,89.98
122.62,113.93,89.97
122.61,113.92,89.97
122.43,113.85,89.98
122.31,113.79,89.99
122.38,113.82,89.98
122.54,113.89,89.97
122.66,113.94,89.97
122.63,113.93,89.97
122.65,113.94,89.97
122.77,113.98,89.97
122.93,114.05,89.97
122.82,114.01,89.97
122.78,113.99,89.97
122.72,113.96,89.97
122.93,114.05,89.97
122.77,113.99,89.97
123.02,114.09,89.97
122.84,114.01,89.97
122.92,114.05,89.96
122.86,114.02,89.97
123.03,114.09,89.97
123.04,114.10,89.97
123.08,114.12,89.97
123.09,114.12,89.97
123.42,114.27,89.99
123.24,114.19,89.98
123.26,114.20,89.98
123.21,114.17,89.97
123.30,114.21,89.98
123.32,114.22,89.98
123.44,114.28,89.99
123.43,114.28,89.99
123.28,114.21,89.98
123.22,114.18,89.98
123.25,114.20,89.98
123.41,114.27,89.98
123.55,114.35,90.00
123.53,114.34,90.00
123.54,114.35,90.00
123.57,114.36,90.00
123.55,114.35,90.00
123.55,114.35,90.00
123.88,114.57,90.03
123.75,114.48,90.01
123.78,114.50,90.02
123.65,114.41,90.01
123.78,114.50,90.02
123.81,114.52,90.02
123.92,114.61,90.03
123.91,114.60,90.03
123.77,114.50,90.02
123.65,114.42,90.01
123.76,114.49,90.02
123.87,114.57,90.03
123.96,114.65,90.03
123.94,114.63,90.03
123.95,114.63,90.03
124.02,114.71,90.04
124.13,114.82,90.04
124.06,114.75,90.04
124.03,114.72,90.04
123.99,114.68,90.04
124.13,114.83,90.04
124.03,114.72,90.04
124.21,114.92,90.05
124.07,114.76,90.04
124.14,114.84,90.04
124.10,114.79,90.04
124.22,114.92,90.05
124.20,114.91,90.04
124.24,114.95,90.04
124.24,114.96,90.04
124.48,115.28,90.04
124.37,115.14,90.04
124.35,115.11,90.04
124.32,115.06,90.04
124.38,115.15,90.04
124.39,115.15,90.04
124.45,115.23,90.04
124.46,115.26,90.04
124.39,115.16,90.04
124.33,115.07,90.04
124.36,115.12,90.04
124.49,115.30,90.03
124.58,115.43,90.02
124.55,115.40,90.02
124.68,115.59,90.01
124.58,115.44,90.02
124.59,115.44,90.02
124.61,115.47,90.02
124.67,115.58,90.01
124.78,115.74,89.99
124.74,115.68,89.99
124.77,115.72,89.99
124.51,115.33,90.03
124.51,115.33,90.03
124.52,115.35,90.03
124.67,115.57,90.01
124.75,115.68,89.99
124.64,115.53,90.01
124.74,115.68,89.99
124.62,115.50,90.01
125.02,116.06,89.95
124.93,115.94,89.96
124.92,115.93,89.96
124.86,115.85,89.97
124.90,115.90,89.97
124.88,115.87,89.97
125.00,116.04,89.95
125.00,116.03,89.95
124.90,115.89,89.97
124.86,115.84,89.97
124.91,115.91,89.97
125.01,116.05,89.95
125.11,116.16,89.94
125.12,116.17,89.93
125.11,116.16,89.94
125.10,116.14,89.94
125.11,116.16,89.94
125.10,116.15,89.94
125.41,116.46,89.91
125.31,116.37,89.92
125.30,116.35,89.92
125.19,116.24,89.93
125.28,116.34,89.92
125.31,116.37,89.92
125.41,116.46,89.91
125.40,116.46,89.91
125.29,116.35,89.92
125.18,116.23,89.93
125.30,116.36,89.92
125.41,116.46,89.91
125.52,116.54,89.92
125.53,116.56,89.92
125.51,116.53,89.92
125.53,116.55,89.92
125.51,116.53,89.92
125.50,116.52,89.92
125.84,116.75,89.95
125.71,116.67,89.93
125.74,116.69,89.94
125.61,116.60,89.93
125.74,116.69,89.94
125.72,116.68,89.93
125.84,116.75,89.95
125.86,116.76,89.95
125.72,116.68,89.93
125.60,116.59,89.93
125.73,116.68,89.93
125.85,116.76,89.95
125.94,116.79,89.97
125.94,116.80,89.97
125.96,116.81,89.97
125.97,116.81,89.98
125.96,116.81,89.98
125.97,116.81,89.98
126.24,116.93,90.05
126.16,116.90,90.03
126.15,116.89,90.02
126.04,116.84,90.00
126.16,116.90,90.03
126.21,116.92,90.05
126.29,116.95,90.07
126.34,116.97,90.09
126.21,116.91,90.04
126.44,117.01,90.13
126.20,116.91,90.04
126.29,116.95,90.07
126.44,117.00,90.13
126.43,117.00,90.13
126.33,116.96,90.08
126.59,117.07,90.20
126.59,117.07,90.20
126.53,117.04,90.17
126.63,117.09,90.22
126.69,117.11,90.25
126.63,117.09,90.22
126.57,117.06,90.19
126.43,117.00,90.13
126.33,116.97,90.09
126.38,116.99,90.11
126.43,117.00,90.13
126.43,117.00,90.13
126.38,116.98,90.11
126.54,117.05,90.17
126.71,117.13,90.26
126.54,117.05,90.18
126.42,117.00,90.12
126.37,116.98,90.10
127.14,117.40,90.45
126.67,117.10,90.23
126.76,117.15,90.28
126.75,117.14,90.27
126.87,117.22,90.33
126.90,117.23,90.34
127.04,117.32,90.41
127.14,117.40,90.44
126.89,117.23,90.34
127.04,117.31,90.41
126.85,117.20,90.32
126.86,117.21,90.33
127.01,117.29,90.39
127.10,117.36,90.43
127.11,117.36,90.44
127.14,117.39,90.44
127.13,117.38,90.44
127.23,117.46,90.48
127.13,117.38,90.44
127.14,117.39,90.44
127.24,117.46,90.49
127.44,117.63,90.54
127.36,117.56,90.52
127.35,117.56,90.52
127.26,117.48,90.49
127.36,117.56,90.52
127.36,117.57,90.52
127.44,117.63,90.54
127.46,117.65,90.55
127.38,117.58,90.53
127.33,117.54,90.51
127.37,117.57,90.52
127.45,117.64,90.55
127.53,117.71,90.55
127.54,117.73,90.56
127.55,117.73,90.56
127.54,117.73,90.56
127.53,117.72,90.56
127.55,117.74,90.56
127.82,117.98,90.58
127.71,117.88,90.57
127.74,117.91,90.58
127.62,117.79,90.56
127.74,117.90,90.58
127.73,117.90,90.58
127.83,117.99,90.58
127.83,117.99,90.58
127.74,117.90,90.58
127.65,117.83,90.57
127.73,117.90,90.58
127.83,117.99,90.58
127.94,118.07,90.59
127.91,118.06,90.59
127.94,118.08,90.59
127.95,118.08,90.59
127.96,118.09,90.59
127.96,118.10,90.59
128.28,118.32,90.61
128.15,118.23,90.60
128.17,118.25,90.60
128.06,118.17,90.60
128.19,118.26,90.60
128.24,118.30,90.60
128.35,118.36,90.61
128.34,118.36,90.61
128.19,118.26,90.60
128.06,118.16,90.59
128.16,118.24,90.60
128.27,118.32,90.61
128.37,118.38,90.61
128.35,118.37,90.61
128.37,118.38,90.61
128.54,118.46,90.63
128.71,118.54,90.65
128.56,118.47,90.64
128.50,118.44,90.63
128.49,118.43,90.63
128.69,118.54,90.65
128.50,118.44,90.63
128.74,118.55,90.66
128.51,118.44,90.63
128.58,118.48,90.64
128.57,118.48,90.64
128.72,118.54,90.65
128.84,118.58,90.68
129.04,118.65,90.71
128.88,118.60,90.68
128.92,118.61,90.69
128.83,118.58,90.67
129.05,118.65,90.71
128.89,118.60,90.69
129.18,118.68,90.74
128.96,118.62,90.70
128.97,118.62,90.70
128.92,118.61,90.69
129.18,118.68,90.74
129.19,118.69,90.74
129.23,118.70,90.75
129.24,118.70,90.76
129.58,118.76,90.84
129.39,118.73,90.79
129.41,118.73,90.80
129.33,118.71,90.78
129.49,118.74,90.82
129.67,118.77,90.87
129.69,118.78,90.87
129.70,118.78,90.87
129.49,118.75,90.82
129.34,118.72,90.78
129.41,118.73,90.80
129.59,118.76,90.84
129.71,118.78,90.88
129.69,118.78,90.87
129.72,118.78,90.88
129.93,118.80,90.95
130.01,118.80,90.97
129.86,118.79,90.92
129.77,118.78,90.90
129.79,118.78,90.90
129.97,118.80,90.96
129.80,118.78,90.91
129.89,118.79,90.93
130.04,118.80,90.98
130.06,118.80,90.99
130.08,118.80,90.99
129.96,118.80,90.95
129.79,118.78,90.90
129.90,118.79,90.94
129.88,118.79,90.93
129.95,118.80,90.95
130.02,118.80,90.97
130.03,118.80,90.98
130.13,118.80,91.01
130.29,118.80,91.07
130.33,118.80,91.09
130.28,118.80,91.07
130.27,118.80,91.07
130.32,118.80,91.08
130.10,118.80,91.00
130.02,118.80,90.98
130.29,118.80,91.07
130.25,118.80,91.06
130.17,118.80,91.03
130.16,118.80,91.02
130.11,118.80,91.00
130.19,118.80,91.03
130.20,118.80,91.04
130.23,118.80,91.05
130.20,118.80,91.04
130.27,118.80,91.06
130.05,118.80,90.98
130.23,118.80,91.05
130.15,118.80,91.02
130.09,118.80,91.00
130.14,118.80,91.01
130.16,118.80,91.02
130.21,118.80,91.04
130.33,118.80,91.09
130.33,118.80,91.09
130.32,118.80,91.08
130.32,118.80,91.08
130.28,118.80,91.07
130.30,118.80,91.08
130.27,118.80,91.06
130.30,118.80,91.08
130.25,118.80,91.05
110.12,112.04,87.66
110.13,112.03,87.66
110.12,112.04,87.66
110.12,112.04,87.66
110.14,112.03,87.66
110.13,112.03,87.66
110.11,112.04,87.67
110.11,112.04,87.67
110.11,112.04,87.67
110.11,112.04,87.67
110.11,112.04,87.67
110.12,112.04,87.66
110.13,112.04,87.66
110.14,112.03,87.66
110.12,112.04,87.66
110.13,112.03,87.66
110.13,112.03,87.66
110.12,112.04,87.66
110.11,112.04,87.67
110.11,112.04,87.67
110.11,112.04,87.67
110.11,112.04,87.67
110.16,112.03,87.64
110.11,112.04,87.67
110.11,112.04,87.67
110.11,112.04,87.67
110.12,112.04,87.67
110.13,112.03,87.66
110.32,111.99,87.57
110.34,111.99,87.56
110.30,112.00,87.58
110.29,112.00,87.58
110.31,111.99,87.57
110.28,112.00,87.59
110.27,112.00,87.59
110.23,112.01,87.61
110.25,112.01,87.60
110.24,112.01,87.61
110.27,112.00,87.59
110.30,112.00,87.58
110.30,112.00,87.58
110.33,111.99,87.56
110.31,112.00,87.57
110.35,111.99,87.56
110.19,112.02,87.63
110.21,112.02,87.62
110.24,112.01,87.61
110.26,112.01,87.60
110.20,112.02,87.63
110.17,112.02,87.64
110.15,112.03,87.65
110.26,112.01,87.60
110.22,112.02,87.62
110.18,112.02,87.64
110.18,112.02,87.64
110.18,112.02,87.64
110.30,112.00,87.58
110.26,112.01,87.60
110.26,112.01,87.60
110.29,112.00,87.58
110.25,112.01,87.60
110.22,112.02,87.62
110.18,112.02,87.64
110.15,112.03,87.65
110.15,112.03,87.65
110.16,112.03,87.65
110.17,112.02,87.64
110.19,112.02,87.63
110.19,112.02,87.63
110.20,112.02,87.62
110.25,112.01,87.60
110.28,112.00,87.59
110.22,112.01,87.61
110.16,112.03,87.65
110.21,112.02,87.62
110.22,112.01,87.61
110.19,112.02,87.63
110.24,112.01,87.60
110.25,112.01,87.60
110.30,112.00,87.58
110.26,112.01,87.60
110.22,112.01,87.62
110.19,112.02,87.63
110.20,112.02,87.63
110.16,112.03,87.64
110.18,112.02,87.63
110.15,112.03,87.65
110.14,112.03,87.66
110.14,112.03,87.65
110.15,112.03,87.65
110.13,112.03,87.66
110.12,112.04,87.66
110.15,112.03,87.65
110.14,112.03,87.65
110.13,112.03,87.66
110.17,112.03,87.64
110.18,112.02,87.63
110.20,112.02,87.63
110.17,112.02,87.64
110.15,112.03,87.65
110.16,112.03,87.64
110.18,112.02,87.64
110.68,111.92,87.41
110.70,111.92,87.40
110.64,111.93,87.43
110.60,111.94,87.44
110.62,111.93,87.44
110.55,111.95,87.46
110.58,111.94,87.45
110.52,111.95,87.48
110.56,111.94,87.46
110.54,111.95,87.47
110.59,111.94,87.45
110.63,111.93,87.43
110.61,111.93,87.44
110.66,111.92,87.42
110.65,111.93,87.42
110.72,111.91,87.39
110.47,111.96,87.50
110.48,111.96,87.49
110.50,111.96,87.49
110.52,111.95,87.48
110.44,111.97,87.51
110.41,111.98,87.53
110.39,111.98,87.54
110.51,111.95,87.48
110.45,111.97,87.51
110.38,111.98,87.54
110.37,111.98,87.55
110.39,111.98,87.53
110.59,111.94,87.45
110.52,111.95,87.48
110.53,111.95,87.47
110.61,111.93,87.44
110.55,111.95,87.46
110.45,111.97,87.51
110.38,111.98,87.54
110.39,111.98,87.54
110.38,111.98,87.54
110.37,111.98,87.55
110.42,111.97,87.52
110.46,111.97,87.51
110.40,111.98,87.53
110.45,111.97,87.51
110.53,111.95,87.48
110.56,111.94,87.46
110.49,111.96,87.49
110.36,111.98,87.55
110.44,111.97,87.51
110.48,111.96,87.50
110.44,111.97,87.51
110.51,111.95,87.48
110.52,111.95,87.48
110.60,111.94,87.44
110.32,111.99,87.57
110.29,112.00,87.58
110.33,111.99,87.57
110.33,111.99,87.56
110.29,112.00,87.58
110.33,111.99,87.56
110.37,111.98,87.55
110.41,111.97,87.53
110.41,111.97,87.53
110.38,111.98,87.54
110.42,111.97,87.52
110.50,111.96,87.49
110.55,111.95,87.47
110.58,111.94,87.45
110.45,111.97,87.51
110.49,111.96,87.49
110.38,111.98,87.54
110.38,111.98,87.54
110.46,111.96,87.51
110.46,111.97,87.51
110.41,111.97,87.53
110.42,111.97,87.52
110.47,111.96,87.50
110.43,111.97,87.52
110.37,111.98,87.54
110.33,111.99,87.56
110.41,111.97,87.53
110.36,111.99,87.55
110.30,112.00,87.58
110.28,112.00,87.59
110.23,112.01,87.61
110.32,111.99,87.57
110.26,112.01,87.60
110.37,111.98,87.55
110.34,111.99,87.56
110.31,112.00,87.57
110.25,112.01,87.60
110.26,112.01,87.60
110.23,112.01,87.61
110.20,112.02,87.63
110.26,112.01,87.60
110.21,112.02,87.62
110.24,112.01,87.61
110.22,112.01,87.62
110.93,111.87,87.30
111.01,111.86,87.27
110.95,111.87,87.30
110.96,111.87,87.29
111.05,111.85,87.26
110.99,111.86,87.28
110.88,111.88,87.32
110.82,111.89,87.35
110.80,111.90,87.36
110.78,111.90,87.36
110.87,111.88,87.33
110.96,111.87,87.30
110.74,111.91,87.38
110.70,111.92,87.40
110.77,111.90,87.37
110.75,111.91,87.38
110.73,111.91,87.39
110.84,111.89,87.34
110.90,111.88,87.32
110.97,111.87,87.29
110.88,111.88,87.33
110.80,111.90,87.36
110.71,111.91,87.40
110.86,111.89,87.33
110.84,111.89,87.34
110.94,111.87,87.30
110.82,111.89,87.35
110.68,111.92,87.41
110.79,111.90,87.36
110.77,111.90,87.37
110.65,111.93,87.42
110.76,111.90,87.37
110.90,111.88,87.32
111.02,111.86,87.27
111.04,111.85,87.26
110.74,111.91,87.39
110.88,111.88,87.33
110.98,111.86,87.28
110.96,111.87,87.29
111.10,111.84,87.24
111.00,111.86,87.28
111.13,111.84,87.23
110.72,111.91,87.39
110.71,111.91,87.39
110.83,111.89,87.35
111.09,111.84,87.24
110.98,111.86,87.29
110.92,111.87,87.31
110.97,111.87,87.29
110.85,111.89,87.34
110.87,111.88,87.33
110.76,111.91,87.38
110.80,111.90,87.36
110.75,111.91,87.38
110.64,111.93,87.42
110.59,111.94,87.45
110.53,111.95,87.47
110.70,111.92,87.40
110.65,111.93,87.42
110.73,111.91,87.39
110.67,111.92,87.41
110.63,111.93,87.43
110.64,111.93,87.42
110.62,111.93,87.43
110.56,111.94,87.46
110.51,111.95,87.48
110.60,111.94,87.44
110.52,111.95,87.48
110.58,111.94,87.45
110.52,111.95,87.48
111.17,111.83,87.21
111.28,111.81,87.17
111.22,111.82,87.20
111.25,111.82,87.18
111.36,111.80,87.14
111.29,111.81,87.17
111.15,111.83,87.22
111.09,111.84,87.24
111.05,111.85,87.26
111.11,111.84,87.23
111.22,111.82,87.19
111.32,111.81,87.16
111.13,111.84,87.23
111.16,111.83,87.21
111.03,111.85,87.27
111.01,111.86,87.27
110.99,111.86,87.28
111.08,111.84,87.24
111.14,111.83,87.22
111.24,111.82,87.18
111.16,111.83,87.21
111.08,111.85,87.25
111.00,111.86,87.28
111.19,111.83,87.20
111.21,111.82,87.20
111.26,111.81,87.18
111.61,111.76,87.07
111.69,111.76,87.05
111.66,111.76,87.05
111.73,111.75,87.03
111.82,111.74,87.01
111.76,111.75,87.03
111.63,111.76,87.06
111.60,111.77,87.07
111.55,111.77,87.08
111.24,111.82,87.19
111.25,111.82,87.18
111.34,111.80,87.15
111.45,111.79,87.11
111.48,111.78,87.11
111.56,111.77,87.08
111.43,111.79,87.12
111.52,111.78,87.09
111.41,111.79,87.13
111.57,111.77,87.08
111.46,111.78,87.11
111.35,111.80,87.15
111.23,111.82,87.19
111.45,111.79,87.12
111.43,111.79,87.12
111.54,111.77,87.08
111.22,111.82,87.20
111.22,111.82,87.20
111.31,111.81,87.16
111.42,111.79,87.13
111.22,111.82,87.19
111.44,111.79,87.12
111.21,111.82,87.20
111.22,111.82,87.20
111.47,111.78,87.11
111.49,111.78,87.10
111.47,111.78,87.11
111.37,111.80,87.14
111.42,111.79,87.12
111.58,111.77,87.07
111.28,111.81,87.17
111.06,111.85,87.25
111.12,111.84,87.23
111.20,111.82,87.20
111.15,111.83,87.22
111.24,111.82,87.18
111.33,111.80,87.16
111.30,111.81,87.17
111.26,111.81,87.18
111.35,111.80,87.15
111.44,111.79,87.12
111.82,111.74,87.01
111.75,111.75,87.03
111.74,111.75,87.03
111.82,111.74,87.01
111.73,111.75,87.03
111.67,111.76,87.05
111.59,111.77,87.07
111.61,111.76,87.07
111.68,111.76,87.05
111.75,111.75,87.03
111.62,111.76,87.06
111.64,111.76,87.06
111.46,111.78,87.11
111.50,111.78,87.10
111.43,111.79,87.12
111.39,111.80,87.13
111.44,111.79,87.12
111.35,111.80,87.15
111.30,111.81,87.16
111.34,111.80,87.15
111.33,111.80,87.15
111.40,111.79,87.13
111.48,111.78,87.11
111.31,111.81,87.16
111.81,111.74,87.02
111.99,111.73,86.99
111.94,111.73,86.99
111.92,111.73,87.00
111.98,111.73,86.99
111.99,111.73,86.99
111.80,111.75,87.02
111.83,111.74,87.01
111.70,111.75,87.04
111.79,111.75,87.02
111.90,111.73,87.00
112.00,111.73,86.98
111.82,111.74,87.01
111.88,111.73,87.00
111.65,111.76,87.06
111.58,111.77,87.08
111.51,111.78,87.09
111.71,111.75,87.04
111.78,111.75,87.02
111.63,111.76,87.06
111.59,111.77,87.07
111.83,111.74,87.01
111.80,111.74,87.02
111.84,111.74,87.01
111.90,111.73,87.00
111.81,111.74,87.02
111.72,111.75,87.04
111.63,111.76,87.06
111.81,111.74,87.02
111.81,111.74,87.02
111.91,111.73,87.00
111.51,111.78,87.10
111.60,111.77,87.07
111.61,111.76,87.07
111.71,111.75,87.04
111.80,111.75,87.02
111.62,111.76,87.06
111.53,111.77,87.09
111.81,111.74,87.02
111.72,111.75,87.04
111.62,111.76,87.06
111.64,111.76,87.06
111.66,111.76,87.05
111.45,111.79,87.11
111.46,111.79,87.11
111.39,111.79,87.13
112.06,111.72,86.97
112.01,111.72,86.97
112.02,111.72,86.97
112.08,111.72,86.97
112.03,111.72,86.97
111.99,111.73,86.98
111.89,111.73,87.00
111.88,111.73,87.00
111.99,111.73,86.98
112.01,111.72,86.97
111.87,111.73,87.00
111.86,111.74,87.00
111.73,111.75,87.04
111.77,111.75,87.02
111.82,111.74,87.01
111.79,111.75,87.02
111.93,111.73,87.00
111.99,111.73,86.98
111.92,111.73,87.00
111.89,111.73,87.00
112.00,111.73,86.98
112.04,111.72,86.97
112.25,111.72,86.96
112.34,111.72,86.95
112.24,111.72,86.96
112.24,111.72,86.96
112.36,111.72,86.95
112.23,111.72,86.96
112.12,111.73,86.97
111.98,111.73,86.99
111.99,111.73,86.99
111.98,111.73,86.99
112.17,111.72,86.96
112.27,111.72,86.96
112.10,111.72,86.97
112.14,111.72,86.97
111.99,111.73,86.99
111.98,111.73,86.99
111.98,111.73,86.99
112.12,111.72,86.97
112.24,111.72,86.96
112.36,111.72,86.95
112.25,111.72,86.96
112.11,111.72,86.97
111.98,111.73,86.99
112.26,111.72,86.96
112.27,111.72,86.96
112.37,111.72,86.95
112.37,111.72,86.95
112.28,111.72,86.95
112.29,111.72,86.95
112.38,111.72,86.95
112.32,111.72,86.95
112.21,111.72,86.96
112.14,111.72,86.97
112.15,111.72,86.96
112.22,111.72,86.96
112.32,111.72,86.95
112.15,111.72,86.96
112.17,111.72,86.96
111.97,111.73,86.99
112.13,111.72,86.97
112.16,111.72,86.96
112.19,111.72,86.96
112.30,111.72,86.95
112.39,111.72,86.95
112.31,111.72,86.95
112.23,111.72,86.96
112.32,111.72,86.95
112.40,111.72,86.95
112.61,111.73,86.96
112.69,111.73,86.96
112.59,111.73,86.96
112.58,111.73,86.96
112.66,111.73,86.96
112.58,111.73,86.95
112.51,111.73,86.96
112.41,111.72,86.95
112.43,111.72,86.95
112.41,111.72,86.95
112.49,111.72,86.95
112.58,111.73,86.95
112.43,111.72,86.95
112.42,111.72,86.95
112.44,111.72,86.95
112.46,111.72,86.95
112.47,111.72,86.95
112.53,111.73,86.96
112.62,111.73,86.96
112.70,111.73,86.96
112.71,111.74,86.97
112.71,111.74,86.97
112.50,111.72,86.95
112.71,111.74,86.97
112.70,111.74,86.97
112.78,111.74,86.98
112.65,111.73,86.95
112.57,111.73,86.95
112.56,111.72,86.95
112.63,111.73,86.96
112.55,111.72,86.95
112.48,111.72,86.95
112.42,111.72,86.95
112.36,111.72,86.95
112.49,111.72,86.95
112.57,111.73,86.95
112.44,111.72,86.95
112.45,111.72,86.95
112.50,111.72,86.95
112.51,111.72,86.95
112.51,111.73,86.96
112.60,111.73,86.96
112.70,111.74,86.97
112.76,111.74,86.97
112.71,111.74,86.97
112.55,111.73,86.95
112.62,111.73,86.96
112.67,111.73,86.96
113.07,111.78,87.04
113.08,111.78,87.04
113.04,111.77,87.03
113.02,111.77,87.02
113.01,111.77,87.02
112.98,111.76,87.01
113.02,111.77,87.03
112.97,111.76,87.01
113.02,111.77,87.03
113.03,111.77,87.03
113.07,111.78,87.04
113.13,111.79,87.06
113.16,111.79,87.06
113.19,111.80,87.08
113.01,111.77,87.02
113.15,111.79,87.06
113.14,111.79,87.06
113.11,111.79,87.05
113.06,111.78,87.04
112.96,111.76,87.01
112.95,111.76,87.01
112.88,111.75,86.99
113.02,111.77,87.03
112.94,111.76,87.01
113.03,111.77,87.03
112.81,111.74,86.98
112.83,111.75,86.98
112.78,111.74,86.98
112.70,111.73,86.96
112.70,111.73,86.97
112.87,111.75,86.99
112.89,111.75,87.00
112.77,111.74,86.98
112.77,111.74,86.98
112.84,111.75,86.99
112.91,111.76,87.00
112.91,111.76,87.00
112.90,111.76,87.00
112.90,111.76,87.00
112.75,111.74,86.97
112.83,111.75,86.98
112.70,111.73,86.97
112.85,111.75,86.99
112.93,111.76,87.01
113.02,111.77,87.03
113.10,111.78,87.05
112.92,111.76,87.00
112.91,111.76,87.00
112.82,111.75,86.98
113.20,111.80,87.08
113.10,111.79,87.05
113.11,111.79,87.05
113.22,111.80,87.08
113.10,111.79,87.05
113.02,111.77,87.03
112.92,111.76,87.00
112.93,111.76,87.01
112.86,111.75,86.99
112.79,111.74,86.98
112.82,111.75,86.98
112.85,111.75,86.99
112.99,111.77,87.02
112.95,111.76,87.01
113.05,111.78,87.03
112.80,111.74,86.98
112.70,111.73,86.97
112.69,111.73,86.96
112.68,111.73,86.96
112.69,111.73,86.96
112.70,111.73,86.96
112.79,111.74,86.98
112.77,111.74,86.98
113.25,111.81,87.09
113.21,111.80,87.08
113.17,111.80,87.07
113.09,111.78,87.04
113.06,111.78,87.04
113.12,111.79,87.06
113.15,111.79,87.06
113.24,111.81,87.09
113.21,111.80,87.08
113.23,111.81,87.09
113.27,111.81,87.10
113.18,111.80,87.07
113.26,111.81,87.10
113.18,111.80,87.07
113.16,111.79,87.07
113.22,111.80,87.08
113.12,111.79,87.05
113.32,111.82,87.12
113.34,111.82,87.12
113.44,111.84,87.16
113.53,111.85,87.18
113.55,111.86,87.19
113.36,111.83,87.13
113.38,111.83,87.14
113.63,111.87,87.22
113.54,111.86,87.19
113.54,111.86,87.19
113.46,111.84,87.16
113.37,111.83,87.13
113.55,111.86,87.19
113.63,111.87,87.22
113.35,111.82,87.13
113.43,111.84,87.15
113.51,111.85,87.18
113.33,111.82,87.12
113.30,111.82,87.11
113.56,111.86,87.20
113.45,111.84,87.16
113.47,111.85,87.17
113.39,111.83,87.14
113.28,111.81,87.10
113.49,111.85,87.17
113.60,111.87,87.21
113.28,111.81,87.10
113.37,111.83,87.13
113.45,111.84,87.16
113.30,111.82,87.11
113.31,111.82,87.11
113.61,111.87,87.21
113.50,111.85,87.18
113.40,111.83,87.14
113.48,111.85,87.17
113.57,111.86,87.20
113.60,111.87,87.21
113.62,111.87,87.22
113.69,111.88,87.24
113.74,111.89,87.26
113.76,111.89,87.26
113.65,111.87,87.23
113.68,111.88,87.23
113.67,111.88,87.23
113.64,111.87,87.22
113.68,111.88,87.24
113.75,111.89,87.26
113.73,111.88,87.25
113.62,111.87,87.21
113.59,111.87,87.21
113.66,111.88,87.23
113.73,111.88,87.25
113.79,111.89,87.27
113.74,111.89,87.25
113.79,111.89,87.27
113.94,111.91,87.32
114.01,111.91,87.34
113.91,111.90,87.31
113.91,111.90,87.31
114.00,111.91,87.33
113.89,111.90,87.30
113.82,111.89,87.28
113.72,111.88,87.25
113.73,111.88,87.25
113.72,111.88,87.25
113.81,111.89,87.28
113.88,111.90,87.30
113.72,111.88,87.25
113.71,111.88,87.25
113.77,111.89,87.27
113.81,111.89,87.28
113.84,111.90,87.29
113.88,111.90,87.30
113.96,111.91,87.32
114.03,111.91,87.34
113.97,111.91,87.33
113.92,111.90,87.31
113.86,111.90,87.29
113.98,111.91,87.33
113.99,111.91,87.33
114.05,111.92,87.35
114.00,111.91,87.33
113.91,111.90,87.31
113.91,111.90,87.31
114.01,111.91,87.34
113.93,111.91,87.31
113.82,111.89,87.28
113.72,111.88,87.25
113.76,111.89,87.26
113.87,111.90,87.29
113.96,111.91,87.32
113.80,111.89,87.27
113.84,111.90,87.28
113.86,111.90,87.29
113.85,111.90,87.29
113.85,111.90,87.29
113.92,111.91,87.31
113.98,111.91,87.33
114.04,111.92,87.35
113.97,111.91,87.33
113.91,111.90,87.31
113.97,111.91,87.32
114.03,111.91,87.34
114.28,111.93,87.41
114.37,111.93,87.43
114.28,111.93,87.41
114.28,111.92,87.41
114.36,111.93,87.43
114.27,111.92,87.41
114.19,111.92,87.39
114.10,111.92,87.36
114.11,111.92,87.36
114.10,111.92,87.36
114.18,111.92,87.38
114.27,111.92,87.40
114.09,111.92,87.36
114.08,111.91,87.35
114.11,111.92,87.36
114.12,111.92,87.37
114.14,111.92,87.37
114.20,111.92,87.39
114.31,111.93,87.42
114.38,111.93,87.44
114.30,111.93,87.41
114.22,111.92,87.39
114.13,111.92,87.37
114.29,111.93,87.41
114.29,111.93,87.41
114.37,111.93,87.43
114.36,111.93,87.43
114.26,111.92,87.40
114.25,111.92,87.40
114.34,111.93,87.42
114.24,111.92,87.40
114.17,111.92,87.38
114.07,111.92,87.35
114.09,111.91,87.36
114.18,111.92,87.38
114.27,111.92,87.41
114.10,111.92,87.36
114.10,111.92,87.36
114.12,111.92,87.37
114.11,111.92,87.36
114.11,111.92,87.36
114.20,111.92,87.39
114.28,111.93,87.41
114.37,111.93,87.43
114.28,111.92,87.41
114.19,111.92,87.38
114.28,111.92,87.41
114.36,111.93,87.43
114.65,111.93,87.50
114.74,111.93,87.53
114.65,111.93,87.50
114.66,111.93,87.51
114.75,111.93,87.53
114.67,111.93,87.51
114.57,111.93,87.48
114.48,111.93,87.46
114.47,111.93,87.46
114.41,111.93,87.44
114.56,111.93,87.48
114.65,111.93,87.51
114.46,111.93,87.46
114.46,111.93,87.45
114.47,111.93,87.46
114.46,111.93,87.46
114.46,111.93,87.46
114.56,111.93,87.48
114.64,111.93,87.50
114.73,111.93,87.53
114.64,111.93,87.50
114.55,111.93,87.48
114.46,111.93,87.46
114.64,111.93,87.50
114.64,111.93,87.50
114.71,111.93,87.52
114.75,111.93,87.53
114.65,111.93,87.50
114.65,111.93,87.50
114.74,111.93,87.53
114.65,111.93,87.50
114.55,111.93,87.48
114.46,111.93,87.45
114.45,111.93,87.45
114.55,111.93,87.48
114.65,111.93,87.50
114.45,111.93,87.45
114.45,111.93,87.45
114.46,111.93,87.45
114.44,111.93,87.45
114.43,111.93,87.45
114.54,111.93,87.48
114.62,111.93,87.50
114.73,111.93,87.52
114.63,111.93,87.50
114.53,111.93,87.47
114.60,111.93,87.49
114.74,111.93,87.53
115.00,111.93,87.60
115.11,111.93,87.63
115.02,111.93,87.60
115.03,111.93,87.61
115.13,111.93,87.63
115.04,111.93,87.61
114.93,111.93,87.58
114.84,111.93,87.55
114.83,111.93,87.55
114.84,111.93,87.55
114.94,111.93,87.58
115.04,111.93,87.61
114.84,111.93,87.56
114.84,111.93,87.56
114.82,111.93,87.55
114.81,111.93,87.55
114.79,111.93,87.54
114.90,111.93,87.57
114.98,111.93,87.59
115.10,111.93,87.62
115.01,111.93,87.60
114.92,111.93,87.58
114.83,111.93,87.55
115.02,111.93,87.60
115.03,111.93,87.61
115.12,111.93,87.63
115.14,111.93,87.64
115.04,111.93,87.61
115.05,111.93,87.61
115.16,111.93,87.64
115.07,111.93,87.62
114.95,111.93,87.58
114.87,111.93,87.56
114.86,111.93,87.56
114.96,111.93,87.59
115.06,111.93,87.62
114.85,111.93,87.56
114.85,111.93,87.56
114.83,111.93,87.55
114.84,111.93,87.55
114.84,111.93,87.55
114.93,111.93,87.58
115.03,111.93,87.61
115.14,111.93,87.64
115.04,111.93,87.61
114.94,111.93,87.58
115.05,111.93,87.61
115.15,111.93,87.64
115.39,111.93,87.72
115.47,111.93,87.74
115.37,111.93,87.71
115.36,111.93,87.71
115.44,111.93,87.73
115.34,111.93,87.70
115.29,111.93,87.68
115.18,111.93,87.65
115.20,111.93,87.66
115.19,111.93,87.65
115.23,111.93,87.66
115.35,111.93,87.70
115.20,111.93,87.65
115.22,111.93,87.66
115.21,111.93,87.66
115.24,111.93,87.67
115.24,111.93,87.67
115.30,111.93,87.69
115.39,111.93,87.71
115.50,111.93,87.75
115.41,111.93,87.72
115.32,111.93,87.69
115.24,111.93,87.67
115.43,111.93,87.73
115.44,111.93,87.73
115.54,111.93,87.76
115.47,111.93,87.74
115.41,111.93,87.72
115.46,111.93,87.74
115.59,111.93,87.78
115.52,111.93,87.76
115.33,111.93,87.70
115.26,111.93,87.68
115.27,111.93,87.68
115.40,111.93,87.72
115.52,111.93,87.76
115.27,111.93,87.68
115.28,111.93,87.68
115.25,111.93,87.67
115.25,111.93,87.67
115.26,111.93,87.68
115.35,111.93,87.70
115.46,111.93,87.74
115.57,111.93,87.78
115.48,111.93,87.74
115.38,111.93,87.71
115.50,111.93,87.75
115.62,111.93,87.79
115.66,111.94,87.81
115.63,111.93,87.80
115.58,111.93,87.78
115.51,111.93,87.75
115.49,111.93,87.75
115.53,111.93,87.76
115.54,111.93,87.77
116.03,111.96,87.96
115.97,111.95,87.94
115.94,111.95,87.92
115.86,111.95,87.89
115.80,111.94,87.86
115.77,111.94,87.85
115.92,111.95,87.91
115.89,111.95,87.90
115.98,111.95,87.94
115.72,111.94,87.83
115.66,111.94,87.81
115.60,111.93,87.79
115.78,111.94,87.86
115.83,111.94,87.88
115.65,111.94,87.81
115.64,111.93,87.80
115.74,111.94,87.84
115.82,111.94,87.87
115.81,111.94,87.87
115.91,111.95,87.91
115.84,111.94,87.88
115.93,111.95,87.92
115.85,111.94,87.89
115.64,111.93,87.80
115.73,111.94,87.84
115.62,111.93,87.79
115.97,111.95,87.94
115.99,111.95,87.94
116.05,111.96,87.97
116.11,111.96,88.00
116.12,111.97,88.01
115.99,111.95,87.95
116.00,111.96,87.95
115.70,111.94,87.82
115.63,111.93,87.80
115.61,111.93,87.79
115.67,111.94,87.81
115.56,111.93,87.77
115.79,111.94,87.86
115.87,111.95,87.89
115.95,111.95,87.93
115.77,111.94,87.85
115.74,111.94,87.84
116.07,111.96,87.98
115.98,111.95,87.94
116.01,111.96,87.96
116.13,111.97,88.01
116.01,111.96,87.96
115.87,111.95,87.90
115.76,111.94,87.85
115.84,111.94,87.88
115.75,111.94,87.85
115.67,111.94,87.81
115.69,111.94,87.82
115.70,111.94,87.83
115.96,111.95,87.93
115.89,111.95,87.91
115.83,111.94,87.88
115.96,111.95,87.93
116.08,111.96,87.99
116.03,111.96,87.97
116.09,111.96,87.99
116.15,111.97,88.02
116.10,111.96,88.00
116.17,111.97,88.03
116.23,111.98,88.06
116.31,111.99,88.11
116.23,111.98,88.06
116.22,111.98,88.06
116.30,111.99,88.10
116.22,111.98,88.06
116.13,111.97,88.01
116.04,111.96,87.97
116.05,111.96,87.97
116.06,111.96,87.98
116.15,111.97,88.02
116.23,111.98,88.06
116.09,111.96,87.99
116.11,111.96,88.00
116.10,111.96,88.00
116.16,111.97,88.03
116.22,111.98,88.06
116.20,111.98,88.05
116.27,111.99,88.08
116.36,112.00,88.13
116.32,111.99,88.11
116.30,111.99,88.10
116.27,111.99,88.08
116.39,112.00,88.15
116.42,112.01,88.17
116.47,112.02,88.19
116.35,112.00,88.13
116.29,111.99,88.09
116.34,112.00,88.12
116.44,112.01,88.18
116.40,112.01,88.16
116.22,111.98,88.06
116.17,111.97,88.03
116.19,111.98,88.04
116.42,112.01,88.17
116.41,112.01,88.16
116.22,111.98,88.06
116.24,111.98,88.07
116.26,111.98,88.08
116.25,111.98,88.07
116.24,111.98,88.07
116.35,112.00,88.13
116.42,112.01,88.17
116.52,112.03,88.22
116.41,112.01,88.16
116.33,112.00,88.12
116.41,112.01,88.16
116.51,112.03,88.22
116.54,112.03,88.23
116.53,112.03,88.23
116.46,112.02,88.19
116.38,112.00,88.14
116.37,112.00,88.14
116.38,112.00,88.14
116.39,112.01,88.15
116.55,112.03,88.24
116.49,112.02,88.20
116.51,112.03,88.22
116.59,112.04,88.26
116.43,112.01,88.17
116.58,112.04,88.26
116.50,112.03,88.21
116.48,112.02,88.20
116.53,112.03,88.23
116.42,112.01,88.16
116.63,112.06,88.29
116.66,112.06,88.30
116.77,112.09,88.37
116.86,112.11,88.42
116.88,112.12,88.44
116.68,112.07,88.32
116.70,112.07,88.33
116.97,112.14,88.49
116.87,112.11,88.43
116.87,112.12,88.43
116.79,112.09,88.38
116.69,112.07,88.32
116.88,112.12,88.44
116.97,112.14,88.50
116.67,112.06,88.31
116.76,112.09,88.37
116.85,112.11,88.42
116.64,112.06,88.30
116.62,112.05,88.28
116.90,112.12,88.45
116.78,112.09,88.38
116.80,112.10,88.39
116.71,112.08,88.34
116.60,112.05,88.27
116.82,112.10,88.41
116.94,112.13,88.48
116.61,112.05,88.27
116.70,112.07,88.33
116.79,112.09,88.39
116.61,112.05,88.28
116.61,112.05,88.28
116.95,112.13,88.48
116.84,112.11,88.41
116.72,112.08,88.35
116.81,112.10,88.40
116.91,112.12,88.46
116.93,112.13,88.47
116.96,112.14,88.49
117.03,112.16,88.53
117.07,112.17,88.55
117.09,112.17,88.57
116.99,112.15,88.51
117.02,112.15,88.52
117.01,112.15,88.52
116.99,112.15,88.50
117.02,112.16,88.53
117.09,112.18,88.57
117.08,112.17,88.56
116.95,112.14,88.49
116.94,112.13,88.48
117.00,112.15,88.52
117.07,112.17,88.56
117.14,112.19,88.60
117.07,112.17,88.56
117.15,112.19,88.60
117.24,112.22,88.66
117.33,112.25,88.70
117.24,112.22,88.65
117.22,112.21,88.64
117.32,112.24,88.70
117.22,112.21,88.64
117.13,112.19,88.59
117.05,112.16,88.54
117.06,112.17,88.55
117.05,112.16,88.54
117.13,112.19,88.59
117.21,112.21,88.64
117.05,112.16,88.54
117.04,112.16,88.54
117.10,112.18,88.57
117.14,112.19,88.60
117.17,112.20,88.61
117.20,112.21,88.63
117.27,112.23,88.67
117.34,112.25,88.71
117.29,112.23,88.68
117.24,112.22,88.66
117.20,112.21,88.63
117.30,112.24,88.69
117.30,112.24,88.69
117.36,112.25,88.72
117.32,112.24,88.70
117.23,112.22,88.65
117.24,112.22,88.65
117.33,112.25,88.71
117.26,112.23,88.67
117.14,112.19,88.59
117.06,112.17,88.55
117.11,112.18,88.58
117.21,112.21,88.63
117.29,112.23,88.68
117.14,112.19,88.60
117.18,112.20,88.62
117.19,112.21,88.63
117.19,112.20,88.63
117.19,112.20,88.63
117.25,112.22,88.66
117.31,112.24,88.69
117.36,112.25,88.72
117.30,112.24,88.69
117.25,112.22,88.66
117.29,112.24,88.69
117.34,112.25,88.71
117.55,112.31,88.82
117.61,112.32,88.85
117.55,112.31,88.82
117.55,112.31,88.82
117.62,112.33,88.85
117.56,112.31,88.82
117.48,112.29,88.78
117.41,112.27,88.75
117.40,112.27,88.74
117.40,112.27,88.74
117.48,112.29,88.78
117.54,112.31,88.81
117.39,112.26,88.74
117.38,112.26,88.73
117.41,112.27,88.75
117.42,112.27,88.75
117.43,112.28,88.76
117.47,112.29,88.78
117.54,112.30,88.81
117.61,112.33,88.85
117.53,112.30,88.81
117.50,112.30,88.80
117.44,112.28,88.76
117.57,112.31,88.82
117.56,112.31,88.82
117.63,112.33,88.86
117.63,112.33,88.86
117.55,112.31,88.82
117.56,112.31,88.82
117.65,112.33,88.86
117.56,112.31,88.82
117.48,112.29,88.78
117.39,112.26,88.73
117.40,112.26,88.74
117.48,112.29,88.78
117.59,112.32,88.84
117.41,112.27,88.74
117.42,112.27,88.75
117.43,112.27,88.76
117.42,112.27,88.75
117.41,112.27,88.75
117.50,112.29,88.79
117.57,112.31,88.83
117.64,112.33,88.86
117.57,112.31,88.83
117.49,112.29,88.79
117.58,112.32,88.83
117.65,112.33,88.86
117.84,112.38,88.94
117.90,112.39,88.97
117.82,112.38,88.94
117.81,112.37,88.93
117.87,112.39,88.96
117.79,112.37,88.93
117.75,112.36,88.91
117.66,112.34,88.87
117.69,112.35,88.88
117.67,112.34,88.87
117.75,112.36,88.91
117.80,112.37,88.93
117.68,112.34,88.88
117.68,112.34,88.88
117.69,112.35,88.88
117.70,112.35,88.89
117.70,112.35,88.89
117.77,112.36,88.92
117.85,112.38,88.95
117.92,112.40,88.98
117.86,112.39,88.95
117.78,112.37,88.92
117.71,112.35,88.89
117.87,112.39,88.96
117.88,112.39,88.96
117.95,112.41,88.99
117.90,112.40,88.97
117.85,112.38,88.95
117.89,112.39,88.97
117.99,112.41,89.01
117.94,112.40,88.99
117.79,112.37,88.92
117.73,112.35,88.90
117.74,112.36,88.90
117.84,112.38,88.94
117.94,112.40,88.99
117.74,112.36,88.90
117.73,112.35,88.90
117.72,112.35,88.89
117.72,112.35,88.89
117.73,112.35,88.90
117.80,112.37,88.93
117.89,112.39,88.97
117.99,112.41,89.00
118.06,112.43,89.03
117.82,112.38,88.94
118.05,112.42,89.03
118.02,112.42,89.02
118.05,112.42,89.03
118.05,112.42,89.03
118.00,112.42,89.01
117.93,112.40,88.98
117.92,112.40,88.98
117.96,112.41,88.99
117.96,112.41,88.99
118.42,112.48,89.15
118.36,112.47,89.13
118.34,112.47,89.13
118.25,112.46,89.10
118.19,112.45,89.08
118.17,112.44,89.07
118.31,112.47,89.12
118.28,112.46,89.11
118.36,112.47,89.13
118.12,112.44,89.05
118.05,112.42,89.03
118.02,112.42,89.01
118.17,112.45,89.07
118.23,112.45,89.09
118.05,112.42,89.03
118.04,112.42,89.02
118.13,112.44,89.05
118.20,112.45,89.08
118.19,112.45,89.07
118.29,112.46,89.11
118.22,112.45,89.09
118.31,112.47,89.12
118.24,112.45,89.09
118.04,112.42,89.02
118.14,112.44,89.06
118.03,112.42,89.02
118.33,112.47,89.12
118.35,112.47,89.13
118.41,112.48,89.15
118.46,112.49,89.17
118.48,112.49,89.17
118.37,112.47,89.14
118.38,112.48,89.14
118.06,112.43,89.03
118.03,112.42,89.02
118.01,112.42,89.01
118.05,112.42,89.03
117.97,112.41,89.00
118.18,112.45,89.07
118.26,112.46,89.10
118.34,112.47,89.13
118.16,112.44,89.07
118.14,112.44,89.06
118.46,112.49,89.17
118.35,112.47,89.13
118.37,112.47,89.14
118.49,112.49,89.18
118.39,112.48,89.14
118.25,112.46,89.10
118.16,112.44,89.06
118.21,112.45,89.08
118.13,112.44,89.05
118.05,112.42,89.03
118.05,112.42,89.03
118.07,112.43,89.03
118.32,112.47,89.12
118.27,112.46,89.10
118.21,112.45,89.08
118.32,112.47,89.12
118.44,112.48,89.16
118.40,112.48,89.14
118.45,112.49,89.16
118.51,112.49,89.18
118.45,112.49,89.16
118.51,112.49,89.18
118.61,112.50,89.22
118.73,112.52,89.25
118.63,112.51,89.22
118.65,112.51,89.23
118.77,112.52,89.27
118.67,112.51,89.24
118.54,112.50,89.19
118.45,112.49,89.16
118.42,112.48,89.15
118.48,112.49,89.17
118.59,112.50,89.21
118.71,112.51,89.25
118.50,112.49,89.18
118.53,112.50,89.19
118.47,112.49,89.17
118.52,112.50,89.19
118.57,112.50,89.20
118.57,112.50,89.20
118.66,112.51,89.23
118.73,112.52,89.26
118.69,112.51,89.24
118.64,112.51,89.23
118.60,112.50,89.21
118.72,112.52,89.25
118.76,112.52,89.26
118.81,112.52,89.28
118.82,112.52,89.28
118.74,112.52,89.26
118.76,112.52,89.27
118.89,112.53,89.31
118.80,112.52,89.28
118.65,112.51,89.23
118.56,112.50,89.20
118.58,112.50,89.20
118.70,112.51,89.24
118.81,112.52,89.28
118.59,112.50,89.21
118.61,112.50,89.21
118.60,112.50,89.21
118.58,112.50,89.21
118.58,112.50,89.21
118.67,112.51,89.23
118.75,112.52,89.26
118.85,112.53,89.29
118.78,112.52,89.27
118.69,112.51,89.24
118.80,112.52,89.28
118.90,112.53,89.31
118.97,112.54,89.33
118.99,112.54,89.34
118.90,112.53,89.31
118.84,112.53,89.29
118.87,112.53,89.30
118.82,112.52,89.28
118.78,112.52,89.27
118.89,112.53,89.31
118.86,112.53,89.30
118.91,112.53,89.31
119.00,112.54,89.34
118.83,112.53,89.29
119.28,112.56,89.44
119.16,112.55,89.40
119.19,112.56,89.41
119.10,112.55,89.38
119.01,112.54,89.35
119.02,112.54,89.35
119.20,112.56,89.41
119.21,112.56,89.42
119.30,112.57,89.45
118.98,112.54,89.34
118.96,112.54,89.33
118.93,112.53,89.32
119.08,112.55,89.37
119.17,112.56,89.40
119.24,112.56,89.43
119.12,112.55,89.38
118.99,112.54,89.34
119.05,112.55,89.36
119.12,112.55,89.39
119.32,112.57,89.45
119.37,112.57,89.47
119.29,112.57,89.45
119.26,112.56,89.43
119.33,112.57,89.46
119.21,112.56,89.41
119.15,112.55,89.39
119.38,112.57,89.47
119.30,112.57,89.45
119.21,112.56,89.42
119.13,112.55,89.39
119.27,112.56,89.44
119.25,112.56,89.43
119.33,112.57,89.46
119.07,112.55,89.37
119.01,112.54,89.35
118.95,112.54,89.33
119.13,112.55,89.39
119.19,112.56,89.41
119.03,112.54,89.35
119.10,112.55,89.38
119.19,112.56,89.41
119.28,112.56,89.44
119.20,112.56,89.41
119.30,112.57,89.45
119.22,112.56,89.42
119.00,112.54,89.34
119.09,112.55,89.38
118.97,112.54,89.34
119.35,112.57,89.47
119.34,112.57,89.46
119.39,112.58,89.48
119.45,112.58,89.50
119.44,112.58,89.50
119.33,112.57,89.46
119.32,112.57,89.45
119.34,112.57,89.46
119.40,112.58,89.48
119.45,112.58,89.50
119.35,112.57,89.46
119.37,112.57,89.47
119.63,112.61,89.57
119.68,112.61,89.59
119.61,112.60,89.56
119.60,112.60,89.56
119.66,112.61,89.58
119.59,112.60,89.56
119.54,112.60,89.53
119.46,112.59,89.51
119.48,112.59,89.51
119.43,112.58,89.50
119.49,112.59,89.52
119.56,112.60,89.54
119.42,112.58,89.49
119.39,112.58,89.48
119.46,112.58,89.51
119.43,112.58,89.49
119.41,112.58,89.49
119.53,112.59,89.53
119.60,112.60,89.56
119.71,112.62,89.60
119.62,112.61,89.57
119.52,112.59,89.53
119.42,112.58,89.49
119.64,112.61,89.57
119.65,112.61,89.58
119.75,112.63,89.62
119.69,112.61,89.59
119.61,112.60,89.56
119.66,112.61,89.58
119.79,112.63,89.63
119.72,112.62,89.61
119.53,112.59,89.53
119.44,112.58,89.50
119.49,112.59,89.52
119.62,112.61,89.57
119.76,112.63,89.62
119.54,112.60,89.54
119.58,112.60,89.55
119.47,112.59,89.51
119.52,112.59,89.53
119.56,112.60,89.55
119.58,112.60,89.55
119.70,112.62,89.60
119.78,112.63,89.63
119.72,112.62,89.60
119.65,112.61,89.58
119.74,112.62,89.61
119.82,112.64,89.65
119.86,112.65,89.66
119.83,112.64,89.65
119.79,112.63,89.63
119.72,112.62,89.61
119.71,112.62,89.60
119.73,112.62,89.61
119.75,112.63,89.62
120.20,112.73,89.79
120.14,112.71,89.77
120.12,112.71,89.76
120.04,112.69,89.73
119.99,112.67,89.71
119.97,112.67,89.70
120.10,112.70,89.75
120.07,112.70,89.74
120.15,112.72,89.77
119.92,112.66,89.68
119.86,112.65,89.66
119.80,112.63,89.64
119.97,112.67,89.70
120.03,112.68,89.72
119.85,112.64,89.66
119.84,112.64,89.65
119.93,112.66,89.69
120.00,112.68,89.72
119.99,112.67,89.71
120.09,112.70,89.75
120.02,112.68,89.72
120.11,112.70,89.76
120.04,112.69,89.73
119.84,112.64,89.65
119.93,112.66,89.69
119.82,112.64,89.64
120.13,112.71,89.76
120.35,112.79,89.85
120.19,112.73,89.79
120.24,112.74,89.81
120.26,112.75,89.82
120.15,112.72,89.77
120.18,112.72,89.79
119.89,112.65,89.67
119.83,112.64,89.65
119.81,112.64,89.64
119.87,112.65,89.66
119.76,112.63,89.62
119.98,112.67,89.71
120.05,112.69,89.73
120.13,112.71,89.77
119.96,112.67,89.70
119.94,112.67,89.69
120.26,112.75,89.81
120.14,112.71,89.77
120.16,112.72,89.78
120.26,112.75,89.82
120.16,112.72,89.78
120.05,112.69,89.73
119.95,112.67,89.70
120.01,112.68,89.72
119.94,112.66,89.69
119.87,112.65,89.66
119.88,112.65,89.67
119.90,112.65,89.67
120.13,112.71,89.77
120.06,112.69,89.74
120.01,112.68,89.72
120.11,112.70,89.76
120.22,112.73,89.80
120.18,112.72,89.79
120.23,112.74,89.80
120.28,112.75,89.82
120.24,112.74,89.81
120.29,112.75,89.83
120.40,112.80,89.87
120.47,112.82,89.89
120.40,112.80,89.87
120.41,112.80,89.87
120.50,112.84,89.90
120.39,112.80,89.86
120.31,112.77,89.83
120.23,112.74,89.80
120.21,112.73,89.80
120.25,112.74,89.81
120.34,112.78,89.84
120.38,112.80,89.85
120.35,112.78,89.85
120.31,112.76,89.83
120.24,112.74,89.81
120.29,112.76,89.83
120.33,112.78,89.84
120.33,112.78,89.84
120.41,112.80,89.87
120.48,112.82,89.90
120.44,112.81,89.88
120.41,112.80,89.87
120.40,112.80,89.86
120.46,112.82,89.89
120.49,112.83,89.90
120.54,112.86,89.91
120.56,112.87,89.92
120.36,112.79,89.85
120.51,112.84,89.90
120.59,112.88,89.93
120.53,112.85,89.91
120.40,112.80,89.87
120.32,112.77,89.84
120.33,112.77,89.84
120.38,112.80,89.86
120.54,112.86,89.91
120.34,112.78,89.84
120.40,112.80,89.86
120.40,112.80,89.86
120.34,112.78,89.84
120.34,112.78,89.84
120.43,112.81,89.88
120.48,112.83,89.90
120.58,112.87,89.92
120.51,112.84,89.90
120.39,112.80,89.86
120.52,112.85,89.90
120.61,112.89,89.93
120.66,112.91,89.95
120.68,112.93,89.95
120.61,112.89,89.94
120.57,112.87,89.92
120.57,112.87,89.92
120.56,112.86,89.92
120.53,112.85,89.91
120.60,112.88,89.93
120.58,112.88,89.93
120.62,112.89,89.94
120.69,112.93,89.96
120.56,112.87,89.92
120.90,113.04,90.01
120.82,113.00,89.99
120.84,113.00,89.99
120.77,112.97,89.97
120.69,112.93,89.95
120.71,112.94,89.96
120.85,113.01,89.99
120.86,113.02,90.00
120.93,113.05,90.01
120.67,112.92,89.95
120.65,112.91,89.95
120.55,112.86,89.92
120.75,112.96,89.97
120.82,112.99,89.99
120.88,113.03,90.00
120.78,112.98,89.98
120.68,112.92,89.95
120.73,112.95,89.96
120.80,112.98,89.98
120.94,113.06,90.02
120.99,113.09,90.02
120.93,113.05,90.01
120.91,113.04,90.01
120.96,113.07,90.02
120.86,113.01,90.00
120.81,112.99,89.99
120.99,113.08,90.02
120.92,113.05,90.01
120.85,113.01,90.00
120.79,112.98,89.98
120.90,113.03,90.01
120.88,113.02,90.00
120.94,113.06,90.02
120.74,112.95,89.97
120.70,112.93,89.96
120.65,112.91,89.94
120.79,112.98,89.98
120.83,113.00,89.99
120.70,112.93,89.96
120.76,112.97,89.97
120.83,113.00,89.99
120.89,113.03,90.01
120.84,113.01,89.99
120.92,113.04,90.01
120.85,113.01,89.99
120.68,112.92,89.95
120.75,112.96,89.97
120.67,112.92,89.95
120.97,113.08,90.02
120.96,113.07,90.02
121.00,113.09,90.02
121.05,113.12,90.03
121.04,113.12,90.03
120.95,113.06,90.02
120.93,113.05,90.01
120.95,113.06,90.02
120.99,113.09,90.02
121.05,113.12,90.03
120.95,113.07,90.02
120.97,113.07,90.02
121.15,113.18,90.04
121.21,113.22,90.04
121.17,113.19,90.04
121.19,113.21,90.04
121.26,113.24,90.05
121.22,113.22,90.04
121.12,113.16,90.03
121.09,113.14,90.03
121.06,113.13,90.03
121.07,113.13,90.03
121.13,113.17,90.04
121.20,113.21,90.04
121.03,113.11,90.02
121.04,113.12,90.03
121.04,113.12,90.03
121.04,113.11,90.03
121.01,113.10,90.02
121.08,113.14,90.03
121.13,113.17,90.04
121.21,113.22,90.04
121.16,113.18,90.04
121.09,113.14,90.03
121.04,113.11,90.03
121.17,113.19,90.04
121.20,113.21,90.04
121.26,113.25,90.05
121.30,113.27,90.05
121.22,113.22,90.04
121.25,113.24,90.04
121.35,113.30,90.05
121.27,113.25,90.05
121.14,113.17,90.04
121.03,113.11,90.02
121.07,113.13,90.03
121.03,113.11,90.02
121.30,113.27,90.05
121.12,113.16,90.03
121.16,113.19,90.04
121.05,113.12,90.03
121.09,113.15,90.03
121.13,113.17,90.04
121.15,113.18,90.04
121.23,113.23,90.04
121.31,113.27,90.05
121.25,113.24,90.05
121.21,113.21,90.04
121.28,113.25,90.05
121.35,113.30,90.05
121.42,113.34,90.05
121.44,113.35,90.05
121.36,113.31,90.05
121.31,113.28,90.05
121.33,113.29,90.05
121.29,113.26,90.05
121.27,113.25,90.05
121.34,113.29,90.05
121.32,113.28,90.05
121.37,113.31,90.05
121.43,113.35,90.05
121.29,113.27,90.05
121.67,113.48,90.04
121.57,113.43,90.04
121.60,113.44,90.04
121.53,113.40,90.04
121.45,113.36,90.05
121.46,113.37,90.04
121.61,113.45,90.04
121.63,113.46,90.04
121.70,113.50,90.04
121.43,113.34,90.05
121.41,113.34,90.05
121.40,113.33,90.05
121.52,113.40,90.04
121.61,113.45,90.04
121.65,113.47,90.04
121.56,113.42,90.04
121.45,113.35,90.05
121.49,113.38,90.04
121.55,113.41,90.04
121.71,113.51,90.04
121.77,113.54,90.03
121.69,113.50,90.04
121.67,113.49,90.04
121.73,113.52,90.04
121.62,113.46,90.04
121.56,113.42,90.04
121.76,113.53,90.03
121.69,113.49,90.04
121.62,113.45,90.04
121.54,113.41,90.04
121.66,113.48,90.04
121.63,113.46,90.04
121.72,113.51,90.04
121.49,113.38,90.04
121.44,113.35,90.05
121.39,113.32,90.05
121.54,113.41,90.04
121.59,113.44,90.04
121.46,113.36,90.05
121.52,113.40,90.04
121.59,113.44,90.04
121.66,113.48,90.04
121.60,113.44,90.04
121.68,113.49,90.04
121.61,113.45,90.04
121.42,113.34,90.05
121.50,113.39,90.04
121.40,113.33,90.05
121.75,113.52,90.03
121.74,113.52,90.03
121.77,113.54,90.03
121.82,113.57,90.03
121.81,113.56,90.03
121.72,113.51,90.04
121.70,113.50,90.04
121.72,113.51,90.04
121.77,113.54,90.03
121.82,113.56,90.03
121.72,113.51,90.04
121.73,113.52,90.03
121.94,113.62,90.02
122.02,113.66,90.01
121.97,113.63,90.02
122.00,113.65,90.01
122.07,113.68,90.01
122.01,113.66,90.01
121.91,113.61,90.02
121.86,113.59,90.03
121.84,113.57,90.03
121.85,113.58,90.03
121.93,113.62,90.02
121.99,113.65,90.01
121.83,113.57,90.03
121.80,113.55,90.03
121.81,113.56,90.03
121.79,113.55,90.03
121.76,113.53,90.03
121.87,113.59,90.02
121.92,113.61,90.02
122.02,113.67,90.01
121.95,113.63,90.02
121.87,113.59,90.02
121.79,113.55,90.03
121.97,113.64,90.02
122.00,113.65,90.01
122.07,113.69,90.01
122.12,113.71,90.00
122.03,113.67,90.01
122.06,113.68,90.01
122.17,113.73,90.00
122.08,113.69,90.01
121.93,113.62,90.02
121.83,113.57,90.03
121.88,113.59,90.02
121.99,113.65,90.01
122.11,113.71,90.00
121.91,113.61,90.02
121.95,113.63,90.02
121.84,113.57,90.03
121.88,113.59,90.02
121.92,113.61,90.02
121.94,113.62,90.02
122.04,113.67,90.01
122.12,113.71,90.00
122.06,113.68,90.01
122.01,113.66,90.01
122.09,113.69,90.01
122.18,113.73,90.00
122.25,113.77,89.99
122.27,113.78,89.99
122.18,113.74,90.00
122.13,113.71,90.00
122.15,113.72,90.00
122.10,113.70,90.00
122.08,113.69,90.01
122.16,113.73,90.00
122.13,113.72,90.00
122.19,113.74,90.00
122.28,113.78,89.99
122.11,113.70,90.00
122.53,113.89,89.97
122.42,113.84,89.98
122.45,113.85,89.98
122.37,113.82,89.98
122.28,113.78,89.99
122.30,113.79,89.99
122.47,113.86,89.98
122.48,113.87,89.98
122.56,113.90,89.97
122.26,113.77,89.99
122.24,113.76,89.99
122.22,113.76,90.00
122.36,113.81,89.99
122.46,113.86,89.98
122.51,113.88,89.97
122.40,113.83,89.98
122.28,113.78,89.99
122.34,113.80,89.99
122.40,113.83,89.98
122.58,113.91,89.97
122.64,113.93,89.97
122.56,113.90,89.97
122.54,113.89,89.97
122.60,113.92,89.97
122.48,113.87,89.98
122.41,113.84,89.98
122.64,113.93,89.97
122.55,113.90,89.97
122.47,113.86,89.98
122.39,113.83,89.98
122.52,113.89,89.97
122.50,113.87,89.98
122.58,113.91,89.97
122.33,113.80,89.99
122.27,113.77,89.99
122.22,113.75,90.00
122.38,113.82,89.98
122.44,113.85,89.98
122.29,113.78,89.99
122.37,113.82,89.98
122.45,113.85,89.98
122.53,113.89,89.97
122.46,113.86,89.98
122.54,113.89,89.97
122.46,113.86,89.98
122.26,113.77,89.99
122.35,113.81,89.99
122.23,113.76,90.00
122.62,113.92,89.97
122.61,113.92,89.97
122.65,113.94,89.97
122.71,113.96,89.97
122.68,113.95,89.97
122.59,113.91,89.97
122.57,113.90,89.97
122.59,113.91,89.97
122.64,113.93,89.97
122.69,113.96,89.97
122.59,113.91,89.97
122.60,113.92,89.97
122.83,114.01,89.97
122.90,114.04,89.96
122.84,114.02,89.97
122.87,114.03,89.97
122.95,114.06,89.97
122.89,114.04,89.96
122.80,114.00,89.97
122.74,113.98,89.97
122.72,113.97,89.97
122.73,113.97,89.97
122.80,114.00,89.97
122.88,114.03,89.97
122.70,113.96,89.97
122.68,113.95,89.97
122.69,113.95,89.97
122.67,113.94,89.97
122.63,113.93,89.97
122.75,113.98,89.97
122.79,114.00,89.97
122.91,114.04,89.96
122.82,114.01,89.97
122.74,113.97,89.97
122.66,113.94,89.97
122.85,114.02,89.97
122.88,114.03,89.97
122.96,114.06,89.97
123.00,114.08,89.97
122.91,114.04,89.96
122.94,114.05,89.97
123.05,114.10,89.97
122.97,114.07,89.97
122.80,114.00,89.97
122.70,113.96,89.97
122.73,113.97,89.97
122.88,114.03,89.97
123.00,114.08,89.97
122.79,113.99,89.97
122.83,114.01,89.97
122.71,113.96,89.97
122.76,113.98,89.97
122.81,114.00,89.97
122.81,114.00,89.97
122.92,114.05,89.97
123.01,114.09,89.97
122.94,114.06,89.97
122.89,114.03,89.97
122.97,114.07,89.97
123.06,114.10,89.97
123.11,114.13,89.97
123.13,114.14,89.97
123.07,114.11,89.97
123.01,114.08,89.97
123.03,114.09,89.97
122.98,114.07,89.97
122.96,114.06,89.97
123.04,114.10,89.97
123.02,114.09,89.97
123.07,114.11,89.97
123.14,114.14,89.97
122.99,114.07,89.97
123.41,114.27,89.98
123.33,114.23,89.98
123.33,114.23,89.98
123.25,114.19,89.98
123.16,114.15,89.97
123.18,114.16,89.97
123.34,114.24,89.98
123.35,114.24,89.98
123.42,114.28,89.99
123.14,114.14,89.97
123.12,114.13,89.97
123.10,114.12,89.97
123.22,114.18,89.98
123.32,114.23,89.98
123.37,114.25,89.98
123.26,114.20,89.98
123.15,114.15,89.97
123.19,114.17,89.97
123.27,114.20,89.98
123.39,114.26,89.98
123.44,114.28,89.99
123.38,114.25,89.98
123.37,114.25,89.98
123.43,114.28,89.99
123.31,114.22,89.98
123.27,114.20,89.98
123.45,114.29,89.99
123.38,114.25,89.98
123.31,114.22,89.98
123.28,114.20,89.98
123.38,114.25,89.98
123.36,114.25,89.98
123.43,114.28,89.99
123.20,114.17,89.97
123.16,114.15,89.97
123.10,114.13,89.97
123.26,114.20,89.98
123.32,114.23,89.98
123.17,114.16,89.97
123.25,114.19,89.98
123.33,114.23,89.98
123.40,114.26,89.98
123.34,114.24,89.98
123.42,114.27,89.99
123.35,114.24,89.98
123.15,114.15,89.97
123.23,114.19,89.98
123.12,114.14,89.97
123.49,114.31,89.99
123.48,114.31,89.99
123.54,114.35,90.00
123.59,114.38,90.00
123.58,114.37,90.00
123.47,114.30,89.99
123.46,114.29,89.99
123.47,114.30,89.99
123.54,114.34,90.00
123.59,114.37,90.00
123.48,114.31,89.99
123.48,114.31,89.99
123.63,114.40,90.00
123.62,114.40,90.00
123.56,114.36,90.00
123.50,114.32,89.99
123.49,114.31,89.99
123.51,114.32,89.99
123.51,114.33,89.99
123.49,114.32,89.99
123.49,114.32,89.99
123.56,114.35,90.00
123.62,114.39,90.00
123.50,114.32,89.99
123.88,114.57,90.03
123.82,114.53,90.02
123.82,114.53,90.02
123.77,114.49,90.02
123.70,114.45,90.01
123.69,114.44,90.01
123.83,114.54,90.02
123.84,114.54,90.02
123.89,114.58,90.03
123.66,114.43,90.01
123.61,114.39,90.00
123.52,114.33,89.99
123.72,114.46,90.01
123.79,114.51,90.02
123.84,114.55,90.02
123.73,114.47,90.01
123.61,114.39,90.00
123.68,114.43,90.01
123.73,114.47,90.01
123.88,114.58,90.03
123.94,114.62,90.03
123.86,114.56,90.03
123.85,114.55,90.02
123.90,114.59,90.03
123.80,114.52,90.02
123.74,114.48,90.01
123.93,114.62,90.03
123.86,114.56,90.02
123.80,114.51,90.02
123.74,114.47,90.01
123.85,114.55,90.02
123.83,114.53,90.02
123.89,114.58,90.03
123.67,114.43,90.01
123.60,114.39,90.00
123.53,114.34,89.99
123.72,114.46,90.01
123.79,114.51,90.02
123.71,114.45,90.01
123.76,114.48,90.02
123.82,114.53,90.02
123.87,114.57,90.03
123.82,114.53,90.02
123.87,114.56,90.03
123.81,114.52,90.02
123.66,114.42,90.01
123.71,114.46,90.01
123.60,114.38,90.00
123.92,114.61,90.03
123.92,114.60,90.03
123.95,114.64,90.03
123.99,114.68,90.04
123.99,114.68,90.03
123.91,114.60,90.03
123.92,114.60,90.03
123.91,114.60,90.03
123.94,114.63,90.03
123.99,114.68,90.03
123.91,114.60,90.03
123.90,114.59,90.03
124.06,114.75,90.04
124.11,114.81,90.04
124.08,114.77,90.04
124.10,114.78,90.04
124.15,114.84,90.04
124.12,114.81,90.04
124.04,114.73,90.04
124.01,114.70,90.04
123.99,114.68,90.03
124.00,114.69,90.04
124.04,114.74,90.04
124.10,114.79,90.04
123.99,114.68,90.03
123.97,114.66,90.03
123.98,114.67,90.03
123.95,114.64,90.03
123.93,114.62,90.03
124.01,114.70,90.04
124.04,114.73,90.04
124.11,114.80,90.04
124.07,114.76,90.04
124.01,114.69,90.04
123.97,114.66,90.03
124.09,114.78,90.04
124.11,114.80,90.04
124.16,114.86,90.04
124.18,114.89,90.04
124.13,114.82,90.04
124.15,114.84,90.04
124.23,114.94,90.05
124.18,114.88,90.04
124.05,114.74,90.04
123.98,114.67,90.03
124.00,114.69,90.04
123.98,114.67,90.03
124.20,114.90,90.04
124.05,114.74,90.04
124.08,114.77,90.04
124.00,114.68,90.04
124.03,114.71,90.04
124.06,114.75,90.04
124.07,114.76,90.04
124.14,114.83,90.04
124.19,114.90,90.04
124.16,114.85,90.04
124.12,114.81,90.04
124.18,114.88,90.04
124.23,114.95,90.05
124.25,114.97,90.04
124.27,115.00,90.04
124.22,114.93,90.05
124.18,114.88,90.04
124.20,114.91,90.04
124.17,114.87,90.04
124.15,114.85,90.04
124.21,114.91,90.05
124.19,114.89,90.04
124.22,114.93,90.05
124.27,114.99,90.04
124.17,114.87,90.04
124.49,115.30,90.03
124.44,115.23,90.04
124.43,115.21,90.04
124.36,115.13,90.04
124.32,115.06,90.04
124.30,115.04,90.04
124.42,115.20,90.04
124.40,115.17,90.04
124.47,115.27,90.04
124.28,115.01,90.04
124.26,114.99,90.04
124.24,114.96,90.04
124.33,115.08,90.04
124.38,115.14,90.04
124.42,115.19,90.04
124.35,115.10,90.04
124.28,115.01,90.04
124.31,115.05,90.04
124.34,115.09,90.04
124.41,115.18,90.04
124.45,115.24,90.04
124.41,115.19,90.04
124.42,115.19,90.04
124.45,115.24,90.04
124.39,115.15,90.04
124.34,115.08,90.04
124.46,115.25,90.04
124.42,115.20,90.04
124.38,115.14,90.04
124.34,115.09,90.04
124.42,115.21,90.04
124.43,115.22,90.04
124.47,115.26,90.04
124.31,115.05,90.04
124.29,115.02,90.04
124.26,114.98,90.04
124.36,115.11,90.04
124.40,115.16,90.04
124.31,115.04,90.04
124.37,115.13,90.04
124.44,115.22,90.04
124.50,115.31,90.03
124.43,115.21,90.04
124.47,115.28,90.04
124.42,115.20,90.04
124.29,115.02,90.04
124.35,115.10,90.04
124.27,115.00,90.04
124.54,115.37,90.03
124.53,115.35,90.03
124.52,115.34,90.03
124.50,115.32,90.03
124.56,115.41,90.02
124.59,115.46,90.02
124.61,115.48,90.02
124.66,115.56,90.01
124.62,115.49,90.02
124.57,115.41,90.02
124.52,115.34,90.03
124.63,115.51,90.01
124.65,115.54,90.01
124.70,115.61,90.00
124.53,115.36,90.03
124.53,115.37,90.03
124.55,115.39,90.03
124.56,115.40,90.02
124.60,115.46,90.02
124.65,115.55,90.01
124.65,115.53,90.01
124.69,115.60,90.00
124.64,115.52,90.01
124.59,115.45,90.02
124.63,115.51,90.01
124.66,115.55,90.01
124.75,115.69,89.99
124.73,115.66,90.00
124.77,115.71,89.99
124.81,115.78,89.98
124.79,115.75,89.99
124.71,115.63,90.00
124.69,115.60,90.00
124.71,115.63,90.00
124.75,115.69,89.99
124.81,115.77,89.98
124.72,115.65,90.00
124.74,115.67,90.00
124.54,115.38,90.03
124.54,115.38,90.03
124.51,115.33,90.03
124.48,115.28,90.04
124.49,115.29,90.04
124.48,115.29,90.04
124.48,115.29,90.04
124.50,115.31,90.03
124.49,115.30,90.03
124.52,115.34,90.03
124.55,115.38,90.03
124.49,115.29,90.03
124.73,115.65,90.00
124.76,115.71,89.99
124.71,115.63,90.00
124.69,115.61,90.00
124.73,115.66,90.00
124.68,115.58,90.01
124.66,115.55,90.01
124.61,115.48,90.02
124.62,115.49,90.02
124.58,115.43,90.02
124.61,115.48,90.02
124.55,115.39,90.02
124.72,115.64,90.00
124.67,115.56,90.01
124.68,115.59,90.01
124.76,115.70,89.99
124.70,115.62,90.00
124.60,115.47,90.02
124.55,115.38,90.03
124.57,115.42,90.02
124.65,115.54,90.01
124.60,115.46,90.02
125.02,116.07,89.95
124.98,116.01,89.95
124.98,116.01,89.95
124.93,115.94,89.96
124.89,115.88,89.97
124.89,115.88,89.97
124.97,116.00,89.95
124.96,115.99,89.96
125.01,116.05,89.95
124.85,115.83,89.98
124.83,115.79,89.98
124.79,115.74,89.99
124.91,115.90,89.97
124.94,115.95,89.96
124.96,115.97,89.96
124.88,115.86,89.97
124.80,115.76,89.98
124.82,115.79,89.98
124.84,115.81,89.98
124.94,115.95,89.96
124.99,116.03,89.95
124.95,115.96,89.96
124.95,115.96,89.96
125.01,116.04,89.95
124.89,115.88,89.97
124.83,115.80,89.98
124.99,116.02,89.95
124.94,115.95,89.96
124.89,115.89,89.97
124.83,115.81,89.98
124.95,115.96,89.96
124.95,115.97,89.96
125.00,116.04,89.95
124.82,115.78,89.98
124.80,115.76,89.99
124.78,115.73,89.99
124.87,115.85,89.97
124.93,115.95,89.96
124.88,115.88,89.97
124.93,115.94,89.96
124.97,116.00,89.95
125.02,116.06,89.95
124.97,115.99,89.95
125.01,116.05,89.95
124.96,115.98,89.96
124.85,115.83,89.98
124.89,115.89,89.97
124.81,115.78,89.98
125.06,116.10,89.94
125.06,116.11,89.94
125.12,116.17,89.93
125.17,116.22,89.93
125.17,116.23,89.93
125.07,116.12,89.94
125.08,116.12,89.94
125.07,116.11,89.94
125.11,116.16,89.93
125.16,116.22,89.93
125.06,116.10,89.94
125.06,116.10,89.94
125.15,116.21,89.93
125.16,116.21,89.93
125.10,116.15,89.94
125.05,116.10,89.94
125.06,116.10,89.94
125.05,116.09,89.94
125.03,116.08,89.94
125.05,116.10,89.94
125.05,116.09,89.94
125.10,116.15,89.94
125.16,116.21,89.93
125.04,116.09,89.94
125.41,116.47,89.91
125.37,116.43,89.91
125.36,116.42,89.91
125.31,116.36,89.92
125.27,116.33,89.92
125.26,116.32,89.92
125.36,116.41,89.91
125.34,116.39,89.92
125.40,116.45,89.91
125.21,116.27,89.93
125.13,116.18,89.93
125.08,116.13,89.94
125.25,116.30,89.92
125.32,116.37,89.92
125.33,116.38,89.92
125.23,116.29,89.92
125.15,116.20,89.93
125.20,116.26,89.93
125.26,116.31,89.92
125.37,116.43,89.91
125.41,116.47,89.91
125.36,116.42,89.91
125.35,116.41,89.92
125.40,116.46,89.91
125.30,116.36,89.92
125.26,116.32,89.92
125.41,116.46,89.91
125.36,116.41,89.91
125.30,116.36,89.92
125.25,116.31,89.92
125.35,116.40,89.92
125.34,116.39,89.92
125.39,116.45,89.91
125.20,116.25,89.93
125.15,116.20,89.93
125.09,116.14,89.94
125.24,116.29,89.92
125.32,116.38,89.92
125.27,116.33,89.92
125.31,116.37,89.92
125.36,116.42,89.91
125.42,116.47,89.91
125.36,116.41,89.91
125.40,116.45,89.91
125.35,116.40,89.92
125.21,116.26,89.93
125.24,116.30,89.92
125.14,116.19,89.93
125.47,116.50,89.92
125.46,116.50,89.91
125.53,116.55,89.92
125.55,116.57,89.92
125.54,116.56,89.92
125.45,116.50,89.91
125.43,116.49,89.91
125.45,116.49,89.91
125.52,116.55,89.92
125.56,116.57,89.92
125.46,116.50,89.91
125.48,116.51,89.92
125.55,116.57,89.92
125.57,116.58,89.92
125.52,116.54,89.92
125.46,116.50,89.91
125.47,116.51,89.92
125.45,116.50,89.91
125.44,116.49,89.91
125.48,116.51,89.92
125.47,116.50,89.92
125.52,116.54,89.92
125.57,116.58,89.92
125.46,116.50,89.91
125.84,116.75,89.95
125.81,116.73,89.94
125.79,116.72,89.94
125.74,116.69,89.94
125.70,116.66,89.93
125.69,116.66,89.93
125.78,116.71,89.94
125.76,116.70,89.94
125.83,116.74,89.95
125.63,116.61,89.93
125.58,116.58,89.92
125.49,116.52,89.92
125.65,116.63,89.93
125.75,116.69,89.94
125.77,116.70,89.94
125.66,116.63,89.93
125.58,116.58,89.92
125.63,116.62,89.93
125.69,116.66,89.93
125.80,116.73,89.94
125.84,116.75,89.95
125.79,116.72,89.94
125.78,116.72,89.94
125.83,116.75,89.95
125.74,116.69,89.94
125.70,116.67,89.93
125.85,116.76,89.95
125.79,116.72,89.94
125.73,116.69,89.93
125.68,116.65,89.93
125.80,116.72,89.94
125.80,116.73,89.94
125.86,116.76,89.95
125.64,116.62,89.93
125.59,116.59,89.93
125.49,116.51,89.92
125.67,116.64,89.93
125.75,116.69,89.94
125.68,116.65,89.93
125.73,116.69,89.94
125.79,116.72,89.94
125.84,116.75,89.95
125.79,116.72,89.94
125.86,116.76,89.95
125.80,116.72,89.94
125.64,116.62,89.93
125.67,116.64,89.93
125.59,116.59,89.92
125.88,116.77,89.96
125.88,116.77,89.96
125.95,116.80,89.97
126.01,116.83,89.99
126.00,116.82,89.99
125.89,116.77,89.96
125.89,116.78,89.96
125.90,116.78,89.96
125.95,116.80,89.97
126.01,116.83,89.99
125.90,116.78,89.96
125.91,116.78,89.97
126.02,116.83,89.99
126.02,116.83,89.99
125.96,116.81,89.98
125.90,116.78,89.96
125.92,116.79,89.97
125.90,116.78,89.96
125.92,116.79,89.97
125.91,116.78,89.96
125.91,116.78,89.96
125.97,116.81,89.98
126.03,116.84,89.99
125.91,116.78,89.96
126.24,116.93,90.05
126.19,116.91,90.04
126.19,116.91,90.04
126.15,116.89,90.02
126.11,116.87,90.01
126.10,116.87,90.01
126.20,116.91,90.04
126.19,116.91,90.03
126.23,116.93,90.05
126.05,116.84,90.00
125.99,116.82,89.98
125.93,116.79,89.97
126.09,116.87,90.01
126.13,116.88,90.02
126.20,116.91,90.04
126.10,116.87,90.01
125.99,116.82,89.99
126.06,116.85,90.00
126.12,116.88,90.02
126.28,116.94,90.07
126.32,116.96,90.08
126.25,116.93,90.05
126.22,116.92,90.05
126.27,116.94,90.06
126.18,116.90,90.03
126.14,116.89,90.02
126.35,116.97,90.09
126.28,116.94,90.07
126.21,116.92,90.04
126.14,116.89,90.02
126.28,116.94,90.06
126.27,116.94,90.06
126.34,116.97,90.09
126.09,116.86,90.01
126.04,116.84,90.00
125.98,116.81,89.98
126.44,117.00,90.13
126.22,116.92,90.05
126.12,116.88,90.02
126.17,116.90,90.03
126.23,116.92,90.05
126.26,116.94,90.06
126.25,116.93,90.05
126.31,116.96,90.08
126.27,116.94,90.06
126.08,116.86,90.01
126.44,117.01,90.13
126.03,116.84,90.00
126.25,116.93,90.05
126.26,116.94,90.05
126.43,117.00,90.13
126.29,116.95,90.07
126.30,116.95,90.07
126.26,116.94,90.06
126.26,116.94,90.06
126.43,117.00,90.13
126.30,116.95,90.07
126.32,116.96,90.08
126.31,116.96,90.07
126.33,116.96,90.08
126.61,117.08,90.21
126.61,117.08,90.21
126.59,117.07,90.20
126.56,117.06,90.18
126.57,117.06,90.19
126.53,117.04,90.17
126.56,117.05,90.18
126.52,117.04,90.16
126.55,117.05,90.18
126.57,117.06,90.19
126.61,117.07,90.21
126.66,117.10,90.23
126.68,117.11,90.24
126.70,117.12,90.25
126.63,117.09,90.22
126.67,117.10,90.24
126.66,117.10,90.23
126.64,117.09,90.22
126.60,117.07,90.20
126.53,117.04,90.17
126.50,117.03,90.16
126.43,117.00,90.13
126.55,117.05,90.18
126.51,117.03,90.16
126.58,117.06,90.19
126.38,116.98,90.10
126.41,117.00,90.12
126.36,116.98,90.10
126.28,116.95,90.07
126.31,116.96,90.07
126.43,117.00,90.13
126.43,117.00,90.13
126.40,116.99,90.11
126.39,116.99,90.11
126.43,117.00,90.13
126.43,117.00,90.13
126.43,117.00,90.13
126.45,117.01,90.14
126.49,117.03,90.15
126.37,116.98,90.10
126.42,117.00,90.12
126.34,116.97,90.09
126.41,116.99,90.12
126.43,117.00,90.13
126.54,117.05,90.18
126.62,117.08,90.21
126.43,117.00,90.13
126.43,117.00,90.13
126.36,116.98,90.10
126.71,117.13,90.26
126.62,117.08,90.22
126.62,117.08,90.21
126.72,117.13,90.26
126.62,117.08,90.21
126.54,117.05,90.18
126.43,117.00,90.13
126.43,117.00,90.13
126.43,117.00,90.12
126.39,116.99,90.11
126.39,116.99,90.11
126.39,116.99,90.11
126.53,117.04,90.17
126.43,117.00,90.13
126.58,117.06,90.19
126.40,116.99,90.11
126.35,116.97,90.09
126.32,116.96,90.08
126.43,117.00,90.13
126.30,116.96,90.07
126.35,116.97,90.09
126.37,116.98,90.10
126.36,116.97,90.09
126.75,117.15,90.28
126.73,117.13,90.26
126.69,117.11,90.25
126.63,117.09,90.22
126.60,117.07,90.20
126.65,117.10,90.23
126.68,117.11,90.24
126.74,117.14,90.27
126.72,117.13,90.26
126.74,117.14,90.27
126.77,117.16,90.28
126.70,117.12,90.25
126.77,117.15,90.28
126.71,117.12,90.25
126.68,117.11,90.24
126.73,117.14,90.27
126.64,117.09,90.22
126.80,117.18,90.30
126.81,117.18,90.30
126.88,117.22,90.34
126.94,117.26,90.37
126.96,117.27,90.37
126.83,117.19,90.31
126.84,117.20,90.32
127.06,117.33,90.42
127.14,117.39,90.44
126.99,117.28,90.38
126.92,117.24,90.35
126.86,117.21,90.33
126.97,117.28,90.38
127.03,117.31,90.40
126.83,117.19,90.31
126.91,117.24,90.35
126.98,117.28,90.38
126.82,117.19,90.31
126.80,117.18,90.30
127.02,117.30,90.40
126.92,117.25,90.35
126.95,117.26,90.37
126.88,117.22,90.33
126.78,117.16,90.29
126.96,117.27,90.37
127.07,117.34,90.42
126.79,117.17,90.29
126.86,117.21,90.32
126.93,117.25,90.36
126.79,117.17,90.29
126.79,117.17,90.30
127.01,117.30,90.40
126.94,117.25,90.36
126.87,117.21,90.33
126.93,117.25,90.36
127.00,117.29,90.39
127.05,117.32,90.41
127.05,117.32,90.41
127.10,117.36,90.43
127.13,117.38,90.44
127.13,117.39,90.44
127.06,117.33,90.42
127.06,117.33,90.42
127.12,117.38,90.44
127.11,117.37,90.44
127.13,117.39,90.44
127.22,117.45,90.48
127.21,117.44,90.47
127.09,117.35,90.43
127.07,117.34,90.42
127.12,117.37,90.44
127.16,117.41,90.45
127.25,117.47,90.49
127.14,117.39,90.44
127.22,117.44,90.48
127.21,117.44,90.48
127.23,117.45,90.48
127.13,117.39,90.44
127.11,117.37,90.44
127.13,117.38,90.44
127.09,117.35,90.43
127.08,117.35,90.42
127.22,117.45,90.48
127.14,117.39,90.44
127.18,117.42,90.46
127.25,117.47,90.49
127.13,117.38,90.44
127.45,117.64,90.54
127.40,117.60,90.53
127.40,117.60,90.53
127.36,117.56,90.52
127.31,117.53,90.51
127.32,117.53,90.51
127.39,117.59,90.53
127.42,117.62,90.54
127.43,117.63,90.54
127.26,117.48,90.49
127.15,117.40,90.45
127.14,117.39,90.44
127.30,117.52,90.50
127.35,117.56,90.52
127.42,117.62,90.54
127.31,117.52,90.51
127.15,117.40,90.45
127.27,117.49,90.49
127.32,117.53,90.51
127.41,117.60,90.53
127.45,117.64,90.55
127.40,117.60,90.53
127.40,117.59,90.53
127.44,117.63,90.54
127.36,117.56,90.52
127.31,117.52,90.51
127.45,117.64,90.55
127.41,117.60,90.53
127.37,117.57,90.52
127.33,117.54,90.51
127.41,117.61,90.54
127.42,117.61,90.54
127.46,117.65,90.55
127.30,117.51,90.50
127.29,117.50,90.50
127.27,117.49,90.49
127.35,117.55,90.52
127.38,117.58,90.53
127.32,117.53,90.51
127.37,117.57,90.52
127.41,117.60,90.53
127.45,117.64,90.55
127.41,117.61,90.53
127.46,117.65,90.55
127.41,117.61,90.54
127.30,117.51,90.50
127.34,117.55,90.51
127.28,117.50,90.50
127.49,117.68,90.55
127.49,117.68,90.55
127.54,117.72,90.56
127.58,117.77,90.56
127.59,117.77,90.56
127.49,117.68,90.55
127.48,117.66,90.55
127.50,117.68,90.55
127.54,117.73,90.56
127.59,117.77,90.56
127.50,117.69,90.55
127.51,117.69,90.55
127.59,117.77,90.56
127.58,117.76,90.56
127.54,117.72,90.56
127.49,117.68,90.55
127.50,117.68,90.55
127.49,117.67,90.55
127.48,117.67,90.55
127.51,117.70,90.55
127.51,117.69,90.55
127.55,117.73,90.56
127.60,117.78,90.56
127.50,117.69,90.55
127.81,117.97,90.58
127.76,117.92,90.58
127.77,117.93,90.58
127.72,117.89,90.58
127.66,117.84,90.57
127.68,117.85,90.57
127.78,117.94,90.58
127.78,117.95,90.58
127.83,117.99,90.58
127.64,117.81,90.57
127.58,117.76,90.56
127.52,117.71,90.55
127.69,117.86,90.57
127.74,117.91,90.58
127.79,117.95,90.58
127.69,117.86,90.57
127.57,117.75,90.56
127.64,117.82,90.57
127.68,117.86,90.57
127.79,117.96,90.58
127.83,117.99,90.59
127.78,117.94,90.58
127.78,117.95,90.58
127.84,118.00,90.59
127.73,117.90,90.58
127.67,117.85,90.57
127.83,117.99,90.59
127.78,117.94,90.58
127.73,117.90,90.58
127.69,117.86,90.57
127.78,117.95,90.58
127.79,117.95,90.58
127.84,117.99,90.59
127.65,117.82,90.57
127.61,117.79,90.56
127.56,117.74,90.56
127.70,117.87,90.57
127.75,117.91,90.58
127.68,117.85,90.57
127.72,117.89,90.58
127.77,117.94,90.58
127.82,117.98,90.58
127.78,117.94,90.58
127.83,117.99,90.58
127.79,117.95,90.58
127.64,117.82,90.57
127.70,117.87,90.57
127.60,117.78,90.56
127.88,118.03,90.59
127.88,118.03,90.59
127.92,118.07,90.59
127.98,118.11,90.59
127.97,118.10,90.59
127.87,118.02,90.59
127.86,118.01,90.59
127.88,118.03,90.59
127.93,118.07,90.59
127.99,118.11,90.59
127.88,118.03,90.59
127.89,118.03,90.59
128.01,118.13,90.59
128.02,118.13,90.59
127.96,118.09,90.59
127.89,118.04,90.59
127.91,118.05,90.59
127.89,118.04,90.59
127.89,118.03,90.59
127.90,118.04,90.59
127.90,118.04,90.59
127.95,118.08,90.59
128.02,118.14,90.59
127.89,118.04,90.59
128.26,118.31,90.61
128.39,118.39,90.62
128.21,118.28,90.60
128.16,118.24,90.60
128.09,118.19,90.60
128.10,118.20,90.60
128.22,118.29,90.60
128.24,118.29,90.60
128.28,118.33,90.61
128.05,118.16,90.59
128.00,118.12,90.59
127.94,118.08,90.59
128.12,118.21,90.60
128.18,118.25,90.60
128.25,118.30,90.60
128.12,118.21,90.60
128.00,118.12,90.59
128.07,118.18,90.60
128.13,118.22,90.60
128.33,118.36,90.61
128.38,118.38,90.61
128.30,118.33,90.61
128.26,118.31,90.61
128.33,118.35,90.61
128.20,118.27,90.60
128.14,118.23,90.60
128.37,118.38,90.61
128.29,118.33,90.61
128.20,118.26,90.60
128.13,118.22,90.60
128.25,118.30,90.61
128.23,118.29,90.60
128.33,118.35,90.61
128.07,118.17,90.60
128.01,118.13,90.59
127.95,118.08,90.59
128.12,118.21,90.60
128.18,118.25,90.60
128.09,118.19,90.60
128.15,118.24,90.60
128.21,118.28,90.60
128.27,118.32,90.60
128.22,118.28,90.60
128.28,118.33,90.61
128.23,118.29,90.60
128.04,118.15,90.59
128.11,118.20,90.60
127.99,118.12,90.59
128.34,118.36,90.61
128.32,118.35,90.61
128.36,118.37,90.61
128.39,118.39,90.62
128.39,118.39,90.62
128.31,118.35,90.61
128.30,118.34,90.61
128.31,118.34,90.61
128.36,118.37,90.61
128.39,118.39,90.62
128.32,118.35,90.61
128.32,118.35,90.61
128.61,118.49,90.64
128.70,118.54,90.65
128.63,118.50,90.64
128.64,118.51,90.65
128.72,118.54,90.66
128.64,118.50,90.65
128.56,118.47,90.63
128.48,118.43,90.63
128.47,118.43,90.62
128.46,118.42,90.62
128.54,118.46,90.63
128.61,118.49,90.64
128.41,118.40,90.62
128.38,118.38,90.62
128.45,118.42,90.62
128.39,118.39,90.62
128.38,118.38,90.61
128.52,118.45,90.63
128.59,118.48,90.64
128.69,118.54,90.65
128.59,118.49,90.64
128.49,118.44,90.63
128.38,118.38,90.61
128.60,118.49,90.64
128.60,118.49,90.64
128.70,118.54,90.65
128.74,118.55,90.66
128.62,118.49,90.64
128.62,118.50,90.64
128.75,118.55,90.66
128.63,118.50,90.64
128.51,118.44,90.63
128.39,118.38,90.62
128.43,118.41,90.62
128.55,118.47,90.63
128.67,118.53,90.65
128.48,118.43,90.63
128.53,118.45,90.63
128.40,118.39,90.62
128.46,118.42,90.62
128.52,118.45,90.63
128.53,118.46,90.63
128.65,118.51,90.65
128.71,118.54,90.65
128.66,118.52,90.65
128.58,118.48,90.64
128.66,118.52,90.65
128.73,118.54,90.66
128.79,118.57,90.67
129.01,118.64,90.71
128.94,118.62,90.69
128.97,118.63,90.70
129.07,118.66,90.72
128.99,118.63,90.70
128.87,118.59,90.68
128.80,118.57,90.67
128.80,118.57,90.67
128.81,118.57,90.67
128.90,118.60,90.69
129.00,118.64,90.70
128.81,118.58,90.67
128.82,118.58,90.67
128.80,118.57,90.67
128.80,118.57,90.67
128.80,118.57,90.67
128.84,118.58,90.68
128.79,118.57,90.67
129.02,118.64,90.71
128.93,118.61,90.69
128.88,118.59,90.68
128.80,118.57,90.67
128.98,118.63,90.70
129.00,118.64,90.70
129.08,118.66,90.72
129.12,118.67,90.73
129.03,118.65,90.71
129.05,118.65,90.71
129.19,118.69,90.74
129.16,118.68,90.74
128.94,118.62,90.70
128.85,118.59,90.68
128.85,118.59,90.68
128.96,118.62,90.70
129.15,118.68,90.74
128.86,118.59,90.68
128.86,118.59,90.68
128.81,118.57,90.67
128.82,118.58,90.67
128.83,118.58,90.67
128.91,118.61,90.69
129.01,118.64,90.71
129.12,118.67,90.73
129.03,118.65,90.71
128.95,118.62,90.70
129.06,118.66,90.72
129.19,118.69,90.74
129.26,118.70,90.76
129.17,118.68,90.74
129.20,118.69,90.75
129.13,118.67,90.73
129.18,118.68,90.74
129.11,118.67,90.72
129.08,118.66,90.72
129.18,118.69,90.74
129.14,118.67,90.73
129.20,118.69,90.75
129.17,118.68,90.74
129.11,118.67,90.73
129.57,118.76,90.84
129.48,118.74,90.82
129.49,118.75,90.82
129.39,118.73,90.79
129.30,118.71,90.77
129.31,118.71,90.77
129.50,118.75,90.82
129.51,118.75,90.82
129.60,118.76,90.85
129.27,118.70,90.76
129.25,118.70,90.76
129.22,118.69,90.75
129.38,118.72,90.79
129.48,118.74,90.81
129.55,118.76,90.83
129.42,118.73,90.80
129.29,118.71,90.77
129.36,118.72,90.79
129.43,118.74,90.80
129.66,118.77,90.86
129.73,118.78,90.89
129.63,118.77,90.85
129.59,118.76,90.84
129.65,118.77,90.86
129.53,118.75,90.83
129.46,118.74,90.81
129.74,118.78,90.89
129.64,118.77,90.86
129.54,118.75,90.83
129.45,118.74,90.81
129.60,118.76,90.84
129.55,118.76,90.83
129.65,118.77,90.86
129.36,118.72,90.79
129.30,118.71,90.77
129.23,118.69,90.75
129.43,118.73,90.80
129.48,118.74,90.82
129.32,118.71,90.78
129.40,118.73,90.80
129.49,118.75,90.82
129.58,118.76,90.84
129.50,118.75,90.82
129.60,118.76,90.85
129.52,118.75,90.83
129.28,118.70,90.77
129.38,118.73,90.79
129.25,118.70,90.76
129.66,118.77,90.86
129.65,118.77,90.86
129.70,118.78,90.88
129.76,118.78,90.89
129.76,118.78,90.89
129.64,118.77,90.86
129.62,118.77,90.85
129.64,118.77,90.86
129.71,118.78,90.88
129.77,118.78,90.89
129.65,118.77,90.86
129.66,118.77,90.86
130.00,118.80,90.97
130.04,118.80,90.98
129.97,118.80,90.96
129.93,118.80,90.94
129.97,118.80,90.96
129.90,118.79,90.93
129.89,118.79,90.93
129.82,118.79,90.91
129.86,118.79,90.92
129.77,118.78,90.90
129.81,118.79,90.91
129.85,118.79,90.92
129.73,118.78,90.88
129.68,118.77,90.87
129.87,118.79,90.93
129.96,118.80,90.95
129.88,118.79,90.93
129.89,118.79,90.93
129.98,118.80,90.96
129.90,118.79,90.94
129.80,118.78,90.90
129.71,118.78,90.88
129.70,118.78,90.87
129.94,118.80,90.95
129.85,118.79,90.92
129.79,118.78,90.90
129.83,118.79,90.91
129.74,118.78,90.89
130.02,118.80,90.97
129.96,118.80,90.95
129.98,118.80,90.96
130.06,118.80,90.99
129.91,118.80,90.94
130.01,118.80,90.97
130.02,118.80,90.97
130.07,118.80,90.99
130.11,118.80,91.01
130.12,118.80,91.01
130.03,118.80,90.98
130.04,118.80,90.98
129.94,118.80,90.95
129.86,118.79,90.92
129.87,118.79,90.93
129.97,118.80,90.96
129.89,118.79,90.93
129.78,118.78,90.90
129.70,118.78,90.88
129.75,118.78,90.89
129.84,118.79,90.92
129.94,118.80,90.95
129.81,118.79,90.91
129.86,118.79,90.92
129.75,118.78,90.89
129.80,118.79,90.91
129.85,118.79,90.92
129.84,118.79,90.92
129.92,118.80,90.94
129.88,118.79,90.93
129.91,118.80,90.94
129.99,118.80,90.96
130.02,118.80,90.97
130.05,118.80,90.98
129.95,118.80,90.95
129.99,118.80,90.96
129.92,118.80,90.94
129.97,118.80,90.96
130.00,118.80,90.97
129.99,118.80,90.96
130.06,118.80,90.99
130.04,118.80,90.98
130.07,118.80,90.99
130.10,118.80,91.00
130.09,118.80,91.00
130.15,118.80,91.02
130.31,118.80,91.08
130.33,118.80,91.09
130.31,118.80,91.08
130.31,118.80,91.08
130.33,118.80,91.09
130.31,118.80,91.08
130.28,118.80,91.07
130.26,118.80,91.06
130.26,118.80,91.06
130.26,118.80,91.06
130.28,118.80,91.07
130.29,118.80,91.07
130.28,118.80,91.07
130.31,118.80,91.08
130.30,118.80,91.08
130.33,118.80,91.09
130.11,118.80,91.00
130.07,118.80,90.99
130.06,118.80,90.99
130.01,118.80,90.97
129.98,118.80,90.96
130.05,118.80,90.98
130.09,118.80,91.00
130.31,118.80,91.08
130.29,118.80,91.07
130.27,118.80,91.06
130.28,118.80,91.07
130.25,118.80,91.06
130.26,118.80,91.06
130.25,118.80,91.05
130.21,118.80,91.04
130.21,118.80,91.04
130.17,118.80,91.03
130.13,118.80,91.01
130.12,118.80,91.01
130.21,118.80,91.04
130.20,118.80,91.04
130.10,118.80,91.00
130.07,118.80,90.99
130.05,118.80,90.99
130.14,118.80,91.02
130.18,118.80,91.03
130.13,118.80,91.01
130.18,118.80,91.03
130.22,118.80,91.05
130.14,118.80,91.02
130.15,118.80,91.02
130.09,118.80,91.00
130.14,118.80,91.02
130.18,118.80,91.03
130.16,118.80,91.02
130.22,118.80,91.05
130.20,118.80,91.04
130.22,118.80,91.04
130.25,118.80,91.06
130.27,118.80,91.06
130.24,118.80,91.05
130.18,118.80,91.03
130.22,118.80,91.04
130.24,118.80,91.05
130.22,118.80,91.04
130.25,118.80,91.06
130.25,118.80,91.06
130.29,118.80,91.07
130.08,118.80,91.00
130.03,118.80,90.98
130.00,118.80,90.97
130.01,118.80,90.97
129.99,118.80,90.96
130.24,118.80,91.05
130.21,118.80,91.04
130.19,118.80,91.03
130.21,118.80,91.04
130.17,118.80,91.03
130.17,118.80,91.03
130.13,118.80,91.01
130.14,118.80,91.01
130.12,118.80,91.01
130.07,118.80,90.99
130.03,118.80,90.98
130.10,118.80,91.00
130.17,118.80,91.02
130.11,118.80,91.01
130.09,118.80,91.00
130.11,118.80,91.01
130.06,118.80,90.99
130.16,118.80,91.02
130.14,118.80,91.02
130.12,118.80,91.01
130.18,118.80,91.03
130.20,118.80,91.04
130.23,118.80,91.05
130.19,118.80,91.03
130.15,118.80,91.02
130.18,118.80,91.03
130.20,118.81,91.04
130.33,118.80,91.09
130.33,118.80,91.09
130.33,118.80,91.09
130.33,118.80,91.09
130.33,118.80,91.09
130.33,118.80,91.09
130.33,118.80,91.09
130.31,118.80,91.08
130.32,118.80,91.08
130.33,118.80,91.09
130.33,118.80,91.09
130.33,118.80,91.09
130.31,118.80,91.08
130.29,118.80,91.07
130.30,118.80,91.07
130.29,118.80,91.07
130.27,118.80,91.06
130.28,118.80,91.07
130.31,118.80,91.08
130.32,118.80,91.08
130.33,118.80,91.09
130.32,118.80,91.08
130.30,118.80,91.07
130.32,118.80,91.08
130.26,118.80,91.06
130.27,118.80,91.06
130.29,118.80,91.07
130.29,118.80,91.07
130.30,118.80,91.08
130.29,118.80,91.07
130.30,118.80,91.08
130.31,118.80,91.08
130.31,118.80,91.08
130.32,118.80,91.08
130.27,118.80,91.06
130.26,118.80,91.06
130.23,118.80,91.05
130.22,118.80,91.04
130.25,118.80,91.06
130.23,118.80,91.05
130.26,118.80,91.06
130.24,118.80,91.05
