100.27,121.25,86.75
100.28,121.23,86.76
100.30,121.19,86.77
100.31,121.17,86.78
100.27,121.25,86.75
100.35,121.08,86.82
100.36,121.07,86.82
100.44,120.90,86.89
100.43,120.92,86.88
100.30,121.19,86.77
100.35,121.09,86.81
101.07,119.42,87.35
101.09,119.39,87.35
101.17,119.17,87.40
101.16,119.21,87.39
100.95,119.72,87.27
100.91,119.81,87.25
101.00,119.60,87.30
100.76,120.20,87.13
100.67,120.39,87.07
100.78,120.15,87.15
100.86,119.95,87.21
100.71,120.30,87.10
100.57,120.63,86.99
100.54,120.69,86.97
100.60,120.56,87.01
100.43,120.93,86.88
100.52,120.74,86.95
101.28,118.91,87.44
101.27,118.94,87.44
101.38,118.67,87.48
101.37,118.71,87.48
101.11,119.32,87.37
101.25,118.97,87.43
100.97,119.68,87.28
100.76,120.19,87.14
100.62,120.51,87.03
101.66,118.18,87.54
101.68,118.14,87.54
101.79,117.99,87.56
101.78,118.01,87.55
101.52,118.40,87.51
101.50,118.44,87.51
101.56,118.32,87.52
101.37,118.69,87.48
101.49,118.47,87.50
101.94,117.81,87.58
101.93,117.83,87.58
102.10,117.65,87.61
102.12,117.63,87.61
101.73,118.07,87.55
101.92,117.84,87.58
101.61,118.26,87.53
102.30,117.46,87.65
102.27,117.49,87.64
102.57,117.21,87.72
102.51,117.27,87.70
102.10,117.65,87.61
102.30,117.46,87.65
102.86,116.95,87.80
102.92,116.89,87.82
103.12,116.71,87.89
103.17,116.66,87.90
102.56,117.22,87.72
102.85,116.96,87.80
103.33,116.49,87.96
103.31,116.51,87.96
103.51,116.30,88.03
103.53,116.27,88.04
103.11,116.72,87.88
103.34,116.49,87.96
103.70,116.08,88.11
103.67,116.11,88.10
103.83,115.91,88.17
103.85,115.89,88.18
103.51,116.30,88.03
103.69,116.09,88.11
103.99,115.72,88.23
103.98,115.72,88.23
104.13,115.54,88.29
104.15,115.52,88.30
103.83,115.91,88.17
103.99,115.72,88.23
104.32,115.34,88.36
104.28,115.39,88.35
104.54,115.14,88.43
104.50,115.18,88.41
104.14,115.54,88.29
104.33,115.34,88.36
104.82,114.91,88.51
104.89,114.86,88.52
105.09,114.73,88.57
105.16,114.68,88.59
104.56,115.12,88.43
104.83,114.90,88.51
105.33,114.58,88.62
105.36,114.56,88.63
105.55,114.47,88.66
105.51,114.48,88.66
105.13,114.70,88.58
105.45,114.52,88.65
105.75,114.36,88.70
105.80,114.34,88.71
105.82,114.34,88.71
105.77,114.36,88.70
106.09,114.21,88.75
106.16,114.19,88.75
106.22,114.16,88.76
106.03,114.24,88.74
106.48,114.04,88.78
106.51,114.03,88.79
106.75,113.92,88.80
106.74,113.93,88.80
106.28,114.13,88.77
106.53,114.02,88.79
106.98,113.82,88.81
107.02,113.80,88.81
107.19,113.72,88.80
107.15,113.74,88.81
106.79,113.91,88.80
107.09,113.77,88.81
107.38,113.62,88.80
107.42,113.60,88.80
107.44,113.59,88.79
107.39,113.62,88.80
107.68,113.47,88.78
107.74,113.44,88.77
107.80,113.41,88.77
107.63,113.50,88.78
108.01,113.30,88.75
108.07,113.27,88.75
108.27,113.18,88.73
108.24,113.19,88.73
107.86,113.38,88.76
108.16,113.23,88.74
108.49,113.07,88.72
108.58,113.04,88.72
108.65,113.01,88.71
108.41,113.11,88.72
108.92,112.89,88.71
108.98,112.87,88.71
109.22,112.78,88.71
109.18,112.79,88.71
108.71,112.98,88.71
109.09,112.83,88.71
109.48,112.68,88.71
109.59,112.65,88.72
109.65,112.62,88.72
109.39,112.72,88.71
109.94,112.53,88.73
110.00,112.51,88.74
110.22,112.44,88.75
110.15,112.46,88.75
109.73,112.60,88.72
110.08,112.48,88.74
110.44,112.37,88.77
110.47,112.37,88.77
110.44,112.37,88.77
110.41,112.38,88.77
110.68,112.30,88.79
110.69,112.30,88.79
110.68,112.31,88.79
110.68,112.31,88.79
110.81,112.27,88.80
110.81,112.27,88.80
110.81,112.27,88.80
110.81,112.27,88.80
110.85,112.26,88.80
100.28,121.22,86.76
100.28,121.24,86.76
100.29,121.21,86.77
100.30,121.18,86.78
100.29,121.21,86.77
100.27,121.25,86.75
100.28,121.24,86.76
100.29,121.21,86.77
100.40,120.99,86.85
100.36,121.08,86.82
100.40,120.99,86.85
100.44,120.91,86.88
100.39,121.00,86.85
100.35,121.08,86.82
100.33,121.13,86.80
100.32,121.14,86.79
100.32,121.15,86.79
100.29,121.21,86.77
100.33,121.13,86.80
100.33,121.14,86.80
100.30,121.18,86.78
100.33,121.13,86.80
100.37,121.04,86.83
100.39,121.00,86.85
100.33,121.13,86.80
100.28,121.22,86.76
101.12,119.29,87.38
101.08,119.40,87.35
101.13,119.28,87.38
101.16,119.19,87.40
101.11,119.31,87.37
101.01,119.57,87.31
101.02,119.55,87.31
100.93,119.77,87.26
101.00,119.60,87.30
101.08,119.40,87.35
101.04,119.50,87.33
100.98,119.65,87.29
100.76,120.18,87.14
100.71,120.29,87.10
100.73,120.27,87.11
100.73,120.25,87.12
100.81,120.07,87.17
100.79,120.12,87.16
100.85,119.96,87.20
100.91,119.83,87.24
100.84,120.00,87.19
100.85,119.98,87.20
100.93,119.77,87.26
100.66,120.41,87.06
100.62,120.51,87.03
100.55,120.67,86.98
100.61,120.54,87.02
100.66,120.43,87.06
100.68,120.38,87.07
100.58,120.60,87.00
100.52,120.72,86.96
100.48,120.81,86.92
100.47,120.84,86.91
100.45,120.88,86.89
100.39,121.00,86.85
100.49,120.80,86.93
100.50,120.77,86.94
100.43,120.92,86.88
100.47,120.83,86.91
100.51,120.74,86.95
100.55,120.66,86.98
100.50,120.77,86.94
100.39,121.01,86.84
101.33,118.78,87.46
101.27,118.93,87.44
101.33,118.80,87.46
101.39,118.66,87.48
101.32,118.81,87.46
101.26,118.95,87.44
101.19,119.13,87.41
101.18,119.15,87.40
101.18,119.16,87.40
101.09,119.36,87.36
101.22,119.05,87.42
101.22,119.06,87.42
101.13,119.27,87.38
101.21,119.09,87.41
101.26,118.95,87.44
101.31,118.84,87.46
101.21,119.07,87.42
101.04,119.51,87.33
101.01,119.57,87.31
100.95,119.74,87.27
101.07,119.44,87.34
100.99,119.63,87.29
100.77,120.17,87.14
100.72,120.29,87.10
100.84,120.00,87.19
100.87,119.93,87.21
100.81,120.07,87.17
100.74,120.24,87.12
100.91,119.82,87.24
100.69,120.36,87.08
100.65,120.44,87.05
100.58,120.60,87.00
100.67,120.40,87.07
100.60,120.55,87.02
100.57,120.63,86.99
101.73,118.08,87.55
101.67,118.16,87.54
101.74,118.06,87.55
101.79,118.00,87.55
101.72,118.08,87.54
101.59,118.28,87.52
101.60,118.27,87.53
101.51,118.42,87.51
101.59,118.28,87.52
101.66,118.17,87.54
101.61,118.25,87.53
101.54,118.36,87.52
101.49,118.46,87.51
101.44,118.57,87.49
101.43,118.58,87.49
101.38,118.69,87.48
101.32,118.82,87.46
101.44,118.56,87.49
101.45,118.54,87.50
101.37,118.70,87.48
101.42,118.59,87.49
101.46,118.51,87.50
101.52,118.40,87.51
101.45,118.55,87.49
101.31,118.83,87.46
102.02,117.73,87.59
101.93,117.82,87.58
102.02,117.74,87.59
102.11,117.64,87.61
102.03,117.72,87.60
101.93,117.83,87.58
101.83,117.94,87.56
101.84,117.93,87.56
101.81,117.98,87.56
101.70,118.11,87.54
101.85,117.92,87.57
101.86,117.91,87.57
101.75,118.05,87.55
101.85,117.93,87.56
101.96,117.80,87.58
102.01,117.74,87.59
101.85,117.92,87.56
101.66,118.17,87.54
101.59,118.29,87.52
101.55,118.35,87.52
101.69,118.14,87.54
101.59,118.28,87.52
101.54,118.37,87.52
102.44,117.33,87.68
102.28,117.47,87.65
102.42,117.35,87.68
102.54,117.24,87.71
102.40,117.37,87.68
102.28,117.48,87.65
102.18,117.57,87.62
102.20,117.55,87.63
102.08,117.67,87.61
102.02,117.74,87.59
102.19,117.57,87.63
102.20,117.55,87.63
102.11,117.64,87.61
102.21,117.55,87.63
102.32,117.44,87.66
102.40,117.37,87.67
102.21,117.54,87.63
102.01,117.75,87.59
103.00,116.82,87.85
102.89,116.92,87.81
103.02,116.80,87.85
103.15,116.68,87.90
103.02,116.80,87.85
102.57,117.22,87.72
102.41,117.36,87.68
102.74,117.06,87.77
102.75,117.05,87.77
102.89,116.93,87.81
102.71,117.09,87.76
102.53,117.25,87.71
102.69,117.11,87.75
102.86,116.95,87.80
102.69,117.10,87.75
102.72,117.08,87.76
103.02,116.80,87.85
102.43,117.34,87.68
103.42,116.40,88.00
103.33,116.50,87.96
103.41,116.41,87.99
103.51,116.30,88.03
103.42,116.39,88.00
103.33,116.49,87.96
103.23,116.60,87.92
103.23,116.59,87.93
103.13,116.69,87.89
103.03,116.79,87.86
103.23,116.60,87.92
103.23,116.59,87.93
103.14,116.68,87.89
103.26,116.57,87.93
103.35,116.46,87.97
103.42,116.39,88.00
103.25,116.58,87.93
102.99,116.83,87.84
103.75,116.01,88.14
103.68,116.10,88.10
103.75,116.01,88.13
103.83,115.91,88.17
103.77,115.98,88.14
103.67,116.10,88.10
103.59,116.20,88.07
103.59,116.20,88.07
103.49,116.32,88.02
103.41,116.40,87.99
103.59,116.21,88.06
103.59,116.20,88.07
103.51,116.30,88.03
103.59,116.20,88.07
103.67,116.11,88.10
103.76,115.99,88.14
103.59,116.20,88.07
103.42,116.39,88.00
104.06,115.63,88.26
103.98,115.72,88.23
104.06,115.64,88.26
104.14,115.54,88.29
104.07,115.62,88.27
103.98,115.72,88.23
103.91,115.82,88.20
103.91,115.81,88.20
103.81,115.93,88.16
103.75,116.01,88.13
103.91,115.82,88.20
103.91,115.81,88.20
103.83,115.91,88.17
103.91,115.81,88.20
104.00,115.70,88.24
104.07,115.62,88.27
103.91,115.81,88.20
103.75,116.01,88.14
104.43,115.24,88.39
104.29,115.37,88.35
104.41,115.26,88.39
104.52,115.16,88.42
104.40,115.27,88.38
104.30,115.37,88.35
104.21,115.46,88.32
104.22,115.45,88.32
104.12,115.56,88.29
104.06,115.63,88.26
104.21,115.47,88.32
104.22,115.45,88.32
104.14,115.54,88.30
104.23,115.44,88.33
104.31,115.36,88.35
104.41,115.26,88.39
104.23,115.44,88.33
104.06,115.63,88.26
104.97,114.81,88.54
104.86,114.89,88.52
105.00,114.79,88.55
105.13,114.70,88.58
104.99,114.79,88.55
104.55,115.13,88.43
104.42,115.26,88.39
104.73,114.99,88.48
104.72,115.00,88.48
104.86,114.88,88.52
104.69,115.02,88.47
104.52,115.15,88.42
104.67,115.04,88.46
104.83,114.91,88.51
104.65,115.05,88.46
104.69,115.02,88.47
105.00,114.79,88.55
104.43,115.24,88.39
105.44,114.52,88.65
105.35,114.57,88.63
105.45,114.52,88.65
105.53,114.47,88.66
105.42,114.53,88.64
105.40,114.54,88.64
105.26,114.62,88.61
105.27,114.61,88.61
105.12,114.71,88.58
105.01,114.78,88.55
105.24,114.63,88.61
105.24,114.63,88.61
105.14,114.69,88.58
105.30,114.60,88.62
105.32,114.58,88.62
105.48,114.50,88.65
105.25,114.63,88.61
104.97,114.81,88.54
105.68,114.40,88.69
105.65,114.42,88.68
105.78,114.35,88.70
105.56,114.46,88.67
105.65,114.42,88.68
105.81,114.34,88.71
105.66,114.41,88.68
105.57,114.46,88.67
105.76,114.36,88.70
105.61,114.44,88.68
105.63,114.42,88.68
105.79,114.35,88.71
105.98,114.26,88.73
105.95,114.28,88.73
106.12,114.20,88.75
105.93,114.29,88.72
105.99,114.26,88.73
106.19,114.17,88.76
106.02,114.25,88.74
105.89,114.30,88.72
106.05,114.23,88.74
105.89,114.30,88.72
105.99,114.26,88.73
106.12,114.20,88.75
106.60,113.99,88.79
106.49,114.04,88.79
106.63,113.98,88.79
106.75,113.93,88.80
106.61,113.98,88.79
106.51,114.03,88.79
106.38,114.09,88.78
106.39,114.08,88.78
106.30,114.12,88.77
106.18,114.18,88.76
106.33,114.11,88.77
106.32,114.12,88.77
106.25,114.14,88.76
106.37,114.09,88.78
106.47,114.05,88.78
106.63,113.98,88.79
106.35,114.10,88.77
106.15,114.19,88.75
107.08,113.77,88.81
107.00,113.81,88.81
107.10,113.76,88.81
107.17,113.73,88.81
107.07,113.78,88.81
107.06,113.78,88.81
106.90,113.86,88.81
106.94,113.84,88.81
106.76,113.92,88.80
106.65,113.97,88.80
106.88,113.86,88.81
106.87,113.87,88.81
106.77,113.92,88.80
106.92,113.84,88.81
106.95,113.83,88.81
107.12,113.75,88.81
106.86,113.87,88.81
106.66,113.96,88.80
107.31,113.66,88.80
107.29,113.67,88.80
107.39,113.62,88.80
107.20,113.71,88.80
107.28,113.67,88.80
107.43,113.60,88.80
107.29,113.67,88.80
107.21,113.71,88.80
107.39,113.62,88.80
107.39,113.62,88.80
107.27,113.68,88.80
107.39,113.62,88.80
107.58,113.52,88.79
107.56,113.53,88.79
107.71,113.46,88.78
107.54,113.54,88.79
107.59,113.52,88.78
107.77,113.43,88.77
107.62,113.50,88.78
107.50,113.56,88.79
107.65,113.48,88.78
107.51,113.56,88.79
107.60,113.51,88.78
107.71,113.45,88.78
108.15,113.23,88.74
108.05,113.28,88.75
108.17,113.22,88.74
108.25,113.18,88.73
108.13,113.25,88.74
108.12,113.25,88.74
107.97,113.32,88.75
108.01,113.30,88.75
107.88,113.37,88.76
107.77,113.42,88.77
107.90,113.36,88.76
107.87,113.37,88.76
107.83,113.39,88.77
107.98,113.32,88.75
108.03,113.29,88.75
108.20,113.21,88.74
107.91,113.35,88.76
107.74,113.44,88.77
108.42,113.11,88.72
108.38,113.13,88.73
108.54,113.05,88.72
108.28,113.17,88.73
108.40,113.11,88.72
108.62,113.02,88.71
108.45,113.10,88.72
108.24,113.19,88.73
108.45,113.09,88.72
108.29,113.17,88.73
108.41,113.11,88.72
108.53,113.06,88.72
109.07,112.83,88.71
108.95,112.88,88.71
109.10,112.82,88.71
109.20,112.79,88.71
109.05,112.84,88.71
109.03,112.85,88.71
108.84,112.92,88.71
108.90,112.90,88.71
108.74,112.97,88.71
108.60,113.03,88.72
108.78,112.95,88.71
108.75,112.97,88.71
108.69,112.99,88.71
108.87,112.91,88.71
108.91,112.90,88.71
109.14,112.81,88.71
108.78,112.95,88.71
108.57,113.04,88.72
109.40,112.71,88.71
109.35,112.73,88.71
109.53,112.66,88.72
109.23,112.77,88.71
109.38,112.72,88.71
109.61,112.64,88.72
109.42,112.71,88.71
109.18,112.79,88.71
109.43,112.70,88.71
109.25,112.77,88.71
109.37,112.72,88.71
109.52,112.67,88.72
110.07,112.49,88.74
109.96,112.52,88.74
110.11,112.47,88.74
110.18,112.45,88.75
110.05,112.49,88.74
110.04,112.50,88.74
109.87,112.55,88.73
109.91,112.54,88.73
109.74,112.59,88.72
109.61,112.64,88.72
109.79,112.58,88.73
109.76,112.59,88.73
109.69,112.61,88.72
109.85,112.56,88.73
109.90,112.54,88.73
110.12,112.47,88.74
109.79,112.58,88.73
109.56,112.66,88.72
110.34,112.40,88.76
110.33,112.41,88.76
110.45,112.37,88.77
110.21,112.44,88.75
110.31,112.41,88.76
110.45,112.37,88.77
110.30,112.42,88.76
110.21,112.44,88.75
110.43,112.38,88.77
110.24,112.43,88.75
110.26,112.43,88.75
110.43,112.38,88.77
110.58,112.33,88.78
110.57,112.34,88.78
110.69,112.30,88.79
110.56,112.34,88.78
110.56,112.34,88.78
110.68,112.30,88.79
110.56,112.34,88.78
110.56,112.34,88.78
110.68,112.30,88.79
110.54,112.34,88.78
110.54,112.34,88.78
110.68,112.31,88.79
110.75,112.29,88.79
110.75,112.29,88.79
110.81,112.27,88.80
110.75,112.29,88.79
110.74,112.29,88.79
110.81,112.27,88.80
110.74,112.29,88.79
110.75,112.29,88.79
110.81,112.27,88.80
110.74,112.29,88.79
110.74,112.29,88.79
110.81,112.27,88.80
110.83,112.26,88.80
110.83,112.26,88.80
110.83,112.26,88.80
110.83,112.26,88.80
100.28,121.23,86.76
100.27,121.24,86.75
100.28,121.23,86.76
100.28,121.22,86.76
100.28,121.23,86.76
100.29,121.22,86.76
100.29,121.21,86.76
100.29,121.20,86.77
100.29,121.21,86.77
100.30,121.19,86.78
100.29,121.20,86.77
100.30,121.20,86.77
100.31,121.17,86.78
100.30,121.19,86.77
100.29,121.21,86.76
100.28,121.23,86.76
100.27,121.25,86.75
100.27,121.24,86.75
100.27,121.24,86.75
100.27,121.25,86.75
100.27,121.24,86.75
100.28,121.24,86.76
100.28,121.23,86.76
100.30,121.19,86.77
100.29,121.21,86.77
100.28,121.23,86.76
100.28,121.23,86.76
100.28,121.23,86.76
100.37,121.04,86.83
100.35,121.08,86.82
100.37,121.04,86.84
100.38,121.03,86.84
100.36,121.07,86.82
100.38,121.03,86.84
100.40,120.99,86.85
100.42,120.94,86.87
100.42,120.95,86.87
100.44,120.91,86.88
100.42,120.95,86.87
100.41,120.95,86.87
100.43,120.91,86.88
100.41,120.96,86.87
100.39,121.00,86.85
100.37,121.04,86.83
100.36,121.07,86.82
100.34,121.10,86.81
100.34,121.11,86.81
100.33,121.14,86.80
100.31,121.16,86.78
100.31,121.17,86.78
100.34,121.11,86.81
100.34,121.11,86.80
100.35,121.08,86.82
100.34,121.11,86.81
100.32,121.14,86.79
100.30,121.18,86.78
100.30,121.19,86.78
100.29,121.22,86.76
100.31,121.17,86.78
100.29,121.20,86.77
100.35,121.09,86.81
100.34,121.10,86.81
100.34,121.11,86.81
100.34,121.11,86.81
100.33,121.13,86.80
100.31,121.17,86.78
100.31,121.16,86.79
100.30,121.18,86.78
100.32,121.14,86.79
100.31,121.17,86.78
100.31,121.18,86.78
100.32,121.15,86.79
100.32,121.16,86.79
100.33,121.14,86.80
100.34,121.11,86.81
100.31,121.16,86.79
100.30,121.19,86.77
100.34,121.11,86.81
100.35,121.09,86.82
100.38,121.02,86.84
100.40,120.98,86.86
100.41,120.96,86.87
100.36,121.07,86.82
100.37,121.05,86.83
100.32,121.15,86.79
100.32,121.15,86.79
100.31,121.16,86.79
100.33,121.13,86.80
100.34,121.10,86.81
100.38,121.02,86.84
100.35,121.08,86.82
100.36,121.06,86.82
100.28,121.22,86.76
100.28,121.23,86.76
100.28,121.23,86.76
100.29,121.21,86.76
100.29,121.21,86.77
100.30,121.20,86.77
100.29,121.20,86.77
100.29,121.21,86.76
101.10,119.35,87.36
101.08,119.41,87.35
101.10,119.35,87.36
101.10,119.34,87.36
101.08,119.39,87.35
101.11,119.33,87.37
101.13,119.29,87.38
101.15,119.22,87.39
101.15,119.23,87.39
101.17,119.18,87.40
101.14,119.24,87.39
101.14,119.25,87.38
101.16,119.20,87.39
101.14,119.26,87.38
101.12,119.30,87.37
101.09,119.37,87.36
100.98,119.65,87.29
100.98,119.64,87.29
101.02,119.56,87.31
101.05,119.48,87.33
101.05,119.47,87.33
101.05,119.49,87.33
101.04,119.49,87.33
100.92,119.79,87.25
100.96,119.71,87.27
100.97,119.69,87.28
101.01,119.58,87.31
101.04,119.49,87.33
100.97,119.67,87.28
100.94,119.76,87.26
101.04,119.50,87.33
101.02,119.55,87.32
101.06,119.45,87.34
101.08,119.41,87.35
101.06,119.46,87.34
101.10,119.36,87.36
101.12,119.31,87.37
100.96,119.70,87.28
101.00,119.61,87.30
101.03,119.53,87.32
101.01,119.58,87.31
100.99,119.62,87.30
100.76,120.19,87.14
100.73,120.25,87.12
100.74,120.24,87.12
100.72,120.28,87.11
100.69,120.34,87.09
100.70,120.33,87.09
100.74,120.23,87.13
100.75,120.21,87.13
100.77,120.17,87.14
100.75,120.22,87.13
100.78,120.14,87.15
100.77,120.16,87.15
100.80,120.10,87.16
100.83,120.02,87.19
100.82,120.03,87.18
100.76,120.19,87.14
100.75,120.21,87.13
100.73,120.27,87.11
100.80,120.08,87.17
100.83,120.03,87.19
100.88,119.90,87.22
100.90,119.85,87.24
100.93,119.78,87.26
100.86,119.96,87.21
100.88,119.89,87.22
100.79,120.11,87.16
100.80,120.09,87.17
100.81,120.08,87.17
100.81,120.06,87.17
100.84,120.00,87.19
100.88,119.90,87.22
100.87,119.92,87.22
100.89,119.86,87.23
100.84,119.99,87.20
100.88,119.89,87.23
100.97,119.68,87.28
100.95,119.72,87.27
100.92,119.80,87.25
100.90,119.85,87.23
100.94,119.75,87.26
100.62,120.52,87.03
100.59,120.57,87.01
100.64,120.46,87.05
100.67,120.40,87.07
100.65,120.45,87.05
100.69,120.35,87.08
100.71,120.31,87.10
100.54,120.68,86.97
100.57,120.62,86.99
100.58,120.60,87.00
100.61,120.53,87.02
100.64,120.47,87.05
100.58,120.59,87.00
100.56,120.64,86.98
100.62,120.50,87.03
100.64,120.47,87.04
100.66,120.41,87.06
100.71,120.31,87.10
100.72,120.29,87.10
100.69,120.34,87.09
100.68,120.36,87.08
100.57,120.61,86.99
100.62,120.50,87.03
100.67,120.39,87.07
100.63,120.49,87.04
100.59,120.58,87.01
100.53,120.71,86.96
100.51,120.75,86.94
100.50,120.76,86.94
100.48,120.82,86.92
100.45,120.87,86.90
100.45,120.89,86.89
100.50,120.78,86.93
100.49,120.80,86.93
100.52,120.73,86.95
100.49,120.79,86.93
100.46,120.85,86.91
100.42,120.94,86.87
100.40,120.97,86.86
100.38,121.03,86.84
100.44,120.91,86.89
100.41,120.96,86.86
100.51,120.75,86.94
100.52,120.73,86.95
100.53,120.71,86.96
100.54,120.70,86.96
100.50,120.78,86.93
100.47,120.84,86.91
100.46,120.86,86.90
100.42,120.93,86.87
100.47,120.84,86.91
100.44,120.89,86.89
100.43,120.92,86.88
100.45,120.87,86.90
100.45,120.88,86.90
100.47,120.83,86.91
100.49,120.79,86.93
100.45,120.88,86.90
100.43,120.93,86.88
100.47,120.83,86.92
100.49,120.79,86.93
100.53,120.70,86.96
100.55,120.65,86.98
100.58,120.61,87.00
100.51,120.75,86.95
100.53,120.70,86.96
100.46,120.85,86.91
100.47,120.84,86.91
100.47,120.84,86.91
100.50,120.77,86.94
100.53,120.71,86.96
100.55,120.67,86.97
100.51,120.76,86.94
100.54,120.68,86.97
100.37,121.04,86.83
100.37,121.04,86.83
100.37,121.05,86.83
100.39,121.00,86.85
100.41,120.97,86.86
100.41,120.96,86.86
100.41,120.97,86.86
100.39,121.01,86.85
101.31,118.85,87.45
101.27,118.92,87.44
101.30,118.86,87.45
101.30,118.87,87.45
101.27,118.93,87.44
101.29,118.87,87.45
101.33,118.79,87.46
101.36,118.73,87.47
101.36,118.72,87.47
101.38,118.68,87.48
101.35,118.74,87.47
101.35,118.74,87.47
101.38,118.69,87.48
101.35,118.75,87.47
101.32,118.81,87.46
101.30,118.86,87.45
101.26,118.95,87.44
101.23,119.03,87.42
101.23,119.04,87.42
101.19,119.14,87.40
101.15,119.23,87.39
101.15,119.23,87.39
101.22,119.04,87.42
101.22,119.06,87.42
101.26,118.97,87.44
101.22,119.05,87.42
101.18,119.15,87.40
101.14,119.26,87.38
101.13,119.27,87.38
101.09,119.37,87.36
101.14,119.25,87.38
101.10,119.34,87.36
101.24,119.00,87.43
101.24,118.99,87.43
101.25,118.98,87.43
101.25,118.98,87.43
101.22,119.05,87.42
101.20,119.10,87.41
101.20,119.10,87.41
101.15,119.22,87.39
101.20,119.11,87.41
101.17,119.17,87.40
101.14,119.24,87.38
101.18,119.15,87.40
101.17,119.18,87.40
101.19,119.12,87.41
101.23,119.03,87.42
101.16,119.21,87.39
101.12,119.30,87.37
101.21,119.08,87.42
101.23,119.02,87.43
101.29,118.89,87.45
101.32,118.83,87.46
101.34,118.77,87.47
101.26,118.96,87.44
101.28,118.91,87.45
101.18,119.14,87.40
101.19,119.13,87.41
101.19,119.12,87.41
101.21,119.06,87.42
101.24,119.00,87.43
101.29,118.88,87.45
101.24,119.01,87.43
101.27,118.94,87.44
101.07,119.42,87.35
101.06,119.44,87.34
101.03,119.53,87.32
100.98,119.66,87.29
100.96,119.69,87.28
100.93,119.78,87.26
100.99,119.63,87.30
100.96,119.71,87.27
101.00,119.59,87.30
101.05,119.48,87.33
101.01,119.59,87.31
101.06,119.46,87.34
101.11,119.33,87.37
101.07,119.43,87.34
101.02,119.54,87.32
101.02,119.56,87.31
100.98,119.66,87.29
101.03,119.52,87.32
100.99,119.61,87.30
101.09,119.38,87.36
101.05,119.47,87.33
101.10,119.35,87.36
100.77,120.17,87.14
100.75,120.22,87.13
100.72,120.28,87.11
100.70,120.33,87.09
100.74,120.23,87.12
100.74,120.24,87.12
100.76,120.18,87.14
100.79,120.10,87.16
100.80,120.09,87.17
100.84,119.99,87.19
100.88,119.91,87.22
100.81,120.08,87.17
100.82,120.05,87.18
100.85,119.97,87.20
100.90,119.84,87.24
100.92,119.81,87.25
100.89,119.87,87.23
100.78,120.13,87.15
100.75,120.22,87.13
100.77,120.15,87.15
100.76,120.18,87.14
100.73,120.26,87.11
100.80,120.10,87.16
100.83,120.01,87.19
100.94,119.75,87.27
100.89,119.88,87.23
100.83,120.01,87.19
100.86,119.94,87.21
100.89,119.88,87.23
100.96,119.70,87.28
100.95,119.73,87.27
100.92,119.79,87.25
100.72,120.27,87.11
100.70,120.32,87.09
100.67,120.40,87.07
100.61,120.52,87.03
100.59,120.57,87.01
100.56,120.65,86.98
100.63,120.48,87.04
100.60,120.56,87.01
100.65,120.43,87.06
100.66,120.42,87.06
100.63,120.49,87.04
100.68,120.37,87.08
100.69,120.35,87.09
100.66,120.42,87.06
100.64,120.47,87.04
100.64,120.45,87.05
100.61,120.53,87.02
100.63,120.48,87.04
100.60,120.55,87.02
100.71,120.30,87.10
100.68,120.38,87.08
100.70,120.32,87.09
100.55,120.66,86.98
100.55,120.67,86.97
100.54,120.69,86.97
100.57,120.62,86.99
100.59,120.58,87.01
100.58,120.59,87.00
100.59,120.58,87.00
100.56,120.64,86.99
101.69,118.12,87.54
101.67,118.16,87.54
101.70,118.11,87.54
101.70,118.11,87.54
101.67,118.15,87.54
101.71,118.10,87.54
101.73,118.07,87.55
101.76,118.03,87.55
101.76,118.03,87.55
101.79,117.99,87.56
101.76,118.04,87.55
101.75,118.04,87.55
101.78,118.00,87.55
101.75,118.05,87.55
101.72,118.08,87.55
101.70,118.12,87.54
101.56,118.34,87.52
101.56,118.33,87.52
101.60,118.27,87.53
101.64,118.21,87.53
101.64,118.21,87.53
101.63,118.22,87.53
101.63,118.23,87.53
101.51,118.43,87.51
101.54,118.37,87.51
101.55,118.36,87.52
101.59,118.28,87.52
101.63,118.22,87.53
101.55,118.35,87.52
101.52,118.41,87.51
101.62,118.24,87.53
101.59,118.28,87.52
101.64,118.20,87.53
101.67,118.16,87.54
101.48,118.48,87.50
101.69,118.13,87.54
101.72,118.09,87.54
101.53,118.38,87.51
101.57,118.32,87.52
101.60,118.26,87.53
101.58,118.29,87.52
101.55,118.34,87.52
101.50,118.45,87.51
101.47,118.51,87.50
101.46,118.52,87.50
101.43,118.58,87.49
101.40,118.63,87.48
101.40,118.64,87.48
101.46,118.52,87.50
101.45,118.53,87.50
101.49,118.46,87.51
101.44,118.56,87.49
101.41,118.63,87.48
101.35,118.75,87.47
101.32,118.81,87.46
101.29,118.88,87.45
101.38,118.69,87.48
101.35,118.76,87.47
101.47,118.50,87.50
101.48,118.49,87.50
101.49,118.47,87.50
101.49,118.46,87.51
101.45,118.54,87.50
101.42,118.60,87.49
101.41,118.61,87.49
101.35,118.75,87.47
101.41,118.63,87.49
101.38,118.68,87.48
101.37,118.70,87.48
101.39,118.65,87.48
101.40,118.65,87.48
101.43,118.59,87.49
101.45,118.53,87.50
101.40,118.64,87.48
101.37,118.70,87.48
101.42,118.61,87.49
101.44,118.55,87.49
101.49,118.46,87.51
101.51,118.42,87.51
101.54,118.37,87.52
101.47,118.49,87.50
101.50,118.44,87.51
101.41,118.62,87.49
101.41,118.62,87.49
101.42,118.61,87.49
101.45,118.54,87.50
101.49,118.46,87.50
101.50,118.43,87.51
101.46,118.52,87.50
101.49,118.45,87.51
101.29,118.89,87.45
101.29,118.89,87.45
101.28,118.90,87.45
101.32,118.82,87.46
101.34,118.76,87.47
101.34,118.77,87.47
101.34,118.76,87.47
101.31,118.83,87.46
101.96,117.79,87.58
101.94,117.82,87.58
101.97,117.79,87.58
101.98,117.77,87.59
101.93,117.83,87.58
101.98,117.78,87.59
102.02,117.73,87.59
102.06,117.69,87.60
102.06,117.69,87.60
102.10,117.65,87.61
102.06,117.69,87.60
102.07,117.68,87.60
102.12,117.63,87.61
102.08,117.67,87.60
102.03,117.73,87.59
101.96,117.79,87.58
101.93,117.83,87.58
101.86,117.91,87.57
101.86,117.91,87.57
101.84,117.94,87.56
101.78,118.01,87.55
101.77,118.02,87.55
101.86,117.91,87.57
101.86,117.91,87.57
101.92,117.83,87.58
101.86,117.91,87.57
101.81,117.97,87.56
101.87,117.91,87.57
101.74,118.05,87.55
101.69,118.13,87.54
101.77,118.02,87.55
101.71,118.10,87.54
101.89,117.87,87.57
101.90,117.86,87.57
101.90,117.86,87.57
101.91,117.85,87.57
101.86,117.91,87.57
101.83,117.95,87.56
101.82,117.95,87.56
101.77,118.02,87.55
101.83,117.95,87.56
101.80,117.99,87.56
101.76,118.03,87.55
101.81,117.96,87.56
101.80,117.98,87.56
101.83,117.95,87.56
101.86,117.91,87.57
101.86,117.91,87.57
101.74,118.06,87.55
101.86,117.91,87.57
101.88,117.89,87.57
101.99,117.77,87.59
102.04,117.72,87.60
102.06,117.69,87.60
101.92,117.84,87.58
101.97,117.78,87.58
101.82,117.96,87.56
101.82,117.96,87.56
101.82,117.95,87.56
101.85,117.92,87.57
101.89,117.87,87.57
102.00,117.76,87.59
101.87,117.90,87.57
101.95,117.81,87.58
101.69,118.12,87.54
101.66,118.17,87.54
101.63,118.22,87.53
101.48,118.47,87.50
101.55,118.35,87.52
101.53,118.39,87.51
101.59,118.29,87.52
101.58,118.30,87.52
101.63,118.21,87.53
101.65,118.20,87.53
101.59,118.29,87.52
101.66,118.18,87.53
101.73,118.07,87.55
101.68,118.14,87.54
101.64,118.21,87.53
101.65,118.19,87.53
101.59,118.28,87.52
101.62,118.23,87.53
101.58,118.30,87.52
101.71,118.11,87.54
101.68,118.15,87.54
101.72,118.09,87.54
101.52,118.40,87.51
101.51,118.41,87.51
101.51,118.42,87.51
101.55,118.36,87.52
101.57,118.31,87.52
101.55,118.34,87.52
101.56,118.33,87.52
101.53,118.38,87.51
102.39,117.38,87.67
102.29,117.46,87.65
102.37,117.40,87.67
102.35,117.41,87.66
102.28,117.48,87.65
102.34,117.42,87.66
102.43,117.34,87.68
102.49,117.28,87.70
102.50,117.27,87.70
102.56,117.23,87.71
102.49,117.29,87.70
102.47,117.30,87.69
102.53,117.26,87.71
102.46,117.31,87.69
102.42,117.35,87.68
102.35,117.41,87.66
102.27,117.49,87.64
102.22,117.54,87.63
102.23,117.52,87.63
102.19,117.56,87.63
102.14,117.61,87.62
102.15,117.60,87.62
102.24,117.51,87.64
102.25,117.51,87.64
102.29,117.47,87.65
102.17,117.58,87.62
102.13,117.62,87.61
102.04,117.71,87.60
102.00,117.75,87.59
101.97,117.78,87.58
102.09,117.66,87.61
102.06,117.70,87.60
102.23,117.53,87.63
102.24,117.52,87.64
102.24,117.51,87.64
102.25,117.51,87.64
102.20,117.56,87.63
102.15,117.60,87.62
102.14,117.61,87.62
102.05,117.70,87.60
102.14,117.62,87.61
102.09,117.66,87.61
102.11,117.64,87.61
102.17,117.59,87.62
102.16,117.59,87.62
102.20,117.55,87.63
102.25,117.50,87.64
102.15,117.60,87.62
102.10,117.65,87.61
102.22,117.54,87.63
102.26,117.50,87.64
102.36,117.41,87.67
102.41,117.36,87.68
102.45,117.32,87.69
102.31,117.45,87.65
102.35,117.41,87.66
102.17,117.58,87.62
102.16,117.59,87.62
102.16,117.60,87.62
102.21,117.55,87.63
102.26,117.50,87.64
102.36,117.41,87.67
102.26,117.50,87.64
102.32,117.45,87.66
101.97,117.78,87.58
101.97,117.79,87.58
101.97,117.79,87.58
102.01,117.74,87.59
102.05,117.70,87.60
102.06,117.69,87.60
102.06,117.69,87.60
102.01,117.74,87.59
102.93,116.89,87.82
102.88,116.93,87.81
102.95,116.87,87.83
102.96,116.86,87.83
102.91,116.91,87.82
102.97,116.84,87.84
103.01,116.81,87.85
103.07,116.75,87.87
103.06,116.76,87.87
103.14,116.69,87.89
103.07,116.75,87.87
103.09,116.73,87.88
103.16,116.66,87.90
103.09,116.73,87.88
103.01,116.81,87.85
102.94,116.88,87.83
102.57,117.21,87.72
102.49,117.28,87.70
102.42,117.36,87.68
102.33,117.43,87.66
102.49,117.28,87.70
102.49,117.29,87.70
102.57,117.22,87.72
102.65,117.14,87.74
102.66,117.14,87.74
102.74,117.06,87.77
102.83,116.98,87.79
102.84,116.97,87.80
102.66,117.13,87.74
102.66,117.13,87.74
102.90,116.91,87.81
102.81,116.99,87.79
102.72,117.07,87.76
102.64,117.15,87.74
102.80,117.01,87.78
102.78,117.02,87.78
102.87,116.94,87.80
102.52,117.26,87.70
102.58,117.20,87.72
102.61,117.18,87.73
102.70,117.10,87.76
102.76,117.04,87.77
102.62,117.17,87.73
102.55,117.23,87.71
102.86,116.95,87.80
102.77,117.03,87.78
102.69,117.11,87.75
102.60,117.19,87.73
102.77,117.03,87.78
102.77,117.03,87.78
102.86,116.95,87.80
102.64,117.15,87.74
102.63,117.16,87.74
102.70,117.10,87.76
102.79,117.01,87.78
102.61,117.18,87.73
102.80,117.00,87.79
102.73,117.07,87.77
102.82,116.99,87.79
103.09,116.73,87.88
103.02,116.80,87.85
102.94,116.88,87.83
102.93,116.88,87.83
102.94,116.88,87.83
102.35,117.42,87.66
102.36,117.40,87.67
102.37,117.40,87.67
102.43,117.34,87.68
102.50,117.28,87.70
102.47,117.31,87.69
102.48,117.29,87.70
102.42,117.35,87.68
103.38,116.44,87.98
103.33,116.49,87.96
103.37,116.44,87.98
103.37,116.45,87.98
103.32,116.50,87.96
103.37,116.45,87.98
103.42,116.40,88.00
103.46,116.35,88.01
103.46,116.35,88.01
103.51,116.30,88.03
103.47,116.35,88.01
103.47,116.34,88.02
103.51,116.29,88.03
103.47,116.34,88.02
103.42,116.39,88.00
103.38,116.44,87.98
103.32,116.50,87.96
103.27,116.55,87.94
103.28,116.55,87.94
103.23,116.60,87.92
103.18,116.65,87.91
103.18,116.65,87.91
103.28,116.54,87.94
103.28,116.54,87.94
103.33,116.49,87.96
103.22,116.61,87.92
103.17,116.65,87.91
103.08,116.74,87.87
103.04,116.78,87.86
102.97,116.85,87.84
103.13,116.70,87.89
103.07,116.75,87.87
103.27,116.55,87.94
103.28,116.55,87.94
103.28,116.54,87.94
103.28,116.54,87.94
103.23,116.60,87.92
103.18,116.64,87.91
103.18,116.65,87.91
103.08,116.75,87.87
103.17,116.65,87.91
103.13,116.70,87.89
103.16,116.67,87.90
103.21,116.61,87.92
103.20,116.62,87.91
103.24,116.58,87.93
103.29,116.53,87.95
103.19,116.64,87.91
103.14,116.69,87.89
103.26,116.56,87.94
103.30,116.52,87.95
103.38,116.43,87.98
103.44,116.37,88.01
103.47,116.34,88.02
103.34,116.48,87.97
103.38,116.44,87.98
103.21,116.61,87.92
103.20,116.63,87.91
103.19,116.64,87.91
103.24,116.59,87.93
103.29,116.54,87.95
103.38,116.43,87.98
103.30,116.52,87.95
103.34,116.48,87.97
102.96,116.86,87.83
102.95,116.87,87.83
102.93,116.89,87.82
103.01,116.81,87.85
103.05,116.77,87.86
103.08,116.74,87.87
103.07,116.76,87.87
103.00,116.82,87.85
103.72,116.05,88.12
103.68,116.10,88.10
103.71,116.05,88.12
103.71,116.05,88.12
103.67,116.10,88.10
103.71,116.06,88.12
103.75,116.01,88.13
103.79,115.96,88.15
103.79,115.96,88.15
103.83,115.91,88.17
103.79,115.96,88.15
103.79,115.96,88.15
103.83,115.91,88.17
103.79,115.96,88.15
103.76,116.00,88.14
103.73,116.03,88.13
103.67,116.11,88.10
103.63,116.15,88.08
103.63,116.15,88.08
103.59,116.20,88.07
103.55,116.25,88.05
103.55,116.25,88.05
103.63,116.15,88.08
103.64,116.15,88.08
103.68,116.10,88.10
103.57,116.22,88.06
103.54,116.26,88.05
103.45,116.36,88.01
103.40,116.42,87.99
103.37,116.45,87.98
103.50,116.30,88.03
103.46,116.35,88.01
103.63,116.15,88.08
103.63,116.15,88.08
103.63,116.15,88.08
103.64,116.15,88.08
103.59,116.20,88.07
103.55,116.25,88.05
103.55,116.25,88.05
103.45,116.36,88.01
103.54,116.26,88.04
103.50,116.30,88.03
103.51,116.29,88.03
103.55,116.25,88.05
103.55,116.25,88.05
103.59,116.20,88.07
103.64,116.15,88.08
103.55,116.25,88.05
103.51,116.30,88.03
103.58,116.21,88.06
103.63,116.15,88.08
103.71,116.06,88.12
103.75,116.01,88.13
103.79,115.96,88.15
103.66,116.12,88.10
103.72,116.04,88.12
103.55,116.25,88.05
103.55,116.25,88.05
103.55,116.25,88.05
103.59,116.20,88.07
103.64,116.15,88.08
103.70,116.06,88.11
103.63,116.15,88.08
103.66,116.13,88.09
103.37,116.45,87.98
103.38,116.44,87.98
103.38,116.44,87.98
103.42,116.40,88.00
103.47,116.35,88.01
103.47,116.34,88.02
103.47,116.34,88.01
103.42,116.39,88.00
104.02,115.67,88.25
103.98,115.72,88.23
104.02,115.68,88.25
104.02,115.68,88.25
103.98,115.72,88.23
104.01,115.69,88.24
104.06,115.63,88.26
104.10,115.59,88.28
104.10,115.59,88.28
104.14,115.54,88.29
104.10,115.58,88.28
104.10,115.58,88.28
104.14,115.53,88.30
104.11,115.58,88.28
104.06,115.63,88.26
104.03,115.67,88.25
103.98,115.72,88.23
103.94,115.77,88.22
103.95,115.77,88.22
103.91,115.82,88.20
103.87,115.86,88.18
103.87,115.86,88.18
103.95,115.77,88.22
103.95,115.77,88.22
103.99,115.72,88.23
103.89,115.84,88.19
103.87,115.87,88.18
103.79,115.96,88.15
103.74,116.02,88.13
103.71,116.06,88.12
103.83,115.91,88.17
103.79,115.96,88.15
103.94,115.77,88.22
103.95,115.77,88.22
103.95,115.77,88.22
103.95,115.77,88.22
103.91,115.82,88.20
103.87,115.86,88.18
103.87,115.86,88.18
103.79,115.96,88.15
103.87,115.87,88.18
103.83,115.91,88.17
103.83,115.91,88.17
103.87,115.86,88.18
103.87,115.86,88.18
103.91,115.81,88.20
103.95,115.77,88.22
103.87,115.86,88.18
103.83,115.91,88.17
103.93,115.79,88.21
103.95,115.77,88.22
104.04,115.65,88.26
104.08,115.61,88.27
104.11,115.58,88.28
103.99,115.72,88.23
104.03,115.67,88.25
103.87,115.86,88.18
103.87,115.86,88.18
103.87,115.86,88.18
103.91,115.81,88.20
103.95,115.77,88.22
104.04,115.66,88.25
103.95,115.77,88.22
103.99,115.72,88.23
103.71,116.05,88.12
103.71,116.05,88.12
103.72,116.05,88.12
103.75,116.01,88.13
103.79,115.96,88.15
103.79,115.96,88.15
103.79,115.96,88.15
103.76,116.00,88.14
104.38,115.29,88.38
104.30,115.36,88.35
104.37,115.30,88.37
104.35,115.32,88.37
104.29,115.38,88.35
104.34,115.33,88.36
104.42,115.25,88.39
104.48,115.20,88.41
104.49,115.19,88.41
104.53,115.15,88.43
104.47,115.20,88.41
104.46,115.22,88.40
104.50,115.17,88.42
104.44,115.23,88.40
104.42,115.25,88.39
104.36,115.31,88.37
104.29,115.38,88.35
104.25,115.42,88.33
104.25,115.42,88.34
104.22,115.45,88.32
104.18,115.50,88.31
104.18,115.49,88.31
104.26,115.41,88.34
104.27,115.40,88.34
104.31,115.36,88.35
104.20,115.47,88.32
104.17,115.51,88.30
104.09,115.59,88.28
104.05,115.64,88.26
104.02,115.68,88.25
104.13,115.55,88.29
104.10,115.59,88.28
104.24,115.43,88.33
104.25,115.42,88.33
104.26,115.41,88.34
104.26,115.40,88.34
104.21,115.46,88.32
104.18,115.49,88.31
104.17,115.50,88.31
104.09,115.59,88.28
104.16,115.52,88.30
104.13,115.55,88.29
104.14,115.53,88.30
104.20,115.48,88.31
104.19,115.48,88.31
104.23,115.44,88.33
104.27,115.40,88.34
104.18,115.49,88.31
104.14,115.54,88.29
104.24,115.43,88.33
104.28,115.39,88.34
104.36,115.31,88.37
104.40,115.28,88.38
104.45,115.22,88.40
104.31,115.35,88.36
104.36,115.30,88.37
104.19,115.48,88.31
104.19,115.49,88.31
104.18,115.49,88.31
104.23,115.44,88.33
104.27,115.40,88.34
104.36,115.31,88.37
104.28,115.39,88.34
104.32,115.35,88.36
104.02,115.68,88.25
104.02,115.67,88.25
104.03,115.67,88.25
104.06,115.63,88.26
104.10,115.59,88.28
104.11,115.58,88.28
104.10,115.58,88.28
104.07,115.63,88.26
104.90,114.86,88.53
104.84,114.90,88.51
104.92,114.84,88.53
104.93,114.83,88.53
104.87,114.88,88.52
104.95,114.82,88.54
104.98,114.80,88.55
105.05,114.76,88.56
105.03,114.77,88.56
105.10,114.72,88.57
105.04,114.76,88.56
105.06,114.75,88.56
105.14,114.69,88.59
105.08,114.74,88.57
104.98,114.80,88.55
104.91,114.85,88.53
104.55,115.13,88.43
104.48,115.19,88.41
104.41,115.26,88.39
104.35,115.32,88.37
104.48,115.19,88.41
104.49,115.19,88.41
104.56,115.13,88.43
104.64,115.06,88.45
104.64,115.06,88.45
104.72,114.99,88.48
104.82,114.92,88.50
104.80,114.93,88.50
104.63,115.06,88.45
104.63,115.07,88.45
104.88,114.87,88.52
104.80,114.94,88.50
104.71,115.01,88.47
104.63,115.07,88.45
104.78,114.95,88.49
104.76,114.96,88.49
104.85,114.89,88.51
104.51,115.17,88.42
104.58,115.11,88.44
104.60,115.09,88.44
104.68,115.03,88.47
104.75,114.97,88.49
104.61,115.09,88.45
104.54,115.14,88.43
104.83,114.91,88.51
104.75,114.97,88.49
104.66,115.05,88.46
104.57,115.11,88.44
104.74,114.98,88.48
104.74,114.98,88.48
104.83,114.91,88.51
104.61,115.08,88.45
104.60,115.09,88.45
104.67,115.03,88.46
104.76,114.96,88.49
104.59,115.10,88.44
104.77,114.95,88.49
104.70,115.01,88.47
104.79,114.94,88.50
105.08,114.73,88.57
104.99,114.79,88.55
104.91,114.85,88.53
104.91,114.85,88.53
104.91,114.85,88.53
104.35,115.32,88.37
104.37,115.30,88.37
104.39,115.28,88.38
104.43,115.24,88.39
104.49,115.18,88.41
104.46,115.21,88.40
104.48,115.20,88.41
104.42,115.25,88.39
105.38,114.55,88.63
105.34,114.58,88.63
105.39,114.55,88.64
105.40,114.54,88.64
105.35,114.57,88.63
105.41,114.54,88.64
105.44,114.52,88.65
105.50,114.49,88.66
105.49,114.49,88.66
105.54,114.47,88.66
105.48,114.50,88.65
105.47,114.50,88.65
105.52,114.48,88.66
105.47,114.50,88.65
105.43,114.52,88.64
105.37,114.56,88.63
105.38,114.55,88.64
105.31,114.59,88.62
105.32,114.59,88.62
105.26,114.62,88.61
105.19,114.67,88.59
105.21,114.65,88.60
105.34,114.57,88.63
105.37,114.56,88.63
105.42,114.53,88.64
105.25,114.63,88.61
105.18,114.67,88.59
105.07,114.74,88.57
105.01,114.78,88.55
104.96,114.82,88.54
105.12,114.71,88.58
105.07,114.74,88.57
105.30,114.60,88.62
105.29,114.60,88.62
105.28,114.61,88.61
105.27,114.62,88.61
105.24,114.63,88.61
105.16,114.68,88.59
105.17,114.68,88.59
105.06,114.75,88.56
105.18,114.67,88.59
105.11,114.72,88.58
105.15,114.69,88.59
105.24,114.63,88.61
105.24,114.63,88.61
105.29,114.60,88.62
105.37,114.56,88.63
105.24,114.64,88.60
105.14,114.70,88.58
105.25,114.63,88.61
105.31,114.59,88.62
105.41,114.54,88.64
105.42,114.53,88.64
105.49,114.49,88.66
105.39,114.55,88.64
105.46,114.51,88.65
105.20,114.66,88.60
105.19,114.66,88.60
105.17,114.67,88.59
105.24,114.63,88.61
105.28,114.61,88.61
105.38,114.55,88.63
105.29,114.61,88.62
105.33,114.58,88.63
104.94,114.83,88.54
104.92,114.84,88.53
104.90,114.85,88.53
105.00,114.79,88.55
105.05,114.75,88.56
105.07,114.74,88.57
105.06,114.75,88.56
104.99,114.80,88.55
105.62,114.43,88.68
105.60,114.44,88.67
105.67,114.41,88.69
105.72,114.38,88.69
105.70,114.39,88.69
105.77,114.36,88.70
105.73,114.38,88.70
105.80,114.34,88.71
105.75,114.37,88.70
105.46,114.51,88.65
105.51,114.49,88.66
105.61,114.44,88.68
105.66,114.41,88.68
105.55,114.47,88.67
105.73,114.38,88.70
105.67,114.40,88.69
105.59,114.44,88.67
105.58,114.45,88.67
105.60,114.44,88.67
105.81,114.34,88.71
105.74,114.37,88.70
105.74,114.37,88.70
105.65,114.41,88.68
105.58,114.45,88.67
105.73,114.37,88.70
105.81,114.34,88.71
105.46,114.51,88.65
105.56,114.46,88.67
105.66,114.41,88.68
105.67,114.41,88.69
105.77,114.36,88.70
105.66,114.41,88.68
105.76,114.36,88.70
105.52,114.48,88.66
105.50,114.49,88.66
105.59,114.45,88.67
105.69,114.40,88.69
105.24,114.63,88.61
105.72,114.38,88.70
105.64,114.42,88.68
105.55,114.46,88.67
105.53,114.47,88.66
105.57,114.45,88.67
105.78,114.35,88.70
105.70,114.39,88.69
105.63,114.43,88.68
105.71,114.39,88.69
105.80,114.34,88.71
105.89,114.30,88.72
105.87,114.31,88.72
105.97,114.27,88.73
106.03,114.24,88.74
106.02,114.24,88.74
106.10,114.21,88.75
106.05,114.23,88.74
106.14,114.19,88.75
106.06,114.23,88.74
105.84,114.32,88.71
105.85,114.32,88.71
105.93,114.28,88.73
106.01,114.25,88.74
105.86,114.31,88.72
106.07,114.22,88.74
105.98,114.26,88.73
105.90,114.30,88.72
105.90,114.30,88.72
105.90,114.30,88.72
106.20,114.16,88.76
106.13,114.20,88.75
106.11,114.21,88.75
106.00,114.26,88.73
105.92,114.29,88.72
106.09,114.22,88.75
106.17,114.18,88.76
105.82,114.33,88.71
105.91,114.29,88.72
105.97,114.27,88.73
105.95,114.27,88.73
106.04,114.24,88.74
105.99,114.26,88.73
106.08,114.22,88.75
105.84,114.33,88.71
105.83,114.33,88.71
105.89,114.30,88.72
105.96,114.27,88.73
105.83,114.33,88.71
106.11,114.21,88.75
106.00,114.25,88.73
105.88,114.31,88.72
105.88,114.31,88.72
105.91,114.30,88.72
106.07,114.22,88.74
106.01,114.25,88.73
105.94,114.28,88.73
106.06,114.23,88.74
106.17,114.18,88.76
106.54,114.02,88.79
106.49,114.04,88.79
106.55,114.01,88.79
106.56,114.01,88.79
106.50,114.03,88.79
106.57,114.00,88.79
106.62,113.98,88.79
106.69,113.95,88.80
106.69,113.95,88.80
106.75,113.93,88.80
106.68,113.96,88.80
106.68,113.96,88.80
106.74,113.93,88.80
106.67,113.96,88.80
106.61,113.99,88.79
106.54,114.02,88.79
106.51,114.03,88.79
106.45,114.06,88.78
106.45,114.06,88.78
106.39,114.08,88.78
106.33,114.11,88.77
106.33,114.11,88.77
106.46,114.05,88.78
106.47,114.05,88.78
106.52,114.03,88.79
106.40,114.08,88.78
106.35,114.10,88.77
106.24,114.15,88.76
106.19,114.17,88.76
106.13,114.19,88.75
106.28,114.13,88.77
106.23,114.15,88.76
106.42,114.07,88.78
106.41,114.07,88.78
106.41,114.08,88.78
106.40,114.08,88.78
106.32,114.11,88.77
106.24,114.15,88.76
106.24,114.15,88.76
106.21,114.16,88.76
106.31,114.12,88.77
106.22,114.16,88.76
106.23,114.15,88.76
106.29,114.13,88.77
106.31,114.12,88.77
106.38,114.09,88.78
106.44,114.06,88.78
106.32,114.11,88.77
106.26,114.14,88.77
106.36,114.10,88.77
106.43,114.07,88.78
106.56,114.01,88.79
106.62,113.98,88.79
106.69,113.95,88.80
106.50,114.04,88.79
106.57,114.01,88.79
106.29,114.13,88.77
106.27,114.14,88.77
106.25,114.14,88.77
106.34,114.11,88.77
106.41,114.07,88.78
106.55,114.01,88.79
106.42,114.07,88.78
106.48,114.04,88.79
106.11,114.20,88.75
106.10,114.21,88.75
106.08,114.22,88.75
106.16,114.18,88.76
106.21,114.16,88.76
106.18,114.17,88.76
106.20,114.17,88.76
106.13,114.20,88.75
107.03,113.80,88.81
106.99,113.82,88.81
107.04,113.79,88.81
107.05,113.79,88.81
107.01,113.81,88.81
107.06,113.78,88.81
107.10,113.76,88.81
107.15,113.74,88.81
107.14,113.74,88.81
107.19,113.72,88.81
107.13,113.75,88.81
107.12,113.75,88.81
107.16,113.73,88.81
107.10,113.76,88.81
107.08,113.77,88.81
107.03,113.80,88.81
107.03,113.79,88.81
106.96,113.83,88.81
106.97,113.82,88.81
106.92,113.85,88.81
106.84,113.88,88.80
106.86,113.88,88.80
106.99,113.81,88.81
107.01,113.80,88.81
107.07,113.78,88.81
106.89,113.86,88.81
106.83,113.89,88.80
106.70,113.95,88.80
106.64,113.98,88.79
106.57,114.00,88.79
106.77,113.92,88.80
106.72,113.94,88.80
106.95,113.83,88.81
106.94,113.84,88.81
106.93,113.84,88.81
106.91,113.85,88.81
106.88,113.87,88.81
106.81,113.90,88.80
106.82,113.89,88.80
106.70,113.95,88.80
106.82,113.89,88.80
106.76,113.92,88.80
106.76,113.92,88.80
106.83,113.89,88.80
106.84,113.88,88.80
106.93,113.84,88.81
107.00,113.81,88.81
106.85,113.88,88.80
106.78,113.91,88.80
106.85,113.88,88.80
106.93,113.84,88.81
107.04,113.79,88.81
107.05,113.78,88.81
107.14,113.74,88.81
107.02,113.80,88.81
107.11,113.76,88.81
106.80,113.90,88.80
106.80,113.90,88.80
106.81,113.90,88.80
106.87,113.87,88.81
106.92,113.85,88.81
107.01,113.80,88.81
106.91,113.85,88.81
106.97,113.83,88.81
106.58,114.00,88.79
106.59,114.00,88.79
106.59,113.99,88.79
106.65,113.97,88.80
106.73,113.93,88.80
106.70,113.95,88.80
106.71,113.94,88.80
106.64,113.97,88.80
107.26,113.68,88.80
107.24,113.69,88.80
107.31,113.66,88.80
107.35,113.64,88.80
107.34,113.64,88.80
107.39,113.62,88.80
107.37,113.63,88.80
107.40,113.61,88.80
107.38,113.62,88.80
107.11,113.76,88.81
107.16,113.73,88.81
107.25,113.69,88.80
107.30,113.67,88.80
107.20,113.71,88.80
107.36,113.64,88.80
107.31,113.66,88.80
107.23,113.70,88.80
107.22,113.70,88.80
107.24,113.69,88.80
107.44,113.60,88.80
107.37,113.63,88.80
107.36,113.63,88.80
107.29,113.67,88.80
107.22,113.70,88.80
107.36,113.63,88.80
107.43,113.60,88.80
107.11,113.75,88.81
107.21,113.71,88.80
107.30,113.66,88.80
107.30,113.66,88.80
107.39,113.62,88.80
107.30,113.66,88.80
107.39,113.62,88.80
107.17,113.73,88.81
107.15,113.74,88.81
107.23,113.70,88.80
107.32,113.65,88.80
107.13,113.75,88.81
107.35,113.64,88.80
107.28,113.67,88.80
107.19,113.72,88.81
107.18,113.72,88.81
107.21,113.71,88.80
107.39,113.62,88.80
107.33,113.65,88.80
107.25,113.69,88.80
107.34,113.65,88.80
107.42,113.61,88.80
107.51,113.56,88.79
107.49,113.57,88.79
107.57,113.52,88.79
107.63,113.49,88.78
107.62,113.50,88.78
107.70,113.46,88.78
107.65,113.49,88.78
107.72,113.45,88.77
107.66,113.48,88.78
107.47,113.58,88.79
107.47,113.58,88.79
107.55,113.54,88.79
107.61,113.51,88.78
107.48,113.57,88.79
107.66,113.48,88.78
107.59,113.52,88.78
107.51,113.56,88.79
107.52,113.55,88.79
107.51,113.56,88.79
107.79,113.42,88.77
107.71,113.45,88.78
107.69,113.46,88.78
107.60,113.51,88.78
107.53,113.55,88.79
107.68,113.47,88.78
107.75,113.43,88.77
107.45,113.59,88.79
107.52,113.55,88.79
107.58,113.52,88.79
107.56,113.53,88.79
107.64,113.49,88.78
107.59,113.51,88.78
107.67,113.48,88.78
107.46,113.58,88.79
107.45,113.59,88.79
107.51,113.56,88.79
107.57,113.53,88.79
107.45,113.59,88.79
107.70,113.46,88.78
107.61,113.51,88.78
107.50,113.56,88.79
107.50,113.56,88.79
107.52,113.55,88.79
107.67,113.47,88.78
107.61,113.50,88.78
107.55,113.54,88.79
107.66,113.48,88.78
107.76,113.43,88.77
108.08,113.27,88.75
108.03,113.29,88.75
108.09,113.26,88.74
108.10,113.26,88.74
108.06,113.28,88.75
108.12,113.25,88.74
108.16,113.23,88.74
108.22,113.20,88.74
108.21,113.20,88.74
108.27,113.18,88.73
108.19,113.21,88.74
108.19,113.21,88.74
108.25,113.19,88.73
108.18,113.22,88.74
108.13,113.24,88.74
108.07,113.27,88.75
108.10,113.26,88.74
108.02,113.30,88.75
108.04,113.29,88.75
107.99,113.31,88.75
107.92,113.35,88.76
107.93,113.34,88.76
108.06,113.28,88.75
108.09,113.26,88.75
108.14,113.24,88.74
107.98,113.32,88.75
107.92,113.35,88.76
107.83,113.39,88.77
107.78,113.42,88.77
107.73,113.45,88.77
107.87,113.37,88.76
107.82,113.40,88.77
107.99,113.31,88.75
107.97,113.32,88.75
107.95,113.33,88.76
107.95,113.33,88.76
107.89,113.36,88.76
107.81,113.41,88.77
107.82,113.40,88.77
107.79,113.41,88.77
107.89,113.36,88.76
107.81,113.40,88.77
107.82,113.40,88.77
107.90,113.36,88.76
107.91,113.36,88.76
108.00,113.31,88.75
108.07,113.27,88.75
107.93,113.34,88.76
107.85,113.38,88.76
107.91,113.35,88.76
108.00,113.31,88.75
108.11,113.25,88.74
108.13,113.24,88.74
108.22,113.20,88.74
108.09,113.26,88.74
108.18,113.22,88.74
107.86,113.38,88.76
107.84,113.39,88.76
107.82,113.40,88.77
107.89,113.36,88.76
107.96,113.33,88.75
108.08,113.27,88.75
107.96,113.33,88.75
108.02,113.30,88.75
107.71,113.45,88.78
107.70,113.46,88.78
107.69,113.47,88.78
107.76,113.43,88.77
107.80,113.41,88.77
107.78,113.42,88.77
107.79,113.41,88.77
107.73,113.44,88.77
108.35,113.14,88.73
108.33,113.15,88.73
108.39,113.12,88.73
108.46,113.09,88.72
108.44,113.10,88.72
108.52,113.06,88.72
108.48,113.08,88.72
108.56,113.04,88.72
108.50,113.07,88.72
108.17,113.22,88.74
108.23,113.19,88.73
108.33,113.15,88.73
108.39,113.12,88.73
108.28,113.17,88.73
108.50,113.07,88.72
108.42,113.11,88.72
108.33,113.15,88.73
108.32,113.15,88.73
108.34,113.14,88.73
108.63,113.01,88.71
108.55,113.05,88.72
108.53,113.06,88.72
108.42,113.11,88.72
108.34,113.14,88.73
108.51,113.06,88.72
108.60,113.03,88.72
108.15,113.23,88.74
108.26,113.18,88.73
108.34,113.14,88.73
108.32,113.15,88.73
108.43,113.10,88.72
108.37,113.13,88.73
108.48,113.08,88.72
108.23,113.20,88.74
108.20,113.21,88.74
108.26,113.18,88.73
108.35,113.14,88.73
108.18,113.22,88.74
108.53,113.06,88.72
108.43,113.10,88.72
108.30,113.16,88.73
108.28,113.17,88.73
108.31,113.16,88.73
108.47,113.08,88.72
108.40,113.12,88.72
108.36,113.13,88.73
108.46,113.09,88.72
108.59,113.03,88.72
108.99,112.87,88.71
108.93,112.89,88.71
109.01,112.86,88.71
109.03,112.85,88.71
108.96,112.88,88.71
109.04,112.85,88.71
109.08,112.83,88.71
109.16,112.80,88.71
109.15,112.80,88.71
109.22,112.78,88.71
109.14,112.81,88.71
109.12,112.81,88.71
109.19,112.79,88.71
109.12,112.82,88.71
109.06,112.84,88.71
108.99,112.87,88.71
109.01,112.86,88.71
108.91,112.90,88.71
108.94,112.88,88.71
108.87,112.91,88.71
108.78,112.95,88.71
108.81,112.94,88.71
108.97,112.88,88.71
109.00,112.86,88.71
109.06,112.84,88.71
108.86,112.92,88.71
108.79,112.95,88.71
108.67,112.99,88.71
108.61,113.02,88.72
108.55,113.05,88.72
108.73,112.97,88.71
108.66,113.00,88.71
108.88,112.91,88.71
108.86,112.92,88.71
108.85,112.92,88.71
108.82,112.93,88.71
108.76,112.96,88.71
108.66,113.00,88.71
108.68,112.99,88.71
108.64,113.01,88.71
108.75,112.96,88.71
108.65,113.00,88.71
108.67,113.00,88.71
108.76,112.96,88.71
108.77,112.95,88.71
108.89,112.91,88.71
108.98,112.87,88.71
108.79,112.95,88.71
108.69,112.99,88.71
108.79,112.95,88.71
108.89,112.90,88.71
109.02,112.85,88.71
109.04,112.84,88.71
109.15,112.80,88.71
109.00,112.86,88.71
109.11,112.82,88.71
108.72,112.98,88.71
108.70,112.98,88.71
108.68,112.99,88.71
108.77,112.96,88.71
108.85,112.92,88.71
108.97,112.87,88.71
108.84,112.93,88.71
108.92,112.89,88.71
108.52,113.06,88.72
108.51,113.07,88.72
108.49,113.08,88.72
108.58,113.03,88.72
108.64,113.01,88.71
108.61,113.02,88.72
108.62,113.02,88.71
108.54,113.05,88.72
109.32,112.74,88.71
109.29,112.75,88.71
109.38,112.72,88.71
109.44,112.70,88.71
109.42,112.70,88.71
109.51,112.67,88.72
109.47,112.69,88.71
109.57,112.65,88.72
109.49,112.68,88.71
109.10,112.82,88.71
109.17,112.80,88.71
109.29,112.75,88.71
109.36,112.73,88.71
109.23,112.77,88.71
109.48,112.68,88.71
109.39,112.71,88.71
109.29,112.75,88.71
109.27,112.76,88.71
109.31,112.75,88.71
109.63,112.63,88.72
109.53,112.67,88.72
109.51,112.67,88.72
109.40,112.71,88.71
109.30,112.75,88.71
109.50,112.68,88.71
109.59,112.64,88.72
109.08,112.83,88.71
109.20,112.78,88.71
109.31,112.74,88.71
109.28,112.76,88.71
109.41,112.71,88.71
109.33,112.74,88.71
109.46,112.69,88.71
109.16,112.80,88.71
109.13,112.81,88.71
109.21,112.78,88.71
109.32,112.74,88.71
109.11,112.82,88.71
109.51,112.67,88.71
109.39,112.72,88.71
109.26,112.76,88.71
109.22,112.78,88.71
109.27,112.76,88.71
109.45,112.69,88.71
109.37,112.72,88.71
109.30,112.75,88.71
109.44,112.70,88.71
109.57,112.65,88.72
110.01,112.51,88.74
109.94,112.53,88.73
110.02,112.50,88.74
110.03,112.50,88.74
109.98,112.52,88.74
110.05,112.49,88.74
110.09,112.48,88.74
110.17,112.46,88.75
110.15,112.46,88.75
110.20,112.45,88.75
110.13,112.47,88.75
110.11,112.47,88.74
110.17,112.46,88.75
110.09,112.48,88.74
110.06,112.49,88.74
109.99,112.51,88.74
110.02,112.50,88.74
109.93,112.53,88.73
109.95,112.52,88.73
109.89,112.55,88.73
109.79,112.58,88.73
109.82,112.57,88.73
109.97,112.52,88.74
109.99,112.51,88.74
110.07,112.49,88.74
109.87,112.55,88.73
109.81,112.57,88.73
109.68,112.61,88.72
109.61,112.64,88.72
109.55,112.66,88.72
109.73,112.60,88.72
109.67,112.62,88.72
109.89,112.54,88.73
109.88,112.55,88.73
109.86,112.55,88.73
109.85,112.56,88.73
109.77,112.58,88.73
109.67,112.62,88.72
109.69,112.61,88.72
109.64,112.63,88.72
109.76,112.59,88.73
109.66,112.62,88.72
109.66,112.62,88.72
109.75,112.59,88.72
109.78,112.58,88.73
109.88,112.55,88.73
109.97,112.52,88.74
109.80,112.58,88.73
109.71,112.60,88.72
109.77,112.59,88.73
109.88,112.55,88.73
110.01,112.51,88.74
110.03,112.50,88.74
110.14,112.47,88.75
109.99,112.51,88.74
110.10,112.48,88.74
109.72,112.60,88.72
109.70,112.61,88.72
109.68,112.61,88.72
109.77,112.58,88.73
109.86,112.55,88.73
109.97,112.52,88.74
109.84,112.56,88.73
109.92,112.54,88.73
109.52,112.67,88.72
109.50,112.68,88.71
109.47,112.69,88.71
109.58,112.65,88.72
109.64,112.63,88.72
109.60,112.64,88.72
109.62,112.63,88.72
109.54,112.66,88.72
110.29,112.42,88.76
110.27,112.42,88.76
110.34,112.41,88.76
110.39,112.39,88.76
110.38,112.39,88.76
110.45,112.37,88.77
110.40,112.39,88.76
110.46,112.37,88.77
110.41,112.38,88.76
110.11,112.48,88.74
110.16,112.46,88.75
110.27,112.43,88.75
110.33,112.41,88.76
110.22,112.44,88.75
110.39,112.39,88.76
110.32,112.41,88.76
110.25,112.43,88.75
110.23,112.44,88.75
110.27,112.43,88.75
110.45,112.37,88.77
110.37,112.40,88.76
110.38,112.39,88.76
110.30,112.42,88.76
110.22,112.44,88.75
110.38,112.39,88.76
110.46,112.37,88.77
110.10,112.48,88.74
110.21,112.44,88.75
110.32,112.41,88.76
110.31,112.41,88.76
110.42,112.38,88.77
110.32,112.41,88.76
110.43,112.38,88.77
110.16,112.46,88.75
110.14,112.46,88.75
110.23,112.44,88.75
110.33,112.41,88.76
110.12,112.47,88.74
110.35,112.40,88.76
110.28,112.42,88.76
110.19,112.45,88.75
110.18,112.45,88.75
110.20,112.45,88.75
110.42,112.38,88.77
110.34,112.40,88.76
110.25,112.43,88.75
110.35,112.40,88.76
110.43,112.38,88.77
110.52,112.35,88.77
110.52,112.35,88.77
110.58,112.33,88.78
110.63,112.32,88.78
110.63,112.32,88.78
110.68,112.30,88.79
110.63,112.32,88.78
110.69,112.30,88.79
110.63,112.32,88.78
110.50,112.36,88.77
110.51,112.35,88.77
110.57,112.34,88.78
110.62,112.32,88.78
110.51,112.35,88.77
110.62,112.32,88.78
110.57,112.34,88.78
110.51,112.35,88.77
110.50,112.36,88.77
110.52,112.35,88.77
110.68,112.30,88.79
110.62,112.32,88.78
110.62,112.32,88.78
110.56,112.34,88.78
110.50,112.36,88.77
110.62,112.32,88.78
110.68,112.30,88.79
110.50,112.36,88.77
110.56,112.34,88.78
110.62,112.32,88.78
110.62,112.32,88.78
110.68,112.30,88.79
110.62,112.32,88.78
110.68,112.30,88.79
110.48,112.36,88.77
110.49,112.36,88.77
110.55,112.34,88.78
110.61,112.32,88.78
110.49,112.36,88.77
110.61,112.32,88.78
110.55,112.34,88.78
110.49,112.36,88.77
110.48,112.36,88.77
110.49,112.36,88.77
110.68,112.31,88.79
110.61,112.32,88.78
110.54,112.34,88.78
110.61,112.32,88.78
110.68,112.31,88.79
110.72,112.29,88.79
110.72,112.29,88.79
110.75,112.29,88.79
110.78,112.28,88.80
110.78,112.28,88.80
110.81,112.27,88.80
110.78,112.28,88.80
110.81,112.27,88.80
110.78,112.28,88.80
110.72,112.29,88.79
110.72,112.29,88.79
110.75,112.29,88.79
110.78,112.28,88.80
110.72,112.29,88.79
110.77,112.28,88.80
110.74,112.29,88.79
110.71,112.30,88.79
110.71,112.30,88.79
110.71,112.29,88.79
110.81,112.27,88.80
110.77,112.28,88.80
110.77,112.28,88.80
110.74,112.29,88.79
110.71,112.30,88.79
110.77,112.28,88.80
110.81,112.27,88.80
110.72,112.29,88.79
110.75,112.29,88.79
110.78,112.28,88.80
110.78,112.28,88.80
110.81,112.27,88.80
110.78,112.28,88.80
110.81,112.27,88.80
110.71,112.30,88.79
110.71,112.30,88.79
110.74,112.29,88.79
110.77,112.28,88.80
110.71,112.29,88.79
110.77,112.28,88.80
110.74,112.29,88.79
110.71,112.30,88.79
110.71,112.30,88.79
110.71,112.30,88.79
110.81,112.27,88.80
110.77,112.28,88.80
110.74,112.29,88.79
110.77,112.28,88.80
110.81,112.27,88.80
110.82,112.27,88.80
110.82,112.26,88.80
110.82,112.26,88.80
110.82,112.26,88.80
110.83,112.26,88.80
110.84,112.26,88.80
110.84,112.26,88.80
110.82,112.27,88.80
110.83,112.26,88.80
110.84,112.26,88.80
110.82,112.27,88.80
110.82,112.27,88.80
110.82,112.26,88.80
110.82,112.26,88.80
110.82,112.27,88.80
110.83,112.26,88.80
110.84,112.26,88.80
110.82,112.27,88.80
110.83,112.26,88.80
110.82,112.27,88.80
