97.75,103.50,88.71
97.78,103.52,88.72
97.75,103.50,88.71
97.78,103.52,88.72
97.81,103.54,88.72
97.83,103.54,88.72
97.96,103.61,88.73
97.91,103.58,88.73
97.99,103.62,88.74
97.93,103.60,88.73
98.04,103.65,88.74
98.22,103.73,88.75
98.13,103.69,88.75
98.23,103.74,88.76
98.32,103.78,88.76
98.43,103.83,88.77
98.68,103.94,88.78
98.61,103.91,88.78
98.80,103.99,88.78
98.67,103.94,88.78
98.84,104.01,88.78
99.16,104.13,88.79
99.12,104.12,88.79
99.13,104.12,88.79
99.16,104.13,88.79
99.55,104.28,88.78
99.43,104.23,88.78
99.55,104.28,88.78
99.67,104.32,88.78
99.84,104.37,88.77
100.10,104.46,88.76
100.04,104.44,88.76
100.23,104.50,88.75
100.09,104.46,88.76
100.27,104.52,88.75
100.55,104.60,88.73
100.52,104.59,88.73
100.53,104.60,88.73
100.56,104.61,88.73
100.89,104.71,88.71
100.79,104.68,88.72
100.88,104.71,88.72
100.97,104.74,88.71
101.10,104.78,88.71
101.37,104.89,88.71
101.26,104.84,88.71
101.39,104.89,88.71
101.29,104.85,88.71
101.44,104.92,88.71
101.64,105.01,88.72
101.55,104.97,88.72
101.64,105.01,88.72
101.72,105.05,88.73
101.82,105.10,88.74
102.03,105.22,88.76
101.97,105.18,88.75
102.10,105.25,88.76
102.00,105.20,88.75
102.16,105.29,88.77
102.37,105.42,88.79
102.28,105.36,88.78
102.38,105.42,88.79
102.47,105.47,88.80
102.58,105.54,88.80
102.84,105.68,88.82
102.76,105.64,88.81
102.92,105.73,88.82
102.80,105.67,88.82
102.99,105.77,88.82
103.25,105.90,88.81
103.13,105.84,88.81
103.25,105.90,88.81
103.36,105.96,88.80
103.50,106.02,88.79
103.77,106.15,88.76
103.71,106.12,88.77
103.88,106.19,88.75
103.76,106.14,88.77
103.96,106.23,88.73
104.21,106.32,88.69
104.12,106.28,88.71
104.22,106.32,88.69
104.32,106.36,88.67
104.46,106.41,88.64
104.67,106.48,88.59
104.63,106.47,88.60
104.78,106.51,88.56
104.66,106.48,88.59
104.80,106.52,88.56
105.02,106.58,88.50
104.97,106.57,88.51
104.93,106.56,88.52
104.98,106.57,88.51
105.18,106.63,88.45
105.22,106.64,88.44
105.16,106.62,88.46
105.20,106.63,88.44
105.10,106.61,88.47
105.16,106.62,88.46
105.22,106.64,88.44
97.75,103.50,88.71
97.77,103.51,88.72
97.77,103.51,88.72
97.76,103.51,88.72
97.76,103.51,88.72
97.78,103.52,88.72
97.80,103.53,88.72
97.80,103.53,88.72
97.79,103.52,88.72
97.81,103.53,88.72
97.81,103.53,88.72
97.93,103.60,88.73
97.89,103.57,88.73
97.86,103.56,88.73
97.87,103.57,88.73
97.89,103.58,88.73
97.91,103.58,88.73
97.97,103.61,88.74
97.96,103.61,88.74
97.88,103.57,88.73
97.86,103.56,88.73
97.88,103.57,88.73
97.92,103.59,88.73
97.97,103.62,88.74
98.00,103.63,88.74
97.99,103.62,88.74
98.07,103.66,88.74
98.11,103.68,88.75
98.18,103.71,88.75
98.10,103.67,88.75
98.04,103.65,88.74
98.20,103.72,88.75
98.08,103.67,88.74
98.14,103.70,88.75
98.27,103.76,88.76
98.18,103.71,88.75
98.14,103.69,88.75
98.28,103.76,88.76
98.29,103.76,88.76
98.33,103.78,88.76
98.34,103.79,88.76
98.65,103.93,88.78
98.50,103.86,88.77
98.47,103.84,88.77
98.46,103.84,88.77
98.56,103.89,88.77
98.62,103.91,88.78
98.74,103.96,88.78
98.73,103.96,88.78
98.55,103.88,88.77
98.45,103.84,88.77
98.50,103.86,88.77
98.64,103.92,88.78
98.73,103.96,88.78
98.76,103.97,88.78
98.75,103.97,88.78
98.96,104.05,88.78
98.98,104.06,88.78
99.14,104.13,88.79
98.92,104.04,88.78
98.89,104.03,88.78
99.12,104.12,88.79
98.90,104.03,88.78
98.92,104.04,88.78
99.16,104.13,88.79
99.00,104.07,88.79
98.98,104.06,88.79
99.14,104.13,88.79
99.27,104.17,88.78
99.33,104.20,88.78
99.49,104.26,88.78
99.35,104.20,88.78
99.28,104.18,88.78
99.50,104.26,88.78
99.33,104.20,88.78
99.40,104.22,88.78
99.60,104.30,88.78
99.41,104.23,88.78
99.37,104.21,88.78
99.61,104.30,88.78
99.63,104.30,88.78
99.69,104.33,88.78
99.70,104.33,88.77
100.07,104.45,88.76
99.88,104.39,88.77
99.86,104.38,88.77
99.81,104.37,88.77
99.96,104.42,88.76
100.03,104.44,88.76
100.16,104.48,88.75
100.16,104.48,88.75
99.95,104.41,88.76
99.81,104.36,88.77
99.87,104.39,88.77
100.06,104.45,88.76
100.15,104.48,88.76
100.18,104.49,88.75
100.18,104.49,88.75
100.37,104.55,88.74
100.39,104.55,88.74
100.54,104.60,88.73
100.32,104.53,88.75
100.30,104.53,88.75
100.53,104.59,88.73
100.31,104.53,88.75
100.33,104.53,88.74
100.56,104.61,88.73
100.42,104.56,88.74
100.40,104.56,88.74
100.54,104.60,88.73
100.65,104.64,88.73
100.70,104.65,88.72
100.84,104.69,88.72
100.72,104.66,88.72
100.65,104.63,88.73
100.83,104.69,88.72
100.71,104.65,88.72
100.76,104.67,88.72
100.93,104.72,88.71
100.77,104.67,88.72
100.72,104.66,88.72
100.92,104.72,88.71
100.94,104.73,88.71
101.00,104.75,88.71
100.99,104.74,88.71
101.28,104.85,88.71
101.14,104.80,88.71
101.11,104.79,88.71
101.10,104.78,88.71
101.20,104.82,88.71
101.24,104.84,88.71
101.36,104.88,88.71
101.33,104.87,88.71
101.19,104.81,88.71
101.08,104.78,88.71
101.13,104.80,88.71
101.27,104.85,88.71
101.36,104.88,88.71
101.38,104.89,88.71
101.38,104.89,88.71
101.46,104.93,88.71
101.51,104.95,88.71
101.60,104.99,88.72
101.47,104.93,88.71
101.42,104.91,88.71
101.59,104.99,88.72
101.47,104.93,88.71
101.37,104.89,88.71
101.68,105.03,88.72
101.59,104.98,88.72
101.54,104.96,88.71
101.68,105.03,88.72
101.69,105.04,88.72
101.73,105.05,88.73
101.73,105.05,88.73
102.00,105.20,88.75
101.87,105.13,88.74
101.85,105.12,88.74
101.84,105.11,88.74
101.93,105.16,88.75
101.96,105.18,88.75
102.06,105.23,88.76
102.06,105.23,88.76
101.92,105.15,88.74
101.81,105.10,88.73
101.86,105.13,88.74
101.99,105.19,88.75
102.07,105.24,88.76
102.09,105.25,88.76
102.09,105.25,88.76
102.18,105.31,88.77
102.24,105.34,88.78
102.33,105.39,88.79
102.20,105.31,88.77
102.15,105.28,88.77
102.33,105.39,88.79
102.19,105.31,88.77
102.25,105.34,88.78
102.42,105.44,88.79
102.32,105.38,88.78
102.27,105.36,88.78
102.42,105.45,88.79
102.43,105.45,88.79
102.47,105.47,88.80
102.48,105.48,88.80
102.80,105.66,88.82
102.66,105.58,88.81
102.62,105.56,88.81
102.61,105.55,88.80
102.71,105.61,88.81
102.76,105.64,88.81
102.87,105.71,88.82
102.86,105.70,88.82
102.69,105.60,88.81
102.59,105.54,88.80
102.64,105.57,88.81
102.79,105.66,88.82
102.88,105.71,88.82
102.91,105.72,88.82
102.90,105.72,88.82
103.02,105.78,88.81
103.08,105.81,88.81
103.19,105.87,88.81
103.04,105.79,88.81
102.98,105.76,88.82
103.20,105.88,88.81
103.03,105.79,88.81
103.10,105.83,88.81
103.30,105.93,88.81
103.18,105.87,88.81
103.12,105.84,88.81
103.31,105.93,88.81
103.33,105.94,88.80
103.38,105.96,88.80
103.37,105.96,88.80
103.75,106.14,88.77
103.59,106.06,88.78
103.54,106.04,88.79
103.52,106.03,88.79
103.64,106.09,88.78
103.69,106.11,88.77
103.83,106.17,88.76
103.82,106.17,88.76
103.62,106.08,88.78
103.49,106.02,88.79
103.56,106.05,88.78
103.73,106.13,88.77
103.84,106.17,88.75
103.87,106.19,88.75
103.86,106.18,88.75
104.00,106.24,88.73
104.04,106.26,88.72
104.17,106.30,88.70
103.99,106.24,88.73
103.94,106.21,88.74
104.17,106.31,88.70
103.99,106.23,88.73
104.07,106.26,88.72
104.27,106.34,88.68
104.15,106.30,88.70
104.09,106.27,88.71
104.27,106.34,88.68
104.29,106.35,88.68
104.34,106.37,88.66
104.35,106.37,88.66
104.65,106.47,88.60
104.50,106.42,88.63
104.48,106.41,88.63
104.44,106.40,88.64
104.57,106.44,88.62
104.62,106.46,88.60
104.73,106.50,88.58
104.72,106.49,88.58
104.56,106.44,88.62
104.43,106.40,88.64
104.49,106.42,88.63
104.65,106.47,88.60
104.72,106.49,88.58
104.74,106.50,88.57
104.73,106.50,88.58
104.88,106.54,88.54
104.90,106.55,88.53
104.99,106.58,88.51
104.85,106.53,88.54
104.82,106.52,88.55
104.95,106.56,88.52
104.79,106.52,88.56
104.82,106.53,88.55
105.00,106.58,88.50
104.89,106.55,88.53
104.87,106.54,88.54
104.96,106.57,88.52
105.17,106.62,88.45
105.20,106.63,88.45
105.19,106.63,88.45
105.09,106.60,88.48
105.10,106.60,88.48
105.07,106.60,88.48
105.13,106.61,88.47
105.18,106.63,88.45
105.15,106.62,88.46
105.04,106.59,88.49
105.02,106.58,88.50
105.17,106.62,88.45
105.19,106.63,88.45
105.18,106.63,88.45
105.13,106.61,88.46
105.07,106.60,88.48
105.04,106.59,88.49
105.09,106.60,88.48
105.19,106.63,88.45
105.22,106.64,88.44
105.21,106.64,88.44
105.20,106.63,88.45
97.75,103.50,88.71
97.76,103.51,88.72
97.76,103.51,88.72
97.77,103.51,88.72
97.78,103.52,88.72
97.78,103.52,88.72
97.76,103.51,88.72
97.76,103.51,88.72
97.75,103.50,88.71
97.76,103.51,88.72
97.76,103.51,88.72
97.76,103.51,88.72
97.77,103.52,88.72
97.77,103.51,88.72
97.76,103.51,88.72
97.75,103.51,88.72
97.76,103.51,88.72
97.77,103.52,88.72
97.79,103.53,88.72
97.80,103.53,88.72
97.81,103.53,88.72
97.78,103.52,88.72
97.79,103.53,88.72
97.79,103.52,88.72
97.78,103.52,88.72
97.79,103.52,88.72
97.81,103.53,88.72
97.77,103.52,88.72
97.77,103.51,88.72
97.78,103.52,88.72
97.79,103.52,88.72
97.80,103.53,88.72
97.80,103.53,88.72
97.82,103.54,88.72
97.81,103.54,88.72
97.78,103.52,88.72
97.80,103.53,88.72
97.82,103.54,88.72
97.79,103.52,88.72
97.79,103.53,88.72
97.94,103.60,88.73
97.92,103.59,88.73
97.91,103.59,88.73
97.88,103.57,88.73
97.85,103.56,88.72
97.84,103.55,88.72
97.90,103.58,88.73
97.89,103.57,88.73
97.92,103.59,88.73
97.92,103.59,88.73
97.88,103.57,88.73
97.83,103.55,88.72
97.83,103.54,88.72
97.84,103.55,88.72
97.86,103.56,88.73
97.85,103.55,88.72
97.84,103.55,88.72
97.88,103.57,88.73
97.93,103.59,88.73
97.87,103.57,88.73
97.90,103.58,88.73
97.93,103.60,88.73
97.96,103.61,88.74
97.94,103.60,88.73
97.98,103.62,88.74
97.95,103.60,88.73
97.95,103.60,88.73
97.91,103.58,88.73
97.92,103.59,88.73
97.90,103.58,88.73
97.86,103.56,88.73
97.94,103.60,88.73
97.98,103.62,88.74
97.90,103.58,88.73
97.87,103.56,88.73
97.83,103.55,88.72
97.82,103.54,88.72
97.85,103.55,88.72
97.90,103.58,88.73
97.93,103.59,88.73
97.90,103.58,88.73
97.89,103.58,88.73
97.91,103.59,88.73
97.87,103.56,88.73
97.85,103.55,88.72
97.82,103.54,88.72
97.87,103.56,88.73
97.84,103.55,88.72
97.94,103.60,88.73
97.95,103.61,88.73
97.99,103.62,88.74
98.00,103.63,88.74
98.02,103.64,88.74
97.97,103.61,88.74
97.98,103.62,88.74
97.96,103.61,88.74
97.96,103.61,88.73
97.98,103.62,88.74
98.02,103.64,88.74
97.95,103.60,88.73
98.02,103.64,88.74
98.05,103.65,88.74
98.08,103.67,88.74
98.15,103.70,88.75
98.17,103.71,88.75
98.20,103.72,88.75
98.12,103.69,88.75
98.16,103.71,88.75
98.10,103.68,88.75
98.03,103.64,88.74
98.03,103.64,88.74
98.10,103.68,88.75
98.16,103.70,88.75
98.04,103.65,88.74
98.09,103.67,88.74
98.05,103.65,88.74
97.99,103.63,88.74
97.98,103.62,88.74
98.01,103.63,88.74
98.21,103.73,88.75
98.15,103.70,88.75
98.13,103.69,88.75
98.06,103.66,88.74
98.01,103.63,88.74
98.11,103.68,88.75
98.17,103.71,88.75
98.05,103.65,88.74
98.12,103.69,88.75
98.20,103.73,88.75
98.23,103.74,88.76
98.30,103.77,88.76
98.18,103.72,88.75
98.25,103.74,88.76
98.12,103.68,88.75
98.09,103.67,88.75
98.16,103.70,88.75
98.25,103.75,88.76
98.08,103.66,88.74
98.19,103.72,88.75
98.11,103.68,88.75
98.06,103.66,88.74
98.09,103.67,88.75
98.03,103.65,88.74
98.30,103.77,88.76
98.23,103.74,88.75
98.16,103.71,88.75
98.21,103.73,88.75
98.26,103.75,88.76
98.21,103.73,88.75
98.24,103.74,88.76
98.26,103.75,88.76
98.28,103.76,88.76
98.31,103.77,88.76
98.38,103.81,88.76
98.36,103.79,88.76
98.24,103.74,88.76
98.31,103.78,88.76
98.38,103.81,88.76
98.26,103.75,88.76
98.28,103.76,88.76
98.66,103.93,88.78
98.60,103.90,88.78
98.57,103.89,88.77
98.49,103.85,88.77
98.42,103.83,88.77
98.40,103.82,88.77
98.56,103.88,88.77
98.54,103.88,88.77
98.63,103.92,88.78
98.57,103.89,88.77
98.48,103.85,88.77
98.37,103.80,88.76
98.34,103.79,88.76
98.39,103.81,88.76
98.50,103.86,88.77
98.45,103.84,88.77
98.40,103.81,88.76
98.52,103.87,88.77
98.62,103.91,88.78
98.53,103.87,88.77
98.59,103.90,88.78
98.65,103.93,88.78
98.71,103.95,88.78
98.68,103.94,88.78
98.77,103.98,88.78
98.71,103.95,88.78
98.70,103.95,88.78
98.61,103.91,88.78
98.64,103.92,88.78
98.59,103.90,88.77
98.49,103.86,88.77
98.68,103.94,88.78
98.77,103.98,88.78
98.56,103.89,88.77
98.51,103.86,88.77
98.39,103.81,88.76
98.35,103.79,88.76
98.44,103.83,88.77
98.58,103.90,88.77
98.66,103.93,88.78
98.57,103.89,88.77
98.55,103.88,88.77
98.63,103.92,88.78
98.48,103.85,88.77
98.41,103.82,88.77
98.36,103.80,88.76
98.47,103.85,88.77
98.39,103.81,88.76
98.67,103.93,88.78
98.69,103.94,88.78
98.75,103.97,88.78
98.79,103.98,88.78
98.80,103.99,88.78
98.70,103.95,88.78
98.72,103.96,88.78
98.72,103.95,88.78
98.70,103.95,88.78
98.74,103.97,88.78
98.79,103.99,88.78
98.69,103.94,88.78
98.87,104.02,88.78
98.89,104.02,88.78
98.97,104.06,88.78
99.06,104.09,88.79
99.07,104.10,88.79
99.15,104.13,88.79
99.05,104.09,88.79
99.13,104.12,88.79
99.02,104.08,88.78
98.81,103.99,88.78
98.83,104.00,88.78
98.95,104.05,88.78
99.03,104.08,88.78
98.86,104.01,88.78
99.00,104.07,88.78
98.93,104.04,88.78
98.82,103.99,88.78
98.78,103.98,88.78
98.85,104.01,88.78
99.12,104.12,88.79
99.02,104.08,88.78
99.01,104.07,88.78
98.90,104.03,88.78
98.78,103.98,88.78
99.01,104.07,88.78
99.12,104.12,88.79
98.80,103.99,88.78
98.92,104.04,88.78
99.04,104.09,88.78
99.04,104.09,88.78
99.16,104.13,88.79
99.04,104.08,88.78
99.16,104.13,88.79
98.91,104.03,88.78
98.88,104.02,88.78
98.96,104.05,88.78
99.08,104.10,88.79
98.84,104.00,88.78
99.05,104.09,88.79
98.94,104.05,88.78
98.87,104.02,88.78
98.91,104.03,88.78
98.82,104.00,88.78
99.15,104.13,88.79
99.08,104.10,88.79
98.99,104.07,88.79
99.06,104.10,88.79
99.13,104.12,88.79
99.20,104.15,88.79
99.22,104.16,88.79
99.31,104.19,88.78
99.42,104.23,88.78
99.44,104.24,88.78
99.52,104.27,88.78
99.38,104.21,88.78
99.46,104.25,88.78
99.35,104.21,88.78
99.26,104.17,88.78
99.25,104.16,88.78
99.34,104.20,88.78
99.45,104.24,88.78
99.23,104.16,88.79
99.36,104.21,88.78
99.27,104.18,88.78
99.20,104.15,88.79
99.21,104.15,88.79
99.20,104.15,88.79
99.52,104.27,88.78
99.44,104.24,88.78
99.42,104.23,88.78
99.32,104.19,88.78
99.23,104.16,88.79
99.38,104.22,88.78
99.47,104.25,88.78
99.28,104.18,88.78
99.37,104.21,88.78
99.51,104.26,88.78
99.54,104.27,88.78
99.64,104.31,88.78
99.48,104.25,88.78
99.57,104.29,88.78
99.30,104.18,88.78
99.29,104.18,88.78
99.41,104.22,88.78
99.54,104.27,88.78
99.29,104.18,88.78
99.46,104.24,88.78
99.35,104.20,88.78
99.25,104.17,88.78
99.26,104.17,88.78
99.24,104.16,88.79
99.65,104.31,88.78
99.51,104.26,88.78
99.39,104.22,88.78
99.48,104.25,88.78
99.58,104.29,88.78
99.53,104.27,88.78
99.56,104.28,88.78
99.59,104.29,88.78
99.61,104.30,88.78
99.65,104.31,88.78
99.76,104.35,88.77
99.73,104.34,88.77
99.57,104.28,88.78
99.66,104.31,88.78
99.76,104.35,88.77
99.60,104.29,88.78
99.62,104.30,88.78
100.08,104.46,88.76
99.99,104.42,88.76
99.97,104.42,88.76
99.87,104.38,88.77
99.79,104.36,88.77
99.76,104.35,88.77
99.96,104.41,88.76
99.94,104.41,88.77
100.05,104.45,88.76
99.96,104.42,88.76
99.85,104.38,88.77
99.72,104.34,88.77
99.69,104.32,88.78
99.75,104.34,88.77
99.91,104.40,88.77
99.83,104.37,88.77
99.75,104.35,88.77
99.89,104.39,88.77
100.03,104.44,88.76
99.93,104.40,88.77
100.01,104.43,88.76
100.06,104.45,88.76
100.13,104.47,88.76
100.09,104.46,88.76
100.19,104.49,88.75
100.13,104.47,88.76
100.12,104.47,88.76
100.02,104.44,88.76
100.06,104.45,88.76
99.99,104.43,88.76
99.90,104.40,88.77
100.09,104.46,88.76
100.19,104.49,88.75
99.95,104.41,88.76
99.89,104.39,88.77
99.75,104.35,88.77
99.68,104.32,88.78
99.82,104.37,88.77
99.98,104.42,88.76
100.07,104.45,88.76
99.97,104.42,88.76
99.95,104.41,88.76
100.05,104.45,88.76
99.86,104.38,88.77
99.78,104.35,88.77
99.71,104.33,88.77
99.84,104.38,88.77
99.74,104.34,88.77
100.10,104.46,88.76
100.11,104.47,88.76
100.17,104.48,88.75
100.22,104.50,88.75
100.23,104.50,88.75
100.12,104.47,88.76
100.14,104.47,88.76
100.13,104.47,88.76
100.12,104.47,88.76
100.17,104.48,88.75
100.22,104.50,88.75
100.11,104.46,88.76
100.30,104.52,88.75
100.32,104.53,88.75
100.38,104.55,88.74
100.46,104.57,88.74
100.47,104.58,88.74
100.55,104.60,88.73
100.46,104.57,88.74
100.53,104.60,88.73
100.45,104.57,88.74
100.21,104.50,88.75
100.24,104.51,88.75
100.36,104.54,88.74
100.44,104.57,88.74
100.27,104.52,88.75
100.41,104.56,88.74
100.34,104.54,88.74
100.24,104.50,88.75
100.20,104.49,88.75
100.26,104.51,88.75
100.53,104.60,88.73
100.43,104.56,88.74
100.42,104.56,88.74
100.31,104.53,88.75
100.20,104.49,88.75
100.41,104.56,88.74
100.52,104.59,88.73
100.21,104.50,88.75
100.33,104.53,88.75
100.44,104.57,88.74
100.44,104.57,88.74
100.56,104.61,88.73
100.44,104.57,88.74
100.56,104.60,88.73
100.35,104.54,88.74
100.30,104.52,88.75
100.37,104.55,88.74
100.49,104.58,88.74
100.26,104.51,88.75
100.47,104.58,88.74
100.35,104.54,88.74
100.29,104.52,88.75
100.34,104.54,88.74
100.25,104.51,88.75
100.55,104.60,88.73
100.48,104.58,88.74
100.41,104.56,88.74
100.47,104.58,88.74
100.54,104.60,88.73
100.59,104.61,88.73
100.61,104.62,88.73
100.68,104.64,88.73
100.77,104.67,88.72
100.80,104.68,88.72
100.86,104.70,88.72
100.75,104.67,88.72
100.82,104.69,88.72
100.73,104.66,88.72
100.64,104.63,88.73
100.63,104.63,88.73
100.71,104.65,88.72
100.80,104.68,88.72
100.62,104.62,88.73
100.73,104.66,88.72
100.65,104.63,88.73
100.59,104.62,88.73
100.60,104.62,88.73
100.59,104.62,88.73
100.86,104.70,88.72
100.79,104.68,88.72
100.78,104.67,88.72
100.69,104.65,88.72
100.61,104.62,88.73
100.76,104.67,88.72
100.81,104.68,88.72
100.66,104.64,88.73
100.74,104.66,88.72
100.85,104.70,88.72
100.86,104.70,88.72
100.96,104.73,88.71
100.82,104.69,88.72
100.91,104.72,88.71
100.67,104.64,88.73
100.67,104.64,88.73
100.76,104.67,88.72
100.87,104.70,88.72
100.66,104.64,88.73
100.80,104.68,88.72
100.71,104.65,88.72
100.63,104.63,88.73
100.64,104.63,88.73
100.62,104.63,88.73
100.95,104.73,88.71
100.85,104.70,88.72
100.74,104.66,88.72
100.83,104.69,88.72
100.90,104.71,88.71
100.87,104.71,88.72
100.89,104.71,88.71
100.92,104.72,88.71
100.94,104.73,88.71
100.97,104.74,88.71
101.05,104.76,88.71
101.02,104.76,88.71
100.89,104.71,88.71
100.96,104.73,88.71
101.04,104.76,88.71
100.91,104.72,88.71
100.93,104.73,88.71
101.30,104.86,88.71
101.23,104.83,88.71
101.21,104.82,88.71
101.13,104.79,88.71
101.07,104.77,88.71
101.04,104.76,88.71
101.20,104.82,88.71
101.18,104.81,88.71
101.27,104.84,88.71
101.20,104.82,88.71
101.12,104.79,88.71
101.01,104.75,88.71
100.98,104.74,88.71
101.03,104.76,88.71
101.15,104.80,88.71
101.09,104.78,88.71
101.04,104.76,88.71
101.16,104.81,88.71
101.25,104.84,88.71
101.17,104.81,88.71
101.22,104.83,88.71
101.28,104.85,88.71
101.32,104.87,88.71
101.29,104.85,88.71
101.37,104.89,88.71
101.31,104.86,88.71
101.31,104.86,88.71
101.24,104.83,88.71
101.26,104.84,88.71
101.22,104.83,88.71
101.14,104.80,88.71
101.29,104.85,88.71
101.37,104.89,88.71
101.18,104.81,88.71
101.14,104.80,88.71
101.03,104.76,88.71
100.98,104.74,88.71
101.08,104.78,88.71
101.21,104.82,88.71
101.28,104.85,88.71
101.20,104.82,88.71
101.19,104.82,88.71
101.27,104.84,88.71
101.12,104.79,88.71
101.06,104.77,88.71
101.01,104.75,88.71
101.11,104.79,88.71
101.03,104.76,88.71
101.30,104.86,88.71
101.32,104.86,88.71
101.37,104.89,88.71
101.40,104.90,88.71
101.41,104.90,88.71
101.33,104.87,88.71
101.34,104.87,88.71
101.33,104.87,88.71
101.32,104.86,88.71
101.37,104.89,88.71
101.40,104.90,88.71
101.31,104.86,88.71
101.43,104.91,88.71
101.45,104.92,88.71
101.49,104.94,88.71
101.55,104.97,88.72
101.58,104.98,88.72
101.61,105.00,88.72
101.54,104.96,88.71
101.57,104.98,88.72
101.52,104.95,88.71
101.39,104.89,88.71
101.41,104.90,88.71
101.49,104.94,88.71
101.56,104.97,88.72
101.43,104.91,88.71
101.48,104.94,88.71
101.45,104.92,88.71
101.38,104.89,88.71
101.37,104.89,88.71
101.40,104.90,88.71
101.62,105.00,88.72
101.56,104.97,88.72
101.53,104.96,88.71
101.44,104.92,88.71
101.38,104.89,88.71
101.51,104.95,88.71
101.57,104.97,88.72
101.41,104.90,88.71
101.37,104.89,88.71
101.61,104.99,88.72
101.63,105.00,88.72
101.70,105.04,88.73
101.58,104.98,88.72
101.66,105.02,88.72
101.52,104.95,88.71
101.48,104.93,88.71
101.55,104.96,88.71
101.65,105.01,88.72
101.44,104.91,88.71
101.59,104.98,88.72
101.50,104.94,88.71
101.46,104.92,88.71
101.50,104.94,88.71
101.42,104.91,88.71
101.70,105.04,88.73
101.63,105.00,88.72
101.57,104.97,88.72
101.61,104.99,88.72
101.66,105.02,88.72
101.62,105.00,88.72
101.64,105.01,88.72
101.67,105.02,88.72
101.68,105.03,88.72
101.71,105.04,88.73
101.78,105.08,88.73
101.76,105.07,88.73
101.65,105.01,88.72
101.72,105.05,88.73
101.78,105.08,88.73
101.67,105.02,88.72
101.69,105.03,88.72
102.02,105.21,88.75
101.95,105.17,88.75
101.94,105.17,88.75
101.86,105.12,88.74
101.80,105.09,88.73
101.79,105.09,88.73
101.92,105.16,88.75
101.91,105.15,88.74
101.99,105.19,88.75
101.93,105.16,88.75
101.85,105.12,88.74
101.76,105.07,88.73
101.74,105.06,88.73
101.77,105.08,88.73
101.88,105.13,88.74
101.83,105.11,88.74
101.78,105.08,88.73
101.89,105.14,88.74
101.98,105.18,88.75
101.90,105.14,88.74
101.95,105.17,88.75
101.99,105.20,88.75
102.05,105.22,88.76
102.01,105.21,88.75
102.08,105.24,88.76
102.03,105.21,88.76
102.03,105.21,88.76
101.96,105.18,88.75
101.98,105.19,88.75
101.94,105.17,88.75
101.87,105.13,88.74
102.01,105.20,88.75
102.07,105.24,88.76
101.91,105.15,88.74
101.87,105.13,88.74
101.78,105.08,88.73
101.74,105.06,88.73
101.82,105.10,88.74
101.93,105.16,88.75
102.00,105.20,88.75
101.93,105.16,88.75
101.92,105.15,88.75
101.98,105.19,88.75
101.86,105.12,88.74
101.79,105.09,88.73
101.75,105.06,88.73
101.84,105.11,88.74
101.77,105.07,88.73
102.02,105.21,88.76
102.04,105.22,88.76
102.08,105.25,88.76
102.12,105.26,88.76
102.13,105.27,88.77
102.05,105.23,88.76
102.06,105.24,88.76
102.04,105.22,88.76
102.04,105.22,88.76
102.08,105.24,88.76
102.12,105.27,88.77
102.03,105.22,88.76
102.14,105.28,88.77
102.16,105.29,88.77
102.21,105.32,88.77
102.28,105.36,88.78
102.31,105.38,88.78
102.35,105.40,88.79
102.26,105.35,88.78
102.30,105.37,88.78
102.23,105.33,88.78
102.11,105.26,88.76
102.13,105.27,88.77
102.22,105.33,88.77
102.29,105.37,88.78
102.16,105.29,88.77
102.21,105.32,88.77
102.17,105.29,88.77
102.09,105.25,88.76
102.08,105.24,88.76
102.12,105.27,88.77
102.35,105.40,88.79
102.29,105.36,88.78
102.26,105.35,88.78
102.17,105.30,88.77
102.10,105.26,88.76
102.24,105.34,88.78
102.30,105.38,88.78
102.14,105.28,88.77
102.23,105.33,88.78
102.34,105.40,88.79
102.36,105.41,88.79
102.44,105.46,88.79
102.31,105.38,88.78
102.40,105.43,88.79
102.25,105.34,88.78
102.20,105.32,88.77
102.28,105.36,88.78
102.39,105.43,88.79
102.17,105.30,88.77
102.32,105.39,88.78
102.23,105.33,88.78
102.18,105.30,88.77
102.22,105.32,88.77
102.14,105.28,88.77
102.45,105.46,88.80
102.37,105.41,88.79
102.30,105.37,88.78
102.34,105.40,88.79
102.40,105.43,88.79
102.36,105.41,88.79
102.38,105.42,88.79
102.40,105.43,88.79
102.43,105.45,88.79
102.45,105.46,88.80
102.53,105.51,88.80
102.51,105.50,88.80
102.39,105.42,88.79
102.46,105.47,88.80
102.53,105.51,88.80
102.41,105.44,88.79
102.43,105.45,88.79
102.82,105.67,88.82
102.74,105.63,88.81
102.73,105.62,88.81
102.63,105.57,88.81
102.57,105.53,88.80
102.55,105.52,88.80
102.70,105.61,88.81
102.68,105.60,88.81
102.78,105.65,88.82
102.72,105.62,88.81
102.62,105.56,88.81
102.52,105.50,88.80
102.49,105.49,88.80
102.54,105.51,88.80
102.65,105.58,88.81
102.60,105.55,88.80
102.54,105.52,88.80
102.66,105.58,88.81
102.77,105.65,88.82
102.67,105.59,88.81
102.74,105.63,88.81
102.79,105.66,88.82
102.85,105.69,88.82
102.81,105.67,88.82
102.89,105.72,88.82
102.83,105.68,88.82
102.83,105.68,88.82
102.75,105.63,88.81
102.77,105.65,88.82
102.72,105.62,88.81
102.64,105.57,88.81
102.81,105.67,88.82
102.88,105.71,88.82
102.69,105.60,88.81
102.64,105.57,88.81
102.54,105.51,88.80
102.49,105.48,88.80
102.58,105.54,88.80
102.72,105.62,88.81
102.80,105.66,88.82
102.71,105.61,88.81
102.70,105.61,88.81
102.78,105.65,88.82
102.63,105.57,88.81
102.56,105.53,88.80
102.50,105.49,88.80
102.61,105.56,88.80
102.52,105.50,88.80
102.82,105.68,88.82
102.84,105.69,88.82
102.90,105.72,88.82
102.94,105.74,88.82
102.95,105.75,88.82
102.86,105.70,88.82
102.87,105.70,88.82
102.85,105.69,88.82
102.85,105.69,88.82
102.89,105.71,88.82
102.95,105.74,88.82
102.83,105.68,88.82
102.97,105.76,88.82
103.00,105.77,88.82
103.05,105.80,88.81
103.14,105.85,88.81
103.17,105.86,88.81
103.22,105.89,88.81
103.11,105.83,88.81
103.17,105.86,88.81
103.08,105.82,88.81
102.93,105.74,88.82
102.96,105.75,88.82
103.07,105.81,88.81
103.15,105.85,88.81
102.98,105.76,88.82
103.05,105.80,88.81
102.99,105.77,88.82
102.91,105.72,88.82
102.89,105.71,88.82
102.94,105.74,88.82
103.22,105.89,88.81
103.14,105.85,88.81
103.12,105.83,88.81
103.00,105.77,88.82
102.92,105.73,88.82
103.09,105.82,88.81
103.16,105.86,88.81
102.96,105.75,88.82
103.07,105.81,88.81
103.21,105.88,88.81
103.24,105.89,88.81
103.33,105.94,88.80
103.18,105.86,88.81
103.28,105.92,88.81
103.09,105.82,88.81
103.04,105.79,88.81
103.13,105.84,88.81
103.27,105.91,88.81
103.01,105.78,88.82
103.19,105.87,88.81
103.07,105.81,88.81
103.01,105.78,88.82
103.06,105.80,88.81
102.96,105.75,88.82
103.34,105.95,88.80
103.24,105.90,88.81
103.16,105.85,88.81
103.21,105.88,88.81
103.28,105.92,88.81
103.23,105.89,88.81
103.26,105.91,88.81
103.29,105.92,88.81
103.31,105.93,88.81
103.35,105.95,88.80
103.44,105.99,88.80
103.42,105.98,88.80
103.27,105.91,88.81
103.36,105.95,88.80
103.44,105.99,88.80
103.30,105.92,88.81
103.32,105.94,88.81
103.77,106.14,88.76
103.68,106.10,88.77
103.66,106.09,88.77
103.56,106.05,88.78
103.48,106.01,88.79
103.46,106.00,88.79
103.64,106.09,88.78
103.62,106.08,88.78
103.73,106.13,88.77
103.65,106.09,88.78
103.54,106.04,88.79
103.41,105.98,88.80
103.39,105.97,88.80
103.43,105.99,88.80
103.57,106.06,88.78
103.51,106.03,88.79
103.45,106.00,88.79
103.58,106.06,88.78
103.71,106.12,88.77
103.60,106.07,88.78
103.67,106.10,88.77
103.74,106.13,88.77
103.80,106.16,88.76
103.76,106.14,88.76
103.85,106.18,88.75
103.78,106.15,88.76
103.79,106.15,88.76
103.70,106.11,88.77
103.72,106.12,88.77
103.66,106.10,88.77
103.57,106.05,88.78
103.75,106.14,88.77
103.85,106.18,88.75
103.63,106.08,88.78
103.56,106.05,88.78
103.44,106.00,88.80
103.38,105.97,88.80
103.50,106.02,88.79
103.65,106.09,88.77
103.74,106.13,88.77
103.65,106.09,88.78
103.64,106.08,88.78
103.73,106.13,88.77
103.55,106.04,88.78
103.47,106.01,88.79
103.40,105.97,88.80
103.53,106.03,88.79
103.43,105.99,88.80
103.78,106.15,88.76
103.79,106.16,88.76
103.86,106.18,88.75
103.90,106.20,88.74
103.92,106.21,88.74
103.81,106.16,88.76
103.82,106.17,88.76
103.81,106.16,88.76
103.80,106.16,88.76
103.85,106.18,88.75
103.92,106.20,88.74
103.79,106.15,88.76
103.93,106.21,88.74
103.96,106.22,88.74
104.02,106.25,88.73
104.11,106.28,88.71
104.13,106.29,88.71
104.19,106.31,88.70
104.08,106.27,88.71
104.14,106.29,88.71
104.06,106.26,88.72
103.89,106.19,88.75
103.91,106.20,88.74
104.01,106.24,88.73
104.10,106.28,88.71
103.95,106.22,88.74
104.02,106.25,88.72
103.97,106.23,88.73
103.88,106.19,88.75
103.84,106.18,88.75
103.90,106.20,88.74
104.20,106.31,88.69
104.11,106.28,88.71
104.07,106.27,88.72
103.96,106.22,88.74
103.87,106.19,88.75
104.05,106.26,88.72
104.14,106.29,88.70
103.91,106.20,88.74
104.03,106.25,88.72
104.15,106.30,88.70
104.18,106.31,88.70
104.30,106.35,88.67
104.13,106.29,88.71
104.24,106.33,88.69
104.05,106.26,88.72
104.01,106.24,88.73
104.09,106.27,88.71
104.24,106.33,88.69
103.95,106.22,88.74
104.16,106.30,88.70
104.04,106.25,88.72
103.98,106.23,88.73
104.03,106.25,88.72
103.93,106.21,88.74
104.30,106.35,88.67
104.21,106.32,88.69
104.12,106.29,88.71
104.18,106.31,88.70
104.25,106.33,88.68
104.20,106.32,88.69
104.22,106.33,88.69
104.25,106.34,88.68
104.28,106.34,88.68
104.31,106.36,88.67
104.40,106.39,88.65
104.37,106.38,88.66
104.23,106.33,88.69
104.31,106.36,88.67
104.40,106.39,88.65
104.26,106.34,88.68
104.28,106.35,88.68
104.66,106.48,88.59
104.58,106.45,88.61
104.57,106.45,88.61
104.49,106.42,88.63
104.42,106.39,88.65
104.40,106.39,88.65
104.57,106.44,88.62
104.55,106.44,88.62
104.64,106.47,88.60
104.56,106.44,88.62
104.47,106.41,88.64
104.36,106.37,88.66
104.33,106.36,88.67
104.38,106.38,88.66
104.53,106.43,88.62
104.45,106.41,88.64
104.39,106.38,88.65
104.51,106.42,88.63
104.62,106.46,88.60
104.54,106.43,88.62
104.59,106.45,88.61
104.65,106.47,88.60
104.70,106.49,88.58
104.67,106.48,88.59
104.75,106.50,88.57
104.70,106.49,88.58
104.69,106.49,88.59
104.61,106.46,88.61
104.64,106.47,88.60
104.59,106.45,88.61
104.52,106.43,88.63
104.67,106.48,88.59
104.75,106.50,88.57
104.55,106.44,88.62
104.50,106.42,88.63
104.39,106.38,88.65
104.33,106.36,88.67
104.45,106.40,88.64
104.58,106.45,88.61
104.66,106.48,88.59
104.57,106.45,88.61
104.56,106.44,88.62
104.64,106.47,88.60
104.48,106.42,88.63
104.41,106.39,88.65
104.36,106.37,88.66
104.47,106.41,88.64
104.38,106.38,88.66
104.68,106.48,88.59
104.69,106.48,88.59
104.72,106.50,88.58
104.76,106.51,88.57
104.77,106.51,88.57
104.69,106.49,88.59
104.71,106.49,88.58
104.70,106.49,88.58
104.69,106.49,88.59
104.72,106.50,88.58
104.77,106.51,88.57
104.68,106.48,88.59
104.83,106.53,88.55
104.84,106.53,88.55
104.89,106.55,88.54
104.95,106.56,88.52
104.96,106.57,88.52
105.01,106.58,88.50
104.93,106.56,88.52
104.98,106.57,88.51
104.93,106.56,88.52
104.76,106.51,88.57
104.79,106.52,88.56
104.87,106.54,88.54
104.94,106.56,88.52
104.81,106.52,88.55
104.89,106.55,88.53
104.85,106.53,88.55
104.77,106.51,88.57
104.74,106.50,88.57
104.80,106.52,88.56
104.94,106.56,88.52
104.86,106.54,88.54
104.87,106.54,88.54
104.81,106.52,88.56
104.73,106.50,88.58
104.88,106.54,88.54
104.96,106.57,88.51
104.75,106.50,88.57
104.84,106.53,88.55
104.91,106.55,88.53
104.90,106.55,88.53
104.99,106.58,88.51
104.92,106.55,88.53
105.01,106.58,88.50
104.84,106.53,88.55
104.81,106.52,88.56
104.86,106.54,88.54
104.93,106.56,88.52
104.78,106.51,88.56
104.90,106.55,88.53
104.83,106.53,88.55
104.80,106.52,88.56
104.83,106.53,88.55
104.76,106.51,88.57
104.97,106.57,88.51
104.92,106.56,88.53
104.88,106.54,88.54
104.91,106.55,88.53
104.94,106.56,88.52
105.17,106.63,88.45
105.19,106.63,88.45
105.18,106.63,88.45
105.20,106.63,88.45
105.21,106.63,88.44
105.21,106.63,88.44
105.18,106.63,88.45
105.18,106.63,88.45
105.17,106.62,88.45
105.13,106.61,88.47
105.13,106.61,88.47
105.09,106.60,88.48
105.05,106.59,88.49
105.06,106.59,88.49
105.14,106.61,88.46
105.14,106.62,88.46
105.11,106.61,88.47
105.08,106.60,88.48
105.03,106.59,88.49
105.02,106.58,88.50
105.04,106.59,88.49
105.15,106.62,88.46
105.17,106.62,88.45
105.16,106.62,88.46
105.17,106.62,88.46
105.19,106.63,88.45
105.18,106.63,88.45
105.14,106.62,88.46
105.13,106.61,88.47
105.11,106.61,88.47
105.00,106.58,88.50
105.05,106.59,88.49
105.10,106.61,88.48
105.09,106.60,88.48
105.07,106.60,88.48
104.99,106.58,88.51
105.03,106.59,88.50
105.06,106.60,88.49
104.98,106.57,88.51
104.97,106.57,88.51
105.17,106.63,88.45
105.19,106.63,88.45
105.18,106.63,88.45
105.17,106.62,88.45
105.18,106.63,88.45
105.20,106.63,88.45
105.21,106.63,88.44
105.18,106.63,88.45
105.15,106.62,88.46
105.16,106.62,88.46
105.15,106.62,88.46
105.12,106.61,88.47
105.17,106.62,88.46
105.19,106.63,88.45
105.12,106.61,88.47
105.10,106.61,88.47
105.06,106.59,88.49
105.02,106.58,88.50
105.01,106.58,88.50
105.09,106.60,88.48
105.07,106.60,88.48
105.13,106.61,88.47
105.13,106.61,88.47
105.14,106.62,88.46
105.10,106.60,88.48
105.05,106.59,88.49
105.03,106.59,88.49
105.08,106.60,88.48
105.05,106.59,88.49
104.99,106.57,88.51
105.03,106.59,88.50
105.00,106.58,88.51
105.18,106.63,88.45
105.19,106.63,88.45
105.21,106.63,88.44
105.22,106.64,88.44
105.21,106.63,88.44
105.22,106.64,88.44
105.21,106.63,88.44
105.19,106.63,88.45
105.20,106.63,88.44
105.22,106.64,88.44
105.20,106.63,88.45
105.20,106.63,88.44
105.21,106.63,88.44
105.19,106.63,88.45
105.18,106.63,88.45
105.21,106.63,88.44
105.21,106.63,88.44
105.20,106.63,88.45
105.20,106.63,88.44
105.19,106.63,88.45
