82.24,114.38,89.04
82.28,114.38,89.04
82.29,114.38,89.04
82.27,114.38,89.04
82.29,114.38,89.04
82.35,114.39,89.04
82.49,114.41,89.03
82.45,114.41,89.03
82.38,114.40,89.03
82.34,114.39,89.04
82.40,114.40,89.03
82.46,114.41,89.03
82.73,114.44,89.03
82.66,114.43,89.03
82.48,114.41,89.03
82.73,114.44,89.03
82.71,114.44,89.03
83.02,114.48,89.04
82.99,114.47,89.04
83.17,114.49,89.05
83.15,114.49,89.05
83.24,114.50,89.05
83.24,114.50,89.05
83.49,114.52,89.07
83.40,114.51,89.06
83.58,114.53,89.08
83.52,114.52,89.08
83.63,114.53,89.09
83.81,114.54,89.12
83.80,114.54,89.11
83.53,114.52,89.08
83.88,114.54,89.13
83.92,114.54,89.13
84.35,114.54,89.22
83.95,114.54,89.14
84.40,114.54,89.23
84.47,114.53,89.25
84.72,114.52,89.30
84.66,114.53,89.29
84.22,114.54,89.19
84.58,114.53,89.27
85.00,114.51,89.36
85.05,114.50,89.37
85.01,114.50,89.36
84.97,114.51,89.35
85.38,114.47,89.42
85.42,114.47,89.43
85.37,114.47,89.42
85.35,114.48,89.42
85.78,114.44,89.46
85.74,114.44,89.46
85.71,114.45,89.46
85.73,114.44,89.46
86.13,114.42,89.47
86.09,114.42,89.47
86.06,114.42,89.47
86.09,114.42,89.47
86.45,114.42,89.44
86.40,114.42,89.45
86.42,114.42,89.45
86.47,114.42,89.44
86.78,114.44,89.40
86.68,114.44,89.42
86.79,114.44,89.40
86.89,114.45,89.39
87.02,114.47,89.37
87.24,114.50,89.34
87.20,114.50,89.35
87.37,114.53,89.33
87.27,114.51,89.34
87.42,114.54,89.32
87.64,114.58,89.30
87.69,114.59,89.30
87.79,114.61,89.30
87.59,114.57,89.31
87.98,114.66,89.30
88.07,114.68,89.29
88.17,114.70,89.30
88.20,114.71,89.30
87.87,114.63,89.30
88.25,114.72,89.31
88.55,114.78,89.33
88.60,114.78,89.34
88.54,114.77,89.33
88.74,114.80,89.35
88.62,114.79,89.34
88.77,114.81,89.36
89.01,114.83,89.39
89.03,114.83,89.39
89.08,114.83,89.40
89.04,114.83,89.40
89.37,114.84,89.44
89.40,114.84,89.44
89.44,114.84,89.44
89.39,114.84,89.44
89.77,114.82,89.47
89.82,114.82,89.47
89.78,114.82,89.47
89.75,114.82,89.47
90.14,114.79,89.47
90.18,114.79,89.47
90.19,114.79,89.47
90.17,114.79,89.47
90.57,114.76,89.45
90.63,114.75,89.44
90.58,114.76,89.45
90.55,114.76,89.45
90.99,114.74,89.39
91.04,114.74,89.38
90.99,114.74,89.39
90.94,114.74,89.40
91.41,114.74,89.32
91.44,114.74,89.31
91.39,114.74,89.32
91.37,114.74,89.32
91.83,114.78,89.22
91.79,114.77,89.23
91.75,114.77,89.24
91.79,114.77,89.23
92.27,114.88,89.10
92.08,114.83,89.15
92.06,114.83,89.16
92.25,114.88,89.11
92.38,114.93,89.07
92.69,115.04,88.99
92.98,115.16,88.92
92.78,115.07,88.97
92.77,115.07,88.97
92.96,115.16,88.92
93.18,115.27,88.87
93.11,115.23,88.88
93.15,115.25,88.88
93.21,115.29,88.86
93.43,115.41,88.82
93.36,115.37,88.83
93.45,115.42,88.82
93.52,115.46,88.80
93.61,115.51,88.79
93.81,115.62,88.76
93.78,115.61,88.76
93.83,115.64,88.75
93.81,115.62,88.76
94.01,115.73,88.74
94.06,115.75,88.73
94.27,115.85,88.71
94.37,115.89,88.70
94.36,115.88,88.71
94.25,115.84,88.71
94.37,115.89,88.70
94.66,116.00,88.69
94.61,115.98,88.69
94.63,115.99,88.69
94.68,116.01,88.69
95.00,116.12,88.69
94.90,116.08,88.69
95.00,116.12,88.69
95.10,116.16,88.69
95.24,116.21,88.69
95.51,116.30,88.70
95.44,116.28,88.70
95.61,116.34,88.71
95.48,116.29,88.70
95.67,116.37,88.71
95.94,116.49,88.74
95.82,116.44,88.73
95.94,116.49,88.74
96.04,116.54,88.75
96.16,116.60,88.76
96.41,116.74,88.79
96.37,116.71,88.79
96.50,116.80,88.80
96.40,116.74,88.79
96.58,116.86,88.81
96.77,117.00,88.83
96.69,116.94,88.82
96.78,117.01,88.83
96.86,117.08,88.84
96.94,117.16,88.84
97.07,117.29,88.85
97.14,117.38,88.84
97.07,117.29,88.85
97.10,117.33,88.84
97.27,117.55,88.81
97.33,117.64,88.78
97.31,117.61,88.79
97.35,117.68,88.77
97.21,117.47,88.82
97.37,117.70,88.76
97.56,118.06,88.59
97.56,118.06,88.58
97.50,117.93,88.66
97.49,117.90,88.68
97.61,118.17,88.50
97.61,118.15,88.52
97.74,118.45,88.27
97.82,118.63,88.10
97.72,118.40,88.32
97.75,118.48,88.25
97.90,118.78,87.95
97.95,118.90,87.83
97.85,118.69,88.04
98.05,119.08,87.63
98.20,119.33,87.38
98.08,119.13,87.58
97.98,118.95,87.78
98.08,119.14,87.57
98.21,119.34,87.37
97.83,118.64,88.09
97.91,118.81,87.92
98.12,119.20,87.51
98.41,119.67,87.05
98.59,119.95,86.81
98.37,119.61,87.11
98.38,119.63,87.09
98.60,119.97,86.79
98.60,119.97,86.79
98.80,120.28,86.54
98.94,120.49,86.39
98.79,120.26,86.55
98.84,120.34,86.50
98.98,120.55,86.35
98.98,120.55,86.35
99.09,120.71,86.24
99.12,120.76,86.22
99.08,120.70,86.25
99.07,120.69,86.26
99.19,120.86,86.16
99.19,120.87,86.15
99.18,120.86,86.16
99.23,120.93,86.12
99.23,120.93,86.12
99.23,120.92,86.12
99.25,120.96,86.11
99.14,120.79,86.20
99.19,120.87,86.15
99.23,120.93,86.12
82.27,114.38,89.04
82.28,114.38,89.04
82.26,114.38,89.04
82.26,114.38,89.04
82.28,114.38,89.04
82.28,114.38,89.04
82.27,114.38,89.04
82.28,114.38,89.04
82.40,114.40,89.03
82.47,114.41,89.03
82.42,114.40,89.03
82.31,114.39,89.04
82.32,114.39,89.04
82.37,114.40,89.03
82.34,114.39,89.04
82.42,114.40,89.03
82.33,114.39,89.04
82.36,114.39,89.04
82.31,114.39,89.04
82.44,114.41,89.03
82.37,114.40,89.03
82.34,114.39,89.04
82.34,114.39,89.04
82.43,114.40,89.03
82.38,114.40,89.03
82.32,114.39,89.04
82.40,114.40,89.03
82.56,114.42,89.03
82.69,114.44,89.03
82.58,114.42,89.03
82.61,114.43,89.03
82.60,114.43,89.03
82.69,114.44,89.03
82.57,114.42,89.03
82.52,114.42,89.03
82.43,114.40,89.03
82.41,114.40,89.03
82.71,114.44,89.03
82.60,114.43,89.03
82.55,114.42,89.03
82.47,114.41,89.03
82.59,114.43,89.03
82.58,114.42,89.03
82.72,114.44,89.03
82.83,114.45,89.04
83.01,114.48,89.04
82.84,114.46,89.04
82.87,114.46,89.04
82.86,114.46,89.04
83.09,114.49,89.04
82.95,114.47,89.04
83.08,114.48,89.04
82.94,114.47,89.04
82.93,114.47,89.04
82.94,114.47,89.04
83.16,114.49,89.05
83.14,114.49,89.05
83.25,114.50,89.05
83.11,114.49,89.04
83.12,114.49,89.04
83.22,114.50,89.05
83.38,114.51,89.06
83.34,114.51,89.06
83.32,114.51,89.06
83.20,114.50,89.05
83.28,114.50,89.06
83.38,114.51,89.06
83.54,114.52,89.08
83.55,114.52,89.08
83.35,114.51,89.06
83.34,114.51,89.06
83.57,114.53,89.08
83.39,114.51,89.06
83.51,114.52,89.08
83.67,114.53,89.09
83.70,114.53,89.10
83.72,114.53,89.10
83.68,114.53,89.10
83.81,114.54,89.11
83.41,114.51,89.06
83.38,114.51,89.06
83.51,114.52,89.08
83.47,114.52,89.07
83.75,114.53,89.11
83.64,114.53,89.09
83.71,114.53,89.10
83.90,114.54,89.13
83.73,114.53,89.10
83.71,114.53,89.10
83.76,114.53,89.11
83.86,114.54,89.12
84.05,114.54,89.16
83.99,114.54,89.15
83.91,114.54,89.13
83.79,114.54,89.11
83.88,114.54,89.13
84.00,114.54,89.15
84.07,114.54,89.16
84.56,114.53,89.26
84.60,114.53,89.27
84.43,114.54,89.24
84.53,114.53,89.26
84.69,114.53,89.29
84.53,114.53,89.26
84.41,114.54,89.23
84.32,114.54,89.21
84.05,114.54,89.16
84.17,114.54,89.18
84.20,114.54,89.19
84.16,114.54,89.18
84.19,114.54,89.19
84.38,114.54,89.23
84.63,114.53,89.28
84.43,114.54,89.24
84.29,114.54,89.21
84.08,114.54,89.16
84.88,114.51,89.33
85.01,114.50,89.36
84.86,114.51,89.33
84.74,114.52,89.30
84.85,114.52,89.32
85.02,114.50,89.36
84.83,114.52,89.32
84.99,114.51,89.35
84.72,114.52,89.30
84.78,114.52,89.31
84.81,114.52,89.32
85.00,114.51,89.36
85.24,114.49,89.40
85.39,114.47,89.43
85.21,114.49,89.40
85.19,114.49,89.39
85.20,114.49,89.39
85.38,114.47,89.42
85.19,114.49,89.39
85.38,114.47,89.42
85.19,114.49,89.39
85.16,114.49,89.39
85.17,114.49,89.39
85.37,114.47,89.42
85.57,114.46,89.44
85.75,114.44,89.46
85.60,114.45,89.45
85.56,114.46,89.44
85.56,114.46,89.44
85.73,114.44,89.46
85.55,114.46,89.44
85.74,114.44,89.46
85.56,114.46,89.44
85.55,114.46,89.44
85.53,114.46,89.44
85.73,114.44,89.46
85.91,114.43,89.46
86.09,114.42,89.47
85.92,114.43,89.46
85.95,114.43,89.47
85.91,114.43,89.46
86.08,114.42,89.47
85.89,114.43,89.46
86.09,114.42,89.47
85.91,114.43,89.46
85.91,114.43,89.46
85.90,114.43,89.46
86.08,114.42,89.47
86.25,114.42,89.46
86.43,114.42,89.45
86.27,114.42,89.46
86.28,114.42,89.45
86.23,114.42,89.46
86.41,114.42,89.45
86.25,114.42,89.46
86.46,114.42,89.44
86.30,114.42,89.45
86.27,114.42,89.46
86.26,114.42,89.46
86.44,114.42,89.45
86.55,114.43,89.43
86.74,114.44,89.41
86.60,114.43,89.43
86.62,114.43,89.42
86.55,114.43,89.43
86.74,114.44,89.41
86.61,114.43,89.43
86.83,114.45,89.40
86.67,114.44,89.42
86.66,114.44,89.42
86.63,114.43,89.42
86.84,114.45,89.40
86.85,114.45,89.39
86.90,114.46,89.39
86.91,114.46,89.39
87.23,114.50,89.34
87.04,114.48,89.37
87.07,114.48,89.37
87.00,114.47,89.37
87.13,114.49,89.36
87.19,114.49,89.35
87.30,114.51,89.34
87.32,114.52,89.33
87.15,114.49,89.36
87.03,114.47,89.37
87.08,114.48,89.37
87.24,114.50,89.34
87.33,114.52,89.33
87.31,114.51,89.33
87.35,114.52,89.33
87.53,114.56,89.31
87.67,114.59,89.30
87.50,114.55,89.32
87.44,114.54,89.32
87.49,114.55,89.32
87.74,114.60,89.30
87.53,114.56,89.31
87.62,114.58,89.31
87.41,114.53,89.32
87.51,114.55,89.32
87.60,114.57,89.31
87.69,114.59,89.30
88.08,114.68,89.29
88.12,114.69,89.30
88.04,114.67,89.30
88.09,114.68,89.30
88.18,114.70,89.30
88.16,114.70,89.30
88.06,114.68,89.30
87.97,114.66,89.30
87.75,114.61,89.30
87.85,114.63,89.30
87.88,114.64,89.30
87.84,114.63,89.30
87.83,114.62,89.30
88.03,114.67,89.30
88.22,114.71,89.30
87.99,114.66,89.30
87.88,114.64,89.30
87.72,114.60,89.30
88.29,114.72,89.31
88.24,114.71,89.30
88.30,114.73,89.31
88.55,114.78,89.33
88.39,114.74,89.32
88.43,114.75,89.32
88.34,114.73,89.31
88.50,114.76,89.33
88.54,114.77,89.33
88.67,114.79,89.35
88.68,114.80,89.35
88.51,114.77,89.33
88.41,114.75,89.32
88.44,114.75,89.32
88.58,114.78,89.33
88.69,114.80,89.35
88.66,114.79,89.34
88.69,114.80,89.35
88.89,114.82,89.37
89.03,114.83,89.39
88.87,114.82,89.37
88.81,114.81,89.37
88.82,114.81,89.37
89.03,114.83,89.39
88.83,114.81,89.37
89.03,114.83,89.39
88.82,114.81,89.37
88.90,114.82,89.38
88.91,114.82,89.38
89.05,114.83,89.40
89.21,114.83,89.42
89.40,114.84,89.44
89.21,114.83,89.42
89.19,114.83,89.41
89.23,114.84,89.42
89.41,114.84,89.44
89.26,114.84,89.42
89.39,114.84,89.44
89.21,114.83,89.42
89.21,114.83,89.42
89.22,114.83,89.42
89.40,114.84,89.44
89.59,114.83,89.45
89.77,114.82,89.47
89.59,114.83,89.45
89.58,114.83,89.45
89.63,114.83,89.46
89.79,114.82,89.47
89.60,114.83,89.46
89.77,114.82,89.47
89.56,114.83,89.45
89.58,114.83,89.45
89.58,114.83,89.45
89.77,114.82,89.47
90.02,114.80,89.47
90.17,114.79,89.47
89.97,114.81,89.47
89.97,114.81,89.47
89.98,114.81,89.47
90.17,114.79,89.47
89.97,114.81,89.47
90.16,114.79,89.47
89.97,114.81,89.47
89.96,114.81,89.47
89.95,114.81,89.47
90.17,114.79,89.47
90.38,114.77,89.46
90.58,114.76,89.45
90.37,114.77,89.46
90.37,114.78,89.46
90.42,114.77,89.46
90.58,114.76,89.45
90.39,114.77,89.46
90.57,114.76,89.45
90.35,114.78,89.46
90.37,114.77,89.46
90.37,114.77,89.46
90.58,114.76,89.45
90.78,114.75,89.42
90.99,114.74,89.39
90.78,114.75,89.42
90.78,114.75,89.42
90.78,114.75,89.42
90.99,114.74,89.39
90.78,114.75,89.42
90.99,114.73,89.39
90.78,114.75,89.42
90.76,114.75,89.42
90.78,114.75,89.42
90.99,114.73,89.39
91.25,114.74,89.35
91.41,114.74,89.31
91.20,114.74,89.35
91.20,114.74,89.35
91.20,114.74,89.35
91.40,114.74,89.32
91.19,114.74,89.36
91.40,114.74,89.32
91.19,114.74,89.36
91.14,114.74,89.37
91.18,114.74,89.36
91.39,114.74,89.32
91.60,114.76,89.27
91.81,114.78,89.22
91.64,114.76,89.26
91.62,114.76,89.27
91.59,114.76,89.27
91.78,114.77,89.23
91.58,114.75,89.28
91.81,114.78,89.22
91.60,114.76,89.27
91.59,114.75,89.27
91.54,114.75,89.28
91.77,114.77,89.23
91.91,114.79,89.20
92.18,114.86,89.13
92.02,114.82,89.17
92.04,114.83,89.16
91.90,114.79,89.20
92.07,114.83,89.16
91.89,114.79,89.20
92.26,114.88,89.11
92.04,114.83,89.16
92.02,114.82,89.17
91.91,114.80,89.20
92.17,114.86,89.13
92.23,114.87,89.11
92.33,114.90,89.09
92.21,114.87,89.12
92.73,115.05,88.98
92.88,115.12,88.94
92.83,115.10,88.95
92.32,114.90,89.09
92.52,114.98,89.04
92.57,114.99,89.02
92.77,115.07,88.97
92.59,115.00,89.02
92.53,114.98,89.03
92.47,114.96,89.05
92.46,114.95,89.05
92.71,115.05,88.98
92.97,115.16,88.92
92.82,115.09,88.96
92.87,115.12,88.94
92.95,115.15,88.93
93.15,115.25,88.88
92.99,115.17,88.91
93.07,115.21,88.89
92.93,115.15,88.93
93.13,115.25,88.88
92.96,115.16,88.92
93.19,115.28,88.87
93.10,115.23,88.89
93.09,115.22,88.89
93.06,115.21,88.90
93.18,115.27,88.87
93.23,115.30,88.86
93.40,115.39,88.82
93.28,115.33,88.85
93.31,115.34,88.84
93.25,115.31,88.85
93.40,115.39,88.82
93.30,115.34,88.84
93.48,115.44,88.81
93.35,115.37,88.83
93.36,115.37,88.83
93.33,115.35,88.84
93.49,115.44,88.81
93.48,115.44,88.81
93.52,115.46,88.80
93.53,115.47,88.80
93.80,115.62,88.76
93.65,115.54,88.78
93.67,115.55,88.78
93.63,115.52,88.79
93.70,115.56,88.77
93.71,115.57,88.77
93.81,115.63,88.76
93.81,115.63,88.76
93.70,115.57,88.77
93.63,115.53,88.78
93.68,115.55,88.78
93.80,115.62,88.76
93.91,115.68,88.75
93.90,115.67,88.75
93.91,115.68,88.75
93.94,115.69,88.74
93.92,115.68,88.74
93.93,115.68,88.74
94.24,115.84,88.71
94.11,115.78,88.72
94.14,115.79,88.72
94.03,115.74,88.73
94.16,115.80,88.72
94.20,115.81,88.72
94.31,115.86,88.71
94.30,115.86,88.71
94.15,115.79,88.72
94.03,115.73,88.73
94.14,115.79,88.72
94.24,115.84,88.71
94.33,115.87,88.71
94.31,115.87,88.71
94.33,115.87,88.71
94.49,115.94,88.70
94.64,115.99,88.69
94.51,115.94,88.70
94.46,115.92,88.70
94.44,115.91,88.70
94.62,115.99,88.69
94.45,115.92,88.70
94.66,116.00,88.69
94.46,115.92,88.70
94.53,115.95,88.70
94.52,115.94,88.70
94.65,115.99,88.69
94.76,116.03,88.69
94.95,116.10,88.69
94.81,116.05,88.69
94.83,116.06,88.69
94.77,116.04,88.69
94.95,116.10,88.69
94.81,116.05,88.69
95.05,116.14,88.69
94.88,116.08,88.69
94.89,116.08,88.69
94.84,116.06,88.69
95.04,116.13,88.69
95.07,116.14,88.69
95.13,116.16,88.69
95.12,116.16,88.69
95.48,116.29,88.70
95.27,116.22,88.69
95.31,116.23,88.70
95.26,116.21,88.69
95.37,116.25,88.70
95.43,116.27,88.70
95.56,116.32,88.71
95.54,116.32,88.70
95.36,116.25,88.70
95.23,116.20,88.69
95.29,116.22,88.69
95.46,116.28,88.70
95.59,116.34,88.71
95.56,116.32,88.71
95.59,116.33,88.71
95.71,116.39,88.72
95.88,116.46,88.73
95.77,116.41,88.72
95.72,116.39,88.72
95.66,116.37,88.71
95.89,116.47,88.73
95.72,116.39,88.72
95.99,116.51,88.74
95.79,116.42,88.72
95.87,116.46,88.73
95.81,116.43,88.73
95.99,116.51,88.74
96.01,116.52,88.74
96.06,116.55,88.75
96.07,116.56,88.75
96.39,116.73,88.79
96.21,116.63,88.77
96.25,116.65,88.77
96.19,116.62,88.76
96.30,116.68,88.78
96.34,116.70,88.78
96.48,116.79,88.80
96.48,116.79,88.80
96.28,116.67,88.77
96.17,116.61,88.76
96.22,116.64,88.77
96.38,116.72,88.79
96.51,116.81,88.80
96.48,116.79,88.80
96.49,116.79,88.80
96.47,116.79,88.80
96.73,116.97,88.83
96.64,116.90,88.82
96.59,116.87,88.81
96.55,116.84,88.81
96.73,116.97,88.83
96.59,116.87,88.81
96.80,117.03,88.83
96.47,116.78,88.80
96.72,116.96,88.83
96.69,116.94,88.82
96.82,117.05,88.84
96.81,117.04,88.84
96.85,117.08,88.84
96.85,117.08,88.84
97.11,117.34,88.84
97.00,117.22,88.84
96.97,117.20,88.84
96.93,117.15,88.84
97.01,117.23,88.84
97.02,117.24,88.84
97.07,117.29,88.85
97.07,117.29,88.85
97.02,117.25,88.84
96.95,117.17,88.84
96.98,117.21,88.84
97.12,117.35,88.84
97.21,117.46,88.82
97.19,117.44,88.83
97.30,117.59,88.80
97.21,117.47,88.82
97.21,117.47,88.82
97.23,117.50,88.82
97.29,117.58,88.80
97.38,117.71,88.76
97.34,117.66,88.77
97.37,117.70,88.76
97.16,117.39,88.84
97.15,117.39,88.84
97.16,117.40,88.83
97.29,117.58,88.80
97.36,117.69,88.76
97.27,117.55,88.81
97.33,117.65,88.78
97.35,117.67,88.77
97.53,118.00,88.63
97.46,117.86,88.70
97.51,117.95,88.65
97.45,117.84,88.70
97.45,117.85,88.70
97.44,117.83,88.70
97.53,117.99,88.63
97.50,117.92,88.67
97.43,117.80,88.72
97.40,117.76,88.74
97.47,117.87,88.69
97.50,117.93,88.66
97.56,118.07,88.58
97.56,118.05,88.59
97.55,118.04,88.60
97.56,118.05,88.59
97.57,118.08,88.57
97.55,118.03,88.60
97.73,118.43,88.29
97.77,118.52,88.21
97.78,118.55,88.18
97.61,118.16,88.51
97.68,118.32,88.38
97.68,118.31,88.39
97.73,118.43,88.29
97.66,118.27,88.42
97.63,118.21,88.47
97.65,118.26,88.43
97.67,118.31,88.39
97.75,118.47,88.26
97.82,118.62,88.11
97.86,118.71,88.02
97.92,118.84,87.89
97.89,118.76,87.97
97.80,118.59,88.14
97.79,118.57,88.16
97.87,118.74,87.99
98.06,119.10,87.61
98.14,119.23,87.48
98.12,119.21,87.50
98.07,119.11,87.60
98.03,119.05,87.67
98.02,119.02,87.70
97.94,118.86,87.86
97.97,118.93,87.79
98.00,118.99,87.73
98.01,119.01,87.71
97.92,118.82,87.91
98.20,119.34,87.37
98.13,119.21,87.50
98.14,119.24,87.47
97.77,118.52,88.20
97.82,118.64,88.10
97.79,118.56,88.17
97.87,118.73,88.01
97.93,118.85,87.87
97.89,118.77,87.96
97.88,118.75,87.98
97.83,118.65,88.09
98.10,119.16,87.55
98.16,119.26,87.45
98.04,119.05,87.67
98.01,119.00,87.72
98.05,119.07,87.64
98.10,119.17,87.54
97.94,118.88,87.85
98.38,119.63,87.09
98.47,119.76,86.97
98.49,119.81,86.93
98.16,119.27,87.44
98.29,119.48,87.23
98.25,119.42,87.29
98.38,119.62,87.10
98.26,119.44,87.28
98.29,119.48,87.23
98.30,119.49,87.22
98.31,119.51,87.21
98.39,119.64,87.08
98.60,119.97,86.79
98.50,119.81,86.93
98.49,119.80,86.94
98.48,119.79,86.95
98.60,119.96,86.79
98.49,119.80,86.94
98.80,120.27,86.55
98.87,120.37,86.47
98.87,120.38,86.47
98.60,119.97,86.79
98.73,120.17,86.63
98.72,120.15,86.65
98.82,120.30,86.52
98.70,120.12,86.67
98.68,120.09,86.69
98.69,120.11,86.67
98.70,120.12,86.67
98.82,120.30,86.52
98.96,120.52,86.37
98.89,120.41,86.45
98.91,120.44,86.42
98.89,120.41,86.45
98.96,120.52,86.37
98.91,120.44,86.43
99.10,120.73,86.23
99.05,120.65,86.28
99.04,120.63,86.29
99.01,120.60,86.32
99.03,120.63,86.30
99.03,120.63,86.30
99.09,120.71,86.25
99.08,120.70,86.25
99.03,120.62,86.30
98.96,120.51,86.38
99.03,120.62,86.30
99.09,120.72,86.24
99.15,120.81,86.19
99.14,120.79,86.20
99.19,120.87,86.15
99.14,120.79,86.20
99.13,120.78,86.21
99.15,120.80,86.19
99.19,120.86,86.16
99.21,120.90,86.14
99.21,120.90,86.14
99.23,120.93,86.12
99.21,120.90,86.13
99.21,120.89,86.14
99.21,120.90,86.14
99.23,120.93,86.12
99.24,120.94,86.11
99.24,120.94,86.11
99.24,120.94,86.11
99.11,120.75,86.22
99.11,120.75,86.22
99.11,120.74,86.23
99.16,120.83,86.18
99.19,120.87,86.15
99.17,120.83,86.18
99.19,120.86,86.16
99.13,120.78,86.20
99.21,120.90,86.14
99.23,120.93,86.12
99.21,120.90,86.14
99.23,120.93,86.12
99.21,120.90,86.14
99.24,120.94,86.11
82.28,114.38,89.04
82.29,114.38,89.04
82.28,114.38,89.04
82.27,114.38,89.04
82.28,114.38,89.04
82.27,114.38,89.04
82.26,114.38,89.04
82.25,114.38,89.04
82.25,114.38,89.04
82.25,114.38,89.04
82.26,114.38,89.04
82.27,114.38,89.04
82.27,114.38,89.04
82.28,114.38,89.04
82.27,114.38,89.04
82.29,114.38,89.04
82.28,114.38,89.04
82.27,114.38,89.04
82.28,114.38,89.04
82.29,114.38,89.04
82.28,114.38,89.04
82.26,114.38,89.04
82.26,114.38,89.04
82.26,114.38,89.04
82.28,114.38,89.04
82.29,114.38,89.04
82.27,114.38,89.04
82.28,114.38,89.04
82.42,114.40,89.03
82.46,114.41,89.03
82.43,114.40,89.03
82.45,114.41,89.03
82.48,114.41,89.03
82.46,114.41,89.03
82.41,114.40,89.03
82.38,114.40,89.03
82.37,114.40,89.03
82.29,114.38,89.04
82.30,114.39,89.04
82.30,114.39,89.04
82.30,114.39,89.04
82.31,114.39,89.04
82.33,114.39,89.04
82.33,114.39,89.04
82.33,114.39,89.04
82.34,114.39,89.04
82.38,114.40,89.03
82.41,114.40,89.03
82.36,114.39,89.03
82.31,114.39,89.04
82.35,114.39,89.04
82.37,114.40,89.03
82.36,114.39,89.03
82.40,114.40,89.03
82.39,114.40,89.03
82.43,114.40,89.03
82.31,114.39,89.04
82.30,114.39,89.04
82.30,114.39,89.04
82.33,114.39,89.04
82.36,114.39,89.03
82.37,114.40,89.03
82.34,114.39,89.04
82.32,114.39,89.04
82.29,114.38,89.04
82.33,114.39,89.04
82.32,114.39,89.04
82.35,114.39,89.04
82.47,114.41,89.03
82.43,114.40,89.03
82.41,114.40,89.03
82.42,114.40,89.03
82.38,114.40,89.03
82.39,114.40,89.03
82.36,114.39,89.03
82.34,114.39,89.04
82.35,114.39,89.04
82.37,114.39,89.04
82.32,114.39,89.04
82.31,114.39,89.04
82.37,114.40,89.03
82.34,114.39,89.04
82.32,114.39,89.04
82.32,114.39,89.04
82.31,114.39,89.04
82.41,114.40,89.03
82.39,114.40,89.03
82.40,114.40,89.03
82.44,114.41,89.03
82.42,114.40,89.03
82.36,114.39,89.04
82.33,114.39,89.04
82.30,114.39,89.04
82.30,114.39,89.04
82.31,114.39,89.04
82.31,114.39,89.04
82.33,114.39,89.04
82.37,114.40,89.03
82.36,114.39,89.03
82.35,114.39,89.04
82.39,114.40,89.03
82.43,114.40,89.03
82.61,114.43,89.03
82.67,114.44,89.03
82.62,114.43,89.03
82.64,114.43,89.03
82.70,114.44,89.03
82.65,114.43,89.03
82.57,114.42,89.03
82.51,114.41,89.03
82.50,114.41,89.03
82.53,114.42,89.03
82.60,114.43,89.03
82.67,114.44,89.03
82.54,114.42,89.03
82.55,114.42,89.03
82.66,114.43,89.03
82.70,114.44,89.03
82.65,114.43,89.03
82.63,114.43,89.03
82.68,114.44,89.03
82.62,114.43,89.03
82.58,114.42,89.03
82.53,114.42,89.03
82.54,114.42,89.03
82.59,114.42,89.03
82.54,114.42,89.03
82.48,114.41,89.03
82.45,114.41,89.03
82.40,114.40,89.03
82.50,114.41,89.03
82.45,114.41,89.03
82.53,114.42,89.03
82.49,114.41,89.03
82.47,114.41,89.03
82.38,114.40,89.03
82.39,114.40,89.03
82.42,114.40,89.03
82.45,114.41,89.03
82.40,114.40,89.03
82.72,114.44,89.03
82.66,114.43,89.03
82.66,114.43,89.03
82.71,114.44,89.03
82.65,114.43,89.03
82.60,114.43,89.03
82.55,114.42,89.03
82.52,114.42,89.03
82.58,114.42,89.03
82.63,114.43,89.03
82.50,114.41,89.03
82.47,114.41,89.03
82.48,114.41,89.03
82.54,114.42,89.03
82.53,114.42,89.03
82.46,114.41,89.03
82.52,114.42,89.03
82.59,114.43,89.03
82.66,114.43,89.03
82.52,114.42,89.03
82.59,114.42,89.03
82.65,114.43,89.03
82.64,114.43,89.03
82.71,114.44,89.03
82.65,114.43,89.03
82.72,114.44,89.03
82.51,114.41,89.03
82.49,114.41,89.03
82.56,114.42,89.03
82.44,114.40,89.03
82.44,114.41,89.03
82.41,114.40,89.03
82.91,114.46,89.04
83.00,114.48,89.04
82.91,114.47,89.04
82.92,114.47,89.04
83.01,114.48,89.04
82.92,114.47,89.04
82.83,114.45,89.04
82.75,114.44,89.03
82.74,114.44,89.03
82.76,114.45,89.03
82.85,114.46,89.03
82.82,114.45,89.04
82.78,114.45,89.03
82.81,114.45,89.04
82.75,114.45,89.03
82.77,114.45,89.03
82.79,114.45,89.03
82.85,114.46,89.03
82.93,114.47,89.04
83.03,114.48,89.04
82.96,114.47,89.04
82.90,114.46,89.04
82.84,114.46,89.04
83.03,114.48,89.04
83.06,114.48,89.04
83.13,114.49,89.04
83.04,114.48,89.04
82.98,114.47,89.04
82.99,114.47,89.04
83.13,114.49,89.04
83.04,114.48,89.04
82.88,114.46,89.04
82.83,114.45,89.04
82.83,114.45,89.04
82.93,114.47,89.04
83.05,114.48,89.04
82.83,114.45,89.04
82.82,114.45,89.04
82.83,114.45,89.04
82.83,114.45,89.04
82.83,114.45,89.04
82.94,114.47,89.04
83.05,114.48,89.04
83.17,114.49,89.05
83.05,114.48,89.04
82.94,114.47,89.04
83.04,114.48,89.04
83.16,114.49,89.05
83.21,114.50,89.05
83.25,114.50,89.05
83.20,114.50,89.05
83.19,114.49,89.05
83.25,114.50,89.05
83.18,114.49,89.05
83.12,114.49,89.04
83.06,114.48,89.04
83.07,114.48,89.04
83.06,114.48,89.04
83.12,114.49,89.04
83.18,114.49,89.05
83.07,114.48,89.04
83.07,114.48,89.04
83.11,114.49,89.04
83.23,114.50,89.05
83.20,114.50,89.05
83.18,114.49,89.05
83.25,114.50,89.05
83.33,114.51,89.06
83.31,114.51,89.06
83.29,114.50,89.06
83.26,114.50,89.05
83.36,114.51,89.06
83.42,114.51,89.07
83.44,114.52,89.07
83.24,114.50,89.05
83.21,114.50,89.05
83.27,114.50,89.06
83.36,114.51,89.06
83.30,114.51,89.06
83.17,114.49,89.05
83.10,114.49,89.04
83.15,114.49,89.05
83.25,114.50,89.05
83.34,114.51,89.06
83.19,114.50,89.05
83.21,114.50,89.05
83.27,114.50,89.06
83.36,114.51,89.06
83.46,114.52,89.07
83.49,114.52,89.07
83.56,114.53,89.08
83.44,114.52,89.07
83.52,114.52,89.08
83.57,114.53,89.08
83.47,114.52,89.07
83.37,114.51,89.06
83.26,114.50,89.06
83.45,114.52,89.07
83.44,114.52,89.07
83.54,114.52,89.08
83.25,114.50,89.05
83.26,114.50,89.05
83.35,114.51,89.06
83.43,114.52,89.07
83.26,114.50,89.05
83.55,114.52,89.08
83.45,114.52,89.07
83.37,114.51,89.06
83.27,114.50,89.06
83.48,114.52,89.07
83.51,114.52,89.07
83.60,114.53,89.09
83.46,114.52,89.07
83.39,114.51,89.06
83.45,114.52,89.07
83.56,114.53,89.08
83.33,114.51,89.06
83.59,114.53,89.09
83.61,114.53,89.09
83.68,114.53,89.10
83.74,114.53,89.10
83.75,114.53,89.11
83.62,114.53,89.09
83.64,114.53,89.09
83.67,114.53,89.10
83.65,114.53,89.09
83.69,114.53,89.10
83.77,114.54,89.11
83.74,114.53,89.11
83.62,114.53,89.09
83.60,114.53,89.09
83.67,114.53,89.10
83.74,114.53,89.11
83.80,114.54,89.11
83.74,114.53,89.10
83.81,114.54,89.11
83.47,114.52,89.07
83.46,114.52,89.07
83.40,114.51,89.06
83.32,114.51,89.06
83.31,114.51,89.06
83.33,114.51,89.06
83.33,114.51,89.06
83.50,114.52,89.07
83.45,114.52,89.07
83.46,114.52,89.07
83.52,114.52,89.08
83.40,114.51,89.06
83.50,114.52,89.07
83.42,114.52,89.07
83.39,114.51,89.06
83.43,114.52,89.07
83.35,114.51,89.06
83.68,114.53,89.10
83.63,114.53,89.09
83.58,114.53,89.08
83.53,114.52,89.08
83.69,114.53,89.10
83.76,114.54,89.11
83.82,114.54,89.12
83.61,114.53,89.09
83.59,114.53,89.08
83.66,114.53,89.09
83.79,114.54,89.11
83.56,114.52,89.08
83.89,114.54,89.13
83.80,114.54,89.11
83.71,114.53,89.10
83.63,114.53,89.09
83.82,114.54,89.12
83.82,114.54,89.12
83.91,114.54,89.13
83.60,114.53,89.09
83.61,114.53,89.09
83.72,114.53,89.10
83.82,114.54,89.12
83.62,114.53,89.09
83.84,114.54,89.12
83.73,114.53,89.10
83.62,114.53,89.09
83.65,114.53,89.09
83.66,114.53,89.09
83.72,114.53,89.10
83.78,114.54,89.11
83.84,114.54,89.12
83.81,114.54,89.12
83.89,114.54,89.13
83.99,114.54,89.15
83.96,114.54,89.14
83.93,114.54,89.13
83.90,114.54,89.13
84.02,114.54,89.15
84.09,114.54,89.17
84.11,114.54,89.17
83.89,114.54,89.13
83.83,114.54,89.12
83.85,114.54,89.12
83.93,114.54,89.14
83.87,114.54,89.12
83.77,114.54,89.11
83.70,114.53,89.10
83.75,114.53,89.11
83.83,114.54,89.12
83.92,114.54,89.13
83.80,114.54,89.11
83.86,114.54,89.12
83.90,114.54,89.13
83.91,114.54,89.13
83.91,114.54,89.13
84.00,114.54,89.15
84.09,114.54,89.17
84.12,114.54,89.17
84.03,114.54,89.16
83.94,114.54,89.14
83.97,114.54,89.14
84.01,114.54,89.15
84.64,114.53,89.28
84.66,114.53,89.29
84.58,114.53,89.27
84.52,114.53,89.25
84.54,114.53,89.26
84.45,114.54,89.24
84.49,114.53,89.25
84.42,114.54,89.23
84.48,114.53,89.25
84.46,114.53,89.24
84.55,114.53,89.26
84.62,114.53,89.28
84.59,114.53,89.27
84.68,114.53,89.29
84.63,114.53,89.28
84.71,114.52,89.30
84.57,114.53,89.27
84.50,114.53,89.25
84.46,114.53,89.24
84.38,114.54,89.22
84.31,114.54,89.21
84.28,114.54,89.20
84.44,114.54,89.24
84.40,114.54,89.23
84.50,114.53,89.25
84.14,114.54,89.17
84.20,114.54,89.19
84.11,114.54,89.17
83.96,114.54,89.14
84.03,114.54,89.15
84.26,114.54,89.20
84.32,114.54,89.21
84.06,114.54,89.16
84.04,114.54,89.16
84.18,114.54,89.18
84.31,114.54,89.21
84.27,114.54,89.20
84.31,114.54,89.21
84.32,114.54,89.21
84.04,114.54,89.16
84.18,114.54,89.19
84.03,114.54,89.16
84.21,114.54,89.19
84.30,114.54,89.21
84.39,114.54,89.23
84.49,114.53,89.25
84.29,114.54,89.21
84.28,114.54,89.20
84.19,114.54,89.19
84.61,114.53,89.28
84.51,114.53,89.25
84.52,114.53,89.26
84.65,114.53,89.28
84.54,114.53,89.26
84.40,114.54,89.23
84.30,114.54,89.21
84.32,114.54,89.21
84.23,114.54,89.19
84.10,114.54,89.17
84.17,114.54,89.18
84.24,114.54,89.20
84.41,114.54,89.23
84.33,114.54,89.22
84.48,114.53,89.25
84.15,114.54,89.18
84.06,114.54,89.16
84.00,114.54,89.15
84.01,114.54,89.15
83.98,114.54,89.14
84.08,114.54,89.16
84.14,114.54,89.18
84.13,114.54,89.17
84.96,114.51,89.35
85.03,114.50,89.36
84.95,114.51,89.35
84.94,114.51,89.34
85.01,114.51,89.36
84.92,114.51,89.34
84.87,114.51,89.33
84.79,114.52,89.31
84.80,114.52,89.32
84.73,114.52,89.30
84.80,114.52,89.31
84.87,114.51,89.33
84.67,114.53,89.29
84.61,114.53,89.27
84.78,114.52,89.31
84.77,114.52,89.31
84.76,114.52,89.31
84.86,114.51,89.33
84.94,114.51,89.35
85.04,114.50,89.36
84.93,114.51,89.34
84.84,114.52,89.32
84.75,114.52,89.30
84.93,114.51,89.34
84.92,114.51,89.34
85.02,114.50,89.36
84.99,114.51,89.36
84.86,114.51,89.33
84.85,114.51,89.33
84.98,114.51,89.35
84.85,114.51,89.33
84.73,114.52,89.30
84.60,114.53,89.27
84.62,114.53,89.28
84.75,114.52,89.31
84.88,114.51,89.33
84.65,114.53,89.28
84.69,114.53,89.29
84.74,114.52,89.30
84.71,114.52,89.30
84.70,114.53,89.29
84.82,114.52,89.32
84.91,114.51,89.34
85.00,114.51,89.36
84.90,114.51,89.34
84.79,114.52,89.31
84.89,114.51,89.33
84.98,114.51,89.35
85.33,114.48,89.42
85.40,114.47,89.43
85.31,114.48,89.41
85.30,114.48,89.41
85.39,114.47,89.43
85.30,114.48,89.41
85.22,114.49,89.40
85.13,114.49,89.38
85.15,114.49,89.38
85.12,114.50,89.38
85.20,114.49,89.39
85.29,114.48,89.41
85.10,114.50,89.38
85.10,114.50,89.37
85.12,114.50,89.38
85.11,114.50,89.38
85.11,114.50,89.38
85.21,114.49,89.39
85.29,114.48,89.41
85.38,114.47,89.42
85.29,114.48,89.41
85.20,114.49,89.39
85.10,114.50,89.38
85.29,114.48,89.41
85.28,114.48,89.41
85.38,114.47,89.42
85.38,114.47,89.42
85.28,114.48,89.41
85.28,114.48,89.41
85.37,114.47,89.42
85.28,114.48,89.41
85.19,114.49,89.39
85.09,114.50,89.37
85.09,114.50,89.37
85.18,114.49,89.39
85.26,114.48,89.40
85.08,114.50,89.37
85.06,114.50,89.37
85.09,114.50,89.37
85.08,114.50,89.37
85.07,114.50,89.37
85.18,114.49,89.39
85.27,114.48,89.41
85.37,114.47,89.42
85.27,114.48,89.40
85.17,114.49,89.39
85.27,114.48,89.40
85.36,114.47,89.42
85.65,114.45,89.45
85.74,114.44,89.46
85.65,114.45,89.45
85.67,114.45,89.45
85.76,114.44,89.46
85.69,114.45,89.46
85.58,114.46,89.45
85.51,114.46,89.44
85.49,114.46,89.44
85.48,114.47,89.43
85.57,114.46,89.44
85.66,114.45,89.45
85.48,114.47,89.43
85.47,114.47,89.43
85.47,114.47,89.43
85.47,114.47,89.43
85.46,114.47,89.43
85.56,114.46,89.44
85.65,114.45,89.45
85.74,114.44,89.46
85.64,114.45,89.45
85.55,114.46,89.44
85.46,114.47,89.43
85.64,114.45,89.45
85.64,114.45,89.45
85.73,114.44,89.46
85.74,114.44,89.46
85.65,114.45,89.45
85.65,114.45,89.45
85.74,114.44,89.46
85.65,114.45,89.45
85.56,114.46,89.44
85.47,114.47,89.43
85.47,114.47,89.43
85.56,114.46,89.44
85.64,114.45,89.45
85.47,114.47,89.43
85.45,114.47,89.43
85.46,114.47,89.43
85.46,114.47,89.43
85.44,114.47,89.43
85.55,114.46,89.44
85.62,114.45,89.45
85.72,114.44,89.46
85.63,114.45,89.45
85.54,114.46,89.44
85.64,114.45,89.45
85.73,114.44,89.46
86.00,114.43,89.47
86.09,114.42,89.47
86.00,114.43,89.47
86.01,114.43,89.47
86.10,114.42,89.47
86.02,114.43,89.47
85.92,114.43,89.46
85.83,114.44,89.46
85.82,114.44,89.46
85.84,114.44,89.46
85.93,114.43,89.46
86.04,114.43,89.47
85.85,114.44,89.46
85.87,114.44,89.46
85.82,114.44,89.46
85.82,114.44,89.46
85.82,114.44,89.46
85.91,114.43,89.46
86.00,114.43,89.47
86.08,114.42,89.47
85.99,114.43,89.47
85.91,114.43,89.46
85.80,114.44,89.46
85.99,114.43,89.47
85.97,114.43,89.47
86.07,114.42,89.47
86.11,114.42,89.47
86.01,114.43,89.47
86.00,114.43,89.47
86.09,114.42,89.47
86.00,114.43,89.47
85.92,114.43,89.46
85.83,114.44,89.46
85.83,114.44,89.46
85.91,114.43,89.46
86.00,114.43,89.47
85.82,114.44,89.46
85.82,114.44,89.46
85.81,114.44,89.46
85.81,114.44,89.46
85.82,114.44,89.46
85.90,114.43,89.46
85.98,114.43,89.47
86.08,114.42,89.47
85.99,114.43,89.47
85.91,114.43,89.46
86.00,114.43,89.47
86.08,114.42,89.47
86.34,114.42,89.45
86.42,114.42,89.45
86.34,114.42,89.45
86.35,114.42,89.45
86.44,114.42,89.44
86.36,114.42,89.45
86.26,114.42,89.46
86.18,114.42,89.46
86.17,114.42,89.46
86.18,114.42,89.46
86.27,114.42,89.45
86.36,114.42,89.45
86.19,114.42,89.46
86.20,114.42,89.46
86.17,114.42,89.46
86.16,114.42,89.46
86.15,114.42,89.46
86.25,114.42,89.46
86.32,114.42,89.45
86.41,114.42,89.45
86.33,114.42,89.45
86.24,114.42,89.46
86.16,114.42,89.46
86.33,114.42,89.45
86.33,114.42,89.45
86.42,114.42,89.45
86.45,114.42,89.44
86.37,114.42,89.45
86.38,114.42,89.45
86.46,114.42,89.44
86.39,114.42,89.45
86.29,114.42,89.45
86.22,114.42,89.46
86.19,114.42,89.46
86.27,114.42,89.45
86.36,114.42,89.45
86.18,114.42,89.46
86.18,114.42,89.46
86.16,114.42,89.46
86.17,114.42,89.46
86.17,114.42,89.46
86.25,114.42,89.46
86.34,114.42,89.45
86.43,114.42,89.45
86.34,114.42,89.45
86.26,114.42,89.46
86.35,114.42,89.45
86.44,114.42,89.44
86.60,114.43,89.43
86.71,114.44,89.41
86.63,114.43,89.42
86.67,114.43,89.42
86.76,114.44,89.41
86.69,114.44,89.42
86.58,114.43,89.43
86.50,114.42,89.44
86.48,114.42,89.44
86.52,114.43,89.44
86.61,114.43,89.43
86.70,114.44,89.42
86.53,114.43,89.43
86.54,114.43,89.43
86.48,114.42,89.44
86.49,114.42,89.44
86.50,114.42,89.44
86.55,114.43,89.43
86.59,114.43,89.43
86.72,114.44,89.41
86.64,114.43,89.42
86.59,114.43,89.43
86.51,114.42,89.44
86.68,114.43,89.42
86.70,114.44,89.42
86.76,114.44,89.41
86.81,114.44,89.40
86.72,114.44,89.41
86.75,114.44,89.41
86.86,114.45,89.39
86.77,114.44,89.40
86.65,114.43,89.42
86.56,114.43,89.43
86.56,114.43,89.43
86.66,114.44,89.42
86.78,114.44,89.40
86.56,114.43,89.43
86.57,114.43,89.43
86.52,114.43,89.44
86.53,114.43,89.43
86.54,114.43,89.43
86.62,114.43,89.42
86.71,114.44,89.41
86.81,114.44,89.40
86.73,114.44,89.41
86.65,114.44,89.42
86.75,114.44,89.41
86.87,114.45,89.39
86.94,114.46,89.38
86.96,114.46,89.38
86.87,114.45,89.39
86.82,114.45,89.40
86.84,114.45,89.40
86.80,114.44,89.40
86.77,114.44,89.41
86.85,114.45,89.40
86.83,114.45,89.40
86.88,114.45,89.39
86.96,114.46,89.38
86.80,114.44,89.40
87.21,114.50,89.35
87.12,114.48,89.36
87.13,114.49,89.36
87.05,114.48,89.37
86.97,114.46,89.38
86.98,114.47,89.38
87.14,114.49,89.36
87.15,114.49,89.35
87.23,114.50,89.34
86.95,114.46,89.38
86.92,114.46,89.39
86.89,114.45,89.39
87.04,114.47,89.37
87.12,114.48,89.36
87.19,114.49,89.35
87.07,114.48,89.37
86.96,114.46,89.38
87.01,114.47,89.37
87.08,114.48,89.36
87.29,114.51,89.34
87.34,114.52,89.33
87.25,114.50,89.34
87.22,114.50,89.35
87.27,114.51,89.34
87.17,114.49,89.35
87.11,114.48,89.36
87.36,114.52,89.33
87.26,114.51,89.34
87.17,114.49,89.35
87.09,114.48,89.36
87.23,114.50,89.34
87.21,114.50,89.35
87.30,114.51,89.34
87.03,114.47,89.37
86.97,114.47,89.38
86.92,114.46,89.39
87.10,114.48,89.36
87.16,114.49,89.35
86.99,114.47,89.38
87.06,114.48,89.37
87.14,114.49,89.36
87.22,114.50,89.34
87.16,114.49,89.35
87.25,114.50,89.34
87.18,114.49,89.35
86.95,114.46,89.38
87.05,114.48,89.37
86.93,114.46,89.38
87.28,114.51,89.34
87.28,114.51,89.34
87.32,114.52,89.33
87.37,114.53,89.33
87.36,114.52,89.33
87.27,114.51,89.34
87.26,114.51,89.34
87.28,114.51,89.34
87.33,114.52,89.33
87.39,114.53,89.33
87.29,114.51,89.34
87.31,114.51,89.33
87.61,114.58,89.31
87.68,114.59,89.30
87.60,114.57,89.31
87.59,114.57,89.31
87.65,114.58,89.30
87.58,114.57,89.31
87.52,114.56,89.32
87.45,114.54,89.32
87.45,114.54,89.32
87.41,114.53,89.33
87.47,114.55,89.32
87.55,114.56,89.31
87.38,114.53,89.33
87.34,114.52,89.33
87.43,114.54,89.32
87.40,114.53,89.33
87.38,114.53,89.33
87.50,114.55,89.32
87.59,114.57,89.31
87.72,114.60,89.30
87.61,114.57,89.31
87.49,114.55,89.32
87.39,114.53,89.33
87.63,114.58,89.31
87.58,114.57,89.31
87.76,114.61,89.30
87.63,114.58,89.31
87.52,114.56,89.31
87.52,114.55,89.31
87.58,114.57,89.31
87.51,114.55,89.32
87.43,114.54,89.32
87.33,114.52,89.33
87.37,114.52,89.33
87.46,114.54,89.32
87.57,114.57,89.31
87.42,114.53,89.32
87.46,114.54,89.32
87.44,114.54,89.32
87.48,114.55,89.32
87.50,114.55,89.32
87.58,114.57,89.31
87.69,114.59,89.30
87.73,114.60,89.30
87.65,114.58,89.30
87.58,114.57,89.31
87.60,114.57,89.31
87.64,114.58,89.31
88.13,114.69,89.30
88.14,114.69,89.30
88.09,114.68,89.30
88.07,114.68,89.29
88.10,114.69,89.30
88.05,114.67,89.30
88.05,114.67,89.30
88.01,114.66,89.30
88.04,114.67,89.30
88.04,114.67,89.30
88.08,114.68,89.29
88.14,114.69,89.30
88.15,114.70,89.30
88.19,114.71,89.30
88.13,114.69,89.30
88.17,114.70,89.30
88.20,114.71,89.30
88.15,114.70,89.30
88.11,114.69,89.30
88.02,114.67,89.30
87.96,114.65,89.30
87.92,114.64,89.30
88.06,114.68,89.29
88.04,114.67,89.30
88.12,114.69,89.30
87.82,114.62,89.30
87.86,114.63,89.30
87.81,114.62,89.30
87.70,114.59,89.30
87.75,114.60,89.30
87.91,114.64,89.30
87.97,114.65,89.30
87.78,114.61,89.30
87.77,114.61,89.30
87.86,114.63,89.30
87.93,114.65,89.30
87.91,114.64,89.30
87.95,114.65,89.30
87.98,114.66,89.30
87.77,114.61,89.30
87.87,114.63,89.30
87.76,114.61,89.30
87.85,114.63,89.30
87.95,114.65,89.30
88.03,114.67,89.30
88.03,114.67,89.30
87.92,114.64,89.30
87.90,114.64,89.30
87.80,114.62,89.30
88.23,114.71,89.30
88.11,114.69,89.30
88.10,114.69,89.30
88.21,114.71,89.30
88.10,114.68,89.30
88.00,114.66,89.30
87.89,114.64,89.30
87.93,114.65,89.30
87.86,114.63,89.30
87.79,114.61,89.30
87.81,114.62,89.30
87.83,114.62,89.30
87.99,114.66,89.30
87.94,114.65,89.30
88.05,114.67,89.30
87.80,114.62,89.30
87.74,114.60,89.30
87.67,114.59,89.30
87.66,114.58,89.30
87.68,114.59,89.30
87.71,114.60,89.30
87.78,114.61,89.30
87.76,114.61,89.30
88.35,114.74,89.31
88.32,114.73,89.31
88.27,114.72,89.31
88.18,114.70,89.30
88.16,114.70,89.30
88.19,114.71,89.30
88.22,114.71,89.30
88.26,114.72,89.31
88.24,114.72,89.30
88.29,114.73,89.31
88.35,114.74,89.31
88.23,114.71,89.30
88.54,114.77,89.33
88.48,114.76,89.32
88.49,114.76,89.33
88.41,114.75,89.32
88.32,114.73,89.31
88.33,114.73,89.31
88.50,114.77,89.33
88.52,114.77,89.33
88.59,114.78,89.34
88.28,114.72,89.31
88.24,114.72,89.30
88.21,114.71,89.30
88.38,114.74,89.32
88.47,114.76,89.32
88.54,114.77,89.33
88.42,114.75,89.32
88.28,114.72,89.31
88.37,114.74,89.32
88.45,114.75,89.32
88.65,114.79,89.34
88.70,114.80,89.35
88.61,114.79,89.34
88.57,114.78,89.33
88.64,114.79,89.34
88.54,114.77,89.33
88.48,114.76,89.33
88.70,114.80,89.35
88.62,114.79,89.34
88.54,114.77,89.33
88.45,114.76,89.32
88.59,114.78,89.34
88.54,114.77,89.33
88.65,114.79,89.34
88.40,114.75,89.32
88.36,114.74,89.31
88.31,114.73,89.31
88.46,114.76,89.32
88.52,114.77,89.33
88.34,114.73,89.31
88.42,114.75,89.32
88.49,114.76,89.33
88.55,114.77,89.33
88.51,114.77,89.33
88.61,114.78,89.34
88.53,114.77,89.33
88.33,114.73,89.31
88.42,114.75,89.32
88.31,114.73,89.31
88.64,114.79,89.34
88.63,114.79,89.34
88.67,114.79,89.35
88.73,114.80,89.35
88.72,114.80,89.35
88.62,114.79,89.34
88.61,114.78,89.34
88.63,114.79,89.34
88.68,114.80,89.35
88.73,114.80,89.35
88.64,114.79,89.34
88.66,114.79,89.34
88.96,114.82,89.38
89.03,114.83,89.39
88.96,114.82,89.38
88.95,114.82,89.38
89.02,114.83,89.39
88.95,114.82,89.38
88.88,114.82,89.37
88.80,114.81,89.36
88.81,114.81,89.36
88.78,114.81,89.36
88.85,114.81,89.37
88.92,114.82,89.38
88.74,114.80,89.36
88.71,114.80,89.35
88.78,114.81,89.36
88.75,114.80,89.36
88.72,114.80,89.35
88.85,114.81,89.37
88.93,114.82,89.38
89.03,114.83,89.39
88.93,114.82,89.38
88.83,114.81,89.37
88.72,114.80,89.35
88.93,114.82,89.38
88.94,114.82,89.38
89.04,114.83,89.40
89.03,114.83,89.39
88.92,114.82,89.38
88.92,114.82,89.38
89.03,114.83,89.39
88.93,114.82,89.38
88.82,114.81,89.37
88.71,114.80,89.35
88.76,114.80,89.36
88.86,114.81,89.37
88.97,114.82,89.39
88.79,114.81,89.36
88.84,114.81,89.37
88.76,114.80,89.36
88.80,114.81,89.36
88.84,114.81,89.37
88.87,114.81,89.37
89.00,114.83,89.39
89.06,114.83,89.40
88.98,114.83,89.39
88.90,114.82,89.38
88.97,114.83,89.39
89.04,114.83,89.40
89.30,114.84,89.43
89.40,114.84,89.44
89.30,114.84,89.43
89.30,114.84,89.43
89.39,114.84,89.44
89.30,114.84,89.43
89.21,114.83,89.42
89.12,114.83,89.41
89.12,114.83,89.41
89.12,114.83,89.41
89.21,114.83,89.42
89.28,114.84,89.43
89.12,114.83,89.40
89.10,114.83,89.40
89.12,114.83,89.41
89.13,114.83,89.41
89.15,114.83,89.41
89.22,114.83,89.42
89.31,114.84,89.43
89.40,114.84,89.44
89.32,114.84,89.43
89.24,114.84,89.42
89.17,114.83,89.41
89.33,114.84,89.43
89.35,114.84,89.43
89.42,114.84,89.44
89.38,114.84,89.44
89.29,114.84,89.43
89.30,114.84,89.43
89.39,114.84,89.44
89.30,114.84,89.43
89.20,114.83,89.42
89.11,114.83,89.40
89.12,114.83,89.41
89.21,114.83,89.42
89.31,114.84,89.43
89.12,114.83,89.41
89.13,114.83,89.41
89.14,114.83,89.41
89.13,114.83,89.41
89.13,114.83,89.41
89.22,114.83,89.42
89.31,114.84,89.43
89.40,114.84,89.44
89.31,114.84,89.43
89.22,114.83,89.42
89.31,114.84,89.43
89.40,114.84,89.44
89.68,114.83,89.46
89.78,114.82,89.47
89.68,114.83,89.46
89.68,114.83,89.46
89.77,114.82,89.47
89.68,114.83,89.46
89.59,114.83,89.45
89.49,114.83,89.45
89.49,114.83,89.45
89.49,114.83,89.45
89.58,114.83,89.45
89.68,114.83,89.46
89.49,114.83,89.45
89.48,114.84,89.45
89.50,114.83,89.45
89.50,114.83,89.45
89.54,114.83,89.45
89.59,114.83,89.45
89.73,114.82,89.47
89.80,114.82,89.47
89.70,114.83,89.46
89.61,114.83,89.46
89.51,114.83,89.45
89.69,114.83,89.46
89.69,114.83,89.46
89.78,114.82,89.47
89.77,114.82,89.47
89.67,114.83,89.46
89.67,114.83,89.46
89.76,114.82,89.47
89.66,114.83,89.46
89.57,114.83,89.45
89.47,114.84,89.45
89.48,114.83,89.45
89.58,114.83,89.45
89.68,114.83,89.46
89.49,114.83,89.45
89.49,114.83,89.45
89.49,114.83,89.45
89.49,114.83,89.45
89.49,114.83,89.45
89.59,114.83,89.45
89.68,114.83,89.46
89.77,114.82,89.47
89.68,114.83,89.46
89.58,114.83,89.45
89.68,114.83,89.46
89.77,114.82,89.47
90.12,114.80,89.47
90.17,114.79,89.47
90.07,114.80,89.47
90.07,114.80,89.47
90.22,114.79,89.47
90.08,114.80,89.47
89.98,114.81,89.47
89.88,114.81,89.47
89.92,114.81,89.47
89.87,114.82,89.47
89.97,114.81,89.47
90.07,114.80,89.47
89.87,114.82,89.47
89.87,114.82,89.47
89.90,114.81,89.47
89.88,114.81,89.47
89.87,114.82,89.47
90.00,114.81,89.47
90.07,114.80,89.47
90.17,114.79,89.47
90.07,114.80,89.47
89.97,114.81,89.47
89.88,114.82,89.47
90.08,114.80,89.47
90.09,114.80,89.47
90.17,114.79,89.47
90.16,114.79,89.47
90.06,114.80,89.47
90.06,114.80,89.47
90.17,114.79,89.47
90.07,114.80,89.47
89.97,114.81,89.47
89.87,114.82,89.47
89.87,114.82,89.47
89.97,114.81,89.47
90.04,114.80,89.47
89.86,114.82,89.47
89.85,114.82,89.47
89.87,114.82,89.47
89.87,114.82,89.47
89.87,114.82,89.47
89.97,114.81,89.47
90.07,114.80,89.47
90.17,114.79,89.47
90.07,114.80,89.47
89.96,114.81,89.47
90.07,114.80,89.47
90.17,114.79,89.47
90.48,114.77,89.45
90.58,114.76,89.45
90.47,114.77,89.45
90.47,114.77,89.45
90.58,114.76,89.45
90.47,114.77,89.45
90.37,114.77,89.46
90.27,114.78,89.47
90.27,114.78,89.47
90.27,114.78,89.47
90.37,114.77,89.46
90.47,114.77,89.45
90.27,114.78,89.47
90.27,114.78,89.47
90.28,114.78,89.47
90.28,114.78,89.47
90.32,114.78,89.46
90.38,114.77,89.46
90.50,114.76,89.45
90.58,114.76,89.45
90.49,114.77,89.45
90.40,114.77,89.46
90.30,114.78,89.47
90.48,114.77,89.45
90.53,114.76,89.45
90.58,114.76,89.45
90.57,114.76,89.45
90.47,114.77,89.46
90.46,114.77,89.46
90.56,114.76,89.45
90.45,114.77,89.46
90.36,114.78,89.46
90.27,114.78,89.47
90.27,114.78,89.47
90.37,114.78,89.46
90.47,114.77,89.45
90.27,114.78,89.47
90.27,114.78,89.47
90.27,114.78,89.47
90.27,114.78,89.47
90.27,114.78,89.47
90.37,114.77,89.46
90.48,114.77,89.45
90.58,114.76,89.45
90.47,114.77,89.45
90.37,114.77,89.46
90.47,114.77,89.45
90.58,114.76,89.45
90.89,114.74,89.41
90.99,114.74,89.39
90.89,114.74,89.41
90.89,114.74,89.41
90.99,114.74,89.39
90.89,114.74,89.41
90.78,114.75,89.42
90.68,114.75,89.43
90.73,114.75,89.43
90.68,114.75,89.43
90.78,114.75,89.42
90.89,114.74,89.41
90.68,114.75,89.43
90.68,114.75,89.43
90.71,114.75,89.43
90.69,114.75,89.43
90.69,114.75,89.43
90.78,114.75,89.42
90.89,114.74,89.41
90.99,114.74,89.39
90.89,114.74,89.41
90.78,114.75,89.42
90.68,114.75,89.43
90.89,114.74,89.41
90.89,114.74,89.41
90.99,114.74,89.39
90.99,114.73,89.39
90.88,114.74,89.41
90.88,114.74,89.41
90.99,114.73,89.39
90.86,114.74,89.41
90.78,114.75,89.42
90.68,114.75,89.43
90.68,114.75,89.44
90.77,114.75,89.42
90.83,114.74,89.41
90.68,114.75,89.44
90.68,114.75,89.44
90.68,114.75,89.43
90.68,114.75,89.43
90.68,114.75,89.43
90.78,114.75,89.42
90.89,114.74,89.41
90.99,114.73,89.39
90.88,114.74,89.41
90.78,114.75,89.42
90.87,114.74,89.41
90.99,114.73,89.39
91.35,114.74,89.33
91.43,114.74,89.31
91.32,114.74,89.33
91.31,114.74,89.33
91.41,114.74,89.31
91.31,114.74,89.33
91.20,114.74,89.35
91.10,114.74,89.37
91.10,114.74,89.37
91.09,114.74,89.37
91.20,114.74,89.35
91.30,114.74,89.34
91.09,114.74,89.37
91.09,114.74,89.37
91.09,114.74,89.37
91.09,114.74,89.37
91.09,114.74,89.37
91.20,114.74,89.35
91.31,114.74,89.33
91.40,114.74,89.32
91.30,114.74,89.34
91.19,114.74,89.36
91.09,114.74,89.37
91.30,114.74,89.34
91.29,114.74,89.34
91.40,114.74,89.32
91.40,114.74,89.32
91.30,114.74,89.34
91.29,114.74,89.34
91.40,114.74,89.32
91.29,114.74,89.34
91.19,114.74,89.36
91.09,114.74,89.38
91.09,114.74,89.38
91.18,114.74,89.36
91.27,114.74,89.34
91.08,114.73,89.38
91.06,114.73,89.38
91.09,114.74,89.38
91.09,114.73,89.38
91.08,114.73,89.38
91.19,114.74,89.36
91.29,114.74,89.34
91.39,114.74,89.32
91.29,114.74,89.34
91.17,114.74,89.36
91.28,114.74,89.34
91.39,114.74,89.32
91.70,114.77,89.25
91.80,114.78,89.22
91.71,114.77,89.25
91.72,114.77,89.24
91.82,114.78,89.22
91.74,114.77,89.24
91.61,114.76,89.27
91.51,114.75,89.29
91.50,114.75,89.29
91.51,114.75,89.29
91.63,114.76,89.26
91.73,114.77,89.24
91.51,114.75,89.29
91.51,114.75,89.29
91.50,114.75,89.29
91.50,114.75,89.29
91.49,114.75,89.30
91.60,114.76,89.27
91.69,114.76,89.25
91.78,114.77,89.23
91.69,114.76,89.25
91.58,114.75,89.27
91.48,114.74,89.30
91.67,114.76,89.25
91.66,114.76,89.26
91.76,114.77,89.23
91.82,114.78,89.22
91.71,114.77,89.24
91.70,114.77,89.25
91.80,114.78,89.22
91.70,114.77,89.25
91.61,114.76,89.27
91.50,114.75,89.29
91.50,114.75,89.29
91.59,114.76,89.27
91.69,114.76,89.25
91.49,114.75,89.30
91.49,114.74,89.30
91.48,114.74,89.30
91.47,114.74,89.30
91.46,114.74,89.30
91.58,114.75,89.28
91.65,114.76,89.26
91.76,114.77,89.24
91.67,114.76,89.26
91.58,114.75,89.28
91.68,114.76,89.25
91.78,114.77,89.23
92.01,114.82,89.17
92.11,114.84,89.14
92.05,114.83,89.16
92.10,114.83,89.15
92.21,114.87,89.12
92.15,114.85,89.13
91.97,114.81,89.18
91.92,114.80,89.19
91.88,114.79,89.20
91.93,114.80,89.19
92.03,114.83,89.16
92.16,114.86,89.13
91.94,114.81,89.19
91.95,114.81,89.18
91.86,114.78,89.21
91.84,114.78,89.21
91.83,114.78,89.22
91.91,114.80,89.20
91.99,114.81,89.17
92.07,114.83,89.15
91.99,114.81,89.18
91.90,114.79,89.20
91.84,114.78,89.22
91.97,114.81,89.18
91.98,114.81,89.18
92.06,114.83,89.16
92.26,114.88,89.10
92.16,114.86,89.13
92.15,114.86,89.13
92.26,114.88,89.11
92.15,114.85,89.13
92.04,114.83,89.16
91.95,114.81,89.19
91.93,114.81,89.19
92.03,114.82,89.17
92.14,114.85,89.14
91.93,114.80,89.19
91.92,114.80,89.19
91.84,114.78,89.21
91.85,114.78,89.21
91.87,114.78,89.21
91.92,114.80,89.20
92.00,114.82,89.17
92.11,114.84,89.15
92.05,114.82,89.16
91.96,114.81,89.18
92.09,114.83,89.15
92.20,114.86,89.12
92.31,114.89,89.09
92.35,114.91,89.08
92.28,114.89,89.10
92.24,114.88,89.11
92.29,114.89,89.10
92.20,114.86,89.12
92.14,114.85,89.14
92.12,114.84,89.14
92.13,114.84,89.14
92.22,114.87,89.12
92.30,114.89,89.10
92.13,114.85,89.14
92.74,115.06,88.98
92.81,115.09,88.96
92.80,115.08,88.96
92.85,115.11,88.95
92.92,115.14,88.93
92.90,115.13,88.93
92.78,115.08,88.97
92.75,115.06,88.97
92.70,115.04,88.99
92.28,114.89,89.10
92.39,114.93,89.07
92.41,114.94,89.06
92.54,114.98,89.03
92.64,115.02,89.00
92.66,115.03,89.00
92.44,114.95,89.06
92.48,114.96,89.05
92.34,114.91,89.08
92.77,115.07,88.97
92.68,115.03,88.99
92.67,115.03,89.00
92.58,115.00,89.02
92.48,114.96,89.05
92.67,115.03,89.00
92.77,115.07,88.97
92.45,114.95,89.05
92.56,114.99,89.03
92.65,115.03,89.00
92.43,114.94,89.06
92.40,114.93,89.07
92.56,114.99,89.02
92.60,115.00,89.01
92.50,114.97,89.04
92.37,114.92,89.07
92.62,115.02,89.01
92.37,114.92,89.08
92.47,114.95,89.05
92.57,114.99,89.02
92.36,114.92,89.08
92.36,114.91,89.08
92.73,115.05,88.98
92.61,115.01,89.01
92.49,114.97,89.04
92.59,115.00,89.02
92.69,115.04,88.99
92.23,114.87,89.11
92.27,114.89,89.10
92.19,114.86,89.12
92.97,115.16,88.92
92.90,115.13,88.94
92.89,115.12,88.94
92.97,115.16,88.92
92.89,115.12,88.94
92.82,115.09,88.96
92.75,115.06,88.97
92.76,115.07,88.97
92.83,115.10,88.95
92.91,115.14,88.93
92.79,115.08,88.96
92.81,115.09,88.96
93.04,115.20,88.90
93.13,115.24,88.88
93.04,115.20,88.90
93.06,115.21,88.90
93.16,115.26,88.87
93.08,115.22,88.89
92.95,115.15,88.92
92.88,115.12,88.94
92.86,115.11,88.95
92.93,115.14,88.93
93.03,115.19,88.90
93.13,115.24,88.88
92.98,115.17,88.91
93.01,115.18,88.91
92.86,115.11,88.95
92.85,115.11,88.95
92.85,115.11,88.95
92.94,115.15,88.93
93.03,115.19,88.90
93.12,115.24,88.88
93.04,115.20,88.90
92.95,115.15,88.92
92.87,115.11,88.95
93.05,115.20,88.90
93.05,115.21,88.90
93.14,115.25,88.88
93.19,115.27,88.87
93.14,115.25,88.88
93.14,115.25,88.88
93.20,115.28,88.86
93.16,115.26,88.87
93.08,115.22,88.89
93.03,115.19,88.90
93.02,115.19,88.91
93.09,115.22,88.89
93.15,115.25,88.88
93.02,115.19,88.91
93.02,115.18,88.91
92.91,115.13,88.93
92.96,115.16,88.92
93.01,115.18,88.91
93.00,115.18,88.91
93.11,115.23,88.89
93.17,115.26,88.87
93.12,115.24,88.88
93.07,115.21,88.90
93.13,115.24,88.88
93.19,115.28,88.87
93.29,115.33,88.85
93.38,115.38,88.83
93.32,115.35,88.84
93.34,115.36,88.84
93.41,115.40,88.82
93.35,115.37,88.83
93.26,115.31,88.85
93.20,115.28,88.87
93.17,115.27,88.87
93.22,115.29,88.86
93.29,115.33,88.85
93.37,115.38,88.83
93.23,115.30,88.86
93.24,115.30,88.86
93.18,115.27,88.87
93.20,115.28,88.87
93.20,115.28,88.86
93.25,115.31,88.86
93.30,115.34,88.84
93.38,115.38,88.83
93.32,115.35,88.84
93.27,115.32,88.85
93.22,115.29,88.86
93.35,115.36,88.83
93.37,115.38,88.83
93.42,115.41,88.82
93.45,115.43,88.81
93.39,115.39,88.83
93.41,115.40,88.82
93.50,115.45,88.81
93.44,115.41,88.82
93.33,115.36,88.84
93.26,115.32,88.85
93.27,115.32,88.85
93.36,115.37,88.83
93.45,115.42,88.81
93.28,115.33,88.85
93.29,115.33,88.85
93.24,115.30,88.86
93.25,115.31,88.85
93.27,115.32,88.85
93.31,115.34,88.84
93.39,115.39,88.83
93.47,115.43,88.81
93.41,115.40,88.82
93.34,115.36,88.84
93.43,115.41,88.82
93.51,115.45,88.80
93.54,115.48,88.80
93.56,115.49,88.79
93.50,115.45,88.81
93.46,115.43,88.81
93.47,115.44,88.81
93.44,115.42,88.82
93.42,115.40,88.82
93.49,115.45,88.81
93.46,115.43,88.81
93.51,115.46,88.80
93.57,115.49,88.79
93.44,115.42,88.82
93.79,115.61,88.76
93.72,115.58,88.77
93.73,115.58,88.77
93.66,115.54,88.78
93.59,115.50,88.79
93.60,115.51,88.79
93.73,115.58,88.77
93.74,115.59,88.77
93.80,115.62,88.76
93.57,115.49,88.79
93.55,115.48,88.80
93.53,115.47,88.80
93.64,115.53,88.78
93.72,115.57,88.77
93.75,115.59,88.77
93.67,115.55,88.78
93.57,115.49,88.79
93.61,115.52,88.79
93.65,115.54,88.78
93.78,115.61,88.76
93.82,115.63,88.76
93.76,115.60,88.76
93.76,115.60,88.76
93.81,115.62,88.76
93.71,115.57,88.77
93.66,115.54,88.78
93.82,115.63,88.76
93.77,115.60,88.76
93.71,115.57,88.77
93.66,115.54,88.78
93.76,115.60,88.76
93.75,115.59,88.77
93.81,115.63,88.76
93.62,115.52,88.79
93.58,115.50,88.79
93.54,115.47,88.80
93.69,115.56,88.78
93.72,115.57,88.77
93.60,115.51,88.79
93.66,115.54,88.78
93.73,115.58,88.77
93.79,115.62,88.76
93.74,115.58,88.77
93.80,115.62,88.76
93.75,115.59,88.77
93.58,115.50,88.79
93.65,115.53,88.78
93.56,115.48,88.80
93.86,115.65,88.75
93.85,115.65,88.75
93.90,115.67,88.75
93.96,115.70,88.74
93.95,115.70,88.74
93.84,115.64,88.75
93.84,115.64,88.75
93.85,115.65,88.75
93.91,115.67,88.75
93.97,115.70,88.74
93.86,115.65,88.75
93.86,115.65,88.75
94.00,115.72,88.74
93.98,115.71,88.74
93.93,115.69,88.74
93.87,115.65,88.75
93.86,115.65,88.75
93.87,115.66,88.75
93.89,115.67,88.75
93.87,115.65,88.75
93.87,115.66,88.75
93.94,115.69,88.74
93.99,115.72,88.74
93.88,115.66,88.75
94.24,115.83,88.71
94.37,115.89,88.70
94.18,115.81,88.72
94.13,115.78,88.72
94.06,115.75,88.73
94.08,115.76,88.73
94.19,115.81,88.72
94.20,115.82,88.72
94.25,115.84,88.71
94.02,115.73,88.73
93.97,115.71,88.74
93.92,115.68,88.75
94.09,115.76,88.73
94.15,115.79,88.72
94.22,115.82,88.72
94.09,115.77,88.73
93.98,115.71,88.74
94.05,115.74,88.73
94.10,115.77,88.73
94.28,115.85,88.71
94.34,115.88,88.71
94.26,115.84,88.71
94.23,115.83,88.71
94.29,115.86,88.71
94.17,115.80,88.72
94.12,115.78,88.72
94.34,115.87,88.71
94.26,115.84,88.71
94.17,115.80,88.72
94.10,115.77,88.73
94.22,115.83,88.71
94.21,115.82,88.72
94.28,115.85,88.71
94.04,115.74,88.73
93.98,115.71,88.74
93.92,115.68,88.75
94.09,115.76,88.73
94.14,115.79,88.72
94.07,115.75,88.73
94.13,115.78,88.72
94.18,115.81,88.72
94.23,115.83,88.71
94.19,115.81,88.72
94.25,115.84,88.71
94.20,115.81,88.72
94.02,115.73,88.73
94.08,115.76,88.73
93.97,115.71,88.74
94.30,115.86,88.71
94.29,115.85,88.71
94.32,115.87,88.71
94.36,115.88,88.71
94.35,115.88,88.71
94.28,115.85,88.71
94.27,115.85,88.71
94.27,115.85,88.71
94.32,115.87,88.71
94.36,115.88,88.71
94.28,115.85,88.71
94.29,115.86,88.71
94.55,115.96,88.70
94.64,115.99,88.69
94.57,115.96,88.70
94.58,115.97,88.69
94.65,116.00,88.69
94.59,115.97,88.69
94.50,115.94,88.70
94.43,115.91,88.70
94.41,115.90,88.70
94.37,115.89,88.70
94.49,115.93,88.70
94.56,115.96,88.70
94.37,115.89,88.70
94.37,115.89,88.70
94.37,115.89,88.70
94.37,115.89,88.70
94.34,115.88,88.71
94.47,115.93,88.70
94.53,115.95,88.70
94.62,115.98,88.69
94.53,115.95,88.70
94.44,115.92,88.70
94.35,115.88,88.71
94.54,115.95,88.70
94.54,115.95,88.70
94.63,115.99,88.69
94.66,116.00,88.69
94.56,115.96,88.70
94.56,115.96,88.70
94.67,116.00,88.69
94.57,115.96,88.70
94.46,115.92,88.70
94.36,115.89,88.71
94.37,115.89,88.70
94.50,115.94,88.70
94.60,115.98,88.69
94.42,115.91,88.70
94.47,115.93,88.70
94.37,115.89,88.70
94.38,115.89,88.70
94.45,115.92,88.70
94.48,115.93,88.70
94.57,115.97,88.70
94.64,115.99,88.69
94.58,115.97,88.69
94.52,115.95,88.70
94.59,115.97,88.69
94.66,116.00,88.69
94.82,116.06,88.69
94.93,116.09,88.69
94.85,116.06,88.69
94.88,116.07,88.69
94.98,116.11,88.69
94.90,116.09,88.69
94.79,116.04,88.69
94.71,116.02,88.69
94.69,116.01,88.69
94.73,116.02,88.69
94.82,116.05,88.69
94.91,116.09,88.69
94.74,116.03,88.69
94.75,116.03,88.69
94.69,116.01,88.69
94.70,116.01,88.69
94.71,116.02,88.69
94.76,116.03,88.69
94.83,116.06,88.69
94.92,116.09,88.69
94.85,116.07,88.69
94.80,116.05,88.69
94.72,116.02,88.69
94.87,116.07,88.69
94.90,116.08,88.69
94.97,116.11,88.69
95.03,116.13,88.69
94.93,116.10,88.69
94.96,116.10,88.69
95.08,116.15,88.69
94.99,116.11,88.69
94.86,116.07,88.69
94.77,116.04,88.69
94.77,116.04,88.69
94.88,116.08,88.69
94.99,116.12,88.69
94.78,116.04,88.69
94.78,116.04,88.69
94.73,116.02,88.69
94.74,116.03,88.69
94.75,116.03,88.69
94.82,116.06,88.69
94.91,116.09,88.69
95.02,116.13,88.69
94.94,116.10,88.69
94.87,116.07,88.69
94.97,116.11,88.69
95.08,116.15,88.69
95.16,116.18,88.69
95.18,116.18,88.69
95.10,116.15,88.69
95.03,116.13,88.69
95.06,116.14,88.69
95.01,116.12,88.69
94.98,116.11,88.69
95.06,116.14,88.69
95.03,116.13,88.69
95.09,116.15,88.69
95.18,116.18,88.69
95.00,116.12,88.69
95.46,116.28,88.70
95.35,116.24,88.70
95.37,116.25,88.70
95.29,116.22,88.69
95.19,116.19,88.69
95.22,116.20,88.69
95.39,116.26,88.70
95.41,116.27,88.70
95.50,116.30,88.70
95.17,116.18,88.69
95.15,116.17,88.69
95.13,116.17,88.69
95.28,116.22,88.69
95.38,116.26,88.70
95.44,116.27,88.70
95.32,116.23,88.69
95.19,116.18,88.69
95.25,116.21,88.69
95.31,116.23,88.70
95.51,116.30,88.70
95.58,116.33,88.71
95.49,116.30,88.70
95.47,116.29,88.70
95.53,116.31,88.70
95.40,116.26,88.70
95.33,116.24,88.70
95.57,116.33,88.71
95.48,116.29,88.70
95.40,116.26,88.70
95.30,116.23,88.70
95.45,116.28,88.70
95.42,116.27,88.70
95.51,116.30,88.70
95.23,116.20,88.69
95.18,116.18,88.69
95.11,116.16,88.69
95.30,116.23,88.69
95.35,116.25,88.70
95.21,116.19,88.69
95.28,116.22,88.69
95.37,116.25,88.70
95.45,116.28,88.70
95.38,116.25,88.70
95.47,116.29,88.70
95.39,116.26,88.70
95.16,116.18,88.69
95.26,116.21,88.69
95.14,116.17,88.69
95.55,116.32,88.70
95.54,116.32,88.70
95.58,116.33,88.71
95.64,116.36,88.71
95.62,116.35,88.71
95.52,116.31,88.70
95.50,116.30,88.70
95.52,116.31,88.70
95.57,116.33,88.71
95.63,116.35,88.71
95.52,116.31,88.70
95.53,116.31,88.70
95.77,116.41,88.72
95.85,116.45,88.73
95.80,116.42,88.72
95.83,116.44,88.73
95.91,116.47,88.73
95.86,116.45,88.73
95.75,116.40,88.72
95.68,116.38,88.71
95.65,116.36,88.71
95.67,116.37,88.71
95.75,116.40,88.72
95.84,116.44,88.73
95.64,116.36,88.71
95.62,116.35,88.71
95.63,116.35,88.71
95.60,116.34,88.71
95.57,116.33,88.71
95.68,116.37,88.71
95.74,116.40,88.72
95.85,116.45,88.73
95.77,116.42,88.72
95.69,116.38,88.72
95.60,116.34,88.71
95.80,116.43,88.72
95.83,116.44,88.73
95.91,116.48,88.73
95.96,116.50,88.74
95.86,116.45,88.73
95.90,116.47,88.73
96.02,116.53,88.75
95.92,116.48,88.74
95.76,116.41,88.72
95.65,116.36,88.71
95.69,116.38,88.72
95.82,116.43,88.73
95.96,116.50,88.74
95.73,116.40,88.72
95.78,116.42,88.72
95.65,116.36,88.71
95.70,116.38,88.72
95.74,116.40,88.72
95.76,116.41,88.72
95.88,116.46,88.73
95.97,116.50,88.74
95.90,116.47,88.73
95.84,116.44,88.73
95.93,116.48,88.74
96.02,116.53,88.75
96.09,116.57,88.75
96.12,116.58,88.76
96.03,116.53,88.75
95.97,116.51,88.74
96.00,116.52,88.74
95.95,116.49,88.74
95.92,116.48,88.74
96.00,116.52,88.74
95.98,116.51,88.74
96.04,116.54,88.75
96.12,116.58,88.76
95.95,116.49,88.74
96.38,116.72,88.79
96.29,116.67,88.78
96.30,116.68,88.78
96.22,116.63,88.77
96.13,116.59,88.76
96.15,116.60,88.76
96.31,116.69,88.78
96.33,116.70,88.78
96.41,116.74,88.79
96.11,116.57,88.76
96.09,116.56,88.75
96.05,116.54,88.75
96.20,116.63,88.77
96.46,116.78,88.80
96.36,116.71,88.78
96.24,116.65,88.77
96.11,116.58,88.76
96.18,116.62,88.76
96.24,116.64,88.77
96.42,116.75,88.79
96.48,116.79,88.80
96.40,116.74,88.79
96.39,116.73,88.79
96.47,116.79,88.80
96.32,116.69,88.78
96.27,116.66,88.77
96.48,116.79,88.80
96.40,116.73,88.79
96.32,116.69,88.78
96.23,116.64,88.77
96.36,116.71,88.78
96.35,116.71,88.78
96.42,116.75,88.79
96.17,116.61,88.76
96.12,116.58,88.76
96.06,116.55,88.75
96.23,116.64,88.77
96.27,116.66,88.77
96.14,116.59,88.76
96.21,116.63,88.77
96.29,116.67,88.78
96.37,116.72,88.79
96.30,116.68,88.78
96.39,116.73,88.79
96.31,116.68,88.78
96.10,116.57,88.75
96.19,116.62,88.77
96.08,116.56,88.75
96.48,116.79,88.80
96.48,116.79,88.80
96.49,116.79,88.80
96.54,116.83,88.81
96.52,116.82,88.80
96.45,116.77,88.79
96.42,116.75,88.79
96.43,116.76,88.79
96.49,116.79,88.80
96.53,116.82,88.80
96.46,116.78,88.80
96.48,116.79,88.80
96.47,116.79,88.80
96.70,116.95,88.82
96.66,116.92,88.82
96.68,116.93,88.82
96.74,116.98,88.83
96.70,116.95,88.82
96.62,116.89,88.81
96.57,116.85,88.81
96.54,116.83,88.81
96.55,116.84,88.81
96.61,116.88,88.81
96.67,116.93,88.82
96.53,116.82,88.80
96.51,116.81,88.80
96.52,116.81,88.80
96.50,116.80,88.80
96.48,116.79,88.80
96.57,116.85,88.81
96.62,116.89,88.82
96.71,116.95,88.82
96.64,116.91,88.82
96.56,116.85,88.81
96.49,116.80,88.80
96.66,116.92,88.82
96.68,116.93,88.82
96.75,116.99,88.83
96.79,117.02,88.83
96.71,116.96,88.83
96.74,116.98,88.83
96.84,117.06,88.84
96.76,116.99,88.83
96.60,116.88,88.81
96.47,116.79,88.80
96.56,116.84,88.81
96.67,116.92,88.82
96.78,117.02,88.83
96.61,116.88,88.81
96.65,116.91,88.82
96.54,116.83,88.81
96.58,116.86,88.81
96.63,116.89,88.82
96.63,116.89,88.82
96.72,116.96,88.83
96.80,117.03,88.83
96.74,116.98,88.83
96.69,116.94,88.82
96.76,117.00,88.83
96.84,117.07,88.84
96.87,117.09,88.84
96.89,117.11,88.84
96.83,117.05,88.84
96.79,117.02,88.83
96.81,117.04,88.83
96.77,117.00,88.83
96.75,116.99,88.83
96.82,117.04,88.84
96.80,117.03,88.83
96.83,117.06,88.84
96.88,117.11,88.84
96.77,117.01,88.83
97.13,117.36,88.84
97.07,117.29,88.84
97.07,117.29,88.84
96.99,117.21,88.84
96.92,117.15,88.84
96.91,117.14,88.84
97.04,117.26,88.84
97.03,117.26,88.84
97.10,117.32,88.84
96.90,117.12,88.84
96.88,117.10,88.84
96.84,117.07,88.84
96.95,117.18,88.84
97.00,117.23,88.84
97.05,117.27,88.84
96.97,117.19,88.84
96.89,117.12,88.84
96.94,117.16,88.84
97.07,117.30,88.84
97.06,117.28,88.84
97.07,117.29,88.85
97.05,117.27,88.84
97.05,117.27,88.84
97.07,117.29,88.85
97.01,117.23,88.84
97.08,117.30,88.84
97.07,117.29,88.85
97.06,117.28,88.84
97.02,117.24,88.84
97.07,117.29,88.84
97.06,117.28,88.84
97.06,117.29,88.84
97.09,117.31,88.84
96.93,117.15,88.84
96.90,117.13,88.84
96.86,117.09,88.84
96.98,117.20,88.84
97.03,117.25,88.84
96.92,117.14,88.84
96.99,117.22,88.84
97.07,117.29,88.84
97.14,117.37,88.84
97.07,117.29,88.85
97.11,117.34,88.84
97.04,117.26,88.84
96.91,117.13,88.84
96.96,117.19,88.84
96.88,117.10,88.84
97.18,117.42,88.83
97.17,117.41,88.83
97.15,117.39,88.84
97.14,117.37,88.84
97.20,117.45,88.83
97.21,117.47,88.82
97.24,117.50,88.82
97.29,117.57,88.80
97.25,117.52,88.81
97.20,117.46,88.83
97.15,117.38,88.84
97.26,117.54,88.81
97.28,117.56,88.80
97.32,117.62,88.79
97.15,117.38,88.84
97.17,117.41,88.83
97.18,117.42,88.83
97.19,117.44,88.83
97.22,117.48,88.82
97.27,117.55,88.81
97.26,117.54,88.81
97.30,117.60,88.80
97.27,117.54,88.81
97.22,117.48,88.82
97.25,117.52,88.81
97.26,117.53,88.81
97.36,117.69,88.76
97.33,117.64,88.78
97.37,117.70,88.76
97.39,117.75,88.75
97.38,117.72,88.76
97.32,117.63,88.79
97.31,117.60,88.80
97.32,117.62,88.79
97.36,117.69,88.76
97.39,117.74,88.75
97.33,117.63,88.79
97.33,117.64,88.78
97.18,117.43,88.83
97.18,117.43,88.83
97.16,117.40,88.84
97.12,117.35,88.84
97.12,117.35,88.84
97.13,117.35,88.84
97.08,117.30,88.84
97.13,117.37,88.84
97.13,117.36,88.84
97.16,117.40,88.83
97.18,117.43,88.83
97.13,117.36,88.84
97.33,117.64,88.78
97.36,117.69,88.76
97.34,117.66,88.77
97.31,117.61,88.79
97.34,117.65,88.78
97.30,117.59,88.80
97.28,117.57,88.80
97.24,117.51,88.82
97.25,117.53,88.81
97.22,117.48,88.82
97.24,117.51,88.82
97.17,117.41,88.83
97.33,117.63,88.79
97.28,117.56,88.80
97.29,117.58,88.80
97.36,117.69,88.76
97.34,117.67,88.77
97.22,117.49,88.82
97.17,117.42,88.83
97.20,117.45,88.83
97.26,117.53,88.81
97.23,117.49,88.82
97.52,117.98,88.64
97.49,117.92,88.67
97.50,117.93,88.66
97.48,117.89,88.69
97.44,117.82,88.71
97.47,117.87,88.69
97.50,117.94,88.66
97.51,117.95,88.65
97.54,118.01,88.61
97.43,117.81,88.72
97.41,117.78,88.73
97.36,117.68,88.77
97.46,117.85,88.70
97.50,117.94,88.65
97.50,117.94,88.65
97.45,117.85,88.70
97.35,117.68,88.77
97.41,117.77,88.73
97.42,117.79,88.72
97.47,117.88,88.69
97.51,117.97,88.64
97.51,117.95,88.65
97.50,117.94,88.65
97.54,118.01,88.62
97.45,117.84,88.70
97.40,117.76,88.73
97.50,117.93,88.67
97.46,117.86,88.70
97.43,117.81,88.72
97.40,117.75,88.74
97.46,117.86,88.70
97.46,117.87,88.70
97.49,117.91,88.68
97.39,117.73,88.75
97.37,117.71,88.76
97.36,117.69,88.76
97.41,117.78,88.73
97.44,117.83,88.71
97.43,117.82,88.71
97.46,117.87,88.70
97.49,117.91,88.68
97.50,117.94,88.66
97.48,117.90,88.69
97.49,117.92,88.67
97.46,117.86,88.70
97.35,117.68,88.77
97.42,117.80,88.72
97.38,117.73,88.75
97.56,118.05,88.59
97.55,118.05,88.59
97.56,118.05,88.59
97.59,118.13,88.53
97.59,118.11,88.54
97.56,118.05,88.59
97.54,118.02,88.61
97.54,118.00,88.62
97.56,118.05,88.59
97.58,118.10,88.55
97.53,117.98,88.63
97.52,117.97,88.64
97.58,118.11,88.55
97.59,118.12,88.54
97.56,118.05,88.59
97.55,118.04,88.60
97.56,118.05,88.59
97.54,118.02,88.61
97.53,118.00,88.62
97.51,117.96,88.64
97.52,117.98,88.64
97.55,118.04,88.59
97.58,118.09,88.56
97.53,117.99,88.63
97.72,118.41,88.31
97.74,118.46,88.27
97.75,118.47,88.25
97.78,118.53,88.19
97.80,118.57,88.16
97.80,118.59,88.14
97.76,118.49,88.24
97.76,118.50,88.22
97.74,118.44,88.28
97.61,118.16,88.51
97.65,118.24,88.44
97.64,118.24,88.45
97.68,118.32,88.38
97.72,118.40,88.31
97.71,118.39,88.32
97.64,118.23,88.45
97.64,118.23,88.46
97.60,118.15,88.52
97.72,118.42,88.30
97.69,118.33,88.37
97.70,118.36,88.35
97.67,118.29,88.40
97.63,118.21,88.47
97.70,118.37,88.34
97.74,118.45,88.27
97.62,118.19,88.49
97.65,118.25,88.43
97.67,118.30,88.40
97.60,118.15,88.52
97.59,118.13,88.53
97.69,118.35,88.36
97.69,118.34,88.36
97.64,118.22,88.46
97.60,118.14,88.53
97.68,118.33,88.37
97.62,118.18,88.50
97.66,118.28,88.41
97.71,118.38,88.33
97.62,118.20,88.48
97.64,118.24,88.45
97.75,118.47,88.26
97.71,118.39,88.32
97.68,118.31,88.39
97.71,118.39,88.33
97.74,118.46,88.26
97.58,118.10,88.56
97.58,118.09,88.56
97.55,118.03,88.60
97.78,118.54,88.19
97.80,118.58,88.15
97.82,118.63,88.11
97.84,118.67,88.06
97.84,118.66,88.07
97.88,118.74,87.99
97.86,118.71,88.03
97.91,118.81,87.92
97.89,118.78,87.96
97.87,118.74,88.00
97.86,118.70,88.03
97.90,118.80,87.93
97.92,118.83,87.90
97.94,118.87,87.86
97.78,118.53,88.20
97.77,118.53,88.20
97.77,118.52,88.21
97.77,118.51,88.21
97.80,118.58,88.15
97.83,118.65,88.08
97.83,118.64,88.09
97.86,118.72,88.02
97.83,118.66,88.08
97.81,118.61,88.12
97.84,118.68,88.06
97.89,118.76,87.97
98.07,119.12,87.60
98.11,119.18,87.53
98.10,119.17,87.54
98.13,119.22,87.49
98.17,119.28,87.43
98.16,119.27,87.44
98.09,119.15,87.56
98.09,119.14,87.57
98.06,119.09,87.62
98.08,119.13,87.59
98.06,119.09,87.62
98.05,119.08,87.64
98.03,119.03,87.69
98.01,118.99,87.73
98.00,118.98,87.74
98.04,119.07,87.65
98.03,119.05,87.67
98.06,119.10,87.62
97.96,118.91,87.82
97.98,118.94,87.79
97.96,118.90,87.83
97.92,118.83,87.90
97.93,118.86,87.87
97.99,118.97,87.75
98.01,119.01,87.71
97.98,118.94,87.78
97.99,118.96,87.77
98.01,119.00,87.72
98.04,119.06,87.66
98.05,119.07,87.65
98.03,119.04,87.68
98.03,119.04,87.68
97.96,118.92,87.81
97.99,118.96,87.76
97.95,118.89,87.84
97.91,118.80,87.93
97.93,118.85,87.88
97.95,118.89,87.84
97.90,118.78,87.95
97.88,118.76,87.98
98.20,119.33,87.38
98.16,119.27,87.44
98.16,119.27,87.44
98.20,119.34,87.37
98.16,119.28,87.43
98.13,119.21,87.50
98.09,119.14,87.57
98.10,119.16,87.55
98.13,119.23,87.48
98.17,119.29,87.42
98.10,119.18,87.54
98.12,119.19,87.52
97.80,118.58,88.15
97.83,118.64,88.10
97.80,118.58,88.15
97.80,118.58,88.16
97.82,118.63,88.10
97.77,118.52,88.21
97.74,118.46,88.26
97.77,118.51,88.22
97.76,118.50,88.23
97.78,118.54,88.19
97.81,118.59,88.14
97.75,118.48,88.24
97.89,118.77,87.96
97.92,118.83,87.90
97.90,118.80,87.94
97.91,118.81,87.92
97.94,118.87,87.85
97.92,118.84,87.89
97.88,118.75,87.99
97.86,118.70,88.03
97.85,118.68,88.05
97.86,118.70,88.03
97.89,118.77,87.97
97.86,118.70,88.03
97.87,118.72,88.01
97.84,118.67,88.07
97.85,118.70,88.04
97.89,118.78,87.95
97.87,118.73,88.00
97.81,118.61,88.12
97.79,118.56,88.17
97.81,118.60,88.13
97.85,118.69,88.05
97.83,118.64,88.09
98.11,119.18,87.53
98.14,119.23,87.48
98.13,119.22,87.50
98.15,119.25,87.46
98.18,119.30,87.41
98.12,119.20,87.51
98.09,119.15,87.57
98.05,119.09,87.63
98.02,119.03,87.69
97.99,118.97,87.75
98.07,119.11,87.61
98.07,119.12,87.59
97.98,118.95,87.77
97.97,118.93,87.80
97.96,118.91,87.82
98.02,119.02,87.70
98.06,119.10,87.61
98.02,119.02,87.71
98.04,119.06,87.66
98.07,119.11,87.60
98.09,119.16,87.56
98.08,119.12,87.59
98.11,119.19,87.52
98.08,119.14,87.58
97.97,118.92,87.80
98.00,118.98,87.74
98.03,119.04,87.68
97.98,118.95,87.78
97.93,118.84,87.89
97.93,118.85,87.88
97.91,118.82,87.91
97.90,118.79,87.94
98.38,119.63,87.09
98.42,119.69,87.03
98.44,119.72,87.01
98.49,119.80,86.94
98.52,119.84,86.90
98.55,119.89,86.86
98.44,119.72,87.01
98.44,119.72,87.01
98.39,119.65,87.08
98.18,119.30,87.41
98.24,119.40,87.31
98.23,119.38,87.34
98.28,119.46,87.25
98.34,119.55,87.16
98.33,119.54,87.18
98.21,119.36,87.35
98.19,119.32,87.39
98.14,119.24,87.47
98.38,119.62,87.10
98.31,119.51,87.20
98.32,119.52,87.20
98.26,119.43,87.29
98.19,119.31,87.40
98.32,119.53,87.19
98.38,119.62,87.10
98.21,119.35,87.36
98.27,119.45,87.27
98.33,119.55,87.17
98.23,119.38,87.34
98.24,119.39,87.32
98.35,119.58,87.14
98.34,119.56,87.16
98.29,119.49,87.23
98.24,119.41,87.31
98.34,119.56,87.16
98.25,119.41,87.30
98.30,119.50,87.22
98.36,119.60,87.12
98.25,119.41,87.30
98.25,119.42,87.30
98.38,119.63,87.09
98.34,119.56,87.16
98.29,119.49,87.23
98.35,119.57,87.15
98.40,119.66,87.07
98.15,119.26,87.45
98.13,119.22,87.49
98.12,119.21,87.51
98.60,119.96,86.80
98.55,119.89,86.86
98.55,119.89,86.86
98.60,119.97,86.79
98.57,119.93,86.83
98.50,119.81,86.93
98.44,119.73,87.00
98.44,119.72,87.01
98.49,119.80,86.94
98.55,119.89,86.86
98.44,119.72,87.01
98.44,119.71,87.02
98.54,119.88,86.87
98.60,119.97,86.79
98.54,119.87,86.87
98.53,119.86,86.88
98.59,119.96,86.80
98.48,119.78,86.96
98.43,119.70,87.03
98.44,119.71,87.02
98.43,119.71,87.02
98.49,119.79,86.95
98.54,119.88,86.87
98.43,119.71,87.02
98.80,120.27,86.55
98.83,120.32,86.51
98.83,120.32,86.51
98.87,120.38,86.47
98.90,120.43,86.43
98.91,120.44,86.43
98.84,120.33,86.51
98.84,120.33,86.50
98.80,120.27,86.54
98.60,119.97,86.79
98.66,120.06,86.72
98.66,120.06,86.72
98.73,120.16,86.64
98.79,120.25,86.56
98.78,120.24,86.57
98.66,120.06,86.72
98.66,120.06,86.72
98.60,119.97,86.79
98.81,120.29,86.54
98.75,120.20,86.61
98.76,120.21,86.60
98.71,120.13,86.66
98.65,120.04,86.73
98.77,120.22,86.59
98.83,120.31,86.52
98.65,120.04,86.73
98.70,120.12,86.67
98.74,120.18,86.62
98.64,120.03,86.74
98.63,120.01,86.76
98.75,120.19,86.61
98.75,120.19,86.61
98.69,120.10,86.68
98.64,120.02,86.74
98.74,120.19,86.61
98.65,120.04,86.73
98.70,120.12,86.67
98.75,120.20,86.61
98.65,120.05,86.73
98.66,120.05,86.72
98.83,120.32,86.51
98.77,120.23,86.58
98.71,120.14,86.66
98.76,120.21,86.59
98.81,120.29,86.53
98.55,119.88,86.86
98.55,119.88,86.87
98.49,119.80,86.94
98.95,120.51,86.38
98.92,120.46,86.41
98.93,120.47,86.41
98.97,120.54,86.36
98.94,120.48,86.39
98.88,120.40,86.45
98.85,120.34,86.50
98.86,120.36,86.48
98.90,120.43,86.43
98.95,120.50,86.38
98.86,120.37,86.48
98.88,120.39,86.46
98.94,120.48,86.40
98.97,120.53,86.36
98.92,120.46,86.41
98.92,120.45,86.42
98.95,120.50,86.38
98.88,120.39,86.46
98.84,120.34,86.50
98.87,120.39,86.46
98.86,120.37,86.48
98.90,120.42,86.44
98.94,120.49,86.39
98.85,120.35,86.49
99.11,120.74,86.22
99.08,120.71,86.25
99.08,120.69,86.26
99.04,120.65,86.29
99.02,120.61,86.31
99.01,120.60,86.32
99.07,120.68,86.26
99.06,120.67,86.27
99.10,120.72,86.24
99.00,120.58,86.33
98.99,120.56,86.34
98.98,120.54,86.35
99.02,120.61,86.31
99.05,120.65,86.28
99.06,120.67,86.27
99.02,120.61,86.31
98.99,120.56,86.34
99.00,120.57,86.33
99.01,120.59,86.32
99.06,120.66,86.27
99.08,120.70,86.25
99.06,120.67,86.27
99.06,120.67,86.27
99.09,120.71,86.24
99.03,120.63,86.30
99.00,120.58,86.33
99.08,120.70,86.25
99.06,120.66,86.28
99.03,120.62,86.30
99.00,120.58,86.33
99.05,120.66,86.28
99.05,120.65,86.28
99.08,120.70,86.25
98.97,120.53,86.37
98.93,120.47,86.40
98.90,120.42,86.44
98.99,120.57,86.34
99.02,120.60,86.32
99.01,120.59,86.32
99.04,120.64,86.29
99.07,120.69,86.26
99.11,120.74,86.23
99.07,120.68,86.27
99.09,120.71,86.25
99.05,120.66,86.28
98.97,120.53,86.36
98.99,120.57,86.34
98.93,120.48,86.40
99.14,120.78,86.20
99.13,120.77,86.21
99.12,120.76,86.21
99.11,120.75,86.22
99.15,120.80,86.19
99.16,120.83,86.18
99.17,120.84,86.17
99.19,120.87,86.15
99.16,120.83,86.18
99.14,120.79,86.20
99.12,120.75,86.22
99.17,120.83,86.17
99.17,120.83,86.17
99.19,120.87,86.15
99.10,120.74,86.23
99.11,120.75,86.22
99.12,120.77,86.21
99.13,120.78,86.20
99.14,120.80,86.20
99.17,120.83,86.17
99.16,120.82,86.18
99.19,120.86,86.16
99.17,120.83,86.17
99.15,120.81,86.19
99.17,120.84,86.17
99.19,120.86,86.16
99.20,120.88,86.15
99.20,120.88,86.15
99.20,120.88,86.14
99.20,120.89,86.14
99.21,120.90,86.14
99.22,120.92,86.13
99.22,120.92,86.13
99.23,120.93,86.12
99.22,120.92,86.13
99.21,120.90,86.14
99.21,120.89,86.14
99.22,120.92,86.13
99.22,120.92,86.13
99.23,120.93,86.12
99.20,120.88,86.15
99.20,120.88,86.15
99.20,120.88,86.15
99.20,120.88,86.15
99.21,120.90,86.14
99.22,120.91,86.13
99.22,120.91,86.13
99.23,120.93,86.12
99.22,120.92,86.13
99.21,120.90,86.14
99.22,120.92,86.13
99.23,120.93,86.12
99.24,120.94,86.12
99.24,120.94,86.12
99.24,120.94,86.11
99.24,120.95,86.11
99.24,120.95,86.11
99.24,120.94,86.12
99.24,120.94,86.12
99.24,120.94,86.12
99.24,120.94,86.11
99.24,120.95,86.11
99.24,120.94,86.12
99.24,120.94,86.12
99.12,120.77,86.21
99.13,120.77,86.21
99.11,120.75,86.22
99.10,120.73,86.23
99.10,120.73,86.23
99.10,120.73,86.23
99.10,120.73,86.23
99.09,120.72,86.24
99.09,120.72,86.24
99.11,120.74,86.23
99.12,120.76,86.21
99.09,120.72,86.24
99.18,120.85,86.16
99.19,120.87,86.15
99.18,120.85,86.16
99.18,120.85,86.16
99.19,120.87,86.15
99.18,120.85,86.16
99.16,120.83,86.18
99.15,120.81,86.19
99.16,120.81,86.18
99.14,120.79,86.20
99.15,120.81,86.19
99.13,120.77,86.21
99.19,120.86,86.16
99.16,120.82,86.18
99.16,120.82,86.18
99.19,120.87,86.15
99.16,120.82,86.18
99.13,120.78,86.21
99.10,120.74,86.23
99.12,120.76,86.22
99.15,120.80,86.19
99.14,120.79,86.20
99.22,120.92,86.13
99.23,120.93,86.12
99.22,120.92,86.13
99.22,120.92,86.13
99.23,120.93,86.12
99.22,120.92,86.13
99.21,120.90,86.14
99.20,120.88,86.15
99.20,120.88,86.15
99.20,120.88,86.14
99.21,120.90,86.14
99.20,120.89,86.14
99.23,120.93,86.12
99.22,120.91,86.13
99.22,120.91,86.13
99.23,120.93,86.12
99.22,120.91,86.13
99.21,120.90,86.14
99.20,120.88,86.15
99.20,120.88,86.15
99.21,120.90,86.14
99.20,120.88,86.15
99.24,120.94,86.12
99.24,120.94,86.12
99.24,120.94,86.11
99.24,120.95,86.11
99.24,120.94,86.12
99.24,120.94,86.11
99.24,120.94,86.12
99.24,120.94,86.12
