92.82,101.74,72.66
92.93,101.70,72.30
92.86,101.72,72.52
92.76,101.78,72.89
92.72,101.82,73.15
92.70,101.83,73.22
92.84,101.73,72.59
92.74,101.79,73.00
92.67,101.87,73.46
92.63,101.93,73.80
92.64,101.92,73.72
92.59,102.03,74.33
92.59,102.04,74.39
92.58,102.14,74.87
92.58,102.15,74.96
92.58,102.24,75.40
92.60,102.29,75.74
92.60,102.31,75.86
92.62,101.95,73.90
92.59,102.03,74.34
92.58,102.16,74.99
92.59,102.27,75.61
92.62,102.36,76.15
92.65,102.41,76.48
92.64,102.39,76.39
92.72,102.46,76.96
92.72,102.46,77.00
92.81,102.49,77.41
92.79,102.48,77.34
92.87,102.49,77.67
92.66,102.42,76.57
92.72,102.46,76.96
92.85,102.49,77.57
93.03,101.66,72.00
93.14,101.62,71.73
93.02,101.66,72.02
93.01,101.67,72.07
92.88,101.71,72.44
92.76,101.78,72.92
93.02,101.66,72.04
92.65,101.89,73.58
92.59,102.02,74.28
92.58,102.15,74.94
92.58,102.25,75.51
92.63,102.38,76.27
92.71,102.45,76.91
92.82,102.49,77.46
92.96,102.50,78.00
92.93,102.49,77.91
92.98,102.50,78.07
93.12,102.50,78.54
93.10,102.50,78.48
93.21,102.50,78.86
93.01,102.50,78.19
93.19,102.50,78.79
93.47,101.49,70.91
93.67,101.37,70.30
93.60,101.41,70.51
93.48,101.49,70.88
93.56,101.44,70.63
93.39,101.53,71.11
93.30,101.57,71.34
93.28,101.58,71.41
93.26,101.59,71.45
93.14,101.63,71.75
93.23,101.60,71.51
93.04,102.50,78.30
93.15,102.50,78.66
93.33,102.50,79.23
93.30,102.50,79.13
93.36,102.51,79.32
93.51,102.53,79.84
93.49,102.53,79.79
93.61,102.55,80.23
93.40,102.51,79.46
93.60,102.55,80.16
94.03,101.01,68.90
94.11,100.89,68.48
94.09,100.92,68.58
94.03,101.00,68.87
94.06,100.96,68.72
93.98,101.07,69.12
93.91,101.15,69.42
93.93,101.12,69.31
93.78,101.28,69.93
93.81,101.25,69.82
93.76,101.30,70.01
93.63,101.40,70.43
93.90,101.17,69.48
93.78,101.28,69.94
93.40,101.53,71.08
93.43,102.52,79.58
93.54,102.54,79.96
93.68,102.57,80.48
93.68,102.57,80.46
93.78,102.61,80.87
93.81,102.62,80.99
93.98,102.69,81.67
93.96,102.68,81.57
94.00,102.71,81.74
94.15,102.80,82.11
93.78,102.60,80.84
93.87,102.64,81.23
93.93,102.67,81.44
93.89,102.65,81.28
93.97,102.69,81.61
93.94,102.67,81.51
93.92,102.66,81.43
94.15,100.83,68.28
94.54,100.63,67.86
94.14,100.84,68.32
94.14,100.84,68.30
94.09,100.91,68.57
94.14,100.85,68.34
93.96,101.09,69.18
93.85,101.21,69.67
93.78,102.61,80.85
93.98,102.69,81.65
93.90,102.66,81.34
94.30,102.91,82.50
94.35,102.87,82.74
94.30,102.91,82.50
94.30,102.91,82.50
94.30,102.91,82.50
94.92,100.45,67.50
94.92,100.45,67.50
94.92,100.45,67.50
94.92,100.45,67.50
94.92,100.45,67.50
94.18,100.81,68.21
94.54,102.77,83.55
94.40,102.84,82.98
94.50,102.77,83.44
94.55,102.77,83.55
94.30,102.91,82.50
94.53,102.77,83.53
94.59,102.78,83.64
94.65,102.78,83.77
94.65,102.78,83.76
94.80,102.80,84.06
94.77,102.79,84.01
94.91,102.81,84.29
94.69,102.79,83.84
94.89,102.81,84.25
94.92,100.45,67.50
94.92,100.45,67.50
94.92,100.45,67.50
94.92,100.45,67.50
94.52,102.77,83.50
94.63,102.78,83.73
94.83,102.80,84.14
95.08,102.83,84.63
95.06,102.82,84.59
95.08,102.83,84.63
95.29,102.85,85.06
95.26,102.85,85.01
95.95,100.04,66.24
95.95,100.04,66.24
95.95,100.04,66.24
95.95,100.04,66.24
95.95,100.04,66.24
94.92,100.45,67.50
95.26,102.85,85.01
95.49,102.87,85.46
95.46,102.87,85.40
95.53,102.87,85.54
95.77,102.90,86.04
95.75,102.90,85.99
95.92,102.91,86.34
95.60,102.88,85.68
95.89,102.91,86.28
95.95,100.04,66.24
95.95,100.04,66.24
95.95,100.04,66.24
95.95,100.04,66.24
95.95,100.04,66.24
95.95,100.04,66.24
95.66,102.89,85.81
95.84,102.91,86.17
96.06,102.93,86.62
96.09,102.93,86.68
96.06,102.93,86.61
96.18,102.94,86.86
96.14,102.94,86.79
95.95,100.04,66.24
95.95,100.04,66.24
95.95,100.04,66.24
95.95,100.04,66.24
95.95,100.04,66.24
95.95,100.04,66.24
96.24,102.95,86.98
96.26,102.95,87.02
96.27,102.95,87.05
96.25,102.95,87.01
96.76,99.63,65.00
96.35,99.84,65.62
96.76,99.63,65.00
97.07,99.43,64.69
96.76,99.63,65.00
95.95,100.04,66.24
96.32,102.96,87.16
96.33,102.96,87.17
96.33,102.96,87.17
97.02,103.17,87.93
97.02,103.17,87.93
97.02,103.17,87.93
97.02,103.17,87.93
96.32,102.96,87.16
97.02,103.17,87.93
97.57,99.14,64.20
97.38,99.22,64.38
97.38,99.22,64.38
97.38,99.22,64.38
97.38,99.22,64.38
96.76,99.63,65.00
96.68,103.06,87.57
97.02,103.17,87.93
97.02,103.17,87.93
97.02,103.17,87.93
97.02,103.17,87.93
97.02,103.17,87.93
97.02,103.17,87.93
97.02,103.17,87.93
97.02,103.17,87.93
97.02,103.17,87.93
97.38,99.22,64.38
97.38,99.22,64.38
97.38,99.22,64.38
97.38,99.22,64.38
97.02,103.17,87.93
97.02,103.17,87.93
97.96,98.98,63.85
98.20,98.90,63.66
98.21,98.90,63.66
98.20,98.90,63.66
98.19,98.90,63.66
97.76,99.06,64.02
98.36,98.87,63.62
98.35,98.88,63.63
98.32,98.88,63.63
98.32,98.88,63.63
98.71,98.82,63.54
98.61,98.84,63.57
98.50,98.85,63.59
98.61,98.84,63.57
99.03,98.77,63.47
99.29,98.73,63.41
99.10,98.76,63.45
99.26,98.74,63.41
98.84,98.80,63.51
99.11,98.76,63.45
99.61,98.68,63.33
99.63,98.68,63.33
99.66,98.67,63.32
99.64,98.68,63.32
100.04,98.61,63.23
100.11,98.60,63.22
100.20,98.59,63.19
99.97,98.62,63.25
100.48,98.54,63.13
100.54,98.54,63.11
100.74,98.50,63.07
100.68,98.51,63.08
100.29,98.57,63.17
100.62,98.52,63.10
100.91,98.48,63.03
100.94,98.47,63.02
100.91,98.48,63.03
100.89,98.48,63.03
101.05,98.46,62.99
101.06,98.46,62.99
101.04,98.46,63.00
101.04,98.46,63.00
101.46,98.04,62.62
101.64,97.88,62.50
101.70,97.86,62.50
101.74,97.85,62.50
101.58,97.92,62.52
101.34,98.17,62.74
101.89,97.80,62.50
101.98,97.78,62.50
102.18,97.71,62.50
102.12,97.73,62.50
101.74,97.85,62.50
102.06,97.75,62.50
102.52,97.61,62.50
102.55,97.60,62.50
102.53,97.61,62.50
102.50,97.62,62.50
103.01,97.46,62.50
102.97,97.47,62.50
103.00,97.46,62.50
102.94,97.48,62.50
103.24,97.38,62.50
103.28,97.37,62.50
103.38,97.34,62.50
103.33,97.36,62.50
103.31,97.36,62.50
103.22,97.39,62.50
103.22,97.39,62.50
103.40,97.34,62.50
103.36,97.35,62.50
92.84,101.73,72.59
92.87,101.72,72.49
92.88,101.71,72.44
92.76,101.78,72.91
92.79,101.76,72.77
92.74,101.80,73.01
92.81,101.75,72.70
92.73,101.80,73.05
92.71,101.82,73.18
92.83,101.74,72.62
92.88,101.71,72.45
92.77,101.77,72.86
92.73,101.81,73.07
92.78,101.76,72.80
92.69,101.84,73.30
92.70,101.83,73.24
92.66,101.88,73.48
92.65,101.90,73.63
92.68,101.87,73.43
92.67,101.87,73.48
92.63,101.92,73.75
92.61,101.99,74.08
92.61,101.98,74.06
92.59,102.04,74.35
92.61,101.98,74.03
92.58,102.10,74.69
92.58,102.09,74.64
92.58,102.15,74.94
92.58,102.09,74.60
92.58,102.22,75.34
92.58,102.20,75.19
92.59,102.27,75.57
92.58,102.19,75.15
92.59,102.28,75.65
92.60,102.31,75.81
92.62,101.94,73.86
92.64,101.91,73.68
92.60,101.99,74.12
92.59,102.04,74.35
92.60,101.99,74.11
92.58,102.10,74.65
92.58,102.16,74.97
92.58,102.10,74.67
92.58,102.23,75.36
92.59,102.28,75.68
92.58,102.22,75.30
92.61,102.33,75.95
92.60,102.32,75.87
92.62,102.35,76.12
92.64,102.38,76.32
92.62,102.34,76.06
92.62,102.36,76.14
92.65,102.40,76.45
92.69,102.43,76.74
92.68,102.43,76.72
92.72,102.46,76.97
92.68,102.43,76.68
92.75,102.47,77.16
92.76,102.47,77.19
92.80,102.48,77.38
92.76,102.47,77.18
92.84,102.49,77.55
92.83,102.49,77.51
92.66,102.41,76.53
92.64,102.39,76.38
92.69,102.44,76.77
92.72,102.46,76.97
92.69,102.44,76.76
92.75,102.47,77.14
92.81,102.49,77.45
92.78,102.48,77.26
92.86,102.49,77.63
93.03,101.66,72.02
93.09,101.64,71.87
93.08,101.64,71.88
92.97,101.68,72.16
92.97,101.68,72.16
92.94,101.69,72.26
92.95,101.69,72.22
93.02,101.66,72.04
92.95,101.69,72.25
92.87,101.72,72.48
92.80,101.75,72.73
92.76,101.78,72.90
92.81,101.75,72.68
92.73,101.80,73.07
93.02,101.66,72.03
93.08,101.65,71.89
93.01,101.67,72.05
92.95,101.69,72.24
92.92,101.70,72.32
92.86,101.72,72.51
92.97,101.68,72.18
92.81,101.75,72.72
92.75,101.79,72.96
92.66,101.88,73.52
92.70,101.84,73.29
92.70,101.84,73.25
92.68,101.86,73.40
92.64,101.91,73.65
92.61,101.97,74.01
92.59,102.03,74.31
92.62,101.96,73.95
92.58,102.09,74.64
92.57,102.15,74.92
92.58,102.08,74.57
92.58,102.20,75.21
92.58,102.25,75.46
92.58,102.20,75.23
92.59,102.29,75.69
92.63,101.92,73.75
92.62,101.97,73.97
92.59,102.03,74.32
92.58,102.09,74.64
92.58,102.15,74.96
92.58,102.21,75.27
92.59,102.26,75.57
92.63,102.37,76.20
92.61,102.32,75.93
92.60,102.32,75.89
92.62,102.35,76.08
92.64,102.39,76.36
92.68,102.43,76.69
92.72,102.45,76.95
92.67,102.42,76.61
92.77,102.47,77.22
92.81,102.49,77.44
92.77,102.47,77.21
92.94,102.50,77.95
92.89,102.49,77.74
92.87,102.49,77.69
92.88,102.49,77.71
92.91,102.49,77.84
92.97,102.50,78.04
92.93,102.49,77.88
93.04,102.50,78.28
93.05,102.50,78.31
93.11,102.50,78.51
93.04,102.50,78.28
93.17,102.50,78.70
93.16,102.50,78.68
92.65,102.40,76.43
92.67,102.42,76.62
92.72,102.45,76.94
92.78,102.48,77.27
92.83,102.49,77.52
92.89,102.49,77.75
92.93,102.49,77.89
92.97,102.50,78.05
92.91,102.49,77.83
92.99,102.50,78.12
93.06,102.50,78.34
93.15,102.50,78.64
93.10,102.49,78.49
93.20,102.50,78.82
93.54,101.45,70.71
93.57,101.43,70.60
93.64,101.39,70.41
93.54,101.45,70.69
93.47,101.49,70.89
93.51,101.47,70.78
93.61,101.41,70.48
93.43,101.51,71.00
93.48,101.49,70.87
93.38,101.53,71.13
93.35,101.55,71.22
93.37,101.54,71.15
93.38,101.54,71.14
93.29,101.58,71.38
93.21,101.60,71.57
93.22,101.60,71.53
93.15,101.62,71.71
93.20,101.61,71.58
93.27,101.58,71.43
93.20,101.61,71.60
93.08,101.65,71.89
93.07,101.65,71.91
93.27,101.59,71.43
93.31,101.57,71.31
93.25,101.59,71.48
93.19,101.61,71.63
93.13,101.63,71.78
93.07,101.65,71.90
93.19,101.61,71.62
93.00,102.50,78.15
92.99,102.50,78.11
93.05,102.50,78.33
93.14,102.50,78.60
93.10,102.50,78.47
93.31,102.50,79.17
93.24,102.50,78.94
93.23,102.50,78.89
93.22,102.50,78.88
93.27,102.50,79.04
93.34,102.50,79.27
93.29,102.50,79.10
93.43,102.52,79.56
93.43,102.52,79.57
93.50,102.53,79.81
93.42,102.51,79.53
93.56,102.54,80.04
93.56,102.54,80.02
93.03,102.50,78.24
93.12,102.50,78.55
93.17,102.50,78.72
93.25,102.50,78.97
93.29,102.50,79.11
93.35,102.51,79.30
93.27,102.50,79.05
93.38,102.51,79.39
93.44,102.52,79.62
93.54,102.54,79.97
93.50,102.53,79.80
93.61,102.55,80.20
94.06,100.96,68.74
94.07,100.95,68.68
94.10,100.90,68.52
94.06,100.96,68.73
94.03,101.00,68.88
94.04,100.98,68.81
94.09,100.92,68.59
94.00,101.04,69.00
94.02,101.02,68.92
93.97,101.08,69.15
93.95,101.11,69.27
93.98,101.06,69.10
93.99,101.06,69.09
93.92,101.13,69.36
93.86,101.20,69.61
93.85,101.22,69.68
93.80,101.27,69.87
93.86,101.20,69.63
93.72,101.33,70.12
93.74,101.31,70.05
93.69,101.35,70.22
93.70,101.34,70.19
93.77,101.29,69.97
93.69,101.35,70.23
93.62,101.41,70.47
93.55,101.45,70.66
93.90,101.16,69.44
93.94,101.12,69.29
93.85,101.21,69.66
93.79,101.27,69.88
93.84,101.23,69.71
93.77,101.29,69.98
93.70,101.34,70.19
93.68,101.36,70.28
93.60,101.42,70.54
93.72,101.33,70.15
93.40,101.53,71.09
93.49,101.48,70.85
93.52,101.46,70.76
93.44,101.51,70.98
93.34,101.55,71.24
93.33,101.56,71.26
93.32,101.56,71.29
93.38,102.51,79.40
93.37,102.51,79.35
93.44,102.52,79.60
93.52,102.53,79.90
93.48,102.53,79.76
93.68,102.57,80.47
93.61,102.55,80.22
93.61,102.55,80.21
93.59,102.55,80.15
93.65,102.56,80.36
93.73,102.59,80.67
93.70,102.58,80.54
93.75,102.60,80.73
93.80,102.61,80.92
93.99,102.70,81.69
93.97,102.69,81.62
93.98,102.69,81.64
94.03,102.73,81.81
93.99,102.70,81.70
93.41,102.51,79.52
93.52,102.53,79.87
93.57,102.54,80.06
93.64,102.56,80.32
93.69,102.58,80.49
93.73,102.59,80.66
93.69,102.58,80.51
93.78,102.61,80.86
93.83,102.62,81.04
93.83,102.62,81.03
93.85,102.64,81.15
93.90,102.66,81.34
93.84,102.63,81.07
93.85,102.63,81.14
93.91,102.66,81.37
93.94,102.67,81.47
93.95,102.68,81.53
93.96,102.68,81.56
93.95,102.68,81.56
93.98,102.69,81.64
93.94,102.67,81.51
93.92,102.67,81.43
93.98,102.69,81.67
93.93,102.67,81.43
93.90,102.65,81.33
93.93,102.67,81.47
94.14,100.84,68.30
94.15,100.82,68.25
94.15,100.83,68.27
94.13,100.87,68.39
94.13,100.86,68.37
94.11,100.88,68.45
94.12,100.88,68.44
94.14,100.84,68.31
94.12,100.88,68.44
94.09,100.92,68.57
94.06,100.96,68.72
94.14,100.84,68.31
94.15,100.83,68.28
94.14,100.85,68.32
94.11,100.88,68.45
94.10,100.90,68.53
94.08,100.94,68.64
94.12,100.87,68.40
93.97,101.08,69.16
94.01,101.03,68.96
94.03,101.00,68.87
94.00,101.04,69.03
93.95,101.10,69.25
93.89,101.17,69.49
93.81,101.25,69.80
93.91,101.15,69.44
93.81,101.26,69.84
93.93,101.13,69.34
93.87,101.19,69.57
93.81,101.25,69.81
93.73,102.59,80.66
93.73,102.59,80.66
93.80,102.61,80.91
93.98,102.70,81.68
93.97,102.69,81.61
93.99,102.70,81.69
93.78,102.61,80.85
93.89,102.65,81.28
93.84,102.63,81.09
93.84,102.63,81.10
93.86,102.64,81.17
93.90,102.65,81.31
93.93,102.67,81.46
93.94,102.67,81.50
93.94,102.67,81.48
93.92,102.66,81.42
93.97,102.69,81.63
94.30,102.91,82.50
94.30,102.91,82.50
94.30,102.91,82.50
94.30,102.91,82.50
94.30,102.91,82.50
93.91,102.66,81.38
94.30,102.91,82.50
94.30,102.91,82.50
94.30,102.91,82.50
94.92,100.45,67.50
94.92,100.45,67.50
94.92,100.45,67.50
94.92,100.45,67.50
94.92,100.45,67.50
94.92,100.45,67.50
94.92,100.45,67.50
94.15,100.83,68.28
94.25,100.77,68.14
94.92,100.45,67.50
94.15,100.83,68.27
94.15,100.84,68.29
94.52,102.77,83.51
94.52,102.77,83.50
94.48,102.78,83.34
94.52,102.77,83.51
94.54,102.77,83.55
94.30,102.91,82.50
94.30,102.91,82.50
94.54,102.77,83.54
94.52,102.77,83.49
94.30,102.91,82.50
94.56,102.77,83.59
94.56,102.77,83.58
94.60,102.78,83.66
94.62,102.78,83.70
94.59,102.78,83.65
94.60,102.78,83.66
94.65,102.78,83.76
94.71,102.79,83.89
94.72,102.79,83.92
94.78,102.80,84.04
94.72,102.79,83.91
94.85,102.80,84.18
94.84,102.80,84.15
94.30,102.91,82.50
94.67,102.78,83.80
94.64,102.78,83.74
94.73,102.79,83.92
94.83,102.80,84.13
94.79,102.80,84.04
94.90,102.81,84.27
94.92,100.45,67.50
94.92,100.45,67.50
94.92,100.45,67.50
94.92,100.45,67.50
94.92,100.45,67.50
94.92,100.45,67.50
94.92,100.45,67.50
94.92,100.45,67.50
94.92,100.45,67.50
94.92,100.45,67.50
94.92,100.45,67.50
94.92,100.45,67.50
94.51,102.77,83.48
94.51,102.77,83.48
94.53,102.77,83.53
94.53,102.77,83.51
94.61,102.78,83.68
94.58,102.78,83.63
94.58,102.77,83.62
94.59,102.78,83.64
94.64,102.78,83.75
94.74,102.79,83.95
94.82,102.80,84.10
94.73,102.79,83.94
95.07,102.83,84.61
94.96,102.81,84.39
94.95,102.81,84.36
94.94,102.81,84.35
94.99,102.82,84.46
95.08,102.83,84.63
94.99,102.82,84.46
95.18,102.84,84.84
95.18,102.84,84.84
94.66,102.78,83.79
94.76,102.79,83.99
94.86,102.80,84.19
94.97,102.82,84.42
95.08,102.83,84.63
95.16,102.84,84.80
94.98,102.82,84.44
95.17,102.84,84.82
95.27,102.85,85.03
95.95,100.04,66.24
95.95,100.04,66.24
95.95,100.04,66.24
95.95,100.04,66.24
95.95,100.04,66.24
95.95,100.04,66.24
95.95,100.04,66.24
94.92,100.45,67.50
94.92,100.45,67.50
95.95,100.04,66.24
94.92,100.45,67.50
94.92,100.45,67.50
95.17,102.84,84.82
95.16,102.84,84.80
95.47,102.87,85.43
95.38,102.86,85.23
95.36,102.86,85.20
95.28,102.85,85.05
95.39,102.86,85.26
95.51,102.87,85.50
95.41,102.86,85.30
95.64,102.89,85.77
95.65,102.89,85.79
95.76,102.90,86.02
95.63,102.88,85.75
95.85,102.91,86.19
95.84,102.91,86.17
95.26,102.85,85.01
95.36,102.86,85.20
95.43,102.86,85.35
95.53,102.87,85.54
95.40,102.86,85.28
95.56,102.88,85.61
95.67,102.89,85.84
95.82,102.90,86.14
95.75,102.90,85.98
95.91,102.91,86.31
95.95,100.04,66.24
95.95,100.04,66.24
95.95,100.04,66.24
95.95,100.04,66.24
95.95,100.04,66.24
95.95,100.04,66.24
95.95,100.04,66.24
95.95,100.04,66.24
95.95,100.04,66.24
95.95,100.04,66.24
95.95,100.04,66.24
95.95,100.04,66.24
95.95,100.04,66.24
95.95,100.04,66.24
95.95,100.04,66.24
95.95,100.04,66.24
95.95,100.04,66.24
95.95,100.04,66.24
95.57,102.88,85.64
95.56,102.88,85.60
95.66,102.89,85.82
95.81,102.90,86.11
95.75,102.90,85.99
96.07,102.93,86.65
95.95,102.92,86.40
95.96,102.92,86.43
95.92,102.91,86.33
95.99,102.92,86.48
96.06,102.93,86.62
95.99,102.92,86.47
96.12,102.94,86.74
96.12,102.93,86.73
95.63,102.88,85.75
95.78,102.90,86.05
95.87,102.91,86.23
95.99,102.92,86.48
96.02,102.92,86.54
96.12,102.93,86.73
95.97,102.92,86.45
96.10,102.93,86.70
96.16,102.94,86.82
95.95,100.04,66.24
95.95,100.04,66.24
95.95,100.04,66.24
95.95,100.04,66.24
95.95,100.04,66.24
95.95,100.04,66.24
95.95,100.04,66.24
95.95,100.04,66.24
95.95,100.04,66.24
95.95,100.04,66.24
95.95,100.04,66.24
95.95,100.04,66.24
95.95,100.04,66.24
95.95,100.04,66.24
95.95,100.04,66.24
95.95,100.04,66.24
95.95,100.04,66.24
95.95,100.04,66.24
96.16,102.94,86.82
96.15,102.94,86.80
96.25,102.95,87.00
96.16,102.94,86.83
96.22,102.95,86.94
96.26,102.95,87.03
96.22,102.95,86.95
96.17,102.94,86.85
96.25,102.95,87.00
96.20,102.94,86.90
96.21,102.94,86.92
96.26,102.95,87.03
96.76,99.63,65.00
96.76,99.63,65.00
96.76,99.63,65.00
96.76,99.63,65.00
96.76,99.63,65.00
96.76,99.63,65.00
96.76,99.63,65.00
95.95,100.04,66.24
95.95,100.04,66.24
96.76,99.63,65.00
95.95,100.04,66.24
95.95,100.04,66.24
96.29,102.95,87.09
96.29,102.95,87.09
96.33,102.96,87.16
96.28,102.95,87.07
96.30,102.95,87.11
96.33,102.96,87.17
96.30,102.95,87.11
97.02,103.17,87.93
97.02,103.17,87.93
97.02,103.17,87.93
97.02,103.17,87.93
97.02,103.17,87.93
96.28,102.95,87.07
96.32,102.96,87.16
96.29,102.95,87.09
96.29,102.95,87.09
96.33,102.96,87.16
97.02,103.17,87.93
97.02,103.17,87.93
97.02,103.17,87.93
97.38,99.22,64.38
97.38,99.22,64.38
97.38,99.22,64.38
97.38,99.22,64.38
97.38,99.22,64.38
97.38,99.22,64.38
97.38,99.22,64.38
96.76,99.63,65.00
96.76,99.63,65.00
97.38,99.22,64.38
96.76,99.63,65.00
96.76,99.63,65.00
96.35,102.96,87.20
96.34,102.96,87.18
96.34,102.96,87.19
97.02,103.17,87.93
97.02,103.17,87.93
97.02,103.17,87.93
96.34,102.96,87.18
97.02,103.17,87.93
97.02,103.17,87.93
97.02,103.17,87.93
97.02,103.17,87.93
97.02,103.17,87.93
97.02,103.17,87.93
97.02,103.17,87.93
97.02,103.17,87.93
97.02,103.17,87.93
97.02,103.17,87.93
97.02,103.17,87.93
97.02,103.17,87.93
97.02,103.17,87.93
97.02,103.17,87.93
97.02,103.17,87.93
97.02,103.17,87.93
97.02,103.17,87.93
97.02,103.17,87.93
97.02,103.17,87.93
97.02,103.17,87.93
97.02,103.17,87.93
97.02,103.17,87.93
97.38,99.22,64.38
97.38,99.22,64.38
97.38,99.22,64.38
97.38,99.22,64.38
97.38,99.22,64.38
97.38,99.22,64.38
97.38,99.22,64.38
97.38,99.22,64.38
97.38,99.22,64.38
97.38,99.22,64.38
97.38,99.22,64.38
97.38,99.22,64.38
97.02,103.17,87.93
97.02,103.17,87.93
97.02,103.17,87.93
97.02,103.17,87.93
97.02,103.17,87.93
97.02,103.17,87.93
97.02,103.17,87.93
97.02,103.17,87.93
97.02,103.17,87.93
98.18,98.90,63.67
98.17,98.90,63.67
98.20,98.90,63.66
98.20,98.90,63.66
98.17,98.90,63.67
98.16,98.91,63.67
98.19,98.90,63.66
97.38,99.22,64.38
97.38,99.22,64.38
98.19,98.90,63.66
97.38,99.22,64.38
97.38,99.22,64.38
98.28,98.89,63.64
98.28,98.89,63.64
98.36,98.87,63.62
98.28,98.89,63.64
98.27,98.89,63.64
98.34,98.88,63.63
98.26,98.89,63.65
98.26,98.89,63.65
98.34,98.88,63.63
98.26,98.89,63.65
98.26,98.89,63.65
98.32,98.88,63.63
98.48,98.86,63.60
98.53,98.85,63.58
98.66,98.83,63.55
98.53,98.85,63.58
98.46,98.86,63.60
98.55,98.84,63.58
98.41,98.87,63.61
98.48,98.86,63.60
98.66,98.83,63.55
98.46,98.86,63.60
98.41,98.87,63.61
98.55,98.84,63.58
99.07,98.76,63.46
99.16,98.75,63.44
99.20,98.74,63.43
98.91,98.79,63.50
98.87,98.79,63.50
98.85,98.80,63.51
98.97,98.78,63.48
99.18,98.75,63.43
99.05,98.77,63.46
98.72,98.82,63.54
98.67,98.83,63.55
99.07,98.76,63.46
99.20,98.74,63.43
99.18,98.75,63.43
98.98,98.78,63.48
98.86,98.80,63.51
98.72,98.82,63.54
98.91,98.79,63.50
99.37,98.72,63.39
99.36,98.72,63.39
99.62,98.68,63.33
99.45,98.71,63.37
99.44,98.71,63.37
99.64,98.68,63.32
99.46,98.70,63.37
99.46,98.70,63.37
99.63,98.68,63.33
99.38,98.72,63.39
99.39,98.72,63.38
99.65,98.67,63.32
99.87,98.64,63.27
99.83,98.65,63.28
100.07,98.61,63.22
99.82,98.65,63.28
99.88,98.64,63.27
100.15,98.60,63.20
99.93,98.63,63.26
99.79,98.65,63.29
100.00,98.62,63.24
99.80,98.65,63.29
99.92,98.63,63.26
100.08,98.61,63.22
100.61,98.52,63.10
100.51,98.54,63.12
100.64,98.52,63.09
100.71,98.51,63.07
100.58,98.53,63.10
100.58,98.53,63.10
100.42,98.55,63.14
100.46,98.55,63.13
100.29,98.57,63.17
100.17,98.59,63.20
100.32,98.57,63.16
100.29,98.57,63.17
100.25,98.58,63.18
100.41,98.56,63.14
100.44,98.55,63.14
100.65,98.52,63.09
100.34,98.57,63.16
100.13,98.60,63.21
100.84,98.49,63.04
100.83,98.49,63.05
100.92,98.48,63.02
100.72,98.51,63.07
100.81,98.49,63.05
100.92,98.48,63.02
100.80,98.50,63.05
100.71,98.51,63.07
100.90,98.48,63.03
100.75,98.50,63.06
100.76,98.50,63.06
100.90,98.48,63.03
101.00,98.46,63.01
101.00,98.46,63.01
101.05,98.46,62.99
100.98,98.47,63.01
100.98,98.47,63.01
101.05,98.46,62.99
100.98,98.47,63.01
100.98,98.47,63.01
101.05,98.46,62.99
100.96,98.47,63.01
100.97,98.47,63.01
101.04,98.46,63.00
101.64,97.88,62.50
101.67,97.87,62.50
101.61,97.89,62.50
101.67,97.87,62.50
101.72,97.86,62.50
101.62,97.89,62.50
101.55,97.94,62.54
101.09,98.44,62.98
101.08,98.45,62.98
101.67,97.87,62.50
101.07,98.45,62.99
101.07,98.45,62.99
102.03,97.76,62.50
102.08,97.75,62.50
101.93,97.79,62.50
102.00,97.77,62.50
102.15,97.72,62.50
102.02,97.76,62.50
101.90,97.80,62.50
101.86,97.81,62.50
101.69,97.87,62.50
101.81,97.83,62.50
101.84,97.82,62.50
101.79,97.83,62.50
101.74,97.85,62.50
101.90,97.80,62.50
102.09,97.74,62.50
101.93,97.79,62.50
101.82,97.83,62.50
101.67,97.87,62.50
102.37,97.66,62.50
102.54,97.60,62.50
102.35,97.66,62.50
102.25,97.69,62.50
102.34,97.67,62.50
102.54,97.60,62.50
102.32,97.67,62.50
102.51,97.61,62.50
102.24,97.70,62.50
102.28,97.68,62.50
102.29,97.68,62.50
102.51,97.61,62.50
102.76,97.53,62.50
102.99,97.46,62.50
102.78,97.53,62.50
102.76,97.53,62.50
102.74,97.54,62.50
102.98,97.47,62.50
102.76,97.53,62.50
102.97,97.47,62.50
102.73,97.54,62.50
102.72,97.55,62.50
102.75,97.54,62.50
102.97,97.47,62.50
103.31,97.36,62.50
103.33,97.36,62.50
103.26,97.38,62.50
103.29,97.37,62.50
103.35,97.35,62.50
103.11,97.43,62.50
103.12,97.42,62.50
103.14,97.42,62.50
103.30,97.37,62.50
103.16,97.41,62.50
103.12,97.42,62.50
103.16,97.41,62.50
103.11,97.43,62.50
103.28,97.37,62.50
103.27,97.38,62.50
103.11,97.42,62.50
103.08,97.43,62.50
103.08,97.43,62.50
103.22,97.39,62.50
103.39,97.34,62.50
103.34,97.36,62.50
103.37,97.35,62.50
103.38,97.34,62.50
103.34,97.36,62.50
103.36,97.35,62.50
103.29,97.37,62.50
103.35,97.35,62.50
103.29,97.37,62.50
92.82,101.74,72.63
92.84,101.73,72.57
92.85,101.73,72.54
92.88,101.71,72.44
92.89,101.71,72.43
92.91,101.70,72.37
92.86,101.72,72.50
92.87,101.72,72.47
92.85,101.73,72.56
92.79,101.76,72.79
92.81,101.75,72.71
92.78,101.77,72.85
92.77,101.78,72.88
92.78,101.77,72.81
92.75,101.79,72.95
92.75,101.79,72.96
92.73,101.81,73.08
92.74,101.80,73.02
92.83,101.74,72.61
92.82,101.74,72.65
92.80,101.75,72.74
92.79,101.76,72.78
92.82,101.74,72.67
92.73,101.81,73.09
92.74,101.80,73.03
92.73,101.81,73.09
92.72,101.81,73.11
92.70,101.83,73.20
92.73,101.81,73.08
92.71,101.82,73.17
92.82,101.74,72.65
92.85,101.73,72.55
92.85,101.72,72.53
92.83,101.73,72.60
92.86,101.72,72.51
92.88,101.72,72.46
92.90,101.71,72.38
92.74,101.80,73.01
92.77,101.77,72.87
92.80,101.76,72.74
92.80,101.75,72.72
92.79,101.76,72.76
92.73,101.80,73.04
92.73,101.81,73.09
92.76,101.78,72.93
92.78,101.77,72.83
92.81,101.75,72.69
92.75,101.79,72.97
92.73,101.81,73.08
92.70,101.83,73.23
92.71,101.83,73.19
92.70,101.84,73.27
92.68,101.86,73.39
92.68,101.85,73.36
92.71,101.82,73.16
92.73,101.81,73.09
92.69,101.85,73.31
92.68,101.86,73.39
92.66,101.89,73.55
92.65,101.90,73.64
92.64,101.92,73.72
92.67,101.87,73.47
92.66,101.89,73.54
92.70,101.84,73.28
92.69,101.85,73.31
92.69,101.85,73.33
92.68,101.85,73.35
92.67,101.87,73.45
92.65,101.90,73.59
92.65,101.89,73.57
92.63,101.93,73.78
92.65,101.90,73.61
92.67,101.87,73.45
92.65,101.90,73.60
92.63,101.92,73.73
92.62,101.96,73.94
92.62,101.96,73.93
92.61,101.98,74.07
92.60,102.01,74.20
92.60,102.01,74.20
92.59,102.04,74.34
92.60,102.01,74.21
92.59,102.04,74.36
92.60,102.01,74.22
92.62,101.95,73.89
92.62,101.95,73.89
92.61,101.98,74.05
92.60,102.01,74.18
92.62,101.95,73.91
92.58,102.07,74.54
92.59,102.07,74.51
92.58,102.10,74.66
92.58,102.12,74.79
92.58,102.12,74.76
92.58,102.15,74.91
92.58,102.12,74.80
92.58,102.15,74.95
92.58,102.13,74.81
92.59,102.06,74.47
92.59,102.06,74.49
92.58,102.09,74.63
92.58,102.11,74.72
92.59,102.06,74.49
92.58,102.19,75.16
92.58,102.17,75.07
92.58,102.21,75.27
92.58,102.23,75.38
92.58,102.22,75.30
92.58,102.25,75.50
92.58,102.25,75.47
92.59,102.28,75.66
92.59,102.26,75.54
92.58,102.16,75.01
92.58,102.17,75.04
92.58,102.19,75.18
92.58,102.21,75.28
92.58,102.17,75.05
92.59,102.26,75.53
92.59,102.27,75.62
92.60,102.29,75.73
92.60,102.30,75.76
92.60,102.31,75.83
92.59,102.28,75.68
92.60,102.30,75.77
92.63,101.94,73.83
92.63,101.92,73.74
92.63,101.93,73.76
92.62,101.95,73.89
92.63,101.93,73.79
92.64,101.91,73.66
92.65,101.89,73.58
92.60,102.02,74.26
92.61,101.99,74.10
92.62,101.97,73.99
92.62,101.97,74.00
92.62,101.95,73.87
92.59,102.04,74.34
92.60,102.01,74.23
92.60,102.02,74.24
92.61,101.99,74.12
92.61,101.97,74.01
92.60,102.02,74.25
92.59,102.04,74.37
92.58,102.12,74.80
92.58,102.10,74.66
92.59,102.07,74.51
92.59,102.07,74.50
92.59,102.07,74.52
92.58,102.16,74.98
92.58,102.13,74.84
92.58,102.13,74.83
92.58,102.10,74.67
92.59,102.07,74.50
92.58,102.13,74.81
92.58,102.16,74.97
92.59,102.26,75.55
92.58,102.23,75.35
92.58,102.19,75.17
92.58,102.19,75.17
92.58,102.19,75.16
92.59,102.28,75.63
92.58,102.24,75.45
92.58,102.25,75.48
92.58,102.22,75.32
92.58,102.19,75.14
92.58,102.26,75.52
92.59,102.29,75.71
92.60,102.31,75.85
92.60,102.31,75.82
92.61,102.32,75.90
92.62,102.34,76.05
92.61,102.34,76.01
92.60,102.30,75.78
92.60,102.29,75.75
92.61,102.32,75.93
92.61,102.34,76.03
92.63,102.37,76.21
92.64,102.38,76.30
92.64,102.40,76.40
92.62,102.35,76.13
92.63,102.37,76.24
92.61,102.32,75.91
92.61,102.33,75.94
92.61,102.33,75.97
92.61,102.34,76.00
92.62,102.35,76.10
92.63,102.37,76.26
92.63,102.37,76.22
92.65,102.40,76.46
92.63,102.38,76.28
92.62,102.35,76.09
92.63,102.37,76.25
92.65,102.40,76.41
92.67,102.42,76.60
92.67,102.42,76.60
92.68,102.43,76.73
92.70,102.44,76.84
92.70,102.44,76.83
92.72,102.46,76.97
92.70,102.45,76.85
92.72,102.46,76.99
92.70,102.45,76.86
92.66,102.41,76.54
92.66,102.41,76.55
92.68,102.43,76.71
92.70,102.44,76.83
92.67,102.42,76.58
92.74,102.47,77.06
92.74,102.46,77.07
92.76,102.47,77.17
92.78,102.48,77.28
92.78,102.48,77.31
92.80,102.48,77.39
92.78,102.47,77.25
92.79,102.48,77.34
92.77,102.47,77.25
92.74,102.46,77.08
92.74,102.46,77.08
92.76,102.47,77.19
92.78,102.48,77.30
92.74,102.46,77.07
92.82,102.49,77.47
92.82,102.49,77.46
92.83,102.49,77.53
92.86,102.49,77.62
92.85,102.49,77.60
92.81,102.49,77.44
92.81,102.49,77.42
92.66,102.41,76.51
92.65,102.40,76.42
92.65,102.40,76.46
92.66,102.41,76.56
92.65,102.40,76.47
92.64,102.39,76.36
92.63,102.37,76.26
92.71,102.45,76.90
92.69,102.44,76.75
92.68,102.42,76.65
92.68,102.43,76.67
92.68,102.42,76.63
92.72,102.46,76.96
92.70,102.45,76.86
92.70,102.45,76.87
92.69,102.44,76.76
92.68,102.42,76.66
92.71,102.45,76.88
92.72,102.46,76.98
92.77,102.47,77.24
92.75,102.47,77.15
92.73,102.46,77.04
92.72,102.46,77.01
92.73,102.46,77.06
92.83,102.49,77.52
92.82,102.49,77.48
92.80,102.48,77.36
92.77,102.47,77.21
92.75,102.47,77.13
92.78,102.48,77.29
92.80,102.48,77.39
92.86,102.49,77.65
92.84,102.49,77.57
92.84,102.49,77.54
92.85,102.49,77.60
92.82,102.49,77.47
93.03,101.66,72.01
93.06,101.65,71.93
93.06,101.65,71.94
93.09,101.64,71.87
93.11,101.63,71.80
93.11,101.63,71.81
93.06,101.65,71.95
93.05,101.65,71.95
93.02,101.66,72.03
93.00,101.67,72.09
93.00,101.67,72.09
92.98,101.68,72.16
92.95,101.69,72.23
92.95,101.69,72.23
93.00,101.67,72.08
93.00,101.67,72.07
92.98,101.68,72.15
92.96,101.68,72.20
92.91,101.70,72.35
92.89,101.71,72.43
92.93,101.69,72.29
92.99,101.67,72.12
93.02,101.66,72.03
92.99,101.68,72.14
92.98,101.68,72.14
93.01,101.67,72.05
92.98,101.68,72.15
92.95,101.69,72.24
92.92,101.70,72.34
92.92,101.70,72.33
92.86,101.72,72.49
92.90,101.71,72.39
92.94,101.69,72.26
92.91,101.70,72.36
92.88,101.72,72.45
92.83,101.74,72.62
92.81,101.75,72.71
92.78,101.76,72.81
92.78,101.77,72.82
92.76,101.78,72.91
92.79,101.76,72.78
92.76,101.78,72.89
92.89,101.71,72.43
92.84,101.73,72.58
92.81,101.75,72.70
92.78,101.76,72.80
92.84,101.73,72.60
92.75,101.79,72.97
92.74,101.79,72.99
92.74,101.79,72.99
92.73,101.80,73.06
92.71,101.82,73.15
93.02,101.66,72.03
93.05,101.65,71.95
93.05,101.65,71.96
93.02,101.66,72.04
93.05,101.65,71.97
93.08,101.64,71.88
93.11,101.64,71.81
93.02,101.67,72.05
92.99,101.68,72.14
92.98,101.68,72.15
92.95,101.69,72.25
92.92,101.70,72.33
92.98,101.68,72.15
93.01,101.67,72.06
92.97,101.68,72.19
92.94,101.69,72.28
92.88,101.71,72.44
92.88,101.71,72.45
92.85,101.73,72.54
92.89,101.71,72.42
92.87,101.72,72.47
92.99,101.67,72.11
93.00,101.67,72.10
93.00,101.67,72.10
92.97,101.68,72.17
92.95,101.69,72.23
92.90,101.71,72.40
92.95,101.69,72.24
92.93,101.70,72.31
92.78,101.77,72.85
92.80,101.76,72.75
92.89,101.71,72.42
92.84,101.73,72.58
92.82,101.74,72.64
92.75,101.78,72.94
92.78,101.77,72.83
92.81,101.75,72.69
92.78,101.77,72.84
92.75,101.79,72.98
92.66,101.89,73.56
92.67,101.87,73.44
92.68,101.86,73.41
92.70,101.84,73.26
92.73,101.81,73.10
92.68,101.86,73.37
92.66,101.88,73.49
92.68,101.87,73.42
92.70,101.84,73.28
92.73,101.81,73.09
92.73,101.81,73.08
92.73,101.81,73.09
92.66,101.88,73.51
92.65,101.90,73.62
92.66,101.88,73.53
92.66,101.89,73.56
92.64,101.91,73.70
92.67,101.87,73.44
92.69,101.85,73.32
92.71,101.82,73.17
92.69,101.85,73.34
92.70,101.83,73.24
92.62,101.95,73.88
92.61,101.97,74.02
92.60,102.00,74.16
92.61,102.00,74.16
92.59,102.03,74.30
92.60,102.00,74.17
92.59,102.03,74.32
92.63,101.93,73.77
92.63,101.93,73.81
92.62,101.97,73.98
92.61,102.00,74.13
92.63,101.94,73.84
92.59,102.06,74.48
92.58,102.09,74.63
92.58,102.12,74.77
92.58,102.12,74.79
92.58,102.15,74.93
92.58,102.11,74.75
92.58,102.14,74.90
92.59,102.05,74.41
92.59,102.06,74.44
92.58,102.09,74.63
92.58,102.12,74.78
92.59,102.06,74.47
92.58,102.17,75.06
92.58,102.20,75.20
92.58,102.22,75.33
92.58,102.23,75.37
92.58,102.25,75.49
92.58,102.22,75.31
92.58,102.24,75.43
92.58,102.18,75.08
92.58,102.18,75.08
92.58,102.20,75.22
92.58,102.23,75.37
92.58,102.17,75.07
92.59,102.26,75.56
92.59,102.27,75.58
92.59,102.27,75.60
92.59,102.28,75.67
92.60,102.30,75.79
92.65,101.90,73.60
92.64,101.92,73.71
92.63,101.94,73.82
92.65,101.90,73.64
92.64,101.91,73.67
92.61,102.00,74.15
92.61,101.98,74.04
92.62,101.95,73.88
92.63,101.93,73.78
92.62,101.96,73.92
92.59,102.03,74.31
92.61,102.00,74.14
92.62,101.96,73.96
92.61,102.00,74.14
92.59,102.03,74.33
92.58,102.13,74.82
92.58,102.09,74.65
92.59,102.06,74.48
92.59,102.06,74.46
92.59,102.06,74.49
92.58,102.15,74.95
92.58,102.12,74.79
92.58,102.09,74.63
92.58,102.12,74.80
92.58,102.16,74.98
92.58,102.24,75.44
92.58,102.21,75.29
92.58,102.18,75.12
92.58,102.18,75.11
92.58,102.18,75.13
92.59,102.26,75.53
92.58,102.23,75.39
92.58,102.21,75.25
92.58,102.24,75.42
92.59,102.27,75.59
92.63,102.37,76.24
92.62,102.35,76.10
92.62,102.35,76.07
92.61,102.32,75.91
92.60,102.30,75.77
92.61,102.34,76.04
92.62,102.36,76.18
92.62,102.35,76.08
92.61,102.32,75.92
92.59,102.29,75.72
92.59,102.29,75.70
92.60,102.30,75.75
92.62,102.36,76.16
92.64,102.38,76.31
92.62,102.37,76.19
92.63,102.37,76.23
92.64,102.39,76.37
92.62,102.35,76.11
92.61,102.33,75.98
92.60,102.30,75.80
92.61,102.33,75.99
92.60,102.32,75.88
92.66,102.41,76.53
92.68,102.43,76.68
92.70,102.44,76.81
92.70,102.44,76.80
92.72,102.45,76.94
92.70,102.44,76.82
92.72,102.45,76.96
92.65,102.40,76.43
92.64,102.39,76.35
92.68,102.42,76.64
92.70,102.44,76.80
92.65,102.41,76.49
92.75,102.46,77.10
92.76,102.47,77.20
92.79,102.48,77.32
92.79,102.48,77.35
92.82,102.49,77.46
92.79,102.48,77.32
92.81,102.49,77.43
92.74,102.46,77.08
92.74,102.46,77.09
92.77,102.47,77.22
92.79,102.48,77.35
92.75,102.46,77.09
92.95,102.49,77.99
92.92,102.49,77.87
92.92,102.49,77.84
92.88,102.49,77.71
92.85,102.49,77.61
92.85,102.49,77.58
92.91,102.49,77.82
92.90,102.49,77.80
92.94,102.50,77.93
92.92,102.49,77.86
92.89,102.49,77.73
92.85,102.49,77.58
92.84,102.49,77.56
92.85,102.49,77.59
92.94,102.50,77.92
92.96,102.50,78.02
92.94,102.50,77.94
92.95,102.49,77.96
92.97,102.50,78.06
92.95,102.49,77.98
92.92,102.49,77.87
92.90,102.49,77.79
92.89,102.49,77.77
92.86,102.49,77.63
92.90,102.49,77.78
92.88,102.49,77.69
93.01,102.50,78.18
93.01,102.50,78.19
93.04,102.50,78.29
93.08,102.50,78.41
93.08,102.50,78.43
93.11,102.50,78.53
93.07,102.50,78.40
93.11,102.50,78.50
93.07,102.50,78.37
93.00,102.50,78.14
93.00,102.50,78.16
93.04,102.50,78.29
93.08,102.50,78.41
93.01,102.50,78.18
93.14,102.50,78.62
93.14,102.50,78.61
93.16,102.50,78.69
93.19,102.50,78.78
93.19,102.50,78.76
93.13,102.50,78.59
93.13,102.50,78.58
92.63,102.38,76.29
92.64,102.39,76.39
92.66,102.41,76.50
92.64,102.38,76.34
92.64,102.39,76.37
92.69,102.44,76.78
92.68,102.43,76.70
92.66,102.41,76.52
92.65,102.40,76.44
92.67,102.42,76.59
92.71,102.45,76.93
92.70,102.44,76.79
92.67,102.42,76.62
92.70,102.44,76.79
92.72,102.45,76.95
92.82,102.49,77.48
92.78,102.48,77.27
92.75,102.46,77.11
92.75,102.46,77.10
92.75,102.46,77.12
92.83,102.49,77.49
92.80,102.48,77.37
92.77,102.47,77.23
92.80,102.48,77.40
92.84,102.49,77.55
92.87,102.49,77.66
92.86,102.49,77.64
92.88,102.49,77.72
92.91,102.49,77.82
92.86,102.49,77.61
92.89,102.49,77.73
92.91,102.49,77.81
92.95,102.49,77.97
92.97,102.50,78.03
92.99,102.50,78.12
92.93,102.49,77.90
92.95,102.49,77.97
92.88,102.49,77.70
92.88,102.49,77.72
92.89,102.49,77.76
92.92,102.49,77.85
92.94,102.50,77.95
93.00,102.50,78.16
92.96,102.49,78.00
92.92,102.49,77.86
92.95,102.49,77.98
92.98,102.50,78.09
93.08,102.50,78.40
93.05,102.50,78.31
93.02,102.50,78.23
93.03,102.50,78.26
93.02,102.50,78.21
93.17,102.50,78.71
93.15,102.50,78.64
93.12,102.50,78.56
93.08,102.50,78.41
93.06,102.50,78.35
93.10,102.50,78.49
93.12,102.50,78.55
93.21,102.50,78.85
93.18,102.50,78.75
93.18,102.50,78.73
93.20,102.50,78.81
93.15,102.50,78.65
93.50,101.47,70.80
93.52,101.46,70.75
93.55,101.44,70.66
93.61,101.41,70.50
93.63,101.40,70.44
93.65,101.38,70.35
93.59,101.42,70.56
93.62,101.40,70.45
93.57,101.43,70.61
93.57,101.43,70.61
93.54,101.45,70.70
93.51,101.47,70.79
93.51,101.47,70.78
93.48,101.49,70.88
93.51,101.47,70.80
93.47,101.49,70.90
93.49,101.48,70.84
93.55,101.45,70.68
93.57,101.44,70.62
93.53,101.46,70.72
93.59,101.42,70.56
93.60,101.42,70.52
93.64,101.39,70.39
93.45,101.50,70.95
93.47,101.49,70.89
93.45,101.50,70.94
93.41,101.52,71.05
93.44,101.51,70.99
93.49,101.48,70.83
93.52,101.47,70.76
93.43,101.51,71.01
93.41,101.52,71.07
93.37,101.54,71.18
93.35,101.55,71.23
93.32,101.56,71.29
93.39,101.53,71.12
93.37,101.54,71.17
93.42,101.52,71.03
93.42,101.52,71.02
93.43,101.51,71.02
93.43,101.51,71.01
93.38,101.54,71.15
93.33,101.56,71.27
93.32,101.56,71.28
93.29,101.57,71.36
93.34,101.55,71.25
93.38,101.53,71.14
93.33,101.56,71.27
93.28,101.58,71.39
93.24,101.59,71.49
93.25,101.59,71.47
93.22,101.60,71.55
93.17,101.62,71.66
93.18,101.61,71.64
93.26,101.59,71.45
93.26,101.59,71.44
93.21,101.60,71.56
93.18,101.61,71.64
93.12,101.63,71.79
93.09,101.64,71.86
93.15,101.62,71.72
93.24,101.59,71.49
93.27,101.58,71.42
93.24,101.59,71.50
93.23,101.60,71.52
93.26,101.59,71.44
93.23,101.60,71.53
93.20,101.61,71.59
93.16,101.62,71.68
93.17,101.62,71.67
93.05,101.65,71.96
93.12,101.63,71.80
93.18,101.61,71.65
93.14,101.63,71.74
93.11,101.64,71.82
93.05,101.65,71.96
93.08,101.65,71.90
93.10,101.64,71.83
93.05,101.66,71.97
93.04,101.66,71.98
93.29,101.58,71.38
93.31,101.57,71.33
93.29,101.57,71.37
93.25,101.59,71.47
93.27,101.58,71.41
93.33,101.56,71.27
93.35,101.55,71.21
93.24,101.59,71.50
93.21,101.60,71.57
93.22,101.60,71.55
93.19,101.61,71.61
93.16,101.62,71.69
93.22,101.60,71.54
93.25,101.59,71.46
93.18,101.61,71.65
93.15,101.62,71.71
93.10,101.64,71.84
93.07,101.65,71.92
93.05,101.66,71.97
93.13,101.63,71.77
93.10,101.64,71.83
93.21,101.60,71.56
93.23,101.60,71.52
93.24,101.59,71.48
93.21,101.60,71.58
93.17,101.62,71.67
93.10,101.64,71.83
93.16,101.62,71.70
93.13,101.63,71.76
93.04,101.66,71.98
93.07,101.65,71.90
93.04,101.66,71.98
92.98,102.50,78.09
92.97,102.50,78.05
92.97,102.50,78.03
92.96,102.49,78.01
92.99,102.50,78.13
93.02,102.50,78.20
93.02,102.50,78.23
93.01,102.50,78.16
93.05,102.50,78.30
93.10,102.50,78.46
93.10,102.50,78.50
93.14,102.50,78.63
93.09,102.50,78.44
93.13,102.50,78.57
93.07,102.50,78.39
93.05,102.50,78.32
93.08,102.50,78.40
93.13,102.50,78.57
93.03,102.50,78.25
93.32,102.50,79.20
93.28,102.50,79.08
93.28,102.50,79.06
93.23,102.50,78.91
93.20,102.50,78.80
93.19,102.50,78.78
93.27,102.50,79.04
93.26,102.50,79.01
93.30,102.50,79.15
93.28,102.50,79.06
93.23,102.50,78.91
93.18,102.50,78.74
93.17,102.50,78.72
93.19,102.50,78.77
93.30,102.50,79.14
93.33,102.50,79.25
93.31,102.50,79.16
93.31,102.50,79.18
93.35,102.51,79.30
93.32,102.50,79.21
93.28,102.50,79.07
93.25,102.50,78.99
93.24,102.50,78.95
93.20,102.50,78.79
93.25,102.50,78.97
93.22,102.50,78.87
93.39,102.51,79.44
93.39,102.51,79.45
93.43,102.52,79.57
93.47,102.52,79.70
93.47,102.52,79.70
93.50,102.53,79.83
93.46,102.52,79.69
93.50,102.53,79.81
93.46,102.52,79.67
93.37,102.51,79.38
93.38,102.51,79.39
93.42,102.51,79.55
93.46,102.52,79.68
93.39,102.51,79.43
93.53,102.53,79.93
93.53,102.53,79.92
93.56,102.54,80.02
93.59,102.55,80.13
93.59,102.55,80.12
93.53,102.53,79.92
93.53,102.53,79.90
92.98,102.50,78.08
93.00,102.50,78.15
93.02,102.50,78.21
93.01,102.50,78.17
93.03,102.50,78.27
93.16,102.50,78.67
93.11,102.50,78.52
93.07,102.50,78.39
93.08,102.50,78.42
93.06,102.50,78.36
93.16,102.50,78.69
93.14,102.50,78.60
93.11,102.50,78.52
93.15,102.50,78.63
93.18,102.50,78.76
93.22,102.50,78.88
93.21,102.50,78.84
93.24,102.50,78.93
93.27,102.50,79.05
93.20,102.50,78.81
93.24,102.50,78.95
93.27,102.50,79.04
93.32,102.50,79.21
93.34,102.51,79.28
93.37,102.51,79.37
93.30,102.50,79.12
93.32,102.50,79.21
93.23,102.50,78.92
93.24,102.50,78.94
93.25,102.50,78.96
93.28,102.50,79.07
93.31,102.50,79.18
93.38,102.51,79.42
93.34,102.50,79.26
93.29,102.50,79.09
93.33,102.50,79.22
93.36,102.51,79.34
93.47,102.52,79.71
93.44,102.52,79.59
93.41,102.51,79.51
93.42,102.51,79.54
93.40,102.51,79.47
93.57,102.54,80.07
93.55,102.54,79.98
93.52,102.53,79.89
93.47,102.52,79.72
93.45,102.52,79.63
93.49,102.53,79.80
93.52,102.53,79.88
93.61,102.55,80.20
93.58,102.54,80.10
93.57,102.54,80.08
93.60,102.55,80.17
93.55,102.54,80.00
94.04,100.98,68.81
94.05,100.98,68.78
94.06,100.95,68.71
94.09,100.92,68.60
94.09,100.92,68.57
94.11,100.89,68.50
94.08,100.93,68.63
94.10,100.91,68.54
94.07,100.94,68.66
94.08,100.94,68.65
94.06,100.96,68.73
94.04,100.98,68.80
94.05,100.98,68.80
94.03,101.00,68.88
94.04,100.98,68.81
94.03,101.01,68.89
94.04,100.99,68.85
94.06,100.96,68.74
94.07,100.95,68.70
94.05,100.97,68.77
94.07,100.94,68.67
94.08,100.93,68.64
94.10,100.91,68.54
94.02,101.02,68.94
94.02,101.01,68.90
94.01,101.03,68.97
93.99,101.05,69.06
94.00,101.04,69.01
94.03,101.00,68.86
94.04,100.99,68.82
94.00,101.04,69.02
93.99,101.06,69.08
93.96,101.09,69.21
93.94,101.11,69.28
93.93,101.13,69.34
93.98,101.07,69.13
93.96,101.09,69.19
94.01,101.04,69.00
94.01,101.03,68.99
94.01,101.03,68.99
94.01,101.03,68.98
93.98,101.06,69.09
93.96,101.09,69.20
93.96,101.09,69.20
93.92,101.14,69.39
93.95,101.11,69.26
93.98,101.07,69.12
93.95,101.10,69.24
93.93,101.13,69.33
93.89,101.17,69.51
93.88,101.18,69.54
93.85,101.21,69.64
93.82,101.24,69.78
93.81,101.25,69.81
93.79,101.27,69.90
93.83,101.23,69.75
93.80,101.26,69.85
93.84,101.23,69.72
93.90,101.16,69.47
93.89,101.17,69.50
93.85,101.21,69.65
93.82,101.24,69.79
93.89,101.18,69.52
93.75,101.30,70.02
93.76,101.30,70.00
93.73,101.32,70.09
93.70,101.35,70.21
93.71,101.34,70.18
93.77,101.29,69.96
93.78,101.28,69.94
93.74,101.31,70.07
93.71,101.33,70.16
93.67,101.37,70.31
93.65,101.38,70.36
93.68,101.36,70.26
93.74,101.31,70.06
93.77,101.29,69.95
93.74,101.32,70.08
93.73,101.32,70.10
93.77,101.29,69.98
93.73,101.32,70.11
93.70,101.34,70.21
93.66,101.38,70.34
93.66,101.37,70.32
93.61,101.41,70.49
93.66,101.38,70.35
93.70,101.34,70.20
93.66,101.37,70.33
93.62,101.40,70.46
93.58,101.43,70.58
93.58,101.43,70.57
93.59,101.42,70.55
93.55,101.45,70.67
93.51,101.47,70.77
93.91,101.15,69.43
93.93,101.13,69.35
93.92,101.14,69.37
93.90,101.16,69.47
93.92,101.14,69.39
93.94,101.12,69.29
93.96,101.10,69.21
93.83,101.23,69.73
93.86,101.20,69.63
93.88,101.18,69.55
93.87,101.19,69.58
93.88,101.18,69.53
93.78,101.28,69.92
93.81,101.26,69.83
93.82,101.25,69.79
93.84,101.22,69.69
93.87,101.20,69.60
93.82,101.24,69.77
93.80,101.26,69.85
93.77,101.29,69.96
93.74,101.31,70.07
93.74,101.32,70.08
93.70,101.35,70.21
93.66,101.37,70.32
93.73,101.32,70.10
93.77,101.30,69.99
93.72,101.33,70.13
93.69,101.35,70.24
93.63,101.39,70.42
93.62,101.40,70.47
93.58,101.43,70.59
93.65,101.38,70.37
93.61,101.41,70.50
93.75,101.31,70.04
93.76,101.30,70.01
93.77,101.29,69.97
93.73,101.32,70.09
93.69,101.35,70.22
93.64,101.39,70.38
93.70,101.34,70.20
93.67,101.36,70.29
93.40,101.53,71.09
93.45,101.51,70.97
93.44,101.51,70.97
93.48,101.48,70.86
93.52,101.46,70.75
93.44,101.51,70.99
93.40,101.53,71.10
93.46,101.50,70.92
93.50,101.47,70.81
93.56,101.44,70.65
93.58,101.43,70.60
93.54,101.45,70.70
93.42,101.52,71.04
93.37,101.54,71.16
93.39,101.53,71.12
93.36,101.55,71.19
93.31,101.57,71.32
93.41,101.52,71.06
93.46,101.50,70.93
93.53,101.46,70.73
93.48,101.49,70.87
93.50,101.48,70.82
93.30,101.57,71.34
93.34,101.56,71.25
93.37,101.54,71.17
93.30,101.57,71.35
93.30,101.57,71.36
93.36,101.55,71.21
93.32,101.56,71.30
93.28,101.58,71.40
93.36,101.55,71.20
93.36,101.54,71.18
93.29,101.58,71.37
93.33,101.56,71.28
93.28,101.58,71.39
93.35,102.51,79.31
93.35,102.51,79.29
93.34,102.50,79.27
93.33,102.50,79.24
93.37,102.51,79.38
93.40,102.51,79.47
93.41,102.51,79.49
93.38,102.51,79.41
93.43,102.52,79.56
93.48,102.52,79.74
93.49,102.53,79.78
93.53,102.53,79.93
93.47,102.52,79.72
93.51,102.53,79.87
93.46,102.52,79.67
93.43,102.52,79.59
93.46,102.52,79.68
93.51,102.53,79.86
93.41,102.51,79.50
93.68,102.57,80.47
93.65,102.56,80.35
93.65,102.56,80.34
93.61,102.55,80.22
93.58,102.54,80.09
93.57,102.54,80.08
93.65,102.56,80.34
93.64,102.56,80.34
93.68,102.57,80.47
93.63,102.56,80.30
93.60,102.55,80.18
93.56,102.54,80.03
93.55,102.54,79.99
93.56,102.54,80.05
93.67,102.57,80.42
93.71,102.58,80.58
93.69,102.58,80.52
93.72,102.59,80.63
93.76,102.60,80.77
93.74,102.59,80.72
93.67,102.57,80.44
93.66,102.57,80.39
93.63,102.56,80.28
93.58,102.54,80.10
93.62,102.56,80.25
93.61,102.55,80.19
93.72,102.58,80.60
93.74,102.59,80.70
93.78,102.60,80.84
93.79,102.61,80.87
93.81,102.62,80.96
93.77,102.60,80.81
93.79,102.61,80.90
93.98,102.70,81.68
93.98,102.69,81.65
93.98,102.69,81.66
93.97,102.69,81.63
93.96,102.69,81.60
93.97,102.69,81.61
93.98,102.69,81.67
93.98,102.69,81.68
93.99,102.70,81.70
94.01,102.71,81.76
93.99,102.70,81.71
93.99,102.70,81.71
94.07,102.75,81.91
94.00,102.70,81.72
93.99,102.70,81.69
93.99,102.70,81.68
93.36,102.51,79.33
93.38,102.51,79.41
93.40,102.51,79.48
93.39,102.51,79.43
93.42,102.51,79.55
93.56,102.54,80.01
93.51,102.53,79.85
93.46,102.52,79.69
93.48,102.52,79.73
93.45,102.52,79.65
93.55,102.54,80.01
93.53,102.53,79.91
93.50,102.53,79.82
93.54,102.54,79.97
93.58,102.55,80.11
93.62,102.55,80.24
93.60,102.55,80.19
93.62,102.56,80.26
93.66,102.57,80.40
93.59,102.55,80.14
93.64,102.56,80.32
93.66,102.57,80.41
93.71,102.58,80.58
93.73,102.59,80.67
93.75,102.60,80.74
93.68,102.57,80.49
93.70,102.58,80.56
93.64,102.56,80.33
93.65,102.56,80.35
93.65,102.57,80.37
93.70,102.58,80.53
93.74,102.59,80.69
93.78,102.60,80.85
93.73,102.59,80.68
93.69,102.58,80.50
93.74,102.59,80.68
93.78,102.61,80.86
93.80,102.62,80.95
93.80,102.62,80.95
93.83,102.62,81.04
93.85,102.63,81.14
93.85,102.63,81.13
93.80,102.61,80.94
93.80,102.61,80.94
93.82,102.62,81.01
93.84,102.63,81.10
93.88,102.65,81.24
93.89,102.65,81.29
93.91,102.66,81.39
93.86,102.64,81.19
93.89,102.65,81.28
93.81,102.62,80.96
93.82,102.62,81.00
93.82,102.62,81.03
93.83,102.63,81.07
93.85,102.63,81.11
93.87,102.64,81.20
93.86,102.64,81.18
93.92,102.66,81.40
93.88,102.65,81.26
93.85,102.63,81.12
93.87,102.64,81.22
93.90,102.65,81.32
93.93,102.67,81.46
93.94,102.67,81.48
93.94,102.67,81.50
93.95,102.68,81.54
93.96,102.68,81.57
93.96,102.68,81.59
93.95,102.68,81.52
93.95,102.68,81.53
93.94,102.67,81.49
93.94,102.67,81.50
93.95,102.68,81.54
93.97,102.69,81.60
93.97,102.69,81.61
93.98,102.69,81.66
93.96,102.68,81.58
93.97,102.69,81.62
93.94,102.67,81.48
93.93,102.67,81.44
93.92,102.66,81.39
93.91,102.66,81.36
93.93,102.67,81.47
93.94,102.67,81.50
93.95,102.68,81.54
93.96,102.68,81.59
93.95,102.68,81.53
93.96,102.68,81.57
93.99,102.70,81.70
93.98,102.70,81.68
93.98,102.69,81.65
93.97,102.69,81.64
93.98,102.69,81.67
93.93,102.67,81.44
93.91,102.66,81.39
93.91,102.66,81.38
93.93,102.67,81.43
93.91,102.66,81.37
93.90,102.65,81.33
93.89,102.65,81.27
93.94,102.67,81.49
93.93,102.67,81.47
93.93,102.67,81.45
93.93,102.67,81.45
93.93,102.67,81.45
94.15,100.84,68.29
94.15,100.83,68.26
94.15,100.83,68.28
94.15,100.83,68.26
94.17,100.82,68.23
94.16,100.82,68.24
94.15,100.83,68.29
94.14,100.84,68.30
94.14,100.84,68.31
94.13,100.85,68.36
94.14,100.85,68.35
94.13,100.86,68.38
94.12,100.88,68.43
94.12,100.87,68.42
94.14,100.85,68.33
94.14,100.85,68.33
94.13,100.86,68.39
94.12,100.87,68.42
94.11,100.89,68.48
94.10,100.90,68.51
94.11,100.88,68.46
94.13,100.86,68.38
94.14,100.84,68.32
94.13,100.86,68.38
94.13,100.86,68.38
94.14,100.84,68.31
94.13,100.86,68.36
94.12,100.88,68.44
94.10,100.90,68.50
94.10,100.90,68.51
94.09,100.92,68.58
94.10,100.90,68.51
94.12,100.88,68.45
94.10,100.90,68.51
94.09,100.92,68.57
94.08,100.94,68.65
94.08,100.94,68.65
94.08,100.94,68.65
94.06,100.96,68.72
94.05,100.98,68.79
94.14,100.84,68.29
94.15,100.83,68.28
94.14,100.84,68.30
94.14,100.85,68.33
94.14,100.84,68.31
94.15,100.83,68.27
94.15,100.83,68.26
94.14,100.85,68.33
94.13,100.87,68.40
94.13,100.86,68.39
94.12,100.88,68.45
94.10,100.90,68.52
94.13,100.86,68.38
94.14,100.84,68.31
94.12,100.88,68.43
94.11,100.89,68.49
94.09,100.92,68.58
94.08,100.93,68.63
94.07,100.95,68.68
94.10,100.91,68.56
94.08,100.93,68.61
94.13,100.86,68.37
94.13,100.86,68.36
94.14,100.85,68.34
94.13,100.86,68.39
94.12,100.88,68.44
94.09,100.91,68.56
94.11,100.89,68.47
94.11,100.90,68.50
93.97,101.08,69.17
93.99,101.06,69.07
93.99,101.05,69.05
94.02,101.02,68.93
94.04,100.99,68.83
93.99,101.05,69.04
93.98,101.07,69.14
94.00,101.05,69.04
94.02,101.01,68.91
94.05,100.97,68.76
94.06,100.96,68.71
94.05,100.98,68.80
93.98,101.07,69.11
93.96,101.10,69.22
93.97,101.08,69.14
93.97,101.08,69.18
93.94,101.11,69.27
93.99,101.05,69.07
94.01,101.02,68.95
94.05,100.98,68.80
94.01,101.02,68.96
94.03,101.00,68.88
93.91,101.15,69.40
93.88,101.19,69.56
93.85,101.21,69.65
93.87,101.19,69.59
93.83,101.23,69.73
93.84,101.22,69.70
93.80,101.26,69.86
93.94,101.12,69.31
93.93,101.13,69.35
93.90,101.16,69.46
93.88,101.19,69.55
93.92,101.14,69.37
93.79,101.27,69.89
93.81,101.25,69.82
93.83,101.24,69.75
93.79,101.27,69.90
93.78,101.28,69.92
93.95,101.10,69.23
93.93,101.12,69.32
93.91,101.15,69.41
93.95,101.10,69.24
93.95,101.11,69.26
93.82,101.24,69.76
93.86,101.21,69.64
93.90,101.16,69.45
93.92,101.14,69.38
93.88,101.18,69.53
93.83,101.23,69.74
93.86,101.20,69.62
93.89,101.17,69.50
93.84,101.22,69.70
93.79,101.27,69.88
93.79,101.28,69.91
93.81,101.26,69.83
93.79,101.27,69.89
93.71,102.58,80.57
93.71,102.58,80.57
93.71,102.58,80.57
93.71,102.58,80.57
93.73,102.59,80.66
93.76,102.60,80.76
93.76,102.60,80.76
93.74,102.59,80.69
93.76,102.60,80.79
93.79,102.61,80.88
93.77,102.60,80.83
93.81,102.62,80.96
93.99,102.70,81.70
93.98,102.69,81.66
93.97,102.69,81.63
93.96,102.68,81.59
93.98,102.69,81.65
93.97,102.69,81.63
93.98,102.69,81.67
93.99,102.70,81.70
93.99,102.70,81.68
93.98,102.69,81.67
93.99,102.70,81.70
93.99,102.70,81.71
93.73,102.59,80.66
93.75,102.60,80.75
93.78,102.60,80.84
93.76,102.60,80.76
93.78,102.61,80.85
93.90,102.65,81.31
93.87,102.64,81.22
93.87,102.64,81.19
93.83,102.63,81.06
93.81,102.62,80.97
93.86,102.64,81.16
93.88,102.65,81.25
93.87,102.64,81.22
93.84,102.63,81.09
93.81,102.62,80.97
93.81,102.62,80.98
93.81,102.62,80.97
93.88,102.65,81.26
93.90,102.65,81.33
93.88,102.64,81.24
93.88,102.64,81.23
93.89,102.65,81.30
93.86,102.64,81.15
93.84,102.63,81.08
93.82,102.62,81.02
93.85,102.63,81.13
93.83,102.63,81.05
93.92,102.66,81.40
93.91,102.66,81.39
93.93,102.67,81.44
93.94,102.68,81.51
93.91,102.66,81.37
93.92,102.66,81.42
93.94,102.67,81.48
93.95,102.68,81.55
93.96,102.68,81.58
93.95,102.68,81.54
93.92,102.66,81.41
93.91,102.66,81.38
93.93,102.67,81.45
93.94,102.67,81.49
93.93,102.67,81.46
93.95,102.68,81.52
93.95,102.68,81.55
93.97,102.69,81.64
93.96,102.68,81.56
93.94,102.67,81.48
93.95,102.68,81.55
93.97,102.69,81.62
93.98,102.69,81.68
93.98,102.69,81.66
93.98,102.69,81.65
94.30,102.91,82.50
94.30,102.91,82.50
94.30,102.91,82.50
94.30,102.91,82.50
94.30,102.91,82.50
94.30,102.91,82.50
94.30,102.91,82.50
94.30,102.91,82.50
94.30,102.91,82.50
94.30,102.91,82.50
94.30,102.91,82.50
94.30,102.91,82.50
94.30,102.91,82.50
94.30,102.91,82.50
94.30,102.91,82.50
94.30,102.91,82.50
93.89,102.65,81.31
93.91,102.66,81.35
93.92,102.66,81.41
93.90,102.65,81.33
93.91,102.66,81.36
93.93,102.67,81.45
93.92,102.66,81.41
93.92,102.66,81.43
94.30,102.91,82.50
94.30,102.91,82.50
94.30,102.91,82.50
94.30,102.91,82.50
94.30,102.91,82.50
94.30,102.91,82.50
94.30,102.91,82.50
94.30,102.91,82.50
94.30,102.91,82.50
94.30,102.91,82.50
94.30,102.91,82.50
94.30,102.91,82.50
94.92,100.45,67.50
94.92,100.45,67.50
94.92,100.45,67.50
94.92,100.45,67.50
94.92,100.45,67.50
94.92,100.45,67.50
94.92,100.45,67.50
94.92,100.45,67.50
94.92,100.45,67.50
94.92,100.45,67.50
94.92,100.45,67.50
94.92,100.45,67.50
94.92,100.45,67.50
94.92,100.45,67.50
94.92,100.45,67.50
94.92,100.45,67.50
94.92,100.45,67.50
94.92,100.45,67.50
94.92,100.45,67.50
94.92,100.45,67.50
94.92,100.45,67.50
94.92,100.45,67.50
94.92,100.45,67.50
94.14,100.84,68.30
94.15,100.83,68.27
94.15,100.82,68.25
94.35,100.73,68.05
94.15,100.82,68.25
94.22,100.79,68.17
94.15,100.83,68.25
94.92,100.45,67.50
94.92,100.45,67.50
94.92,100.45,67.50
94.92,100.45,67.50
94.92,100.45,67.50
94.14,100.84,68.29
94.15,100.83,68.27
94.16,100.82,68.25
94.15,100.84,68.29
94.15,100.83,68.29
94.15,100.83,68.26
94.15,100.83,68.29
94.14,100.84,68.31
94.15,100.83,68.26
94.15,100.83,68.26
94.14,100.84,68.30
94.15,100.83,68.28
94.14,100.84,68.30
94.53,102.77,83.53
94.53,102.77,83.53
94.52,102.77,83.50
94.51,102.77,83.48
94.51,102.77,83.48
94.45,102.80,83.22
94.51,102.77,83.48
94.49,102.78,83.40
94.51,102.77,83.49
94.51,102.77,83.49
94.52,102.77,83.51
94.53,102.77,83.53
94.53,102.77,83.53
94.54,102.77,83.55
94.53,102.77,83.53
94.54,102.77,83.55
94.30,102.91,82.50
94.30,102.91,82.50
94.30,102.91,82.50
94.30,102.91,82.50
94.30,102.91,82.50
94.30,102.91,82.50
94.30,102.91,82.50
94.54,102.77,83.54
94.53,102.77,83.52
94.53,102.77,83.51
94.53,102.77,83.53
94.52,102.77,83.51
94.52,102.77,83.50
94.51,102.77,83.48
94.30,102.91,82.50
94.30,102.91,82.50
94.30,102.91,82.50
94.30,102.91,82.50
94.30,102.91,82.50
94.55,102.77,83.57
94.55,102.77,83.56
94.56,102.77,83.59
94.58,102.77,83.61
94.57,102.77,83.61
94.55,102.77,83.56
94.55,102.77,83.55
94.57,102.77,83.60
94.58,102.78,83.62
94.61,102.78,83.68
94.62,102.78,83.71
94.63,102.78,83.73
94.59,102.78,83.65
94.60,102.78,83.67
94.57,102.77,83.60
94.57,102.77,83.60
94.57,102.77,83.60
94.57,102.77,83.60
94.60,102.78,83.65
94.62,102.78,83.71
94.62,102.78,83.71
94.65,102.78,83.76
94.62,102.78,83.71
94.60,102.78,83.65
94.62,102.78,83.71
94.65,102.78,83.76
94.68,102.79,83.83
94.69,102.79,83.84
94.72,102.79,83.90
94.75,102.79,83.98
94.76,102.79,83.99
94.79,102.80,84.05
94.75,102.79,83.96
94.78,102.80,84.02
94.74,102.79,83.95
94.68,102.79,83.83
94.69,102.79,83.84
94.72,102.79,83.91
94.76,102.79,83.99
94.69,102.79,83.84
94.83,102.80,84.12
94.82,102.80,84.11
94.85,102.80,84.16
94.88,102.81,84.23
94.87,102.81,84.22
94.81,102.80,84.09
94.80,102.80,84.08
94.30,102.91,82.50
94.30,102.91,82.50
94.30,102.91,82.50
94.30,102.91,82.50
94.30,102.91,82.50
94.30,102.91,82.50
94.30,102.91,82.50
94.30,102.91,82.50
94.66,102.78,83.78
94.64,102.78,83.75
94.65,102.78,83.77
94.68,102.79,83.82
94.66,102.78,83.79
94.63,102.78,83.72
94.61,102.78,83.69
94.75,102.79,83.96
94.72,102.79,83.90
94.70,102.79,83.86
94.71,102.79,83.88
94.69,102.79,83.84
94.86,102.80,84.19
94.84,102.80,84.15
94.81,102.80,84.09
94.76,102.79,83.98
94.74,102.79,83.94
94.78,102.80,84.02
94.80,102.80,84.07
94.90,102.81,84.28
94.87,102.80,84.21
94.86,102.80,84.20
94.89,102.81,84.26
94.83,102.80,84.14
94.92,100.45,67.50
94.92,100.45,67.50
94.92,100.45,67.50
94.92,100.45,67.50
94.92,100.45,67.50
94.92,100.45,67.50
94.92,100.45,67.50
94.92,100.45,67.50
94.92,100.45,67.50
94.92,100.45,67.50
94.92,100.45,67.50
94.92,100.45,67.50
94.92,100.45,67.50
94.92,100.45,67.50
94.92,100.45,67.50
94.92,100.45,67.50
94.92,100.45,67.50
94.92,100.45,67.50
94.92,100.45,67.50
94.92,100.45,67.50
94.92,100.45,67.50
94.92,100.45,67.50
94.92,100.45,67.50
94.92,100.45,67.50
94.92,100.45,67.50
94.92,100.45,67.50
94.92,100.45,67.50
94.92,100.45,67.50
94.92,100.45,67.50
94.92,100.45,67.50
94.92,100.45,67.50
94.92,100.45,67.50
94.92,100.45,67.50
94.92,100.45,67.50
94.92,100.45,67.50
94.92,100.45,67.50
94.92,100.45,67.50
94.92,100.45,67.50
94.92,100.45,67.50
94.92,100.45,67.50
94.92,100.45,67.50
94.92,100.45,67.50
94.92,100.45,67.50
94.92,100.45,67.50
94.92,100.45,67.50
94.92,100.45,67.50
94.92,100.45,67.50
94.92,100.45,67.50
94.51,102.77,83.47
94.50,102.77,83.47
94.50,102.77,83.46
94.50,102.77,83.45
94.51,102.77,83.48
94.51,102.77,83.49
94.51,102.77,83.49
94.52,102.77,83.49
94.52,102.77,83.50
94.52,102.77,83.51
94.53,102.77,83.52
94.54,102.77,83.54
94.51,102.77,83.49
94.52,102.77,83.50
94.53,102.77,83.52
94.52,102.77,83.50
94.52,102.77,83.51
94.62,102.78,83.71
94.61,102.78,83.68
94.60,102.78,83.66
94.57,102.77,83.61
94.56,102.77,83.58
94.58,102.78,83.63
94.60,102.78,83.66
94.60,102.78,83.67
94.58,102.77,83.62
94.55,102.77,83.56
94.55,102.77,83.56
94.55,102.77,83.57
94.61,102.78,83.69
94.64,102.78,83.74
94.61,102.78,83.69
94.62,102.78,83.70
94.64,102.78,83.75
94.59,102.78,83.65
94.57,102.77,83.60
94.55,102.77,83.57
94.58,102.78,83.63
94.56,102.77,83.58
94.69,102.79,83.85
94.73,102.79,83.93
94.78,102.80,84.03
94.79,102.80,84.04
94.83,102.80,84.12
94.77,102.79,84.01
94.81,102.80,84.08
94.68,102.79,83.83
94.69,102.79,83.84
94.74,102.79,83.94
94.78,102.80,84.04
94.69,102.79,83.85
95.07,102.83,84.62
95.02,102.82,84.51
95.01,102.82,84.50
94.95,102.81,84.37
94.90,102.81,84.26
94.89,102.81,84.25
95.01,102.82,84.49
95.00,102.82,84.48
95.06,102.83,84.60
95.01,102.82,84.49
94.95,102.81,84.37
94.88,102.81,84.23
94.87,102.80,84.21
94.89,102.81,84.24
95.04,102.82,84.55
95.08,102.83,84.63
95.04,102.82,84.55
95.03,102.82,84.54
95.08,102.83,84.63
95.03,102.82,84.54
94.99,102.82,84.46
94.95,102.81,84.37
94.95,102.81,84.37
94.90,102.81,84.26
94.97,102.82,84.40
94.92,102.81,84.32
95.13,102.83,84.74
95.13,102.83,84.73
95.18,102.84,84.84
95.25,102.84,84.98
95.23,102.84,84.94
95.13,102.83,84.73
95.13,102.83,84.73
94.62,102.78,83.71
94.65,102.78,83.76
94.67,102.78,83.81
94.64,102.78,83.73
94.65,102.78,83.76
94.83,102.80,84.12
94.77,102.80,84.02
94.71,102.79,83.89
94.70,102.79,83.86
94.72,102.79,83.91
94.85,102.80,84.17
94.80,102.80,84.07
94.75,102.79,83.96
94.81,102.80,84.09
94.88,102.81,84.22
94.93,102.81,84.33
94.92,102.81,84.31
94.96,102.81,84.39
95.01,102.82,84.50
94.90,102.81,84.28
94.98,102.82,84.44
95.02,102.82,84.52
95.12,102.83,84.71
95.17,102.84,84.82
95.21,102.84,84.90
95.07,102.83,84.61
95.11,102.83,84.69
94.94,102.81,84.34
94.94,102.81,84.35
94.95,102.81,84.36
94.99,102.82,84.45
95.03,102.82,84.53
95.22,102.84,84.91
95.12,102.83,84.72
95.03,102.82,84.53
95.08,102.83,84.63
95.12,102.83,84.72
95.28,102.85,85.04
95.23,102.84,84.93
95.22,102.84,84.92
95.27,102.85,85.02
95.17,102.84,84.83
95.95,100.04,66.24
95.95,100.04,66.24
95.95,100.04,66.24
95.95,100.04,66.24
95.95,100.04,66.24
95.95,100.04,66.24
95.95,100.04,66.24
95.95,100.04,66.24
95.95,100.04,66.24
95.95,100.04,66.24
95.95,100.04,66.24
95.95,100.04,66.24
95.95,100.04,66.24
95.95,100.04,66.24
95.95,100.04,66.24
95.95,100.04,66.24
95.95,100.04,66.24
95.95,100.04,66.24
95.95,100.04,66.24
95.95,100.04,66.24
95.95,100.04,66.24
95.95,100.04,66.24
95.95,100.04,66.24
94.92,100.45,67.50
94.92,100.45,67.50
94.92,100.45,67.50
94.92,100.45,67.50
94.92,100.45,67.50
94.92,100.45,67.50
94.92,100.45,67.50
95.95,100.04,66.24
95.95,100.04,66.24
95.95,100.04,66.24
95.95,100.04,66.24
95.95,100.04,66.24
94.92,100.45,67.50
94.92,100.45,67.50
94.92,100.45,67.50
94.92,100.45,67.50
94.92,100.45,67.50
94.92,100.45,67.50
94.92,100.45,67.50
94.92,100.45,67.50
94.92,100.45,67.50
94.92,100.45,67.50
94.92,100.45,67.50
94.92,100.45,67.50
94.92,100.45,67.50
95.13,102.83,84.73
95.12,102.83,84.72
95.11,102.83,84.70
95.11,102.83,84.69
95.17,102.84,84.81
95.21,102.84,84.90
95.22,102.84,84.91
95.48,102.87,85.44
95.43,102.86,85.35
95.42,102.86,85.33
95.37,102.86,85.22
95.32,102.85,85.12
95.31,102.85,85.10
95.42,102.86,85.31
95.41,102.86,85.30
95.46,102.87,85.41
95.38,102.86,85.25
95.33,102.85,85.14
95.23,102.84,84.93
95.20,102.84,84.87
95.27,102.85,85.03
95.44,102.86,85.36
95.50,102.87,85.48
95.45,102.87,85.38
95.46,102.87,85.40
95.52,102.87,85.52
95.47,102.87,85.42
95.40,102.86,85.27
95.34,102.85,85.17
95.33,102.85,85.15
95.23,102.84,84.94
95.33,102.85,85.15
95.30,102.85,85.08
95.58,102.88,85.66
95.59,102.88,85.67
95.65,102.89,85.78
95.71,102.89,85.90
95.71,102.89,85.92
95.77,102.90,86.03
95.70,102.89,85.89
95.76,102.90,86.01
95.70,102.89,85.88
95.56,102.88,85.60
95.57,102.88,85.63
95.64,102.89,85.77
95.70,102.89,85.89
95.58,102.88,85.65
95.81,102.90,86.11
95.80,102.90,86.10
95.84,102.91,86.18
95.88,102.91,86.26
95.88,102.91,86.25
95.80,102.90,86.09
95.79,102.90,86.08
95.16,102.84,84.80
95.21,102.84,84.90
95.26,102.85,85.01
95.21,102.84,84.90
95.26,102.85,85.01
95.31,102.85,85.11
95.31,102.85,85.10
95.36,102.86,85.20
95.41,102.86,85.30
95.31,102.85,85.10
95.35,102.85,85.18
95.40,102.86,85.27
95.48,102.87,85.44
95.51,102.87,85.51
95.56,102.88,85.61
95.44,102.86,85.37
95.49,102.87,85.47
95.33,102.85,85.14
95.33,102.85,85.15
95.34,102.85,85.16
95.40,102.86,85.29
95.46,102.87,85.41
95.58,102.88,85.65
95.50,102.87,85.48
95.41,102.86,85.31
95.48,102.87,85.44
95.55,102.88,85.58
95.71,102.89,85.92
95.66,102.89,85.80
95.62,102.88,85.73
95.64,102.88,85.76
95.60,102.88,85.69
95.86,102.91,86.21
95.82,102.90,86.13
95.78,102.90,86.06
95.71,102.89,85.91
95.67,102.89,85.83
95.75,102.90,85.99
95.79,102.90,86.07
95.91,102.91,86.32
95.87,102.91,86.24
95.86,102.91,86.22
95.90,102.91,86.30
95.83,102.90,86.15
95.95,100.04,66.24
95.95,100.04,66.24
95.95,100.04,66.24
95.95,100.04,66.24
95.95,100.04,66.24
95.95,100.04,66.24
95.95,100.04,66.24
95.95,100.04,66.24
95.95,100.04,66.24
95.95,100.04,66.24
95.95,100.04,66.24
95.95,100.04,66.24
95.95,100.04,66.24
95.95,100.04,66.24
95.95,100.04,66.24
95.95,100.04,66.24
95.95,100.04,66.24
95.95,100.04,66.24
95.95,100.04,66.24
95.95,100.04,66.24
95.95,100.04,66.24
95.95,100.04,66.24
95.95,100.04,66.24
95.95,100.04,66.24
95.95,100.04,66.24
95.95,100.04,66.24
95.95,100.04,66.24
95.95,100.04,66.24
95.95,100.04,66.24
95.95,100.04,66.24
95.95,100.04,66.24
95.95,100.04,66.24
95.95,100.04,66.24
95.95,100.04,66.24
95.95,100.04,66.24
95.95,100.04,66.24
95.95,100.04,66.24
95.95,100.04,66.24
95.95,100.04,66.24
95.95,100.04,66.24
95.95,100.04,66.24
95.95,100.04,66.24
95.95,100.04,66.24
95.95,100.04,66.24
95.95,100.04,66.24
95.95,100.04,66.24
95.95,100.04,66.24
95.95,100.04,66.24
95.95,100.04,66.24
95.95,100.04,66.24
95.95,100.04,66.24
95.95,100.04,66.24
95.95,100.04,66.24
95.95,100.04,66.24
95.95,100.04,66.24
95.95,100.04,66.24
95.95,100.04,66.24
95.95,100.04,66.24
95.95,100.04,66.24
95.95,100.04,66.24
95.95,100.04,66.24
95.95,100.04,66.24
95.95,100.04,66.24
95.95,100.04,66.24
95.95,100.04,66.24
95.95,100.04,66.24
95.95,100.04,66.24
95.95,100.04,66.24
95.95,100.04,66.24
95.95,100.04,66.24
95.95,100.04,66.24
95.95,100.04,66.24
95.53,102.87,85.55
95.52,102.87,85.53
95.51,102.87,85.52
95.51,102.87,85.50
95.57,102.88,85.62
95.61,102.88,85.71
95.62,102.88,85.72
95.57,102.88,85.64
95.65,102.89,85.78
95.73,102.90,85.96
95.75,102.90,85.99
95.82,102.90,86.14
95.72,102.89,85.93
95.79,102.90,86.07
95.70,102.89,85.90
95.66,102.89,85.81
95.71,102.89,85.90
95.79,102.90,86.08
95.62,102.88,85.73
96.07,102.93,86.64
96.00,102.92,86.51
96.01,102.92,86.52
95.96,102.92,86.41
95.89,102.91,86.28
95.90,102.91,86.30
96.02,102.92,86.54
96.03,102.93,86.55
96.08,102.93,86.66
95.99,102.92,86.48
95.93,102.92,86.36
95.86,102.91,86.22
95.84,102.91,86.19
95.88,102.91,86.25
96.02,102.93,86.55
96.06,102.93,86.62
96.02,102.93,86.55
96.02,102.93,86.55
96.06,102.93,86.61
96.02,102.93,86.54
95.99,102.92,86.48
95.95,102.92,86.41
95.95,102.92,86.41
95.88,102.91,86.26
95.95,102.92,86.40
95.92,102.91,86.33
96.09,102.93,86.68
96.09,102.93,86.68
96.12,102.94,86.74
96.15,102.94,86.80
96.15,102.94,86.80
96.09,102.93,86.68
96.09,102.93,86.67
95.54,102.87,85.57
95.58,102.88,85.64
95.61,102.88,85.71
95.59,102.88,85.67
95.64,102.89,85.78
95.84,102.91,86.17
95.76,102.90,86.02
95.70,102.89,85.90
95.72,102.89,85.93
95.69,102.89,85.86
95.85,102.91,86.20
95.81,102.90,86.11
95.76,102.90,86.02
95.82,102.90,86.14
95.88,102.91,86.26
95.94,102.92,86.38
95.93,102.92,86.35
95.98,102.92,86.45
96.04,102.93,86.58
95.91,102.91,86.33
95.96,102.92,86.41
96.00,102.92,86.51
96.07,102.93,86.63
96.08,102.93,86.66
96.13,102.94,86.76
96.05,102.93,86.61
96.10,102.93,86.71
95.93,102.92,86.37
95.94,102.92,86.38
95.95,102.92,86.39
95.98,102.92,86.46
96.01,102.92,86.53
96.12,102.94,86.74
96.06,102.93,86.62
96.00,102.92,86.49
96.04,102.93,86.57
96.08,102.93,86.66
96.17,102.94,86.84
96.14,102.94,86.78
96.13,102.94,86.76
96.15,102.94,86.81
96.11,102.93,86.72
95.95,100.04,66.24
95.95,100.04,66.24
95.95,100.04,66.24
95.95,100.04,66.24
95.95,100.04,66.24
95.95,100.04,66.24
95.95,100.04,66.24
95.95,100.04,66.24
95.95,100.04,66.24
95.95,100.04,66.24
95.95,100.04,66.24
95.95,100.04,66.24
95.95,100.04,66.24
95.95,100.04,66.24
95.95,100.04,66.24
95.95,100.04,66.24
95.95,100.04,66.24
95.95,100.04,66.24
95.95,100.04,66.24
95.95,100.04,66.24
95.95,100.04,66.24
95.95,100.04,66.24
95.95,100.04,66.24
95.95,100.04,66.24
95.95,100.04,66.24
95.95,100.04,66.24
95.95,100.04,66.24
95.95,100.04,66.24
95.95,100.04,66.24
95.95,100.04,66.24
95.95,100.04,66.24
95.95,100.04,66.24
95.95,100.04,66.24
95.95,100.04,66.24
95.95,100.04,66.24
95.95,100.04,66.24
95.95,100.04,66.24
95.95,100.04,66.24
95.95,100.04,66.24
95.95,100.04,66.24
95.95,100.04,66.24
95.95,100.04,66.24
95.95,100.04,66.24
95.95,100.04,66.24
95.95,100.04,66.24
95.95,100.04,66.24
95.95,100.04,66.24
95.95,100.04,66.24
95.95,100.04,66.24
95.95,100.04,66.24
95.95,100.04,66.24
95.95,100.04,66.24
95.95,100.04,66.24
95.95,100.04,66.24
95.95,100.04,66.24
95.95,100.04,66.24
95.95,100.04,66.24
95.95,100.04,66.24
95.95,100.04,66.24
95.95,100.04,66.24
95.95,100.04,66.24
95.95,100.04,66.24
95.95,100.04,66.24
95.95,100.04,66.24
95.95,100.04,66.24
95.95,100.04,66.24
95.95,100.04,66.24
95.95,100.04,66.24
95.95,100.04,66.24
95.95,100.04,66.24
95.95,100.04,66.24
95.95,100.04,66.24
96.11,102.93,86.72
96.10,102.93,86.71
96.15,102.94,86.81
96.20,102.94,86.90
96.19,102.94,86.89
96.24,102.95,87.00
96.20,102.94,86.91
96.25,102.95,87.01
96.21,102.94,86.92
96.13,102.94,86.76
96.12,102.94,86.74
96.16,102.94,86.82
96.20,102.94,86.91
96.11,102.93,86.73
96.24,102.95,86.98
96.19,102.94,86.88
96.17,102.94,86.84
96.20,102.94,86.90
96.14,102.94,86.78
96.27,102.95,87.04
96.25,102.95,87.00
96.24,102.95,86.99
96.22,102.95,86.94
96.20,102.94,86.90
96.24,102.95,86.98
96.26,102.95,87.02
96.13,102.94,86.76
96.17,102.94,86.84
96.21,102.94,86.92
96.21,102.95,86.93
96.25,102.95,87.01
96.21,102.94,86.92
96.24,102.95,86.99
96.17,102.94,86.84
96.16,102.94,86.82
96.18,102.94,86.87
96.23,102.95,86.96
96.14,102.94,86.79
96.24,102.95,86.98
96.21,102.95,86.94
96.18,102.94,86.87
96.17,102.94,86.85
96.19,102.94,86.89
96.26,102.95,87.02
96.23,102.95,86.97
96.20,102.94,86.91
96.23,102.95,86.97
96.27,102.95,87.04
96.76,99.63,65.00
96.76,99.63,65.00
96.76,99.63,65.00
96.76,99.63,65.00
96.76,99.63,65.00
96.76,99.63,65.00
96.76,99.63,65.00
96.76,99.63,65.00
96.76,99.63,65.00
96.76,99.63,65.00
96.76,99.63,65.00
96.76,99.63,65.00
96.76,99.63,65.00
96.76,99.63,65.00
96.76,99.63,65.00
96.76,99.63,65.00
96.76,99.63,65.00
96.76,99.63,65.00
96.76,99.63,65.00
96.76,99.63,65.00
96.76,99.63,65.00
96.76,99.63,65.00
96.76,99.63,65.00
95.95,100.04,66.24
95.95,100.04,66.24
95.95,100.04,66.24
95.95,100.04,66.24
95.95,100.04,66.24
95.95,100.04,66.24
95.95,100.04,66.24
96.76,99.63,65.00
96.76,99.63,65.00
96.76,99.63,65.00
96.76,99.63,65.00
96.76,99.63,65.00
95.95,100.04,66.24
95.95,100.04,66.24
95.95,100.04,66.24
95.95,100.04,66.24
95.95,100.04,66.24
95.95,100.04,66.24
95.95,100.04,66.24
95.95,100.04,66.24
95.95,100.04,66.24
95.95,100.04,66.24
95.95,100.04,66.24
95.95,100.04,66.24
95.95,100.04,66.24
96.27,102.95,87.05
96.27,102.95,87.05
96.29,102.95,87.09
96.31,102.96,87.12
96.31,102.95,87.12
96.33,102.96,87.16
96.31,102.96,87.13
96.33,102.96,87.17
96.31,102.96,87.13
96.26,102.95,87.03
96.26,102.95,87.04
96.29,102.95,87.08
96.30,102.95,87.11
96.27,102.95,87.04
96.32,102.96,87.14
96.30,102.95,87.10
96.28,102.95,87.07
96.29,102.95,87.08
96.28,102.95,87.06
96.33,102.96,87.17
96.31,102.96,87.14
96.32,102.96,87.14
96.30,102.95,87.11
96.29,102.95,87.08
96.32,102.96,87.14
96.33,102.96,87.17
97.02,103.17,87.93
97.02,103.17,87.93
97.02,103.17,87.93
97.02,103.17,87.93
97.02,103.17,87.93
97.02,103.17,87.93
97.02,103.17,87.93
97.02,103.17,87.93
97.02,103.17,87.93
97.02,103.17,87.93
97.02,103.17,87.93
97.02,103.17,87.93
97.02,103.17,87.93
97.02,103.17,87.93
97.02,103.17,87.93
97.02,103.17,87.93
96.26,102.95,87.03
96.28,102.95,87.07
96.30,102.95,87.11
96.30,102.95,87.11
96.32,102.96,87.16
96.30,102.95,87.11
96.32,102.96,87.16
96.27,102.95,87.05
96.27,102.95,87.04
96.29,102.95,87.08
96.31,102.95,87.12
96.26,102.95,87.03
96.31,102.96,87.13
96.30,102.95,87.10
96.28,102.95,87.06
96.27,102.95,87.05
96.28,102.95,87.07
96.32,102.96,87.16
96.31,102.95,87.12
96.29,102.95,87.09
96.31,102.96,87.13
96.33,102.96,87.17
97.02,103.17,87.93
97.02,103.17,87.93
97.02,103.17,87.93
97.02,103.17,87.93
97.02,103.17,87.93
97.02,103.17,87.93
97.02,103.17,87.93
97.02,103.17,87.93
97.02,103.17,87.93
97.02,103.17,87.93
97.02,103.17,87.93
97.02,103.17,87.93
97.38,99.22,64.38
97.38,99.22,64.38
97.38,99.22,64.38
97.38,99.22,64.38
97.38,99.22,64.38
97.38,99.22,64.38
97.38,99.22,64.38
97.38,99.22,64.38
97.38,99.22,64.38
97.38,99.22,64.38
97.38,99.22,64.38
97.38,99.22,64.38
97.38,99.22,64.38
97.38,99.22,64.38
97.38,99.22,64.38
97.38,99.22,64.38
97.38,99.22,64.38
97.38,99.22,64.38
97.38,99.22,64.38
97.38,99.22,64.38
97.38,99.22,64.38
97.38,99.22,64.38
97.38,99.22,64.38
96.76,99.63,65.00
96.76,99.63,65.00
96.76,99.63,65.00
96.76,99.63,65.00
96.76,99.63,65.00
96.76,99.63,65.00
96.76,99.63,65.00
97.38,99.22,64.38
97.38,99.22,64.38
97.38,99.22,64.38
97.38,99.22,64.38
97.38,99.22,64.38
96.76,99.63,65.00
96.76,99.63,65.00
96.76,99.63,65.00
96.76,99.63,65.00
96.76,99.63,65.00
96.76,99.63,65.00
96.76,99.63,65.00
96.76,99.63,65.00
96.76,99.63,65.00
96.76,99.63,65.00
96.76,99.63,65.00
96.76,99.63,65.00
96.76,99.63,65.00
96.34,102.96,87.18
96.33,102.96,87.18
96.33,102.96,87.17
96.33,102.96,87.17
96.34,102.96,87.19
96.39,102.97,87.24
96.51,103.01,87.38
96.34,102.96,87.18
96.35,102.96,87.20
96.43,102.99,87.29
96.34,102.96,87.18
96.34,102.96,87.18
97.02,103.17,87.93
97.02,103.17,87.93
97.02,103.17,87.93
97.02,103.17,87.93
97.02,103.17,87.93
97.02,103.17,87.93
97.02,103.17,87.93
97.02,103.17,87.93
97.02,103.17,87.93
97.02,103.17,87.93
97.02,103.17,87.93
97.02,103.17,87.93
96.33,102.96,87.17
96.33,102.96,87.17
96.33,102.96,87.17
96.34,102.96,87.18
96.36,102.97,87.22
96.33,102.96,87.18
96.34,102.96,87.19
96.33,102.96,87.17
97.02,103.17,87.93
97.02,103.17,87.93
97.02,103.17,87.93
97.02,103.17,87.93
97.02,103.17,87.93
97.02,103.17,87.93
97.02,103.17,87.93
97.02,103.17,87.93
97.02,103.17,87.93
97.02,103.17,87.93
97.02,103.17,87.93
97.02,103.17,87.93
97.02,103.17,87.93
97.02,103.17,87.93
97.02,103.17,87.93
97.02,103.17,87.93
97.02,103.17,87.93
97.02,103.17,87.93
97.02,103.17,87.93
97.02,103.17,87.93
97.02,103.17,87.93
97.02,103.17,87.93
97.02,103.17,87.93
97.02,103.17,87.93
97.02,103.17,87.93
97.02,103.17,87.93
97.02,103.17,87.93
97.02,103.17,87.93
97.02,103.17,87.93
97.02,103.17,87.93
97.02,103.17,87.93
97.02,103.17,87.93
97.02,103.17,87.93
97.02,103.17,87.93
97.02,103.17,87.93
97.02,103.17,87.93
97.02,103.17,87.93
97.02,103.17,87.93
97.02,103.17,87.93
97.02,103.17,87.93
97.02,103.17,87.93
97.02,103.17,87.93
97.02,103.17,87.93
97.02,103.17,87.93
97.02,103.17,87.93
97.02,103.17,87.93
97.02,103.17,87.93
97.02,103.17,87.93
97.02,103.17,87.93
97.02,103.17,87.93
97.02,103.17,87.93
97.02,103.17,87.93
97.02,103.17,87.93
97.02,103.17,87.93
97.02,103.17,87.93
97.02,103.17,87.93
97.02,103.17,87.93
97.02,103.17,87.93
97.02,103.17,87.93
97.02,103.17,87.93
97.02,103.17,87.93
97.02,103.17,87.93
97.02,103.17,87.93
97.02,103.17,87.93
97.02,103.17,87.93
97.02,103.17,87.93
97.02,103.17,87.93
97.02,103.17,87.93
97.02,103.17,87.93
97.02,103.17,87.93
97.02,103.17,87.93
97.02,103.17,87.93
97.02,103.17,87.93
97.02,103.17,87.93
97.02,103.17,87.93
97.02,103.17,87.93
97.02,103.17,87.93
97.02,103.17,87.93
97.02,103.17,87.93
97.02,103.17,87.93
97.02,103.17,87.93
97.02,103.17,87.93
97.02,103.17,87.93
97.02,103.17,87.93
97.02,103.17,87.93
97.02,103.17,87.93
97.38,99.22,64.38
97.38,99.22,64.38
97.38,99.22,64.38
97.38,99.22,64.38
97.38,99.22,64.38
97.38,99.22,64.38
97.38,99.22,64.38
97.38,99.22,64.38
97.38,99.22,64.38
97.38,99.22,64.38
97.38,99.22,64.38
97.38,99.22,64.38
97.38,99.22,64.38
97.38,99.22,64.38
97.38,99.22,64.38
97.38,99.22,64.38
97.38,99.22,64.38
97.38,99.22,64.38
97.38,99.22,64.38
97.38,99.22,64.38
97.38,99.22,64.38
97.38,99.22,64.38
97.38,99.22,64.38
97.38,99.22,64.38
97.38,99.22,64.38
97.38,99.22,64.38
97.38,99.22,64.38
97.38,99.22,64.38
97.38,99.22,64.38
97.38,99.22,64.38
97.38,99.22,64.38
97.38,99.22,64.38
97.38,99.22,64.38
97.38,99.22,64.38
97.38,99.22,64.38
97.38,99.22,64.38
97.38,99.22,64.38
97.38,99.22,64.38
97.38,99.22,64.38
97.38,99.22,64.38
97.38,99.22,64.38
97.38,99.22,64.38
97.38,99.22,64.38
97.38,99.22,64.38
97.38,99.22,64.38
97.38,99.22,64.38
97.38,99.22,64.38
97.38,99.22,64.38
97.02,103.17,87.93
97.02,103.17,87.93
97.02,103.17,87.93
97.02,103.17,87.93
97.02,103.17,87.93
97.02,103.17,87.93
97.02,103.17,87.93
97.02,103.17,87.93
97.02,103.17,87.93
97.02,103.17,87.93
97.02,103.17,87.93
97.02,103.17,87.93
97.02,103.17,87.93
97.02,103.17,87.93
97.02,103.17,87.93
97.02,103.17,87.93
97.02,103.17,87.93
97.02,103.17,87.93
97.02,103.17,87.93
97.02,103.17,87.93
97.02,103.17,87.93
97.02,103.17,87.93
97.02,103.17,87.93
97.02,103.17,87.93
97.02,103.17,87.93
97.02,103.17,87.93
97.02,103.17,87.93
97.02,103.17,87.93
97.02,103.17,87.93
97.02,103.17,87.93
97.02,103.17,87.93
97.02,103.17,87.93
97.02,103.17,87.93
97.02,103.17,87.93
97.02,103.17,87.93
97.02,103.17,87.93
97.02,103.17,87.93
97.02,103.17,87.93
97.02,103.17,87.93
97.02,103.17,87.93
97.02,103.17,87.93
97.02,103.17,87.93
98.15,98.91,63.68
98.14,98.91,63.69
98.18,98.90,63.67
98.19,98.90,63.66
98.19,98.90,63.66
98.20,98.90,63.66
98.19,98.90,63.66
98.20,98.90,63.66
98.19,98.90,63.66
98.20,98.90,63.66
98.19,98.90,63.66
98.19,98.90,63.66
98.20,98.90,63.66
98.19,98.90,63.67
98.18,98.90,63.67
98.11,98.93,63.71
98.06,98.94,63.76
98.17,98.90,63.67
98.18,98.90,63.67
98.18,98.90,63.67
98.19,98.90,63.66
98.18,98.90,63.67
98.20,98.90,63.66
97.38,99.22,64.38
97.38,99.22,64.38
97.38,99.22,64.38
97.38,99.22,64.38
97.38,99.22,64.38
97.38,99.22,64.38
97.38,99.22,64.38
98.17,98.91,63.67
98.18,98.90,63.67
98.20,98.90,63.66
98.18,98.90,63.67
98.19,98.90,63.66
97.38,99.22,64.38
97.38,99.22,64.38
97.38,99.22,64.38
97.38,99.22,64.38
97.38,99.22,64.38
97.38,99.22,64.38
97.38,99.22,64.38
97.38,99.22,64.38
97.38,99.22,64.38
97.38,99.22,64.38
97.38,99.22,64.38
97.38,99.22,64.38
97.38,99.22,64.38
98.24,98.89,63.65
98.24,98.89,63.65
98.28,98.89,63.64
98.32,98.88,63.63
98.32,98.88,63.63
98.36,98.87,63.62
98.32,98.88,63.63
98.36,98.88,63.63
98.32,98.88,63.63
98.24,98.89,63.65
98.24,98.89,63.65
98.28,98.89,63.64
98.32,98.88,63.63
98.24,98.89,63.65
98.31,98.88,63.64
98.28,98.89,63.64
98.24,98.89,63.65
98.23,98.89,63.65
98.24,98.89,63.65
98.33,98.88,63.63
98.29,98.89,63.64
98.30,98.88,63.64
98.26,98.89,63.65
98.23,98.90,63.66
98.30,98.88,63.64
98.35,98.88,63.63
98.23,98.89,63.66
98.27,98.89,63.65
98.30,98.88,63.64
98.29,98.89,63.64
98.33,98.88,63.63
98.31,98.88,63.64
98.35,98.88,63.63
98.22,98.90,63.66
98.22,98.90,63.66
98.26,98.89,63.65
98.29,98.89,63.64
98.23,98.90,63.66
98.29,98.89,63.64
98.26,98.89,63.65
98.22,98.90,63.66
98.22,98.90,63.66
98.23,98.90,63.66
98.32,98.88,63.63
98.29,98.89,63.64
98.26,98.89,63.65
98.29,98.89,63.64
98.32,98.88,63.63
98.42,98.87,63.61
98.44,98.86,63.61
98.51,98.85,63.59
98.60,98.84,63.57
98.62,98.83,63.56
98.68,98.82,63.55
98.57,98.84,63.58
98.63,98.83,63.56
98.54,98.85,63.58
98.45,98.86,63.60
98.45,98.86,63.60
98.53,98.85,63.58
98.62,98.83,63.56
98.44,98.86,63.60
98.53,98.85,63.58
98.47,98.86,63.60
98.40,98.87,63.61
98.39,98.87,63.62
98.41,98.87,63.61
98.53,98.85,63.59
98.46,98.86,63.60
98.48,98.86,63.60
98.44,98.86,63.61
98.37,98.87,63.62
98.50,98.85,63.59
98.58,98.84,63.57
98.42,98.87,63.61
98.51,98.85,63.59
98.57,98.84,63.58
98.54,98.85,63.58
98.63,98.83,63.56
98.60,98.84,63.57
98.68,98.82,63.55
98.39,98.87,63.62
98.40,98.87,63.61
98.47,98.86,63.60
98.54,98.85,63.58
98.41,98.87,63.61
98.46,98.86,63.60
98.41,98.87,63.61
98.37,98.87,63.62
98.37,98.87,63.62
98.37,98.87,63.62
98.58,98.84,63.57
98.51,98.85,63.59
98.44,98.86,63.61
98.48,98.86,63.60
98.53,98.85,63.59
99.05,98.77,63.46
99.10,98.76,63.45
99.11,98.76,63.45
99.18,98.75,63.43
99.23,98.74,63.42
99.24,98.74,63.42
99.13,98.75,63.44
99.15,98.75,63.44
99.09,98.76,63.45
99.01,98.77,63.47
98.99,98.78,63.48
98.89,98.79,63.50
98.81,98.80,63.52
98.79,98.81,63.52
98.97,98.78,63.48
98.95,98.78,63.49
98.98,98.78,63.48
98.88,98.79,63.50
98.76,98.81,63.53
98.73,98.82,63.54
98.78,98.81,63.53
99.04,98.77,63.47
99.14,98.75,63.44
99.08,98.76,63.46
99.11,98.76,63.45
99.22,98.74,63.42
99.15,98.75,63.44
99.01,98.77,63.47
98.94,98.78,63.49
98.91,98.79,63.50
98.66,98.83,63.55
98.79,98.81,63.52
98.91,98.79,63.49
98.85,98.80,63.51
98.78,98.81,63.53
98.64,98.83,63.56
98.70,98.82,63.55
98.75,98.81,63.53
98.61,98.84,63.57
98.59,98.84,63.57
99.05,98.77,63.46
99.12,98.76,63.45
99.14,98.75,63.44
99.09,98.76,63.45
99.16,98.75,63.44
99.18,98.75,63.43
99.24,98.74,63.42
99.15,98.75,63.44
99.04,98.77,63.46
99.08,98.76,63.46
99.01,98.77,63.47
98.91,98.79,63.50
99.12,98.76,63.45
99.22,98.74,63.42
98.99,98.78,63.48
98.92,98.79,63.49
98.79,98.81,63.52
98.73,98.82,63.54
98.66,98.83,63.55
98.85,98.80,63.51
98.78,98.81,63.53
99.01,98.77,63.47
98.99,98.78,63.48
98.97,98.78,63.48
98.89,98.79,63.50
98.81,98.80,63.52
98.76,98.81,63.53
98.89,98.79,63.50
98.78,98.81,63.52
98.61,98.84,63.57
98.70,98.82,63.55
98.64,98.83,63.56
99.24,98.74,63.42
99.23,98.74,63.42
99.36,98.72,63.39
99.49,98.70,63.36
99.48,98.70,63.36
99.61,98.68,63.33
99.49,98.70,63.36
99.62,98.68,63.33
99.50,98.70,63.36
99.37,98.72,63.39
99.32,98.72,63.40
99.40,98.71,63.38
99.53,98.69,63.35
99.28,98.73,63.41
99.54,98.69,63.35
99.40,98.71,63.38
99.31,98.73,63.40
99.35,98.72,63.39
99.27,98.73,63.41
99.65,98.67,63.32
99.56,98.69,63.34
99.55,98.69,63.35
99.45,98.71,63.37
99.36,98.72,63.39
99.54,98.69,63.35
99.64,98.68,63.33
99.38,98.72,63.39
99.45,98.70,63.37
99.54,98.69,63.35
99.55,98.69,63.35
99.63,98.68,63.33
99.54,98.69,63.35
99.62,98.68,63.33
99.24,98.74,63.42
99.29,98.73,63.41
99.42,98.71,63.38
99.51,98.70,63.36
99.33,98.72,63.40
99.52,98.69,63.35
99.42,98.71,63.38
99.28,98.73,63.41
99.25,98.74,63.42
99.32,98.73,63.40
99.64,98.67,63.32
99.51,98.70,63.35
99.38,98.72,63.39
99.52,98.69,63.35
99.65,98.67,63.32
99.75,98.66,63.30
99.73,98.66,63.30
99.85,98.64,63.28
99.95,98.63,63.25
99.94,98.63,63.26
100.05,98.61,63.23
99.97,98.62,63.25
100.09,98.61,63.22
99.99,98.62,63.24
99.72,98.66,63.31
99.72,98.66,63.31
99.83,98.65,63.28
99.93,98.63,63.26
99.73,98.66,63.30
99.99,98.62,63.24
99.87,98.64,63.27
99.76,98.66,63.30
99.77,98.66,63.29
99.76,98.66,63.30
100.18,98.59,63.20
100.06,98.61,63.23
100.04,98.61,63.23
99.91,98.63,63.26
99.79,98.65,63.29
100.02,98.62,63.24
100.13,98.60,63.21
99.70,98.67,63.31
99.81,98.65,63.29
99.90,98.64,63.26
99.88,98.64,63.27
99.98,98.62,63.24
99.91,98.63,63.26
100.02,98.62,63.24
99.72,98.66,63.31
99.71,98.66,63.31
99.80,98.65,63.29
99.89,98.64,63.27
99.71,98.67,63.31
100.06,98.61,63.23
99.92,98.63,63.26
99.78,98.65,63.29
99.78,98.65,63.29
99.79,98.65,63.29
100.03,98.62,63.23
99.94,98.63,63.25
99.86,98.64,63.27
100.00,98.62,63.24
100.14,98.60,63.21
100.55,98.53,63.11
100.50,98.54,63.12
100.56,98.53,63.11
100.58,98.53,63.10
100.53,98.54,63.12
100.59,98.53,63.10
100.63,98.52,63.09
100.69,98.51,63.08
100.68,98.51,63.08
100.73,98.51,63.07
100.66,98.52,63.08
100.65,98.52,63.09
100.70,98.51,63.08
100.63,98.52,63.09
100.60,98.53,63.10
100.53,98.54,63.12
100.56,98.53,63.11
100.48,98.55,63.13
100.50,98.54,63.12
100.44,98.55,63.14
100.36,98.56,63.16
100.37,98.56,63.15
100.52,98.54,63.12
100.54,98.54,63.11
100.60,98.53,63.10
100.41,98.56,63.14
100.35,98.56,63.16
100.23,98.58,63.19
100.16,98.59,63.20
100.10,98.60,63.22
100.29,98.57,63.17
100.23,98.58,63.19
100.43,98.55,63.14
100.42,98.55,63.14
100.40,98.56,63.15
100.39,98.56,63.15
100.31,98.57,63.17
100.20,98.59,63.19
100.21,98.59,63.19
100.18,98.59,63.20
100.31,98.57,63.17
100.20,98.59,63.19
100.22,98.58,63.19
100.30,98.57,63.17
100.33,98.57,63.16
100.43,98.55,63.14
100.51,98.54,63.12
100.35,98.57,63.16
100.27,98.58,63.18
100.32,98.57,63.17
100.42,98.55,63.14
100.55,98.53,63.11
100.56,98.53,63.11
100.67,98.52,63.08
100.53,98.54,63.12
100.63,98.52,63.09
100.27,98.58,63.18
100.25,98.58,63.18
100.22,98.58,63.19
100.32,98.57,63.17
100.41,98.56,63.14
100.51,98.54,63.12
100.39,98.56,63.15
100.46,98.55,63.13
100.08,98.61,63.22
100.07,98.61,63.22
100.05,98.61,63.23
100.15,98.60,63.21
100.21,98.59,63.19
100.16,98.59,63.20
100.19,98.59,63.20
100.11,98.60,63.22
100.79,98.50,63.05
100.79,98.50,63.06
100.83,98.49,63.04
100.88,98.48,63.04
100.87,98.48,63.04
100.92,98.48,63.03
100.88,98.48,63.03
100.93,98.48,63.02
100.89,98.48,63.03
100.63,98.52,63.09
100.68,98.51,63.08
100.78,98.50,63.06
100.82,98.49,63.05
100.74,98.51,63.07
100.87,98.48,63.04
100.83,98.49,63.05
100.76,98.50,63.06
100.75,98.50,63.07
100.78,98.50,63.06
100.92,98.48,63.03
100.85,98.49,63.04
100.86,98.49,63.04
100.80,98.49,63.05
100.74,98.50,63.07
100.87,98.48,63.04
100.93,98.48,63.02
100.63,98.52,63.09
100.72,98.51,63.07
100.80,98.49,63.05
100.80,98.50,63.05
100.89,98.48,63.03
100.81,98.49,63.05
100.90,98.48,63.03
100.68,98.51,63.08
100.66,98.52,63.08
100.73,98.51,63.07
100.82,98.49,63.05
100.65,98.52,63.09
100.84,98.49,63.04
100.78,98.50,63.06
100.71,98.51,63.07
100.69,98.51,63.08
100.72,98.51,63.07
100.89,98.48,63.03
100.83,98.49,63.05
100.76,98.50,63.06
100.83,98.49,63.05
100.91,98.48,63.03
100.97,98.47,63.01
100.97,98.47,63.01
101.00,98.46,63.01
101.03,98.46,63.00
101.03,98.46,63.00
101.05,98.46,62.99
101.03,98.46,63.00
101.06,98.46,62.99
101.03,98.46,63.00
100.95,98.47,63.02
100.95,98.47,63.02
100.99,98.47,63.01
101.02,98.46,63.00
100.96,98.47,63.02
101.02,98.46,63.00
100.99,98.47,63.01
100.95,98.47,63.02
100.95,98.47,63.02
100.96,98.47,63.02
101.05,98.46,62.99
101.01,98.46,63.00
101.01,98.46,63.00
100.98,98.47,63.01
100.95,98.47,63.02
101.02,98.46,63.00
101.05,98.46,62.99
100.94,98.47,63.02
100.98,98.47,63.01
101.01,98.46,63.00
101.01,98.46,63.00
101.05,98.46,62.99
101.02,98.46,63.00
101.05,98.46,62.99
100.93,98.48,63.02
100.93,98.47,63.02
100.97,98.47,63.01
101.00,98.46,63.00
100.94,98.47,63.02
101.00,98.46,63.00
100.97,98.47,63.01
100.93,98.47,63.02
100.93,98.48,63.02
100.94,98.47,63.02
101.04,98.46,63.00
101.00,98.46,63.00
100.96,98.47,63.01
101.00,98.46,63.00
101.04,98.46,63.00
101.67,97.87,62.50
101.68,97.87,62.50
101.66,97.88,62.50
101.64,97.88,62.50
101.66,97.88,62.50
101.63,97.88,62.50
101.63,97.89,62.50
101.59,97.91,62.51
101.61,97.89,62.50
101.63,97.89,62.50
101.65,97.88,62.50
101.69,97.86,62.50
101.71,97.86,62.50
101.73,97.85,62.50
101.68,97.87,62.50
101.71,97.86,62.50
101.63,97.88,62.50
101.62,97.89,62.50
101.60,97.90,62.50
101.61,97.90,62.50
101.57,97.93,62.53
101.59,97.90,62.51
101.53,97.97,62.56
101.07,98.45,62.99
101.07,98.45,62.99
101.07,98.45,62.99
101.07,98.45,62.99
101.08,98.45,62.98
101.15,98.38,62.92
101.21,98.31,62.86
101.63,97.88,62.50
101.63,97.88,62.50
101.67,97.87,62.50
101.71,97.86,62.50
101.63,97.88,62.50
101.06,98.45,62.99
101.08,98.45,62.99
101.12,98.42,62.96
101.06,98.45,62.99
101.06,98.46,62.99
101.06,98.45,62.99
101.06,98.45,62.99
101.06,98.46,62.99
101.07,98.45,62.99
101.10,98.43,62.97
101.06,98.46,62.99
101.07,98.45,62.99
101.06,98.46,62.99
102.11,97.74,62.50
102.13,97.73,62.50
102.06,97.75,62.50
102.01,97.77,62.50
102.03,97.76,62.50
101.96,97.78,62.50
101.98,97.78,62.50
101.91,97.80,62.50
101.96,97.78,62.50
101.95,97.79,62.50
102.02,97.76,62.50
102.08,97.75,62.50
102.06,97.75,62.50
102.14,97.73,62.50
102.09,97.74,62.50
102.16,97.72,62.50
102.04,97.76,62.50
101.98,97.78,62.50
101.96,97.78,62.50
101.88,97.81,62.50
101.82,97.83,62.50
101.80,97.83,62.50
101.94,97.79,62.50
101.92,97.80,62.50
102.00,97.77,62.50
101.71,97.86,62.50
101.77,97.84,62.50
101.75,97.85,62.50
101.67,97.87,62.50
101.73,97.85,62.50
101.83,97.82,62.50
101.89,97.80,62.50
101.77,97.84,62.50
101.74,97.85,62.50
101.81,97.83,62.50
101.86,97.81,62.50
101.84,97.82,62.50
101.88,97.81,62.50
101.91,97.80,62.50
101.75,97.85,62.50
101.82,97.82,62.50
101.74,97.85,62.50
101.74,97.85,62.50
101.82,97.83,62.50
101.90,97.80,62.50
101.98,97.78,62.50
101.82,97.83,62.50
101.82,97.82,62.50
101.74,97.85,62.50
102.07,97.75,62.50
102.00,97.77,62.50
102.01,97.77,62.50
102.11,97.74,62.50
102.03,97.76,62.50
101.92,97.80,62.50
101.84,97.82,62.50
101.85,97.82,62.50
101.80,97.83,62.50
101.76,97.85,62.50
101.77,97.84,62.50
101.78,97.84,62.50
101.91,97.80,62.50
101.87,97.81,62.50
101.97,97.78,62.50
101.70,97.86,62.50
101.68,97.87,62.50
101.64,97.88,62.50
101.63,97.88,62.50
101.65,97.88,62.50
101.67,97.87,62.50
101.70,97.86,62.50
101.70,97.86,62.50
102.46,97.63,62.50
102.54,97.60,62.50
102.45,97.63,62.50
102.44,97.63,62.50
102.53,97.61,62.50
102.44,97.63,62.50
102.36,97.66,62.50
102.27,97.69,62.50
102.27,97.69,62.50
102.21,97.70,62.50
102.30,97.68,62.50
102.39,97.65,62.50
102.16,97.72,62.50
102.11,97.73,62.50
102.25,97.69,62.50
102.24,97.69,62.50
102.23,97.70,62.50
102.35,97.66,62.50
102.44,97.63,62.50
102.55,97.60,62.50
102.44,97.63,62.50
102.33,97.67,62.50
102.22,97.70,62.50
102.43,97.64,62.50
102.43,97.64,62.50
102.53,97.60,62.50
102.52,97.61,62.50
102.38,97.65,62.50
102.37,97.65,62.50
102.50,97.61,62.50
102.37,97.66,62.50
102.24,97.69,62.50
102.11,97.74,62.50
102.13,97.73,62.50
102.26,97.69,62.50
102.39,97.65,62.50
102.15,97.72,62.50
102.17,97.72,62.50
102.21,97.71,62.50
102.19,97.71,62.50
102.18,97.72,62.50
102.31,97.67,62.50
102.41,97.64,62.50
102.52,97.61,62.50
102.40,97.65,62.50
102.29,97.68,62.50
102.40,97.65,62.50
102.51,97.61,62.50
102.86,97.50,62.50
102.98,97.47,62.50
102.87,97.50,62.50
102.88,97.50,62.50
102.99,97.46,62.50
102.89,97.49,62.50
102.77,97.53,62.50
102.67,97.56,62.50
102.66,97.57,62.50
102.66,97.57,62.50
102.77,97.53,62.50
102.89,97.50,62.50
102.65,97.57,62.50
102.64,97.57,62.50
102.65,97.57,62.50
102.64,97.57,62.50
102.63,97.57,62.50
102.75,97.54,62.50
102.86,97.50,62.50
102.97,97.47,62.50
102.86,97.50,62.50
102.75,97.54,62.50
102.65,97.57,62.50
102.87,97.50,62.50
102.88,97.50,62.50
102.99,97.46,62.50
102.99,97.46,62.50
102.87,97.50,62.50
102.85,97.51,62.50
102.96,97.47,62.50
102.84,97.51,62.50
102.75,97.54,62.50
102.63,97.58,62.50
102.62,97.58,62.50
102.73,97.55,62.50
102.83,97.51,62.50
102.61,97.58,62.50
102.61,97.58,62.50
102.64,97.57,62.50
102.63,97.57,62.50
102.62,97.58,62.50
102.75,97.54,62.50
102.87,97.50,62.50
102.98,97.47,62.50
102.86,97.50,62.50
102.73,97.54,62.50
102.84,97.51,62.50
102.96,97.47,62.50
103.35,97.35,62.50
103.35,97.35,62.50
103.32,97.36,62.50
103.29,97.37,62.50
103.30,97.37,62.50
103.27,97.38,62.50
103.29,97.37,62.50
103.25,97.38,62.50
103.28,97.37,62.50
103.27,97.38,62.50
103.30,97.37,62.50
103.32,97.36,62.50
103.31,97.36,62.50
103.34,97.35,62.50
103.33,97.36,62.50
103.37,97.35,62.50
103.17,97.41,62.50
103.18,97.40,62.50
103.19,97.40,62.50
103.20,97.40,62.50
103.11,97.43,62.50
103.04,97.45,62.50
103.04,97.45,62.50
103.21,97.40,62.50
103.13,97.42,62.50
103.06,97.44,62.50
103.07,97.44,62.50
103.05,97.44,62.50
103.29,97.37,62.50
103.22,97.39,62.50
103.23,97.39,62.50
103.31,97.37,62.50
103.24,97.39,62.50
103.15,97.41,62.50
103.08,97.43,62.50
103.04,97.45,62.50
103.05,97.44,62.50
103.06,97.44,62.50
103.11,97.43,62.50
103.18,97.40,62.50
103.08,97.44,62.50
103.14,97.42,62.50
103.23,97.39,62.50
103.25,97.38,62.50
103.20,97.40,62.50
103.05,97.44,62.50
103.14,97.42,62.50
103.19,97.40,62.50
103.17,97.41,62.50
103.25,97.38,62.50
103.22,97.39,62.50
103.30,97.37,62.50
103.29,97.37,62.50
103.21,97.39,62.50
103.19,97.40,62.50
103.25,97.38,62.50
103.17,97.41,62.50
103.14,97.42,62.50
103.06,97.44,62.50
103.04,97.45,62.50
103.10,97.43,62.50
103.15,97.41,62.50
103.03,97.45,62.50
103.01,97.46,62.50
103.04,97.45,62.50
103.03,97.45,62.50
103.01,97.46,62.50
103.10,97.43,62.50
103.15,97.41,62.50
103.22,97.39,62.50
103.15,97.41,62.50
103.08,97.43,62.50
103.15,97.41,62.50
103.22,97.39,62.50
103.40,97.34,62.50
103.37,97.35,62.50
103.36,97.35,62.50
103.33,97.36,62.50
103.31,97.37,62.50
103.36,97.35,62.50
103.38,97.34,62.50
103.35,97.35,62.50
103.36,97.35,62.50
103.38,97.34,62.50
103.38,97.34,62.50
103.37,97.35,62.50
103.37,97.34,62.50
103.35,97.35,62.50
103.36,97.35,62.50
103.35,97.35,62.50
103.33,97.36,62.50
103.34,97.36,62.50
103.37,97.35,62.50
103.38,97.34,62.50
103.39,97.34,62.50
103.35,97.35,62.50
103.33,97.36,62.50
103.32,97.36,62.50
103.26,97.38,62.50
103.29,97.37,62.50
103.32,97.36,62.50
103.33,97.36,62.50
103.36,97.35,62.50
103.31,97.36,62.50
103.34,97.36,62.50
103.36,97.35,62.50
103.36,97.35,62.50
103.37,97.34,62.50
103.33,97.36,62.50
103.32,97.36,62.50
103.28,97.37,62.50
103.26,97.38,62.50
103.30,97.37,62.50
103.26,97.38,62.50
103.29,97.37,62.50
103.26,97.38,62.50
