60.76,123.87,89.21
60.77,123.87,89.21
60.82,123.89,89.21
60.81,123.89,89.21
60.80,123.88,89.21
60.90,123.93,89.21
60.78,123.88,89.21
60.89,123.93,89.21
60.86,123.91,89.21
61.00,123.97,89.22
60.92,123.94,89.22
61.08,124.01,89.23
61.07,124.01,89.23
61.01,123.98,89.22
61.03,123.99,89.23
61.15,124.04,89.24
61.12,124.03,89.23
61.34,124.11,89.26
61.35,124.12,89.26
61.32,124.11,89.26
61.39,124.14,89.27
61.72,124.25,89.31
61.62,124.22,89.30
61.74,124.26,89.31
61.84,124.29,89.33
61.99,124.33,89.36
62.19,124.39,89.39
62.20,124.39,89.39
62.37,124.42,89.43
62.33,124.41,89.42
62.46,124.42,89.45
62.62,124.44,89.49
62.64,124.44,89.49
62.83,124.44,89.54
62.85,124.44,89.55
62.46,124.42,89.45
62.88,124.43,89.56
62.98,124.42,89.59
63.15,124.39,89.64
63.29,124.35,89.68
63.09,124.40,89.62
63.24,124.37,89.66
63.27,124.36,89.67
63.52,124.26,89.74
63.60,124.22,89.76
63.54,124.25,89.75
63.66,124.19,89.77
63.35,124.33,89.69
63.61,124.21,89.76
63.72,124.15,89.78
63.88,124.05,89.80
63.90,124.04,89.81
63.81,124.09,89.80
64.03,123.96,89.81
63.87,124.06,89.80
64.16,123.89,89.82
64.10,123.93,89.81
64.41,123.76,89.81
64.24,123.84,89.82
64.05,123.95,89.82
64.20,123.87,89.82
64.65,123.65,89.80
64.80,123.58,89.80
64.86,123.56,89.80
64.76,123.60,89.80
64.81,123.58,89.80
64.44,123.74,89.81
64.96,123.52,89.80
65.14,123.44,89.80
65.19,123.43,89.81
65.06,123.48,89.80
65.34,123.37,89.82
65.25,123.40,89.81
65.50,123.30,89.83
65.58,123.27,89.84
65.68,123.23,89.85
65.47,123.31,89.83
65.89,123.13,89.88
65.94,123.11,89.89
66.14,123.02,89.93
66.11,123.03,89.92
65.73,123.21,89.86
66.04,123.07,89.91
66.34,122.91,89.97
66.41,122.87,89.98
66.47,122.84,90.00
66.27,122.95,89.95
66.71,122.69,90.06
66.72,122.69,90.06
66.93,122.54,90.12
66.95,122.53,90.13
66.51,122.81,90.01
66.73,122.68,90.07
67.16,122.36,90.20
67.11,122.40,90.18
67.41,122.17,90.28
67.36,122.21,90.26
66.94,122.54,90.13
67.17,122.36,90.20
67.66,121.95,90.36
67.72,121.90,90.38
67.87,121.77,90.44
67.89,121.75,90.44
67.42,122.16,90.28
67.73,121.89,90.39
68.00,121.65,90.48
68.07,121.58,90.51
68.10,121.56,90.52
67.93,121.71,90.46
68.28,121.39,90.59
68.30,121.37,90.60
68.48,121.20,90.67
68.46,121.21,90.66
68.12,121.54,90.53
68.29,121.38,90.60
68.88,120.78,90.80
68.86,120.80,90.80
69.06,120.56,90.85
69.01,120.62,90.83
68.68,120.99,90.74
68.65,121.02,90.73
68.75,120.91,90.76
68.47,121.21,90.66
68.63,121.04,90.72
69.28,120.31,90.88
69.37,120.19,90.88
69.51,120.01,90.88
69.39,120.16,90.88
69.02,120.61,90.84
69.26,120.32,90.87
68.81,120.85,90.78
69.69,119.78,90.85
69.83,119.60,90.82
69.87,119.55,90.80
69.81,119.62,90.82
69.67,119.80,90.85
69.50,120.03,90.88
70.01,119.37,90.76
70.03,119.35,90.75
70.18,119.17,90.69
70.17,119.19,90.70
69.86,119.55,90.80
70.01,119.38,90.76
70.35,118.99,90.63
70.37,118.97,90.62
70.55,118.79,90.57
70.52,118.81,90.58
70.18,119.17,90.69
70.35,118.99,90.63
70.72,118.63,90.53
70.75,118.59,90.53
70.94,118.43,90.51
70.97,118.40,90.51
70.54,118.79,90.57
70.73,118.61,90.53
71.17,118.25,90.51
71.21,118.21,90.52
71.42,118.06,90.54
71.44,118.04,90.54
70.95,118.42,90.51
71.20,118.22,90.52
71.67,117.87,90.58
71.70,117.86,90.58
71.92,117.71,90.63
71.87,117.74,90.62
71.47,118.02,90.55
71.79,117.79,90.60
72.11,117.58,90.67
72.20,117.53,90.68
72.25,117.50,90.69
72.04,117.63,90.65
72.49,117.36,90.73
72.54,117.34,90.73
72.75,117.23,90.75
72.71,117.25,90.75
72.32,117.46,90.70
72.63,117.29,90.75
72.93,117.14,90.76
73.02,117.10,90.75
73.07,117.07,90.75
72.87,117.17,90.76
73.30,116.98,90.72
73.34,116.96,90.71
73.52,116.89,90.67
73.49,116.90,90.67
73.13,117.05,90.74
73.42,116.93,90.69
73.72,116.81,90.60
73.79,116.79,90.58
73.83,116.77,90.56
73.64,116.84,90.63
74.05,116.69,90.48
74.12,116.66,90.45
74.29,116.59,90.38
74.21,116.62,90.42
73.89,116.75,90.54
74.16,116.65,90.44
74.58,116.47,90.28
74.53,116.49,90.30
74.42,116.54,90.34
74.48,116.51,90.32
74.85,116.34,90.21
75.03,116.25,90.16
74.96,116.29,90.18
75.14,116.19,90.15
74.72,116.40,90.24
74.86,116.34,90.20
75.35,116.08,90.12
75.38,116.06,90.12
75.60,115.94,90.10
75.62,115.92,90.10
75.17,116.18,90.14
75.40,116.05,90.11
75.84,115.80,90.08
75.87,115.78,90.08
76.08,115.67,90.07
76.03,115.69,90.08
75.66,115.90,90.09
75.95,115.73,90.08
76.26,115.57,90.06
76.33,115.53,90.06
76.38,115.51,90.05
76.18,115.62,90.07
76.59,115.41,90.03
76.65,115.39,90.02
76.82,115.32,89.99
76.77,115.34,90.00
76.44,115.48,90.05
76.71,115.36,90.01
77.03,115.25,89.94
77.04,115.25,89.94
77.03,115.25,89.94
77.01,115.25,89.95
77.35,115.15,89.85
77.39,115.14,89.84
77.35,115.15,89.85
77.31,115.16,89.86
77.78,115.05,89.73
77.76,115.05,89.73
77.58,115.09,89.79
77.58,115.10,89.79
78.19,114.95,89.62
78.52,114.87,89.55
78.49,114.88,89.55
78.31,114.92,89.59
78.32,114.92,89.59
77.87,115.03,89.71
78.80,114.79,89.50
78.77,114.80,89.51
78.74,114.81,89.51
78.77,114.80,89.51
79.11,114.70,89.47
79.16,114.68,89.46
79.24,114.66,89.45
79.04,114.72,89.47
79.50,114.58,89.43
79.57,114.56,89.42
79.77,114.50,89.40
79.71,114.52,89.40
79.32,114.63,89.45
79.64,114.53,89.41
80.02,114.43,89.36
80.05,114.42,89.35
80.02,114.43,89.36
79.99,114.44,89.36
80.36,114.36,89.26
80.37,114.36,89.26
80.33,114.37,89.27
80.31,114.37,89.28
80.72,114.33,89.11
80.66,114.33,89.14
80.72,114.33,89.10
80.66,114.33,89.14
81.03,114.33,88.93
81.23,114.35,88.80
81.08,114.34,88.89
81.16,114.34,88.85
80.86,114.33,89.03
81.06,114.34,88.91
81.57,114.39,88.59
81.46,114.38,88.65
81.36,114.37,88.72
81.47,114.38,88.65
81.89,114.43,88.40
82.12,114.44,88.29
81.94,114.43,88.37
82.08,114.44,88.31
81.68,114.40,88.52
81.94,114.43,88.37
82.43,114.45,88.17
82.32,114.45,88.22
82.41,114.45,88.18
82.46,114.45,88.17
82.87,114.44,88.08
82.81,114.44,88.09
82.87,114.44,88.08
82.90,114.43,88.07
83.27,114.40,88.04
83.33,114.39,88.04
83.35,114.39,88.04
83.33,114.39,88.04
83.72,114.33,88.05
83.77,114.32,88.05
83.80,114.32,88.05
83.77,114.32,88.05
84.19,114.24,88.10
84.14,114.25,88.09
84.20,114.23,88.10
84.12,114.25,88.09
84.40,114.19,88.13
84.43,114.18,88.13
84.55,114.15,88.16
84.50,114.16,88.15
84.50,114.16,88.15
84.43,114.18,88.14
84.40,114.19,88.13
84.60,114.14,88.17
84.62,114.13,88.17
84.60,114.14,88.17
84.62,114.13,88.17
84.55,114.15,88.16
84.65,114.12,88.18
60.79,123.88,89.21
60.77,123.87,89.21
60.80,123.88,89.21
60.78,123.87,89.21
60.79,123.88,89.21
60.80,123.88,89.21
60.82,123.89,89.21
60.85,123.91,89.21
60.85,123.91,89.21
60.77,123.87,89.21
60.78,123.87,89.21
60.79,123.88,89.21
60.84,123.90,89.21
60.84,123.90,89.21
60.89,123.93,89.21
60.84,123.90,89.21
60.82,123.89,89.21
60.93,123.95,89.22
60.91,123.93,89.22
60.96,123.96,89.22
60.88,123.92,89.21
60.87,123.91,89.21
60.91,123.93,89.22
61.00,123.98,89.22
60.99,123.97,89.22
60.82,123.89,89.21
60.88,123.92,89.21
60.96,123.96,89.22
60.98,123.97,89.22
61.03,123.99,89.23
61.04,123.99,89.23
60.95,123.95,89.22
60.96,123.96,89.22
61.02,123.98,89.22
60.97,123.96,89.22
61.06,124.00,89.23
61.08,124.01,89.23
61.10,124.02,89.23
61.09,124.02,89.23
61.03,123.99,89.23
61.06,124.00,89.23
61.10,124.02,89.23
61.24,124.08,89.25
61.23,124.07,89.25
61.35,124.12,89.26
61.17,124.05,89.24
61.20,124.06,89.24
61.22,124.07,89.25
61.34,124.12,89.26
61.20,124.06,89.24
61.18,124.05,89.24
61.23,124.07,89.25
61.37,124.13,89.26
61.25,124.08,89.25
61.24,124.07,89.25
61.36,124.12,89.26
61.49,124.17,89.28
61.54,124.19,89.29
61.67,124.23,89.30
61.52,124.18,89.28
61.47,124.16,89.28
61.69,124.24,89.31
61.53,124.19,89.28
61.59,124.20,89.29
61.78,124.27,89.32
61.62,124.21,89.30
61.57,124.20,89.29
61.80,124.27,89.32
61.80,124.28,89.32
61.86,124.29,89.33
61.88,124.30,89.34
62.19,124.39,89.39
62.02,124.34,89.36
62.00,124.33,89.36
61.95,124.32,89.35
62.10,124.36,89.37
62.18,124.38,89.39
62.27,124.40,89.41
62.34,124.41,89.42
62.15,124.37,89.38
61.94,124.31,89.35
62.07,124.35,89.37
62.25,124.40,89.40
62.47,124.42,89.45
62.25,124.40,89.40
62.31,124.41,89.41
62.74,124.44,89.52
62.63,124.44,89.49
62.75,124.44,89.52
62.84,124.44,89.55
62.73,124.44,89.52
62.76,124.44,89.52
62.56,124.43,89.47
62.67,124.44,89.50
62.42,124.42,89.44
62.34,124.41,89.42
62.46,124.42,89.45
62.46,124.42,89.45
62.40,124.42,89.43
62.47,124.42,89.45
62.48,124.42,89.46
62.86,124.43,89.55
62.45,124.42,89.45
62.39,124.42,89.43
63.10,124.40,89.62
62.82,124.44,89.54
63.23,124.38,89.66
63.07,124.41,89.61
63.09,124.40,89.62
63.02,124.42,89.60
63.00,124.42,89.59
63.09,124.40,89.62
62.96,124.43,89.58
63.20,124.38,89.65
63.17,124.39,89.64
62.93,124.43,89.57
63.10,124.40,89.62
63.10,124.40,89.62
63.28,124.35,89.67
62.99,124.42,89.59
63.18,124.38,89.64
63.25,124.37,89.67
63.53,124.26,89.74
63.56,124.24,89.75
63.57,124.23,89.76
63.41,124.30,89.71
63.40,124.31,89.71
63.37,124.32,89.70
63.48,124.27,89.73
63.59,124.22,89.76
63.53,124.25,89.75
63.30,124.35,89.68
63.30,124.35,89.68
63.57,124.23,89.75
63.61,124.22,89.76
63.64,124.20,89.77
63.51,124.26,89.74
63.44,124.29,89.72
63.36,124.32,89.70
63.33,124.34,89.69
63.62,124.21,89.77
63.65,124.19,89.77
63.89,124.05,89.80
63.79,124.11,89.79
63.80,124.10,89.79
63.71,124.15,89.78
63.77,124.12,89.79
63.85,124.07,89.80
63.73,124.14,89.78
63.95,124.01,89.81
63.91,124.03,89.81
63.66,124.19,89.77
63.75,124.13,89.78
63.74,124.14,89.78
63.89,124.05,89.80
63.71,124.16,89.78
63.85,124.07,89.80
63.95,124.01,89.81
64.27,123.83,89.82
64.21,123.86,89.82
64.34,123.80,89.81
64.32,123.80,89.81
64.20,123.87,89.82
64.23,123.85,89.82
64.16,123.89,89.81
64.09,123.93,89.81
64.09,123.93,89.81
63.97,124.00,89.81
64.09,123.93,89.81
64.02,123.97,89.81
64.04,123.96,89.82
64.08,123.93,89.81
64.09,123.93,89.81
64.22,123.85,89.82
64.08,123.93,89.82
63.96,124.00,89.81
64.74,123.61,89.80
64.72,123.62,89.80
64.83,123.57,89.80
64.81,123.58,89.80
64.70,123.63,89.80
64.73,123.61,89.80
64.81,123.58,89.80
64.35,123.79,89.81
64.62,123.66,89.80
64.54,123.70,89.81
64.79,123.59,89.80
64.60,123.67,89.80
64.42,123.75,89.81
64.58,123.68,89.81
64.53,123.71,89.81
64.46,123.74,89.81
64.34,123.79,89.81
64.32,123.81,89.81
64.90,123.54,89.80
64.88,123.55,89.80
65.17,123.44,89.80
65.05,123.48,89.80
65.07,123.47,89.80
65.00,123.50,89.80
64.95,123.52,89.80
65.10,123.46,89.80
64.91,123.54,89.80
65.24,123.40,89.81
65.20,123.42,89.81
64.88,123.55,89.80
64.99,123.50,89.80
65.04,123.49,89.80
65.21,123.42,89.81
64.94,123.53,89.80
65.16,123.44,89.80
65.30,123.38,89.81
65.37,123.35,89.82
65.33,123.37,89.81
65.55,123.28,89.83
65.35,123.36,89.82
65.46,123.32,89.83
65.63,123.25,89.84
65.51,123.30,89.83
65.32,123.37,89.81
65.49,123.30,89.83
65.37,123.36,89.82
65.47,123.32,89.83
65.58,123.27,89.84
66.02,123.07,89.90
65.92,123.12,89.89
66.05,123.06,89.91
66.13,123.02,89.92
66.00,123.08,89.90
65.99,123.09,89.90
65.84,123.16,89.87
65.88,123.14,89.88
65.73,123.21,89.86
65.62,123.25,89.84
65.77,123.19,89.86
65.74,123.20,89.86
65.70,123.22,89.85
65.86,123.15,89.88
65.90,123.13,89.88
66.08,123.05,89.91
65.79,123.18,89.86
65.60,123.26,89.84
66.29,122.94,89.96
66.25,122.96,89.95
66.38,122.89,89.98
66.15,123.01,89.93
66.27,122.95,89.95
66.45,122.85,89.99
66.30,122.93,89.96
66.11,123.03,89.92
66.31,122.93,89.96
66.16,123.00,89.93
66.25,122.96,89.95
66.37,122.90,89.98
66.81,122.62,90.09
66.71,122.69,90.06
66.83,122.61,90.09
66.93,122.54,90.13
66.82,122.62,90.09
66.72,122.68,90.07
66.61,122.75,90.04
66.62,122.75,90.04
66.53,122.80,90.02
66.43,122.86,89.99
66.57,122.78,90.03
66.57,122.78,90.02
66.49,122.83,90.00
66.60,122.76,90.03
66.70,122.70,90.06
66.84,122.60,90.10
66.59,122.77,90.03
66.39,122.89,89.98
67.28,122.27,90.24
67.13,122.39,90.19
67.26,122.29,90.23
67.38,122.19,90.27
67.25,122.30,90.22
67.13,122.39,90.19
67.03,122.47,90.15
67.05,122.45,90.16
66.90,122.56,90.12
66.83,122.61,90.10
67.02,122.47,90.15
67.04,122.46,90.16
66.94,122.53,90.13
67.05,122.45,90.16
67.15,122.38,90.19
67.25,122.29,90.23
67.05,122.45,90.16
66.83,122.61,90.10
67.76,121.86,90.40
67.69,121.92,90.37
67.80,121.83,90.41
67.88,121.76,90.44
67.77,121.85,90.40
67.41,122.16,90.28
67.26,122.28,90.23
67.57,122.03,90.33
67.56,122.04,90.33
67.72,121.90,90.38
67.58,122.02,90.33
67.39,122.18,90.27
67.54,122.05,90.32
67.70,121.92,90.38
67.51,122.08,90.31
67.53,122.06,90.32
67.81,121.82,90.41
67.29,122.26,90.24
67.97,121.67,90.47
67.94,121.70,90.46
68.04,121.61,90.50
67.86,121.77,90.43
67.98,121.67,90.48
68.08,121.57,90.52
67.99,121.66,90.48
67.83,121.80,90.42
67.96,121.68,90.47
67.83,121.80,90.42
67.91,121.73,90.45
68.01,121.63,90.49
68.38,121.29,90.63
68.29,121.38,90.59
68.38,121.28,90.63
68.47,121.20,90.66
68.36,121.31,90.62
68.29,121.37,90.60
68.21,121.45,90.57
68.20,121.46,90.56
68.15,121.51,90.54
68.06,121.59,90.51
68.18,121.48,90.55
68.17,121.49,90.55
68.11,121.55,90.53
68.19,121.47,90.56
68.27,121.40,90.59
68.37,121.30,90.63
68.19,121.47,90.56
68.03,121.62,90.50
68.98,120.66,90.83
68.87,120.78,90.80
68.97,120.67,90.82
69.04,120.59,90.84
68.94,120.70,90.82
68.78,120.88,90.77
68.77,120.89,90.77
68.67,121.00,90.74
68.76,120.91,90.77
68.88,120.77,90.80
68.81,120.85,90.78
68.73,120.93,90.76
68.64,121.03,90.73
68.56,121.11,90.70
68.55,121.12,90.69
68.48,121.19,90.67
68.38,121.29,90.63
68.56,121.11,90.70
68.58,121.09,90.71
68.46,121.21,90.66
68.54,121.13,90.69
68.60,121.07,90.71
68.69,120.98,90.74
68.57,121.10,90.70
68.38,121.29,90.63
69.40,120.15,90.88
69.32,120.25,90.88
69.45,120.09,90.88
69.43,120.11,90.88
69.34,120.23,90.88
69.04,120.58,90.84
68.93,120.71,90.82
69.18,120.41,90.86
69.22,120.37,90.87
69.32,120.26,90.88
69.13,120.48,90.85
69.01,120.62,90.84
69.14,120.47,90.86
69.27,120.31,90.88
69.15,120.46,90.86
69.18,120.43,90.86
69.33,120.24,90.88
68.91,120.74,90.81
68.84,120.82,90.79
68.74,120.92,90.76
68.92,120.73,90.81
68.78,120.88,90.78
68.74,120.92,90.76
69.77,119.67,90.83
69.75,119.69,90.84
69.85,119.57,90.81
69.84,119.58,90.82
69.75,119.71,90.84
69.68,119.79,90.85
69.75,119.70,90.84
69.45,120.09,90.88
69.59,119.91,90.86
69.52,119.99,90.87
69.74,119.71,90.84
69.65,119.83,90.86
69.50,120.02,90.88
69.66,119.82,90.85
69.59,119.90,90.86
69.53,119.98,90.87
69.44,120.10,90.88
69.39,120.17,90.88
70.10,119.27,90.72
70.02,119.36,90.75
70.11,119.26,90.72
70.18,119.18,90.69
70.08,119.29,90.73
70.02,119.36,90.75
69.96,119.44,90.77
69.95,119.45,90.77
69.94,119.47,90.78
69.85,119.58,90.81
69.96,119.44,90.77
69.95,119.45,90.77
69.84,119.58,90.82
69.91,119.50,90.79
69.91,119.50,90.79
70.09,119.28,90.73
69.91,119.50,90.79
69.77,119.67,90.83
70.45,118.89,90.60
70.36,118.98,90.63
70.44,118.90,90.60
70.54,118.79,90.57
70.45,118.88,90.60
70.36,118.98,90.63
70.28,119.07,90.66
70.27,119.08,90.66
70.20,119.15,90.68
70.11,119.25,90.72
70.27,119.07,90.66
70.26,119.08,90.66
70.18,119.18,90.69
70.26,119.08,90.66
70.33,119.01,90.64
70.46,118.88,90.60
70.26,119.08,90.66
70.10,119.27,90.72
70.83,118.53,90.52
70.74,118.60,90.53
70.86,118.50,90.52
70.96,118.41,90.51
70.85,118.51,90.52
70.74,118.60,90.53
70.64,118.69,90.55
70.65,118.69,90.55
70.56,118.77,90.57
70.42,118.91,90.60
70.64,118.70,90.55
70.65,118.69,90.55
70.54,118.80,90.57
70.63,118.71,90.55
70.77,118.58,90.53
70.86,118.50,90.52
70.62,118.72,90.56
70.45,118.89,90.60
71.31,118.14,90.53
71.20,118.22,90.52
71.32,118.13,90.53
71.43,118.04,90.54
71.32,118.13,90.53
71.20,118.22,90.52
71.08,118.32,90.51
71.09,118.31,90.51
70.99,118.39,90.52
70.86,118.50,90.52
71.08,118.32,90.51
71.05,118.34,90.51
70.96,118.41,90.51
71.08,118.32,90.51
71.22,118.21,90.52
71.32,118.13,90.53
71.08,118.32,90.51
70.84,118.52,90.52
71.79,117.79,90.60
71.68,117.87,90.58
71.81,117.78,90.60
71.90,117.72,90.62
71.77,117.80,90.60
71.75,117.82,90.59
71.58,117.94,90.56
71.63,117.91,90.57
71.45,118.03,90.54
71.35,118.11,90.53
71.57,117.95,90.56
71.55,117.96,90.56
71.46,118.03,90.54
71.62,117.91,90.57
71.65,117.89,90.58
71.84,117.76,90.61
71.56,117.95,90.56
71.33,118.12,90.53
72.06,117.62,90.65
72.02,117.65,90.65
72.16,117.56,90.67
71.91,117.71,90.62
72.04,117.63,90.65
72.23,117.52,90.69
72.06,117.62,90.66
71.87,117.74,90.62
72.08,117.61,90.66
71.92,117.71,90.63
72.02,117.64,90.65
72.14,117.57,90.67
72.61,117.30,90.74
72.51,117.35,90.73
72.63,117.29,90.75
72.73,117.24,90.75
72.60,117.31,90.74
72.58,117.31,90.74
72.42,117.40,90.72
72.47,117.38,90.72
72.33,117.46,90.70
72.22,117.52,90.69
72.37,117.43,90.71
72.34,117.45,90.71
72.29,117.48,90.70
72.44,117.39,90.72
72.48,117.37,90.73
72.67,117.27,90.75
72.38,117.43,90.71
72.18,117.55,90.68
72.88,117.16,90.76
72.84,117.18,90.76
72.94,117.14,90.75
72.75,117.23,90.75
72.86,117.17,90.76
73.04,117.09,90.75
72.94,117.13,90.75
72.70,117.25,90.75
72.90,117.15,90.76
72.74,117.23,90.75
72.94,117.13,90.75
72.94,117.14,90.75
73.41,116.93,90.70
73.31,116.97,90.71
73.43,116.92,90.69
73.50,116.90,90.67
73.39,116.94,90.70
73.38,116.94,90.70
73.23,117.01,90.73
73.27,116.99,90.72
73.16,117.04,90.74
73.04,117.09,90.75
73.19,117.02,90.73
73.17,117.03,90.73
73.10,117.06,90.75
73.19,117.02,90.73
73.28,116.99,90.72
73.46,116.91,90.68
73.19,117.02,90.73
73.00,117.11,90.75
73.66,116.84,90.62
73.61,116.85,90.64
73.76,116.80,90.59
73.53,116.88,90.66
73.64,116.84,90.63
73.81,116.78,90.57
73.66,116.83,90.62
73.49,116.90,90.67
73.68,116.83,90.62
73.53,116.88,90.66
73.63,116.85,90.63
73.74,116.81,90.60
74.18,116.64,90.43
74.08,116.68,90.47
74.21,116.63,90.42
74.26,116.61,90.40
74.13,116.66,90.45
74.14,116.65,90.44
74.00,116.71,90.50
74.03,116.70,90.49
73.92,116.74,90.53
73.81,116.78,90.57
73.95,116.72,90.52
73.92,116.74,90.53
73.86,116.76,90.55
74.00,116.71,90.50
74.02,116.70,90.49
74.18,116.64,90.43
73.94,116.73,90.52
73.77,116.79,90.59
74.41,116.54,90.34
74.44,116.53,90.33
74.56,116.48,90.29
74.35,116.57,90.37
74.38,116.56,90.35
74.48,116.51,90.32
74.32,116.58,90.38
74.30,116.59,90.38
74.53,116.49,90.30
74.32,116.58,90.38
74.29,116.59,90.39
74.44,116.53,90.33
74.91,116.31,90.19
74.94,116.29,90.18
74.99,116.27,90.17
74.77,116.38,90.23
74.71,116.41,90.25
74.74,116.39,90.24
74.84,116.35,90.21
75.05,116.24,90.16
74.94,116.30,90.19
74.63,116.45,90.27
74.57,116.47,90.29
74.86,116.34,90.20
74.95,116.29,90.18
75.01,116.26,90.17
74.80,116.36,90.22
74.67,116.43,90.26
74.61,116.45,90.28
74.71,116.41,90.24
75.47,116.01,90.11
75.36,116.07,90.12
75.49,116.00,90.11
75.61,115.93,90.10
75.48,116.00,90.11
75.39,116.06,90.11
75.27,116.12,90.13
75.29,116.11,90.13
75.22,116.15,90.14
75.10,116.22,90.15
75.18,116.17,90.14
75.20,116.16,90.14
75.16,116.18,90.14
75.27,116.12,90.13
75.21,116.15,90.14
75.51,115.99,90.11
75.25,116.13,90.13
75.01,116.26,90.17
75.96,115.73,90.08
75.86,115.79,90.08
75.97,115.72,90.08
76.05,115.68,90.08
75.94,115.74,90.08
75.91,115.76,90.08
75.76,115.84,90.09
75.80,115.82,90.09
75.63,115.92,90.10
75.51,115.98,90.10
75.74,115.85,90.09
75.73,115.86,90.09
75.64,115.91,90.10
75.79,115.83,90.09
75.82,115.81,90.09
76.00,115.71,90.08
75.73,115.86,90.09
75.53,115.97,90.10
76.20,115.60,90.07
76.16,115.62,90.07
76.30,115.55,90.06
76.06,115.68,90.07
76.18,115.61,90.07
76.35,115.52,90.06
76.21,115.60,90.07
76.03,115.69,90.08
76.22,115.59,90.07
76.07,115.67,90.07
76.17,115.62,90.07
76.28,115.56,90.06
76.71,115.36,90.01
76.62,115.40,90.02
76.73,115.35,90.01
76.80,115.33,89.99
76.68,115.38,90.01
76.68,115.37,90.01
76.54,115.44,90.03
76.58,115.42,90.03
76.45,115.48,90.04
76.35,115.53,90.06
76.50,115.46,90.04
76.46,115.47,90.04
76.41,115.50,90.05
76.55,115.43,90.03
76.57,115.42,90.03
76.74,115.35,90.00
76.48,115.46,90.04
76.31,115.54,90.06
76.95,115.28,89.96
77.04,115.24,89.94
77.04,115.25,89.94
76.84,115.32,89.98
76.92,115.29,89.97
77.04,115.25,89.94
76.90,115.29,89.97
76.83,115.32,89.98
77.02,115.25,89.94
76.86,115.31,89.98
76.89,115.30,89.97
77.03,115.25,89.94
77.23,115.19,89.89
77.21,115.19,89.89
77.37,115.15,89.85
77.19,115.20,89.90
77.22,115.19,89.89
77.37,115.15,89.85
77.20,115.20,89.90
77.18,115.20,89.90
77.33,115.16,89.86
77.16,115.21,89.91
77.18,115.20,89.90
77.33,115.16,89.86
77.58,115.09,89.79
77.60,115.09,89.78
77.77,115.05,89.73
77.55,115.10,89.79
77.54,115.10,89.80
77.67,115.07,89.76
77.46,115.13,89.82
77.46,115.12,89.82
77.68,115.07,89.76
77.44,115.13,89.83
77.44,115.13,89.83
77.58,115.10,89.79
78.34,114.91,89.58
78.35,114.91,89.58
78.51,114.87,89.55
78.39,114.90,89.57
78.24,114.94,89.61
78.26,114.93,89.60
78.40,114.90,89.57
77.84,115.03,89.71
78.11,114.97,89.64
78.05,114.98,89.66
78.31,114.92,89.59
78.10,114.97,89.65
77.83,115.04,89.72
78.03,114.99,89.66
77.98,115.00,89.68
77.99,115.00,89.67
77.73,115.06,89.74
77.74,115.06,89.74
78.62,114.84,89.53
78.64,114.83,89.53
78.78,114.80,89.50
78.65,114.83,89.53
78.55,114.86,89.55
78.76,114.80,89.51
78.53,114.86,89.55
78.63,114.84,89.53
78.78,114.80,89.50
78.55,114.86,89.54
78.54,114.86,89.55
78.76,114.80,89.51
78.97,114.74,89.48
78.94,114.75,89.48
79.14,114.69,89.46
78.95,114.75,89.48
78.97,114.74,89.48
79.20,114.67,89.46
79.00,114.73,89.48
78.92,114.75,89.49
79.08,114.71,89.47
78.91,114.76,89.49
79.01,114.73,89.48
79.14,114.69,89.46
79.64,114.54,89.41
79.53,114.57,89.42
79.67,114.53,89.41
79.75,114.50,89.40
79.60,114.55,89.42
79.61,114.54,89.42
79.45,114.59,89.43
79.48,114.58,89.43
79.34,114.63,89.44
79.22,114.67,89.45
79.37,114.62,89.44
79.32,114.63,89.44
79.28,114.64,89.45
79.44,114.60,89.43
79.48,114.59,89.43
79.68,114.52,89.41
79.37,114.62,89.44
79.18,114.68,89.46
79.91,114.46,89.37
79.90,114.46,89.38
80.03,114.43,89.35
79.79,114.49,89.39
79.88,114.47,89.38
80.04,114.43,89.35
79.86,114.47,89.38
79.95,114.45,89.37
80.00,114.43,89.36
79.82,114.49,89.39
79.84,114.48,89.39
80.01,114.43,89.36
80.22,114.39,89.30
80.21,114.39,89.31
80.37,114.36,89.26
80.19,114.40,89.31
80.20,114.40,89.31
80.35,114.36,89.27
80.18,114.40,89.31
80.17,114.40,89.32
80.35,114.36,89.27
80.16,114.40,89.32
80.16,114.40,89.32
80.32,114.37,89.28
80.51,114.35,89.20
80.57,114.34,89.18
80.71,114.33,89.11
80.56,114.34,89.18
80.50,114.35,89.21
80.61,114.33,89.16
80.45,114.35,89.23
80.51,114.35,89.20
80.70,114.33,89.12
80.49,114.35,89.21
80.45,114.35,89.23
80.61,114.34,89.16
81.06,114.34,88.91
81.13,114.34,88.86
81.16,114.34,88.84
80.93,114.33,88.99
80.89,114.33,89.01
80.88,114.33,89.02
80.97,114.33,88.96
81.13,114.34,88.87
81.02,114.33,88.94
80.77,114.33,89.08
80.71,114.33,89.11
81.05,114.33,88.92
81.15,114.34,88.85
81.12,114.34,88.87
80.97,114.33,88.97
80.85,114.33,89.03
80.73,114.33,89.10
80.91,114.33,89.00
81.27,114.36,88.77
81.33,114.36,88.74
81.51,114.38,88.62
81.40,114.37,88.69
81.31,114.36,88.75
81.41,114.37,88.68
81.26,114.36,88.78
81.35,114.36,88.72
81.52,114.38,88.62
81.27,114.36,88.78
81.22,114.35,88.81
81.42,114.37,88.68
81.91,114.43,88.38
82.00,114.44,88.34
82.03,114.44,88.33
81.75,114.41,88.48
81.72,114.41,88.50
81.69,114.40,88.51
81.82,114.42,88.44
82.00,114.44,88.34
81.87,114.42,88.41
81.57,114.39,88.58
81.53,114.39,88.61
81.92,114.43,88.38
82.03,114.44,88.33
82.01,114.44,88.34
81.82,114.42,88.44
81.71,114.41,88.50
81.59,114.39,88.57
81.75,114.41,88.48
82.17,114.44,88.27
82.19,114.44,88.27
82.43,114.45,88.18
82.26,114.45,88.24
82.24,114.45,88.25
82.38,114.45,88.20
82.26,114.45,88.24
82.28,114.45,88.23
82.44,114.45,88.17
82.20,114.44,88.27
82.18,114.44,88.27
82.43,114.45,88.18
82.59,114.45,88.14
82.65,114.44,88.13
82.86,114.44,88.08
82.65,114.44,88.13
82.63,114.45,88.13
82.87,114.44,88.08
82.65,114.44,88.13
82.66,114.44,88.12
82.87,114.44,88.08
82.68,114.44,88.12
82.65,114.45,88.13
82.87,114.44,88.08
83.08,114.42,88.06
83.04,114.42,88.06
83.33,114.39,88.04
83.10,114.41,88.06
83.10,114.41,88.06
83.33,114.39,88.04
83.10,114.41,88.06
83.10,114.41,88.06
83.33,114.39,88.04
83.10,114.41,88.06
83.10,114.41,88.06
83.33,114.39,88.04
83.55,114.36,88.04
83.53,114.36,88.04
83.76,114.32,88.05
83.49,114.37,88.04
83.55,114.36,88.04
83.77,114.32,88.05
83.55,114.36,88.04
83.55,114.36,88.04
83.77,114.32,88.05
83.55,114.36,88.04
83.55,114.36,88.04
83.77,114.32,88.05
83.96,114.28,88.07
83.99,114.28,88.07
84.18,114.24,88.09
83.98,114.28,88.07
83.97,114.28,88.07
84.18,114.24,88.09
84.02,114.27,88.07
83.96,114.28,88.07
84.17,114.24,88.09
83.96,114.28,88.07
83.99,114.28,88.07
84.18,114.24,88.09
84.47,114.17,88.14
84.42,114.18,88.13
84.49,114.17,88.15
84.52,114.16,88.15
84.45,114.18,88.14
84.28,114.22,88.11
84.29,114.21,88.11
84.31,114.21,88.12
84.35,114.20,88.12
84.47,114.17,88.14
84.30,114.21,88.11
84.35,114.20,88.12
84.47,114.17,88.14
84.32,114.21,88.12
84.30,114.21,88.11
84.45,114.18,88.14
84.28,114.22,88.11
84.29,114.21,88.11
84.41,114.18,88.13
84.58,114.14,88.17
84.58,114.14,88.16
84.61,114.13,88.17
84.52,114.16,88.15
84.56,114.15,88.16
84.61,114.13,88.17
84.55,114.15,88.16
84.58,114.14,88.17
84.56,114.15,88.16
84.52,114.16,88.15
84.61,114.13,88.17
84.55,114.15,88.16
84.57,114.14,88.16
84.61,114.13,88.17
84.49,114.17,88.15
84.52,114.16,88.15
84.47,114.17,88.14
84.64,114.13,88.18
84.63,114.13,88.18
84.63,114.13,88.18
84.64,114.13,88.18
60.78,123.87,89.21
60.77,123.87,89.21
60.78,123.87,89.21
60.78,123.88,89.21
60.77,123.87,89.21
60.79,123.88,89.21
60.80,123.88,89.21
60.81,123.89,89.21
60.81,123.89,89.21
60.77,123.87,89.21
60.78,123.87,89.21
60.78,123.87,89.21
60.79,123.88,89.21
60.80,123.88,89.21
60.81,123.89,89.21
60.79,123.88,89.21
60.80,123.88,89.21
60.79,123.88,89.21
60.82,123.89,89.21
60.80,123.89,89.21
60.80,123.88,89.21
60.81,123.89,89.21
60.79,123.88,89.21
60.83,123.90,89.21
60.83,123.90,89.21
60.85,123.91,89.21
60.87,123.92,89.21
60.87,123.92,89.21
60.82,123.89,89.21
60.82,123.89,89.21
60.77,123.87,89.21
60.77,123.87,89.21
60.78,123.87,89.21
60.78,123.87,89.21
60.78,123.87,89.21
60.77,123.87,89.21
60.78,123.87,89.21
60.79,123.88,89.21
60.78,123.88,89.21
60.78,123.87,89.21
60.79,123.88,89.21
60.78,123.87,89.21
60.87,123.92,89.21
60.86,123.91,89.21
60.84,123.90,89.21
60.81,123.89,89.21
60.81,123.89,89.21
60.82,123.89,89.21
60.82,123.89,89.21
60.90,123.93,89.21
60.87,123.92,89.21
60.87,123.92,89.21
60.89,123.93,89.21
60.84,123.90,89.21
60.83,123.90,89.21
60.82,123.89,89.21
60.81,123.89,89.21
60.79,123.88,89.21
60.83,123.90,89.21
60.83,123.90,89.21
60.85,123.91,89.21
60.96,123.96,89.22
60.95,123.95,89.22
60.92,123.94,89.22
60.87,123.92,89.21
60.87,123.91,89.21
60.89,123.92,89.21
60.89,123.92,89.21
60.98,123.97,89.22
60.93,123.95,89.22
60.92,123.94,89.22
60.94,123.95,89.22
60.90,123.93,89.22
60.89,123.93,89.21
60.85,123.91,89.21
60.90,123.93,89.21
60.87,123.92,89.21
60.84,123.90,89.21
60.84,123.90,89.21
60.85,123.90,89.21
60.92,123.94,89.22
60.89,123.92,89.21
60.88,123.92,89.21
60.90,123.93,89.22
60.86,123.91,89.21
61.04,124.00,89.23
61.04,123.99,89.23
61.00,123.97,89.22
60.95,123.95,89.22
60.94,123.95,89.22
60.96,123.96,89.22
60.97,123.96,89.22
60.80,123.88,89.21
60.80,123.88,89.21
60.80,123.88,89.21
60.82,123.89,89.21
60.84,123.90,89.21
60.87,123.91,89.21
60.85,123.91,89.21
60.83,123.90,89.21
60.86,123.91,89.21
60.88,123.92,89.21
60.91,123.94,89.22
60.91,123.94,89.22
60.93,123.94,89.22
60.94,123.95,89.22
60.97,123.96,89.22
61.03,123.99,89.23
61.02,123.98,89.22
60.95,123.95,89.22
61.00,123.97,89.22
61.05,124.00,89.23
60.98,123.97,89.22
61.01,123.98,89.22
61.05,124.00,89.23
61.01,123.98,89.22
60.97,123.96,89.22
60.92,123.94,89.22
60.99,123.97,89.22
60.98,123.97,89.22
61.02,123.99,89.23
60.93,123.94,89.22
60.96,123.96,89.22
60.99,123.97,89.22
61.00,123.98,89.22
61.03,123.99,89.23
60.98,123.97,89.22
61.02,123.98,89.22
60.93,123.94,89.22
60.93,123.94,89.22
60.93,123.94,89.22
60.96,123.96,89.22
61.00,123.98,89.22
60.98,123.96,89.22
61.02,123.99,89.23
61.07,124.01,89.23
61.01,123.98,89.22
61.05,124.00,89.23
61.04,124.00,89.23
61.06,124.00,89.23
61.09,124.02,89.23
61.11,124.02,89.23
61.13,124.03,89.24
61.07,124.01,89.23
61.09,124.01,89.23
61.06,124.00,89.23
61.06,124.00,89.23
61.08,124.01,89.23
61.12,124.03,89.24
61.05,124.00,89.23
60.97,123.96,89.22
60.99,123.97,89.22
61.01,123.98,89.22
61.02,123.99,89.23
61.04,123.99,89.23
61.09,124.01,89.23
61.07,124.01,89.23
61.01,123.98,89.22
61.06,124.00,89.23
61.11,124.02,89.23
61.05,124.00,89.23
61.09,124.02,89.23
61.18,124.05,89.24
61.17,124.05,89.24
61.23,124.07,89.25
61.29,124.10,89.25
61.29,124.09,89.25
61.34,124.12,89.26
61.29,124.10,89.25
61.35,124.12,89.26
61.30,124.10,89.25
61.14,124.04,89.24
61.11,124.02,89.23
61.25,124.08,89.25
61.20,124.06,89.24
61.25,124.08,89.25
61.10,124.02,89.23
61.12,124.03,89.23
61.14,124.03,89.24
61.18,124.05,89.24
61.25,124.08,89.25
61.29,124.09,89.25
61.22,124.07,89.25
61.16,124.04,89.24
61.15,124.04,89.24
61.17,124.05,89.24
61.35,124.12,89.26
61.25,124.08,89.25
61.25,124.08,89.25
61.33,124.11,89.26
61.25,124.08,89.25
61.21,124.07,89.24
61.14,124.04,89.24
61.25,124.08,89.25
61.19,124.06,89.24
61.12,124.03,89.24
61.11,124.02,89.23
61.13,124.03,89.24
61.15,124.04,89.24
61.22,124.07,89.25
61.30,124.10,89.26
61.31,124.10,89.26
61.38,124.13,89.27
61.26,124.08,89.25
61.36,124.12,89.26
61.21,124.06,89.24
61.19,124.05,89.24
61.24,124.08,89.25
61.33,124.11,89.26
61.17,124.05,89.24
61.26,124.08,89.25
61.21,124.06,89.24
61.16,124.04,89.24
61.19,124.06,89.24
61.13,124.03,89.24
61.38,124.13,89.26
61.32,124.11,89.26
61.25,124.08,89.25
61.30,124.10,89.25
61.34,124.12,89.26
61.42,124.15,89.27
61.45,124.15,89.27
61.51,124.18,89.28
61.61,124.21,89.30
61.63,124.22,89.30
61.70,124.24,89.31
61.58,124.20,89.29
61.64,124.23,89.30
61.55,124.19,89.29
61.43,124.15,89.27
61.44,124.15,89.27
61.53,124.18,89.28
61.63,124.22,89.30
61.44,124.15,89.27
61.54,124.19,89.29
61.48,124.16,89.28
61.41,124.14,89.27
61.40,124.14,89.27
61.41,124.14,89.27
61.71,124.25,89.31
61.64,124.22,89.30
61.61,124.21,89.30
61.50,124.17,89.28
61.43,124.15,89.27
61.58,124.20,89.29
61.65,124.23,89.30
61.46,124.16,89.28
61.56,124.20,89.29
61.68,124.24,89.31
61.71,124.25,89.31
61.81,124.28,89.32
61.66,124.23,89.30
61.75,124.26,89.32
61.51,124.18,89.28
61.50,124.17,89.28
61.60,124.21,89.29
61.73,124.25,89.31
61.48,124.17,89.28
61.66,124.23,89.30
61.56,124.19,89.29
61.47,124.16,89.28
61.48,124.17,89.28
61.45,124.16,89.27
61.82,124.28,89.33
61.70,124.24,89.31
61.59,124.21,89.29
61.68,124.23,89.30
61.77,124.27,89.32
61.72,124.25,89.31
61.74,124.26,89.31
61.76,124.26,89.32
61.79,124.27,89.32
61.83,124.28,89.33
61.94,124.31,89.35
61.91,124.30,89.34
61.75,124.26,89.32
61.85,124.29,89.33
61.95,124.32,89.35
61.78,124.27,89.32
61.82,124.28,89.33
62.19,124.38,89.39
62.11,124.36,89.38
62.11,124.36,89.38
62.01,124.34,89.36
61.94,124.31,89.35
61.94,124.31,89.35
62.10,124.36,89.37
62.09,124.36,89.37
62.20,124.39,89.39
62.08,124.35,89.37
61.98,124.33,89.35
61.87,124.29,89.33
61.83,124.29,89.33
61.90,124.30,89.34
62.04,124.34,89.36
61.98,124.32,89.35
61.92,124.31,89.35
62.03,124.34,89.36
62.15,124.37,89.38
62.09,124.36,89.37
62.14,124.37,89.38
62.18,124.38,89.39
62.23,124.40,89.40
62.23,124.40,89.40
62.32,124.41,89.42
62.27,124.40,89.41
62.33,124.41,89.42
62.46,124.42,89.45
62.26,124.40,89.40
62.17,124.38,89.39
62.08,124.35,89.37
62.26,124.40,89.40
62.35,124.41,89.42
62.17,124.38,89.39
62.07,124.35,89.37
61.96,124.32,89.35
61.89,124.30,89.34
62.02,124.34,89.36
62.47,124.42,89.45
62.29,124.41,89.41
62.16,124.37,89.39
62.12,124.37,89.38
62.21,124.39,89.39
62.05,124.34,89.37
61.97,124.32,89.35
61.94,124.31,89.35
62.06,124.35,89.37
61.95,124.32,89.35
62.20,124.39,89.39
62.21,124.39,89.39
62.24,124.40,89.40
62.28,124.41,89.41
62.28,124.41,89.41
62.22,124.40,89.39
62.22,124.40,89.39
62.33,124.41,89.42
62.29,124.41,89.41
62.28,124.40,89.41
62.46,124.42,89.45
62.24,124.40,89.40
62.68,124.44,89.50
62.62,124.44,89.49
62.68,124.44,89.51
62.69,124.44,89.51
62.63,124.44,89.49
62.70,124.44,89.51
62.75,124.44,89.52
62.81,124.44,89.54
62.80,124.44,89.54
62.84,124.44,89.55
62.80,124.44,89.53
62.79,124.44,89.53
62.84,124.44,89.55
62.79,124.44,89.53
62.74,124.44,89.52
62.67,124.44,89.50
62.70,124.44,89.51
62.59,124.44,89.48
62.65,124.44,89.50
62.61,124.44,89.49
62.46,124.42,89.45
62.58,124.44,89.48
62.73,124.44,89.52
62.77,124.44,89.53
62.82,124.44,89.54
62.50,124.42,89.46
62.45,124.42,89.45
62.38,124.42,89.43
62.30,124.41,89.41
62.26,124.40,89.40
62.45,124.42,89.45
62.46,124.42,89.45
62.58,124.44,89.48
62.57,124.44,89.48
62.56,124.44,89.47
62.56,124.43,89.47
62.46,124.42,89.45
62.43,124.42,89.44
62.43,124.42,89.44
62.35,124.41,89.42
62.45,124.42,89.45
62.38,124.42,89.43
62.37,124.42,89.43
62.45,124.42,89.45
62.46,124.42,89.45
62.65,124.44,89.49
62.71,124.44,89.51
62.53,124.43,89.47
62.44,124.42,89.44
62.45,124.42,89.45
62.48,124.42,89.46
62.72,124.44,89.51
62.72,124.44,89.52
62.86,124.44,89.55
62.71,124.44,89.51
62.87,124.43,89.56
62.40,124.42,89.44
62.41,124.42,89.44
62.42,124.42,89.44
62.45,124.42,89.45
62.55,124.43,89.47
62.66,124.44,89.50
62.52,124.42,89.47
62.60,124.44,89.48
62.30,124.41,89.41
62.32,124.41,89.42
62.46,124.42,89.45
62.36,124.42,89.43
62.44,124.42,89.44
62.36,124.42,89.43
62.39,124.42,89.43
62.36,124.41,89.42
62.89,124.43,89.56
62.85,124.44,89.55
62.78,124.44,89.53
62.73,124.44,89.52
62.86,124.43,89.55
62.89,124.43,89.56
62.95,124.43,89.58
63.20,124.38,89.65
63.10,124.40,89.62
63.14,124.39,89.64
63.09,124.40,89.62
63.02,124.42,89.60
63.06,124.41,89.61
63.18,124.38,89.65
63.31,124.34,89.68
63.31,124.34,89.68
63.09,124.40,89.62
63.05,124.41,89.61
62.97,124.43,89.58
62.94,124.43,89.58
63.00,124.42,89.59
63.08,124.40,89.62
63.11,124.40,89.62
63.07,124.41,89.61
63.05,124.41,89.61
63.10,124.40,89.62
63.03,124.42,89.60
62.98,124.42,89.59
62.90,124.43,89.56
62.92,124.43,89.57
62.94,124.43,89.57
63.01,124.42,89.60
62.93,124.43,89.57
63.31,124.34,89.68
63.16,124.39,89.64
63.32,124.34,89.68
63.24,124.37,89.66
63.21,124.38,89.65
63.13,124.40,89.63
63.10,124.40,89.62
62.77,124.44,89.53
62.85,124.44,89.55
62.90,124.43,89.57
62.87,124.43,89.56
62.96,124.43,89.58
63.10,124.40,89.62
63.10,124.40,89.62
63.09,124.40,89.62
63.19,124.38,89.65
63.10,124.40,89.62
63.10,124.40,89.62
63.10,124.40,89.62
63.18,124.38,89.65
63.19,124.38,89.65
63.27,124.36,89.67
63.19,124.38,89.65
63.28,124.35,89.68
62.92,124.43,89.57
62.92,124.43,89.57
62.91,124.43,89.57
62.97,124.42,89.58
63.04,124.41,89.60
63.22,124.38,89.66
63.09,124.40,89.62
63.10,124.40,89.62
63.08,124.40,89.62
63.09,124.40,89.62
63.25,124.37,89.67
63.21,124.38,89.66
63.22,124.38,89.66
63.26,124.36,89.67
63.17,124.39,89.64
63.52,124.26,89.74
63.50,124.26,89.74
63.55,124.25,89.75
63.56,124.24,89.75
63.58,124.23,89.76
63.58,124.23,89.76
63.55,124.25,89.75
63.55,124.24,89.75
63.53,124.25,89.74
63.48,124.28,89.73
63.47,124.28,89.73
63.41,124.30,89.71
63.36,124.32,89.70
63.36,124.32,89.70
63.46,124.28,89.73
63.46,124.28,89.72
63.45,124.29,89.72
63.38,124.31,89.70
63.29,124.35,89.68
63.31,124.35,89.68
63.30,124.35,89.68
63.52,124.26,89.74
63.57,124.23,89.75
63.54,124.25,89.75
63.57,124.24,89.75
63.62,124.21,89.76
63.59,124.22,89.76
63.52,124.26,89.74
63.49,124.27,89.73
63.45,124.28,89.72
63.23,124.37,89.66
63.30,124.35,89.68
63.42,124.30,89.71
63.39,124.31,89.71
63.36,124.32,89.70
63.26,124.37,89.67
63.30,124.35,89.68
63.38,124.31,89.70
63.31,124.35,89.68
63.31,124.35,89.68
63.54,124.25,89.75
63.56,124.24,89.75
63.58,124.23,89.76
63.59,124.23,89.76
63.61,124.21,89.76
63.58,124.23,89.76
63.60,124.22,89.76
63.62,124.21,89.76
63.57,124.23,89.75
63.57,124.24,89.75
63.53,124.25,89.74
63.47,124.28,89.73
63.59,124.23,89.76
63.64,124.19,89.77
63.51,124.26,89.74
63.48,124.27,89.73
63.40,124.31,89.71
63.36,124.32,89.70
63.30,124.35,89.68
63.43,124.29,89.72
63.39,124.31,89.70
63.51,124.26,89.74
63.52,124.26,89.74
63.50,124.27,89.73
63.42,124.29,89.71
63.37,124.32,89.70
63.37,124.32,89.70
63.44,124.29,89.72
63.37,124.32,89.70
63.30,124.35,89.68
63.30,124.35,89.68
63.30,124.35,89.68
63.57,124.24,89.75
63.60,124.22,89.76
63.61,124.22,89.76
63.63,124.20,89.77
63.64,124.20,89.77
63.69,124.17,89.78
63.67,124.18,89.77
63.89,124.05,89.80
63.84,124.08,89.80
63.84,124.08,89.80
63.80,124.10,89.79
63.76,124.13,89.79
63.76,124.13,89.79
63.84,124.08,89.80
63.85,124.07,89.80
63.90,124.05,89.80
64.10,123.93,89.81
63.75,124.13,89.78
63.67,124.18,89.77
63.62,124.21,89.76
63.70,124.16,89.78
63.82,124.09,89.80
63.87,124.06,89.80
63.81,124.10,89.79
63.79,124.11,89.79
63.83,124.08,89.80
63.77,124.12,89.79
63.75,124.13,89.79
63.70,124.16,89.78
63.71,124.15,89.78
64.10,123.93,89.81
63.74,124.14,89.78
63.68,124.17,89.77
64.10,123.93,89.81
63.90,124.04,89.81
63.94,124.02,89.81
63.99,123.99,89.81
63.97,124.00,89.81
63.88,124.05,89.80
63.86,124.06,89.80
63.63,124.20,89.77
63.63,124.20,89.77
63.64,124.20,89.77
63.65,124.19,89.77
63.69,124.17,89.78
63.68,124.17,89.77
63.70,124.16,89.78
63.78,124.11,89.79
63.83,124.09,89.80
63.73,124.14,89.78
63.67,124.17,89.77
63.75,124.13,89.78
63.82,124.09,89.80
63.81,124.10,89.79
63.88,124.05,89.80
63.82,124.09,89.80
63.89,124.05,89.80
63.66,124.18,89.77
63.67,124.18,89.77
63.68,124.17,89.77
63.72,124.15,89.78
63.76,124.12,89.79
63.86,124.07,89.80
64.10,123.93,89.81
63.72,124.15,89.78
63.78,124.12,89.79
63.83,124.08,89.80
64.00,123.98,89.81
63.94,124.02,89.81
63.91,124.04,89.81
63.91,124.04,89.81
63.88,124.06,89.80
64.11,123.92,89.81
64.19,123.87,89.82
64.25,123.84,89.82
64.28,123.83,89.82
64.24,123.85,89.82
64.30,123.81,89.81
64.31,123.81,89.81
64.37,123.78,89.81
64.35,123.79,89.81
64.37,123.78,89.81
64.30,123.81,89.82
64.26,123.83,89.82
64.29,123.82,89.82
64.22,123.85,89.82
64.24,123.84,89.82
64.18,123.88,89.82
64.25,123.84,89.82
64.21,123.86,89.82
64.19,123.87,89.82
64.15,123.90,89.81
64.08,123.93,89.82
64.08,123.94,89.82
64.18,123.88,89.82
64.17,123.88,89.82
64.22,123.86,89.82
64.12,123.91,89.81
64.09,123.93,89.81
64.03,123.97,89.81
63.99,123.99,89.81
63.93,124.02,89.81
64.06,123.94,89.82
64.01,123.97,89.81
64.14,123.91,89.81
64.09,123.93,89.81
64.09,123.93,89.81
64.08,123.93,89.82
64.09,123.93,89.81
63.95,124.01,89.81
63.98,124.00,89.81
63.98,123.99,89.81
64.09,123.93,89.81
63.98,123.99,89.81
64.03,123.96,89.82
64.07,123.94,89.82
64.07,123.94,89.82
64.09,123.93,89.81
64.16,123.89,89.82
64.08,123.94,89.82
64.04,123.95,89.82
64.07,123.94,89.82
64.09,123.93,89.81
64.17,123.88,89.82
64.19,123.87,89.82
64.23,123.85,89.82
64.17,123.88,89.82
64.21,123.86,89.82
64.06,123.95,89.82
64.02,123.97,89.81
63.99,123.99,89.81
64.05,123.95,89.82
64.09,123.93,89.81
64.17,123.88,89.82
64.08,123.93,89.81
64.15,123.90,89.81
63.93,124.02,89.81
63.93,124.03,89.81
63.92,124.03,89.81
63.97,124.00,89.81
64.01,123.98,89.81
64.00,123.98,89.81
64.00,123.98,89.81
63.96,124.01,89.81
64.70,123.63,89.80
64.68,123.63,89.80
64.74,123.61,89.80
64.78,123.59,89.80
64.76,123.60,89.80
64.82,123.57,89.80
64.79,123.59,89.80
64.84,123.57,89.80
64.80,123.58,89.80
64.83,123.57,89.80
64.78,123.59,89.80
64.75,123.60,89.80
64.78,123.59,89.80
64.73,123.61,89.80
64.72,123.62,89.80
64.67,123.64,89.80
64.69,123.63,89.80
64.73,123.61,89.80
64.77,123.60,89.80
64.77,123.59,89.80
64.81,123.58,89.80
64.76,123.60,89.80
64.82,123.57,89.80
64.39,123.77,89.81
64.53,123.70,89.81
64.49,123.72,89.81
64.57,123.69,89.81
64.71,123.62,89.80
64.66,123.65,89.80
64.45,123.74,89.81
64.41,123.76,89.81
64.31,123.81,89.81
64.79,123.58,89.80
64.71,123.62,89.80
64.61,123.67,89.80
64.52,123.71,89.81
64.69,123.63,89.80
64.68,123.64,89.80
64.77,123.59,89.80
64.42,123.76,89.81
64.50,123.72,89.81
64.51,123.72,89.81
64.60,123.67,89.80
64.67,123.64,89.80
64.51,123.71,89.81
64.44,123.75,89.81
64.64,123.65,89.80
64.56,123.69,89.81
64.47,123.73,89.81
64.62,123.66,89.80
64.58,123.68,89.81
64.36,123.79,89.81
64.40,123.77,89.81
64.49,123.72,89.81
64.55,123.70,89.81
64.43,123.75,89.81
64.59,123.68,89.80
64.48,123.73,89.81
64.63,123.66,89.80
64.38,123.78,89.81
64.38,123.77,89.81
64.39,123.77,89.81
64.33,123.80,89.81
64.29,123.82,89.82
64.29,123.82,89.82
64.28,123.82,89.82
64.26,123.84,89.82
64.34,123.79,89.81
64.38,123.77,89.81
64.28,123.82,89.82
64.33,123.80,89.81
64.27,123.83,89.82
64.88,123.55,89.80
64.86,123.55,89.80
64.86,123.56,89.80
64.84,123.56,89.80
64.89,123.54,89.80
64.92,123.53,89.80
64.93,123.53,89.80
65.16,123.44,89.80
65.10,123.46,89.80
65.11,123.46,89.80
65.06,123.48,89.80
65.00,123.50,89.80
65.01,123.50,89.80
65.12,123.46,89.80
65.13,123.45,89.80
65.18,123.43,89.81
65.07,123.47,89.80
65.03,123.49,89.80
64.95,123.52,89.80
64.93,123.53,89.80
64.99,123.51,89.80
65.05,123.48,89.80
65.13,123.45,89.80
65.02,123.49,89.80
65.01,123.50,89.80
65.08,123.47,89.80
64.98,123.51,89.80
64.93,123.53,89.80
64.82,123.57,89.80
64.86,123.56,89.80
64.90,123.54,89.80
64.98,123.51,89.80
64.87,123.55,89.80
65.19,123.43,89.81
65.17,123.43,89.80
65.22,123.41,89.81
65.29,123.39,89.81
65.27,123.39,89.81
65.15,123.44,89.80
65.13,123.45,89.80
64.84,123.56,89.80
64.84,123.56,89.80
64.85,123.56,89.80
64.89,123.54,89.80
64.92,123.53,89.80
64.91,123.54,89.80
64.94,123.52,89.80
65.03,123.49,89.80
65.09,123.47,89.80
64.97,123.51,89.80
64.91,123.54,89.80
65.02,123.49,89.80
65.12,123.45,89.80
65.14,123.45,89.80
65.23,123.41,89.81
65.11,123.46,89.80
65.20,123.42,89.81
64.87,123.55,89.80
64.85,123.56,89.80
64.85,123.56,89.80
64.92,123.53,89.80
64.99,123.51,89.80
65.21,123.42,89.81
65.09,123.46,89.80
64.98,123.51,89.80
65.04,123.48,89.80
65.11,123.46,89.80
65.32,123.38,89.81
65.25,123.40,89.81
65.23,123.41,89.81
65.28,123.39,89.81
65.18,123.43,89.80
65.26,123.40,89.81
65.24,123.41,89.81
65.35,123.36,89.82
65.44,123.33,89.82
65.42,123.33,89.82
65.53,123.29,89.83
65.45,123.32,89.82
65.57,123.28,89.84
65.48,123.31,89.83
65.27,123.40,89.81
65.26,123.40,89.81
65.34,123.37,89.82
65.43,123.33,89.82
65.25,123.40,89.81
65.53,123.29,89.83
65.41,123.34,89.82
65.36,123.36,89.82
65.40,123.34,89.82
65.31,123.38,89.81
65.65,123.24,89.85
65.59,123.26,89.84
65.57,123.27,89.84
65.49,123.31,89.83
65.43,123.33,89.82
65.55,123.28,89.83
65.61,123.26,89.84
65.25,123.40,89.81
65.33,123.37,89.81
65.41,123.34,89.82
65.39,123.35,89.82
65.48,123.31,89.83
65.42,123.34,89.82
65.50,123.30,89.83
65.30,123.38,89.81
65.29,123.39,89.81
65.34,123.36,89.82
65.42,123.33,89.82
65.27,123.39,89.81
65.57,123.27,89.84
65.49,123.31,89.83
65.38,123.35,89.82
65.36,123.36,89.82
65.40,123.34,89.82
65.52,123.29,89.83
65.46,123.32,89.83
65.41,123.34,89.82
65.52,123.30,89.83
65.63,123.25,89.84
65.96,123.10,89.89
65.91,123.13,89.88
65.98,123.10,89.89
65.98,123.09,89.90
65.93,123.12,89.89
66.00,123.09,89.90
66.03,123.07,89.90
66.10,123.04,89.92
66.09,123.04,89.91
66.14,123.02,89.92
66.08,123.05,89.91
66.07,123.05,89.91
66.12,123.03,89.92
66.06,123.06,89.91
66.01,123.08,89.90
65.95,123.11,89.89
65.97,123.10,89.89
65.89,123.14,89.88
65.91,123.12,89.88
65.86,123.15,89.88
65.79,123.18,89.86
65.81,123.17,89.87
65.94,123.11,89.89
65.96,123.10,89.89
66.02,123.08,89.90
65.83,123.16,89.87
65.78,123.19,89.86
65.67,123.23,89.85
65.62,123.25,89.84
65.56,123.28,89.84
65.72,123.21,89.85
65.67,123.23,89.85
65.85,123.15,89.88
65.85,123.16,89.87
65.83,123.16,89.87
65.82,123.17,89.87
65.75,123.20,89.86
65.67,123.23,89.85
65.68,123.23,89.85
65.64,123.25,89.84
65.75,123.20,89.86
65.66,123.24,89.85
65.69,123.22,89.85
65.77,123.19,89.86
65.78,123.18,89.86
65.87,123.14,89.88
65.95,123.11,89.89
65.80,123.18,89.87
65.72,123.21,89.85
65.79,123.18,89.87
65.88,123.14,89.88
65.99,123.09,89.90
66.01,123.08,89.90
66.10,123.04,89.92
65.97,123.10,89.89
66.06,123.06,89.91
65.73,123.20,89.86
65.71,123.22,89.85
65.69,123.22,89.85
65.76,123.19,89.86
65.84,123.16,89.87
65.95,123.11,89.89
65.85,123.15,89.87
65.90,123.13,89.88
65.56,123.28,89.83
65.54,123.29,89.83
65.53,123.29,89.83
65.61,123.26,89.84
65.66,123.24,89.85
65.64,123.24,89.84
65.65,123.24,89.85
65.59,123.27,89.84
66.22,122.97,89.94
66.20,122.99,89.94
66.26,122.95,89.95
66.31,122.93,89.96
66.30,122.94,89.96
66.36,122.90,89.97
66.33,122.92,89.97
66.39,122.88,89.98
66.35,122.90,89.97
66.04,123.06,89.91
66.09,123.04,89.92
66.19,122.99,89.94
66.24,122.97,89.95
66.15,123.01,89.93
66.35,122.91,89.97
66.28,122.94,89.95
66.20,122.99,89.94
66.19,122.99,89.94
66.21,122.98,89.94
66.46,122.84,90.00
66.39,122.89,89.98
66.37,122.89,89.98
66.28,122.94,89.96
66.21,122.98,89.94
66.36,122.90,89.97
66.44,122.86,89.99
66.03,123.07,89.90
66.13,123.02,89.92
66.20,122.98,89.94
66.18,123.00,89.93
66.29,122.94,89.96
66.23,122.97,89.94
66.32,122.92,89.96
66.10,123.04,89.92
66.07,123.05,89.91
66.13,123.02,89.92
66.22,122.98,89.94
66.05,123.06,89.91
66.37,122.89,89.98
66.27,122.95,89.95
66.17,123.00,89.93
66.16,123.01,89.93
66.18,122.99,89.94
66.32,122.92,89.96
66.26,122.95,89.95
66.21,122.98,89.94
66.40,122.88,89.98
66.40,122.88,89.98
66.76,122.66,90.08
66.71,122.69,90.06
66.77,122.65,90.08
66.77,122.65,90.08
66.72,122.69,90.06
66.77,122.65,90.08
66.82,122.61,90.09
66.88,122.58,90.11
66.87,122.58,90.11
66.93,122.54,90.13
66.88,122.58,90.11
66.88,122.58,90.11
66.94,122.53,90.13
66.88,122.58,90.11
66.82,122.62,90.09
66.76,122.66,90.08
66.72,122.69,90.06
66.66,122.72,90.05
66.67,122.72,90.05
66.62,122.75,90.04
66.56,122.79,90.02
66.56,122.78,90.02
66.68,122.71,90.05
66.68,122.71,90.05
66.73,122.68,90.07
66.63,122.75,90.04
66.58,122.77,90.03
66.48,122.83,90.00
66.44,122.86,89.99
66.38,122.89,89.98
66.52,122.81,90.01
66.47,122.84,90.00
66.64,122.73,90.04
66.64,122.73,90.04
66.64,122.74,90.04
66.63,122.74,90.04
66.57,122.78,90.02
66.49,122.83,90.00
66.50,122.82,90.01
66.46,122.85,90.00
66.55,122.79,90.02
66.48,122.84,90.00
66.48,122.83,90.00
66.54,122.80,90.02
66.54,122.79,90.02
66.60,122.76,90.03
66.66,122.72,90.05
66.55,122.79,90.02
66.50,122.82,90.01
66.59,122.76,90.03
66.66,122.72,90.05
66.74,122.67,90.07
66.80,122.63,90.09
66.90,122.56,90.12
66.69,122.70,90.06
66.79,122.64,90.08
66.53,122.80,90.01
66.52,122.81,90.01
66.51,122.82,90.01
66.58,122.77,90.03
66.65,122.73,90.05
66.75,122.66,90.07
66.65,122.73,90.05
66.70,122.69,90.06
66.37,122.90,89.97
66.35,122.91,89.97
66.33,122.92,89.97
66.39,122.88,89.98
66.45,122.85,89.99
66.43,122.86,89.99
66.44,122.85,89.99
66.38,122.89,89.98
67.22,122.32,90.21
67.14,122.38,90.19
67.21,122.33,90.21
67.19,122.34,90.21
67.12,122.40,90.18
67.18,122.35,90.20
67.27,122.28,90.23
67.33,122.23,90.25
67.35,122.22,90.26
67.39,122.18,90.27
67.33,122.23,90.25
67.32,122.24,90.25
67.37,122.20,90.26
67.31,122.25,90.24
67.27,122.28,90.23
67.20,122.33,90.21
67.12,122.40,90.18
67.07,122.44,90.17
67.08,122.43,90.17
67.04,122.46,90.16
66.98,122.50,90.14
66.99,122.49,90.14
67.09,122.42,90.17
67.11,122.41,90.18
67.14,122.38,90.19
67.01,122.48,90.15
66.96,122.51,90.14
66.86,122.59,90.11
66.81,122.63,90.09
66.77,122.65,90.08
66.92,122.55,90.12
66.88,122.57,90.11
67.06,122.44,90.16
67.07,122.43,90.17
67.08,122.43,90.17
67.10,122.41,90.18
67.03,122.47,90.16
66.98,122.50,90.14
66.98,122.51,90.14
66.85,122.60,90.10
66.96,122.52,90.13
66.91,122.55,90.12
66.94,122.53,90.13
67.00,122.49,90.15
66.99,122.49,90.14
67.05,122.45,90.16
67.11,122.41,90.18
66.99,122.50,90.14
66.94,122.54,90.13
67.06,122.45,90.16
67.09,122.42,90.18
67.20,122.33,90.21
67.24,122.30,90.22
67.31,122.25,90.24
67.16,122.37,90.20
67.21,122.33,90.21
67.00,122.49,90.15
66.99,122.50,90.14
66.99,122.50,90.14
67.04,122.46,90.16
67.10,122.41,90.18
67.20,122.33,90.21
67.10,122.42,90.18
67.15,122.37,90.19
66.78,122.65,90.08
66.78,122.65,90.08
66.78,122.64,90.08
66.83,122.61,90.10
66.89,122.57,90.11
66.89,122.57,90.11
66.89,122.57,90.11
66.84,122.61,90.10
67.71,121.90,90.38
67.68,121.94,90.37
67.73,121.89,90.39
67.74,121.88,90.39
67.70,121.91,90.38
67.76,121.87,90.40
67.78,121.84,90.41
67.84,121.79,90.43
67.81,121.82,90.42
67.87,121.76,90.44
67.82,121.81,90.42
67.82,121.81,90.42
67.88,121.75,90.44
67.83,121.80,90.42
67.77,121.85,90.40
67.72,121.90,90.38
67.41,122.17,90.28
67.34,122.23,90.25
67.26,122.28,90.23
67.19,122.35,90.20
67.34,122.22,90.25
67.34,122.22,90.26
67.41,122.16,90.28
67.49,122.09,90.31
67.49,122.10,90.30
67.56,122.03,90.33
67.64,121.96,90.36
67.64,121.97,90.36
67.49,122.10,90.30
67.48,122.10,90.30
67.72,121.90,90.38
67.65,121.96,90.36
67.57,122.02,90.33
67.50,122.09,90.31
67.65,121.96,90.36
67.65,121.95,90.36
67.72,121.89,90.39
67.37,122.20,90.26
67.45,122.13,90.29
67.46,122.12,90.30
67.55,122.04,90.33
67.63,121.97,90.35
67.48,122.11,90.30
67.40,122.17,90.27
67.71,121.91,90.38
67.62,121.99,90.35
67.53,122.06,90.32
67.43,122.15,90.28
67.60,122.00,90.34
67.59,122.01,90.34
67.68,121.93,90.37
67.47,122.11,90.30
67.46,122.12,90.29
67.52,122.07,90.32
67.59,122.01,90.34
67.45,122.13,90.29
67.61,121.99,90.35
67.55,122.05,90.32
67.63,121.98,90.35
67.85,121.78,90.43
67.79,121.83,90.41
67.75,121.87,90.39
67.77,121.86,90.40
67.73,121.89,90.39
67.20,122.34,90.21
67.21,122.33,90.21
67.22,122.32,90.22
67.28,122.27,90.23
67.35,122.21,90.26
67.32,122.24,90.25
67.34,122.22,90.25
67.27,122.28,90.23
67.92,121.72,90.45
67.90,121.73,90.45
67.95,121.69,90.47
67.99,121.66,90.48
67.97,121.68,90.47
68.02,121.63,90.49
68.00,121.64,90.49
68.05,121.60,90.50
68.02,121.63,90.49
67.79,121.84,90.41
67.83,121.80,90.42
67.90,121.74,90.45
67.93,121.71,90.46
67.86,121.77,90.44
68.02,121.62,90.49
67.97,121.67,90.47
67.93,121.71,90.46
67.93,121.71,90.46
67.92,121.72,90.46
68.09,121.57,90.52
68.04,121.61,90.50
68.04,121.61,90.50
67.99,121.66,90.48
67.94,121.70,90.46
68.03,121.62,90.50
68.08,121.57,90.52
67.77,121.85,90.40
67.84,121.79,90.43
67.90,121.74,90.45
67.88,121.76,90.44
67.95,121.70,90.46
67.91,121.73,90.45
67.98,121.66,90.48
67.78,121.84,90.40
67.78,121.85,90.40
67.83,121.80,90.42
67.88,121.75,90.44
67.77,121.85,90.40
68.01,121.64,90.49
67.96,121.69,90.47
67.85,121.78,90.43
67.82,121.81,90.42
67.90,121.74,90.45
67.98,121.67,90.48
67.92,121.72,90.46
67.87,121.76,90.44
67.96,121.68,90.47
68.06,121.60,90.51
68.33,121.34,90.61
68.28,121.38,90.59
68.33,121.34,90.61
68.34,121.33,90.61
68.29,121.38,90.60
68.34,121.33,90.61
68.38,121.29,90.63
68.43,121.24,90.65
68.43,121.25,90.65
68.47,121.20,90.66
68.42,121.25,90.65
68.42,121.25,90.65
68.46,121.21,90.66
68.41,121.26,90.64
68.37,121.30,90.63
68.31,121.36,90.60
68.30,121.37,90.60
68.26,121.41,90.58
68.25,121.41,90.58
68.21,121.45,90.56
68.17,121.49,90.55
68.16,121.50,90.55
68.25,121.42,90.58
68.25,121.42,90.58
68.29,121.38,90.60
68.22,121.45,90.57
68.18,121.48,90.55
68.11,121.55,90.52
68.08,121.58,90.51
68.03,121.62,90.50
68.13,121.52,90.54
68.09,121.56,90.52
68.24,121.42,90.58
68.24,121.43,90.58
68.23,121.43,90.57
68.23,121.44,90.57
68.18,121.48,90.55
68.12,121.53,90.53
68.13,121.53,90.53
68.10,121.56,90.52
68.17,121.49,90.55
68.11,121.54,90.53
68.10,121.55,90.52
68.14,121.51,90.54
68.15,121.51,90.54
68.20,121.46,90.56
68.24,121.42,90.58
68.16,121.50,90.54
68.12,121.54,90.53
68.19,121.47,90.56
68.24,121.43,90.57
68.33,121.34,90.61
68.35,121.31,90.62
68.42,121.26,90.64
68.28,121.38,90.59
68.33,121.34,90.61
68.14,121.52,90.54
68.14,121.52,90.54
68.13,121.53,90.53
68.18,121.48,90.55
68.23,121.43,90.57
68.32,121.34,90.61
68.23,121.43,90.57
68.27,121.39,90.59
68.01,121.64,90.49
68.00,121.65,90.48
67.98,121.66,90.48
68.05,121.60,90.50
68.07,121.58,90.51
68.07,121.59,90.51
68.07,121.58,90.51
68.02,121.63,90.49
68.93,120.72,90.82
68.87,120.78,90.80
68.92,120.72,90.82
68.92,120.73,90.81
68.87,120.79,90.80
68.92,120.73,90.81
68.97,120.67,90.82
69.02,120.61,90.84
69.02,120.61,90.84
69.05,120.58,90.84
69.00,120.63,90.83
68.99,120.64,90.83
69.03,120.60,90.84
68.98,120.66,90.83
68.96,120.69,90.82
68.90,120.74,90.81
68.74,120.92,90.76
68.74,120.92,90.76
68.78,120.89,90.77
68.82,120.84,90.79
68.82,120.84,90.79
68.82,120.83,90.79
68.83,120.83,90.79
68.67,121.00,90.74
68.72,120.95,90.75
68.73,120.94,90.76
68.77,120.90,90.77
68.81,120.85,90.78
68.74,120.92,90.76
68.67,121.00,90.74
68.82,120.84,90.78
68.78,120.88,90.77
68.84,120.81,90.79
68.88,120.77,90.80
68.84,120.82,90.79
68.91,120.73,90.81
68.95,120.70,90.82
68.70,120.97,90.75
68.75,120.92,90.76
68.79,120.87,90.78
68.76,120.90,90.77
68.74,120.92,90.76
68.65,121.02,90.73
68.61,121.06,90.71
68.60,121.07,90.71
68.55,121.12,90.70
68.51,121.16,90.68
68.51,121.17,90.68
68.60,121.07,90.71
68.59,121.08,90.71
68.64,121.04,90.73
68.57,121.10,90.70
68.52,121.15,90.68
68.44,121.23,90.65
68.40,121.27,90.64
68.34,121.33,90.61
68.47,121.20,90.67
68.42,121.25,90.65
68.61,121.06,90.72
68.62,121.05,90.72
68.62,121.05,90.72
68.63,121.04,90.73
68.57,121.10,90.70
68.53,121.14,90.69
68.52,121.15,90.68
68.45,121.22,90.66
68.52,121.15,90.68
68.48,121.19,90.67
68.46,121.21,90.66
68.49,121.18,90.67
68.50,121.17,90.67
68.54,121.13,90.69
68.58,121.09,90.71
68.50,121.17,90.68
68.46,121.21,90.66
68.53,121.14,90.69
68.57,121.10,90.70
68.65,121.02,90.73
68.68,120.99,90.74
68.74,120.92,90.76
68.62,121.05,90.72
68.66,121.01,90.73
68.52,121.16,90.68
68.52,121.15,90.68
68.53,121.14,90.68
68.58,121.10,90.70
68.63,121.04,90.72
68.66,121.01,90.73
68.59,121.08,90.71
68.64,121.03,90.73
68.34,121.33,90.61
68.33,121.33,90.61
68.33,121.34,90.61
68.38,121.29,90.63
68.42,121.25,90.65
68.42,121.25,90.65
68.42,121.25,90.65
68.38,121.29,90.63
69.34,120.23,90.88
69.31,120.27,90.88
69.36,120.20,90.88
69.38,120.17,90.88
69.35,120.22,90.88
69.42,120.13,90.88
69.42,120.12,90.88
69.47,120.06,90.88
69.45,120.08,90.88
69.48,120.04,90.88
69.43,120.11,90.88
69.40,120.15,90.88
69.41,120.14,90.88
69.37,120.19,90.88
69.37,120.19,90.88
69.30,120.27,90.88
69.06,120.57,90.84
69.00,120.64,90.83
68.95,120.69,90.82
68.90,120.75,90.81
68.99,120.65,90.83
68.97,120.66,90.83
69.03,120.60,90.84
69.10,120.52,90.85
69.12,120.50,90.85
69.22,120.38,90.87
69.28,120.30,90.88
69.31,120.26,90.88
69.13,120.48,90.85
69.15,120.45,90.86
69.34,120.22,90.88
69.26,120.33,90.87
69.17,120.44,90.86
69.08,120.54,90.85
69.23,120.36,90.87
69.20,120.40,90.86
69.29,120.29,90.88
69.01,120.62,90.84
69.07,120.55,90.85
69.07,120.55,90.85
69.14,120.47,90.86
69.20,120.39,90.86
69.08,120.54,90.85
69.02,120.62,90.84
69.27,120.32,90.88
69.21,120.39,90.87
69.14,120.46,90.86
69.09,120.53,90.85
69.21,120.39,90.87
69.21,120.38,90.87
69.27,120.31,90.88
69.12,120.49,90.85
69.11,120.51,90.85
69.16,120.45,90.86
69.24,120.35,90.87
69.09,120.53,90.85
69.25,120.34,90.87
69.19,120.40,90.86
69.28,120.30,90.88
69.36,120.20,90.88
69.33,120.24,90.88
69.30,120.28,90.88
69.29,120.28,90.88
69.30,120.27,90.88
68.96,120.68,90.82
68.74,120.93,90.76
68.74,120.93,90.76
68.79,120.87,90.78
68.74,120.92,90.76
68.70,120.97,90.75
68.74,120.93,90.76
68.77,120.89,90.77
68.86,120.79,90.80
68.85,120.80,90.79
68.80,120.86,90.78
68.89,120.76,90.80
68.96,120.68,90.82
68.89,120.76,90.81
68.85,120.81,90.79
68.86,120.79,90.80
68.80,120.86,90.78
68.83,120.83,90.79
68.76,120.90,90.77
68.96,120.68,90.82
68.91,120.73,90.81
68.97,120.67,90.82
68.69,120.98,90.75
68.68,120.98,90.74
68.68,120.99,90.74
68.74,120.92,90.76
68.77,120.89,90.77
68.74,120.92,90.76
68.75,120.91,90.76
68.71,120.96,90.75
69.73,119.73,90.84
69.72,119.74,90.85
69.77,119.68,90.83
69.80,119.63,90.83
69.79,119.65,90.83
69.84,119.59,90.82
69.81,119.62,90.82
69.86,119.56,90.81
69.82,119.61,90.82
69.85,119.57,90.81
69.81,119.63,90.82
69.79,119.64,90.83
69.83,119.60,90.82
69.78,119.66,90.83
69.76,119.69,90.84
69.71,119.75,90.85
69.68,119.79,90.85
69.72,119.74,90.85
69.72,119.74,90.85
69.68,119.79,90.85
69.71,119.75,90.85
69.75,119.70,90.84
69.78,119.66,90.83
69.47,120.07,90.88
69.54,119.97,90.87
69.52,120.00,90.87
69.56,119.95,90.87
69.64,119.85,90.86
69.60,119.90,90.86
69.49,120.04,90.88
69.46,120.08,90.88
69.41,120.13,90.88
69.71,119.76,90.85
69.67,119.81,90.85
69.62,119.87,90.86
69.57,119.93,90.87
69.69,119.77,90.85
69.73,119.72,90.84
69.78,119.67,90.83
69.51,120.01,90.88
69.59,119.91,90.86
69.58,119.92,90.86
69.66,119.82,90.85
69.74,119.72,90.84
69.58,119.92,90.87
69.50,120.02,90.88
69.70,119.76,90.85
69.63,119.86,90.86
69.55,119.96,90.87
69.67,119.80,90.85
69.64,119.84,90.86
69.46,120.07,90.88
69.49,120.03,90.88
69.56,119.94,90.87
69.61,119.88,90.86
69.52,120.00,90.87
69.61,119.88,90.86
69.53,119.98,90.87
69.60,119.89,90.86
69.48,120.05,90.88
69.48,120.05,90.88
69.47,120.06,90.88
69.44,120.10,90.88
69.41,120.14,90.88
69.38,120.18,90.88
69.35,120.21,90.88
69.33,120.24,90.88
69.42,120.13,90.88
69.45,120.09,90.88
69.39,120.16,90.88
69.42,120.12,90.88
69.36,120.21,90.88
70.05,119.32,90.74
70.02,119.36,90.75
70.06,119.31,90.74
70.07,119.31,90.74
70.03,119.35,90.75
70.07,119.30,90.73
70.10,119.26,90.72
70.14,119.22,90.71
70.14,119.22,90.71
70.18,119.17,90.69
70.14,119.22,90.71
70.13,119.23,90.71
70.17,119.18,90.69
70.13,119.24,90.71
70.09,119.27,90.72
70.05,119.33,90.74
70.03,119.35,90.75
69.99,119.40,90.76
69.99,119.40,90.77
69.95,119.44,90.77
69.91,119.49,90.79
69.91,119.50,90.79
69.98,119.41,90.77
69.97,119.42,90.77
70.01,119.37,90.76
69.98,119.41,90.77
69.95,119.45,90.77
69.88,119.53,90.80
69.88,119.53,90.80
69.83,119.59,90.82
69.90,119.51,90.80
69.86,119.57,90.81
69.99,119.39,90.76
69.99,119.40,90.77
69.98,119.41,90.77
69.97,119.42,90.77
69.96,119.44,90.77
69.91,119.50,90.79
69.92,119.49,90.79
69.89,119.53,90.80
69.95,119.44,90.77
69.90,119.51,90.79
69.82,119.60,90.82
69.86,119.56,90.80
69.87,119.54,90.80
69.93,119.48,90.78
69.96,119.43,90.77
69.89,119.52,90.80
69.85,119.57,90.81
69.91,119.50,90.79
69.95,119.45,90.77
70.04,119.34,90.75
70.08,119.29,90.73
70.12,119.24,90.71
70.00,119.38,90.76
70.05,119.33,90.74
69.86,119.56,90.80
69.88,119.54,90.80
69.90,119.52,90.80
69.93,119.47,90.78
69.96,119.43,90.77
70.04,119.34,90.74
69.95,119.45,90.77
70.00,119.39,90.76
69.80,119.64,90.83
69.76,119.68,90.84
69.72,119.74,90.84
69.81,119.62,90.82
69.82,119.61,90.82
69.79,119.65,90.83
69.80,119.63,90.83
69.76,119.69,90.84
70.39,118.94,90.61
70.35,118.98,90.63
70.40,118.93,90.61
70.40,118.93,90.61
70.36,118.98,90.63
70.41,118.93,90.61
70.44,118.89,90.60
70.50,118.83,90.58
70.50,118.84,90.58
70.54,118.79,90.57
70.50,118.84,90.58
70.49,118.84,90.58
70.53,118.80,90.57
70.49,118.84,90.59
70.45,118.89,90.60
70.40,118.94,90.61
70.36,118.97,90.62
70.32,119.02,90.64
70.32,119.02,90.64
70.27,119.07,90.66
70.22,119.12,90.67
70.22,119.12,90.67
70.31,119.03,90.64
70.31,119.03,90.64
70.35,118.98,90.63
70.29,119.06,90.65
70.23,119.12,90.67
70.16,119.20,90.70
70.11,119.25,90.72
70.07,119.30,90.73
70.19,119.16,90.69
70.15,119.21,90.70
70.32,119.02,90.64
70.32,119.02,90.64
70.31,119.03,90.64
70.31,119.03,90.64
70.27,119.07,90.66
70.22,119.12,90.67
70.22,119.12,90.67
70.15,119.21,90.70
70.23,119.12,90.67
70.19,119.16,90.69
70.17,119.18,90.69
70.22,119.13,90.68
70.22,119.13,90.67
70.26,119.08,90.66
70.31,119.03,90.64
70.22,119.13,90.67
70.18,119.17,90.69
70.25,119.10,90.67
70.31,119.04,90.65
70.39,118.95,90.62
70.46,118.87,90.59
70.49,118.84,90.59
70.34,118.99,90.63
70.40,118.94,90.61
70.22,119.13,90.68
70.22,119.13,90.67
70.22,119.13,90.67
70.26,119.08,90.66
70.31,119.03,90.64
70.38,118.96,90.62
70.31,119.04,90.65
70.34,119.00,90.63
70.06,119.31,90.74
70.06,119.32,90.74
70.05,119.32,90.74
70.10,119.27,90.72
70.14,119.22,90.71
70.13,119.23,90.71
70.13,119.23,90.71
70.09,119.28,90.72
70.77,118.58,90.53
70.73,118.61,90.53
70.80,118.56,90.53
70.80,118.55,90.53
70.75,118.60,90.53
70.81,118.55,90.53
70.85,118.51,90.52
70.91,118.46,90.52
70.88,118.48,90.52
70.95,118.42,90.51
70.90,118.46,90.52
70.91,118.46,90.52
70.97,118.41,90.51
70.92,118.45,90.52
70.85,118.51,90.52
70.79,118.56,90.53
70.75,118.60,90.53
70.71,118.63,90.54
70.70,118.64,90.54
70.64,118.70,90.55
70.59,118.74,90.56
70.60,118.74,90.56
70.70,118.65,90.54
70.69,118.66,90.54
70.74,118.61,90.53
70.65,118.69,90.55
70.61,118.73,90.56
70.51,118.82,90.58
70.48,118.86,90.59
70.41,118.92,90.61
70.56,118.78,90.57
70.50,118.83,90.58
70.70,118.64,90.54
70.70,118.64,90.54
70.69,118.65,90.54
70.68,118.66,90.54
70.64,118.70,90.55
70.60,118.74,90.56
70.59,118.74,90.56
70.51,118.83,90.58
70.60,118.73,90.56
70.55,118.78,90.57
70.53,118.81,90.58
70.58,118.76,90.57
70.58,118.75,90.56
70.64,118.70,90.55
70.69,118.65,90.54
70.59,118.75,90.56
70.54,118.79,90.57
70.66,118.68,90.55
70.67,118.67,90.55
70.82,118.54,90.52
70.87,118.49,90.52
70.92,118.45,90.52
70.76,118.59,90.53
70.79,118.56,90.53
70.57,118.77,90.57
70.59,118.75,90.56
70.59,118.74,90.56
70.64,118.70,90.55
70.69,118.65,90.54
70.82,118.54,90.53
70.68,118.67,90.55
70.76,118.59,90.53
70.40,118.93,90.61
70.40,118.93,90.61
70.40,118.94,90.61
70.44,118.89,90.60
70.50,118.84,90.58
70.49,118.84,90.59
70.50,118.84,90.58
70.45,118.88,90.60
71.25,118.19,90.52
71.18,118.23,90.51
71.25,118.18,90.52
71.26,118.18,90.52
71.19,118.23,90.51
71.26,118.17,90.52
71.31,118.13,90.53
71.38,118.09,90.53
71.37,118.09,90.53
71.43,118.05,90.54
71.38,118.08,90.53
71.38,118.08,90.53
71.44,118.04,90.54
71.38,118.08,90.53
71.32,118.13,90.53
71.26,118.18,90.52
71.21,118.22,90.52
71.14,118.27,90.51
71.14,118.26,90.51
71.08,118.31,90.51
71.02,118.37,90.51
71.02,118.36,90.51
71.15,118.26,90.51
71.15,118.26,90.51
71.20,118.22,90.52
71.10,118.30,90.52
71.04,118.35,90.51
70.93,118.44,90.52
70.87,118.49,90.52
70.81,118.55,90.53
70.98,118.40,90.51
70.90,118.47,90.52
71.14,118.27,90.51
71.14,118.27,90.51
71.14,118.27,90.51
71.13,118.28,90.52
71.07,118.32,90.51
71.00,118.39,90.51
71.01,118.37,90.51
70.92,118.45,90.52
71.04,118.35,90.51
70.98,118.40,90.51
70.97,118.41,90.51
71.03,118.36,90.51
71.03,118.36,90.51
71.08,118.31,90.51
71.15,118.26,90.51
71.02,118.37,90.51
70.96,118.42,90.51
71.09,118.31,90.52
71.11,118.29,90.52
71.23,118.20,90.52
71.30,118.14,90.53
71.38,118.08,90.53
71.22,118.21,90.52
71.26,118.17,90.52
71.03,118.36,90.51
71.02,118.36,90.51
71.00,118.38,90.51
71.07,118.33,90.51
71.13,118.28,90.52
71.24,118.19,90.52
71.12,118.29,90.52
71.19,118.23,90.51
70.80,118.55,90.53
70.80,118.55,90.52
70.78,118.57,90.53
70.84,118.51,90.52
70.89,118.47,90.52
70.91,118.45,90.52
70.91,118.46,90.52
70.85,118.51,90.52
71.73,117.83,90.59
71.68,117.87,90.58
71.74,117.83,90.59
71.74,117.83,90.59
71.69,117.86,90.58
71.76,117.82,90.60
71.80,117.79,90.60
71.86,117.74,90.62
71.85,117.76,90.61
71.90,117.72,90.62
71.84,117.76,90.61
71.83,117.76,90.61
71.88,117.73,90.62
71.82,117.77,90.61
71.78,117.80,90.60
71.72,117.84,90.59
71.72,117.84,90.59
71.65,117.89,90.58
71.66,117.88,90.58
71.59,117.93,90.57
71.52,117.98,90.56
71.54,117.97,90.56
71.69,117.86,90.58
71.71,117.85,90.59
71.77,117.81,90.60
71.58,117.94,90.56
71.51,117.99,90.55
71.36,118.10,90.53
71.29,118.15,90.53
71.28,118.16,90.53
71.46,118.03,90.55
71.40,118.07,90.54
71.63,117.90,90.57
71.63,117.90,90.57
71.62,117.91,90.57
71.61,117.92,90.57
71.56,117.95,90.56
71.48,118.01,90.55
71.51,117.99,90.55
71.36,118.10,90.53
71.51,117.99,90.55
71.45,118.04,90.54
71.45,118.03,90.54
71.53,117.98,90.56
71.53,117.97,90.56
71.62,117.91,90.57
71.70,117.85,90.59
71.54,117.97,90.56
71.46,118.02,90.55
71.55,117.96,90.56
71.64,117.90,90.57
71.75,117.82,90.59
71.76,117.81,90.60
71.86,117.75,90.62
71.73,117.84,90.59
71.82,117.78,90.61
71.50,118.00,90.55
71.49,118.00,90.55
71.49,118.00,90.55
71.56,117.96,90.56
71.61,117.91,90.57
71.71,117.85,90.59
71.60,117.92,90.57
71.67,117.88,90.58
71.28,118.16,90.52
71.27,118.17,90.52
71.26,118.17,90.52
71.34,118.12,90.53
71.41,118.06,90.54
71.39,118.08,90.53
71.39,118.08,90.54
71.33,118.12,90.53
71.99,117.66,90.64
71.96,117.68,90.64
72.03,117.64,90.65
72.09,117.60,90.66
72.07,117.61,90.66
72.14,117.57,90.67
72.11,117.59,90.67
72.18,117.54,90.68
72.13,117.58,90.67
71.80,117.79,90.60
71.86,117.75,90.61
71.96,117.68,90.63
72.00,117.65,90.64
71.91,117.71,90.63
72.12,117.58,90.67
72.05,117.63,90.65
71.97,117.68,90.64
71.96,117.69,90.63
71.98,117.67,90.64
72.24,117.51,90.69
72.16,117.56,90.67
72.15,117.56,90.67
72.05,117.62,90.65
71.97,117.67,90.64
72.13,117.57,90.67
72.21,117.53,90.68
71.78,117.80,90.60
71.89,117.73,90.62
71.97,117.67,90.64
71.95,117.69,90.63
72.06,117.62,90.65
71.99,117.66,90.64
72.10,117.59,90.66
71.85,117.75,90.61
71.83,117.77,90.61
71.89,117.73,90.62
71.98,117.67,90.64
71.81,117.78,90.61
72.14,117.57,90.67
72.04,117.63,90.65
71.93,117.70,90.63
71.90,117.72,90.62
71.94,117.70,90.63
72.09,117.60,90.66
72.03,117.64,90.65
71.97,117.68,90.64
72.08,117.60,90.66
72.20,117.53,90.68
72.56,117.33,90.74
72.50,117.36,90.73
72.57,117.32,90.74
72.58,117.32,90.74
72.52,117.35,90.73
72.59,117.31,90.74
72.63,117.29,90.75
72.70,117.25,90.75
72.68,117.26,90.75
72.73,117.24,90.75
72.67,117.27,90.75
72.66,117.27,90.75
72.71,117.25,90.75
72.65,117.28,90.75
72.61,117.30,90.74
72.54,117.33,90.74
72.56,117.33,90.74
72.49,117.37,90.73
72.51,117.35,90.73
72.45,117.39,90.72
72.37,117.43,90.71
72.40,117.42,90.72
72.53,117.34,90.73
72.55,117.33,90.74
72.60,117.30,90.74
72.44,117.39,90.72
72.38,117.42,90.71
72.27,117.49,90.70
72.22,117.52,90.69
72.17,117.55,90.68
72.32,117.46,90.70
72.27,117.49,90.69
72.45,117.39,90.72
72.44,117.39,90.72
72.43,117.40,90.72
72.41,117.41,90.72
72.35,117.44,90.71
72.28,117.49,90.70
72.28,117.48,90.70
72.24,117.51,90.69
72.35,117.44,90.71
72.26,117.50,90.69
72.27,117.49,90.69
72.34,117.45,90.71
72.36,117.44,90.71
72.46,117.38,90.72
72.53,117.34,90.73
72.39,117.42,90.71
72.30,117.47,90.70
72.37,117.44,90.71
72.46,117.38,90.72
72.57,117.32,90.74
72.59,117.31,90.74
72.68,117.26,90.75
72.55,117.33,90.74
72.65,117.28,90.75
72.31,117.47,90.70
72.29,117.47,90.70
72.29,117.48,90.70
72.36,117.44,90.71
72.43,117.40,90.72
72.54,117.34,90.73
72.42,117.41,90.72
72.48,117.37,90.73
72.15,117.56,90.67
72.12,117.58,90.67
72.10,117.59,90.66
72.19,117.54,90.68
72.25,117.50,90.69
72.21,117.52,90.68
72.23,117.51,90.69
72.17,117.55,90.68
72.82,117.19,90.76
72.80,117.20,90.76
72.86,117.17,90.76
72.91,117.15,90.76
72.89,117.16,90.76
72.94,117.14,90.75
72.93,117.14,90.76
73.00,117.10,90.75
72.93,117.14,90.76
72.64,117.28,90.75
72.69,117.26,90.75
72.79,117.21,90.75
72.83,117.18,90.76
72.74,117.23,90.75
72.93,117.14,90.76
72.87,117.17,90.76
72.79,117.21,90.76
72.77,117.22,90.75
72.80,117.20,90.76
73.05,117.08,90.75
72.94,117.14,90.75
72.94,117.14,90.75
72.87,117.17,90.76
72.95,117.13,90.75
72.94,117.14,90.76
73.03,117.09,90.75
72.62,117.29,90.75
72.72,117.24,90.75
72.81,117.20,90.76
72.78,117.21,90.75
72.89,117.16,90.76
72.82,117.19,90.76
72.92,117.14,90.76
72.69,117.26,90.75
72.66,117.27,90.75
72.72,117.24,90.75
72.81,117.20,90.76
72.64,117.28,90.75
72.94,117.14,90.76
72.88,117.16,90.76
72.76,117.22,90.75
72.75,117.23,90.75
72.77,117.22,90.75
72.92,117.14,90.76
72.85,117.18,90.76
72.94,117.13,90.75
72.94,117.13,90.75
73.01,117.10,90.75
73.35,116.95,90.71
73.30,116.98,90.72
73.36,116.95,90.70
73.37,116.95,90.70
73.32,116.97,90.71
73.38,116.94,90.70
73.42,116.93,90.69
73.48,116.90,90.68
73.47,116.91,90.68
73.52,116.89,90.67
73.46,116.91,90.68
73.45,116.92,90.68
73.50,116.90,90.67
73.44,116.92,90.69
73.40,116.93,90.70
73.34,116.96,90.71
73.36,116.95,90.71
73.29,116.98,90.72
73.31,116.97,90.72
73.25,117.00,90.72
73.19,117.02,90.73
73.20,117.02,90.73
73.32,116.97,90.71
73.35,116.96,90.71
73.40,116.94,90.70
73.24,117.00,90.73
73.19,117.02,90.73
73.09,117.06,90.75
73.04,117.09,90.75
72.99,117.11,90.75
73.14,117.04,90.74
73.08,117.07,90.75
73.26,117.00,90.72
73.25,117.00,90.73
73.23,117.00,90.73
73.21,117.01,90.73
73.19,117.02,90.73
73.08,117.07,90.75
73.10,117.06,90.75
73.06,117.08,90.75
73.18,117.03,90.73
73.07,117.07,90.75
73.09,117.07,90.75
73.18,117.03,90.73
73.19,117.02,90.73
73.26,116.99,90.72
73.33,116.96,90.71
73.20,117.02,90.73
73.12,117.05,90.74
73.19,117.02,90.73
73.27,116.99,90.72
73.37,116.95,90.70
73.19,117.02,90.73
73.47,116.91,90.68
73.35,116.96,90.71
73.44,116.92,90.69
73.13,117.05,90.74
73.11,117.06,90.75
73.10,117.06,90.75
73.19,117.02,90.73
73.24,117.00,90.73
73.33,116.96,90.71
73.22,117.01,90.73
73.28,116.98,90.72
72.94,117.14,90.75
72.93,117.14,90.76
72.93,117.14,90.76
73.02,117.10,90.75
73.06,117.08,90.75
73.03,117.09,90.75
73.05,117.08,90.75
72.96,117.12,90.75
73.60,116.86,90.64
73.19,117.03,90.73
73.64,116.84,90.63
73.69,116.82,90.61
73.67,116.83,90.62
73.74,116.81,90.60
73.71,116.82,90.61
73.77,116.79,90.59
73.72,116.81,90.60
73.43,116.92,90.69
73.48,116.90,90.68
73.57,116.87,90.65
73.62,116.85,90.63
73.53,116.89,90.66
73.71,116.82,90.61
73.65,116.84,90.63
73.57,116.87,90.65
73.56,116.87,90.65
73.59,116.86,90.64
73.82,116.77,90.57
73.75,116.80,90.59
73.73,116.81,90.60
73.65,116.84,90.63
73.58,116.87,90.65
73.73,116.81,90.60
73.80,116.78,90.58
73.41,116.93,90.69
73.51,116.89,90.67
73.58,116.86,90.65
73.57,116.87,90.65
73.66,116.84,90.62
73.61,116.86,90.64
73.70,116.82,90.61
73.47,116.91,90.68
73.45,116.92,90.68
73.51,116.89,90.67
73.59,116.86,90.64
73.43,116.92,90.69
73.73,116.81,90.60
73.65,116.84,90.62
73.55,116.88,90.66
73.54,116.88,90.66
73.55,116.88,90.65
73.69,116.82,90.61
73.63,116.85,90.63
73.58,116.87,90.65
73.68,116.83,90.62
73.78,116.79,90.58
74.11,116.66,90.46
74.06,116.68,90.47
74.13,116.66,90.45
74.14,116.65,90.44
74.10,116.67,90.46
74.16,116.65,90.43
74.19,116.64,90.42
74.25,116.61,90.40
74.23,116.62,90.41
74.27,116.60,90.39
74.22,116.62,90.41
74.19,116.63,90.42
74.23,116.62,90.41
74.17,116.64,90.43
74.15,116.65,90.44
74.09,116.67,90.46
74.13,116.66,90.45
74.06,116.69,90.48
74.07,116.68,90.47
74.01,116.70,90.49
73.95,116.73,90.52
73.96,116.72,90.51
74.08,116.68,90.47
74.10,116.67,90.46
74.15,116.65,90.44
74.02,116.70,90.49
73.97,116.72,90.51
73.86,116.76,90.55
73.82,116.78,90.57
73.76,116.80,90.59
73.90,116.74,90.54
73.85,116.76,90.56
74.04,116.69,90.48
74.02,116.70,90.49
74.00,116.71,90.50
73.98,116.71,90.50
73.93,116.73,90.52
73.85,116.76,90.56
73.87,116.76,90.55
73.84,116.77,90.56
73.94,116.73,90.52
73.86,116.76,90.55
73.84,116.77,90.56
73.91,116.74,90.53
73.93,116.73,90.53
74.01,116.70,90.49
74.07,116.68,90.47
73.94,116.73,90.52
73.88,116.75,90.54
73.92,116.74,90.53
74.01,116.70,90.50
74.10,116.67,90.46
74.12,116.66,90.45
74.20,116.63,90.42
74.09,116.67,90.46
74.17,116.64,90.43
73.89,116.75,90.54
73.88,116.75,90.55
73.87,116.76,90.55
73.93,116.73,90.52
73.99,116.71,90.50
74.08,116.68,90.47
73.97,116.72,90.51
74.03,116.69,90.48
73.74,116.80,90.59
73.72,116.81,90.60
73.70,116.82,90.61
73.79,116.79,90.58
73.83,116.77,90.56
73.80,116.78,90.57
73.81,116.78,90.57
73.75,116.80,90.59
74.35,116.57,90.36
74.37,116.56,90.36
74.43,116.54,90.34
74.50,116.50,90.31
74.51,116.50,90.31
74.56,116.47,90.29
74.49,116.51,90.32
74.54,116.49,90.30
74.47,116.52,90.32
74.24,116.61,90.40
74.28,116.60,90.39
74.40,116.55,90.35
74.46,116.52,90.32
74.32,116.58,90.37
74.45,116.52,90.33
74.39,116.55,90.35
74.31,116.58,90.38
74.29,116.59,90.39
74.33,116.57,90.37
74.45,116.53,90.33
74.36,116.56,90.36
74.39,116.55,90.35
74.34,116.57,90.37
74.27,116.60,90.40
74.42,116.54,90.34
74.50,116.50,90.31
74.20,116.63,90.42
74.33,116.58,90.37
74.41,116.54,90.34
74.39,116.55,90.35
74.50,116.50,90.31
74.44,116.53,90.33
74.55,116.48,90.29
74.24,116.61,90.41
74.23,116.62,90.41
74.31,116.59,90.38
74.40,116.55,90.35
74.22,116.62,90.41
74.36,116.56,90.36
74.30,116.59,90.38
74.24,116.61,90.41
74.22,116.62,90.41
74.25,116.61,90.40
74.46,116.52,90.32
74.38,116.56,90.35
74.30,116.59,90.38
74.37,116.56,90.36
74.43,116.53,90.33
74.88,116.33,90.20
74.90,116.32,90.19
74.92,116.31,90.19
74.97,116.28,90.18
74.98,116.27,90.17
75.02,116.26,90.17
74.96,116.29,90.18
74.97,116.28,90.18
74.92,116.31,90.19
74.87,116.33,90.20
74.83,116.35,90.21
74.75,116.39,90.24
74.67,116.42,90.26
74.65,116.44,90.27
74.81,116.36,90.22
74.78,116.37,90.22
74.84,116.34,90.21
74.75,116.39,90.24
74.64,116.44,90.27
74.64,116.44,90.27
74.66,116.43,90.26
74.89,116.32,90.20
75.00,116.26,90.17
74.94,116.30,90.18
75.00,116.27,90.17
75.11,116.21,90.15
75.04,116.24,90.16
74.88,116.32,90.20
74.83,116.35,90.21
74.78,116.37,90.23
74.58,116.47,90.29
74.69,116.42,90.25
74.77,116.38,90.23
74.73,116.40,90.24
74.68,116.42,90.26
74.55,116.48,90.29
74.60,116.46,90.28
74.66,116.43,90.26
74.52,116.50,90.30
74.49,116.51,90.31
74.85,116.34,90.20
74.90,116.32,90.19
74.90,116.31,90.19
74.86,116.34,90.20
74.91,116.31,90.19
74.95,116.29,90.18
74.99,116.27,90.17
74.93,116.30,90.19
74.82,116.36,90.21
74.89,116.32,90.19
74.87,116.33,90.20
74.76,116.38,90.23
74.96,116.28,90.18
75.07,116.23,90.16
74.76,116.38,90.23
74.73,116.40,90.24
74.63,116.44,90.27
74.57,116.47,90.29
74.54,116.49,90.30
74.70,116.41,90.25
74.66,116.43,90.26
74.79,116.37,90.22
74.80,116.37,90.22
74.79,116.37,90.22
74.72,116.40,90.24
74.65,116.43,90.26
74.60,116.46,90.28
74.69,116.42,90.25
74.62,116.45,90.27
74.51,116.50,90.31
74.59,116.46,90.28
74.52,116.49,90.30
75.40,116.05,90.11
75.35,116.08,90.12
75.42,116.04,90.11
75.43,116.03,90.11
75.37,116.06,90.12
75.44,116.03,90.11
75.49,116.00,90.11
75.56,115.96,90.10
75.54,115.97,90.10
75.61,115.93,90.10
75.55,115.96,90.10
75.55,115.96,90.10
75.62,115.92,90.10
75.55,115.96,90.10
75.48,116.01,90.11
75.41,116.04,90.11
75.38,116.06,90.11
75.32,116.09,90.12
75.33,116.09,90.12
75.28,116.12,90.13
75.23,116.14,90.13
75.23,116.14,90.13
75.33,116.09,90.12
75.34,116.08,90.12
75.39,116.05,90.11
75.29,116.11,90.13
75.24,116.14,90.13
75.16,116.18,90.14
75.12,116.20,90.15
75.07,116.23,90.16
75.22,116.15,90.14
75.13,116.20,90.15
75.27,116.12,90.13
75.26,116.13,90.13
75.25,116.13,90.13
75.24,116.13,90.13
75.19,116.16,90.14
75.05,116.24,90.16
75.06,116.24,90.16
75.10,116.21,90.15
75.22,116.15,90.14
75.08,116.23,90.16
75.15,116.19,90.14
75.22,116.14,90.14
75.23,116.14,90.13
75.28,116.11,90.13
75.34,116.08,90.12
75.23,116.14,90.13
75.16,116.18,90.14
75.26,116.12,90.13
75.31,116.10,90.12
75.45,116.02,90.11
75.50,115.99,90.11
75.56,115.96,90.10
75.21,116.15,90.14
75.45,116.02,90.11
75.22,116.15,90.14
75.14,116.19,90.15
75.11,116.21,90.15
75.22,116.15,90.14
75.30,116.10,90.12
75.43,116.03,90.11
75.31,116.10,90.12
75.36,116.07,90.12
75.03,116.25,90.17
74.98,116.28,90.17
74.93,116.30,90.19
75.06,116.23,90.16
75.09,116.22,90.15
75.08,116.22,90.16
75.09,116.22,90.16
75.01,116.26,90.17
75.90,115.76,90.08
75.85,115.79,90.08
75.90,115.76,90.08
75.92,115.75,90.08
75.86,115.78,90.08
75.92,115.75,90.08
75.96,115.73,90.08
76.02,115.70,90.08
76.01,115.70,90.08
76.06,115.68,90.08
76.00,115.71,90.08
76.00,115.71,90.08
76.05,115.68,90.08
75.98,115.72,90.08
75.95,115.74,90.08
75.89,115.77,90.08
75.89,115.77,90.08
75.82,115.81,90.09
75.83,115.80,90.09
75.77,115.84,90.09
75.70,115.88,90.09
75.72,115.87,90.09
75.86,115.79,90.08
75.88,115.78,90.08
75.94,115.75,90.08
75.75,115.85,90.09
75.69,115.88,90.09
75.57,115.95,90.10
75.50,115.99,90.11
75.44,116.02,90.11
75.63,115.92,90.10
75.58,115.95,90.10
75.81,115.82,90.09
75.80,115.82,90.09
75.79,115.82,90.09
75.79,115.83,90.09
75.74,115.86,90.09
75.66,115.90,90.09
75.68,115.89,90.09
75.56,115.96,90.10
75.69,115.89,90.09
75.62,115.92,90.10
75.63,115.92,90.10
75.71,115.88,90.09
75.71,115.87,90.09
75.80,115.82,90.09
75.87,115.78,90.08
75.72,115.87,90.09
75.65,115.91,90.09
75.73,115.86,90.09
75.81,115.82,90.09
75.91,115.76,90.08
75.93,115.75,90.08
76.02,115.70,90.08
75.90,115.77,90.08
75.98,115.72,90.08
75.68,115.89,90.09
75.68,115.89,90.09
75.67,115.89,90.09
75.73,115.86,90.09
75.79,115.83,90.09
75.88,115.77,90.08
75.78,115.83,90.09
75.84,115.80,90.09
75.45,116.02,90.11
75.46,116.02,90.11
75.46,116.01,90.11
75.52,115.98,90.10
75.59,115.94,90.10
75.57,115.95,90.10
75.58,115.95,90.10
75.52,115.98,90.10
76.14,115.64,90.07
76.12,115.65,90.07
76.18,115.61,90.07
76.23,115.59,90.07
76.21,115.60,90.07
76.28,115.56,90.06
76.25,115.58,90.06
76.32,115.54,90.06
76.27,115.57,90.06
75.97,115.73,90.08
76.02,115.70,90.08
76.11,115.65,90.07
76.16,115.63,90.07
76.07,115.67,90.07
76.25,115.57,90.06
76.19,115.61,90.07
76.12,115.65,90.07
76.11,115.65,90.07
76.13,115.64,90.07
76.37,115.52,90.05
76.29,115.56,90.06
76.28,115.56,90.06
76.19,115.61,90.07
76.12,115.64,90.07
76.27,115.57,90.06
76.34,115.53,90.06
75.95,115.74,90.08
76.04,115.69,90.08
76.13,115.64,90.07
76.10,115.66,90.07
76.20,115.60,90.07
76.15,115.63,90.07
76.24,115.58,90.06
76.01,115.70,90.08
75.99,115.71,90.08
76.05,115.68,90.08
76.13,115.64,90.07
75.97,115.73,90.08
76.27,115.57,90.06
76.19,115.61,90.07
76.08,115.66,90.07
76.06,115.67,90.07
76.09,115.66,90.07
76.23,115.59,90.06
76.17,115.62,90.07
76.12,115.64,90.07
76.22,115.59,90.07
76.33,115.54,90.06
76.64,115.39,90.02
76.60,115.41,90.03
76.66,115.38,90.02
76.67,115.38,90.01
76.63,115.40,90.02
76.69,115.37,90.01
76.72,115.36,90.01
76.78,115.34,90.00
76.76,115.34,90.00
76.81,115.33,89.99
76.75,115.35,90.00
76.74,115.35,90.00
76.78,115.34,90.00
76.72,115.36,90.01
76.69,115.37,90.01
76.64,115.39,90.02
76.67,115.38,90.02
76.60,115.41,90.03
76.61,115.41,90.03
76.56,115.43,90.03
76.49,115.46,90.04
76.51,115.45,90.04
76.63,115.40,90.02
76.65,115.39,90.02
76.70,115.37,90.01
76.55,115.43,90.03
76.50,115.45,90.04
76.40,115.50,90.05
76.36,115.52,90.05
76.31,115.55,90.06
76.44,115.48,90.05
76.40,115.50,90.05
76.57,115.43,90.03
76.55,115.43,90.03
76.54,115.44,90.03
76.52,115.45,90.04
76.47,115.47,90.04
76.40,115.50,90.05
76.41,115.50,90.05
76.38,115.51,90.05
76.48,115.46,90.04
76.39,115.51,90.05
76.39,115.51,90.05
76.46,115.48,90.04
76.47,115.47,90.04
76.57,115.43,90.03
76.63,115.40,90.02
76.49,115.46,90.04
76.42,115.49,90.05
76.48,115.47,90.04
76.56,115.43,90.03
76.66,115.39,90.02
76.67,115.38,90.02
76.75,115.34,90.00
76.64,115.39,90.02
76.73,115.36,90.01
76.43,115.49,90.05
76.42,115.49,90.05
76.40,115.50,90.05
76.47,115.47,90.04
76.53,115.44,90.04
76.62,115.40,90.02
76.52,115.44,90.04
76.58,115.42,90.03
76.29,115.56,90.06
76.26,115.57,90.06
76.24,115.58,90.06
76.33,115.54,90.06
76.37,115.52,90.05
76.34,115.53,90.06
76.36,115.52,90.05
76.29,115.55,90.06
76.88,115.30,89.97
76.88,115.30,89.98
77.04,115.25,89.94
76.99,115.26,89.95
76.98,115.26,89.95
77.03,115.25,89.94
77.00,115.26,89.95
77.04,115.25,89.94
77.00,115.26,89.95
77.05,115.24,89.93
76.79,115.33,89.99
76.89,115.30,89.97
76.94,115.28,89.96
76.83,115.32,89.99
76.99,115.26,89.95
77.04,115.24,89.94
76.85,115.31,89.98
76.85,115.31,89.98
76.87,115.30,89.98
77.04,115.25,89.94
76.97,115.27,89.95
76.98,115.26,89.95
76.91,115.29,89.97
76.84,115.31,89.98
76.99,115.26,89.95
77.04,115.25,89.94
77.06,115.24,89.93
76.84,115.32,89.98
76.93,115.28,89.96
76.92,115.29,89.96
77.02,115.25,89.94
76.93,115.28,89.96
77.03,115.25,89.94
76.79,115.33,89.99
76.77,115.34,90.00
76.85,115.31,89.98
76.94,115.28,89.96
77.05,115.24,89.93
76.96,115.27,89.96
76.90,115.29,89.97
76.81,115.32,89.99
76.80,115.33,89.99
76.82,115.32,89.99
77.02,115.25,89.94
76.95,115.28,89.96
76.87,115.30,89.98
76.96,115.27,89.96
77.03,115.25,89.94
77.15,115.21,89.91
77.14,115.21,89.91
77.22,115.19,89.89
77.29,115.17,89.87
77.28,115.17,89.87
77.36,115.15,89.85
77.30,115.17,89.87
77.38,115.14,89.84
77.31,115.17,89.86
77.11,115.22,89.92
77.12,115.22,89.92
77.20,115.20,89.89
77.28,115.17,89.87
77.13,115.22,89.91
77.30,115.17,89.87
77.23,115.19,89.89
77.14,115.22,89.91
77.13,115.22,89.91
77.15,115.21,89.91
77.36,115.15,89.85
77.27,115.18,89.87
77.29,115.17,89.87
77.21,115.19,89.89
77.12,115.22,89.92
77.29,115.17,89.87
77.38,115.15,89.84
77.10,115.23,89.92
77.18,115.20,89.90
77.25,115.18,89.88
77.24,115.18,89.88
77.32,115.16,89.86
77.26,115.18,89.88
77.34,115.15,89.86
77.09,115.23,89.92
77.09,115.23,89.92
77.16,115.21,89.90
77.23,115.19,89.89
77.10,115.23,89.92
77.27,115.18,89.88
77.19,115.20,89.90
77.11,115.22,89.92
77.10,115.23,89.92
77.12,115.22,89.92
77.32,115.16,89.86
77.25,115.18,89.88
77.17,115.21,89.90
77.26,115.18,89.88
77.34,115.16,89.86
77.48,115.12,89.81
77.49,115.12,89.81
77.59,115.09,89.78
77.69,115.07,89.76
77.69,115.07,89.76
77.78,115.05,89.73
77.68,115.07,89.76
77.77,115.05,89.73
77.68,115.07,89.76
77.46,115.13,89.82
77.47,115.12,89.82
77.57,115.10,89.79
77.67,115.07,89.76
77.48,115.12,89.82
77.66,115.08,89.76
77.57,115.10,89.79
77.47,115.12,89.82
77.46,115.13,89.82
77.48,115.12,89.82
77.63,115.08,89.77
77.52,115.11,89.80
77.56,115.10,89.79
77.51,115.11,89.81
77.41,115.14,89.84
77.62,115.09,89.78
77.71,115.06,89.75
77.42,115.13,89.83
77.52,115.11,89.80
77.57,115.10,89.79
77.53,115.11,89.80
77.64,115.08,89.77
77.62,115.08,89.77
77.72,115.06,89.75
77.38,115.15,89.85
77.39,115.14,89.84
77.45,115.13,89.82
77.51,115.11,89.81
77.40,115.14,89.84
77.50,115.12,89.81
77.45,115.13,89.82
77.38,115.14,89.84
77.37,115.15,89.85
77.40,115.14,89.84
77.57,115.10,89.79
77.51,115.11,89.81
77.44,115.13,89.83
77.50,115.11,89.81
77.58,115.09,89.79
78.26,114.93,89.60
78.27,114.93,89.60
78.35,114.91,89.58
78.44,114.89,89.56
78.45,114.89,89.56
78.51,114.87,89.55
78.44,114.89,89.57
78.50,114.87,89.55
78.43,114.89,89.57
78.45,114.88,89.56
78.37,114.90,89.58
78.33,114.91,89.59
78.36,114.91,89.58
78.28,114.93,89.60
78.29,114.92,89.60
78.22,114.94,89.62
78.23,114.94,89.61
78.30,114.92,89.60
78.34,114.91,89.59
78.29,114.93,89.60
78.37,114.91,89.58
78.38,114.90,89.58
78.46,114.88,89.56
77.86,115.03,89.71
78.00,114.99,89.67
77.97,115.00,89.68
78.08,114.98,89.65
78.21,114.94,89.62
78.18,114.95,89.63
77.95,115.01,89.69
77.92,115.01,89.69
77.81,115.04,89.72
78.32,114.92,89.59
78.21,114.94,89.62
78.10,114.97,89.65
78.00,115.00,89.67
78.20,114.95,89.62
78.20,114.95,89.62
78.31,114.92,89.59
77.80,115.04,89.72
77.91,115.02,89.70
77.94,115.01,89.69
78.06,114.98,89.66
78.17,114.95,89.63
77.96,115.00,89.68
77.86,115.03,89.71
78.15,114.96,89.63
78.01,114.99,89.67
77.88,115.02,89.70
78.11,114.97,89.64
78.08,114.97,89.65
77.90,115.02,89.70
77.89,115.02,89.70
77.98,115.00,89.68
78.09,114.97,89.65
77.89,115.02,89.70
78.13,114.96,89.64
78.02,114.99,89.67
78.16,114.96,89.63
77.75,115.05,89.74
77.78,115.05,89.73
77.81,115.04,89.72
77.70,115.07,89.75
77.65,115.08,89.77
77.76,115.05,89.74
77.71,115.06,89.75
77.66,115.08,89.76
77.79,115.04,89.73
77.82,115.04,89.72
77.65,115.08,89.77
77.73,115.06,89.74
77.65,115.08,89.77
78.56,114.86,89.54
78.57,114.85,89.54
78.64,114.84,89.53
78.72,114.81,89.51
78.72,114.81,89.51
78.79,114.80,89.50
78.71,114.82,89.51
78.77,114.80,89.50
78.71,114.82,89.52
78.59,114.85,89.53
78.59,114.85,89.53
78.65,114.83,89.53
78.73,114.81,89.51
78.58,114.85,89.54
78.66,114.83,89.53
78.60,114.85,89.53
78.47,114.88,89.56
78.43,114.89,89.57
78.52,114.87,89.55
78.75,114.80,89.51
78.69,114.82,89.52
78.67,114.82,89.52
78.54,114.86,89.55
78.41,114.89,89.57
78.65,114.83,89.53
78.77,114.80,89.51
78.57,114.85,89.54
78.64,114.83,89.53
78.71,114.82,89.51
78.71,114.82,89.52
78.78,114.80,89.50
78.72,114.81,89.51
78.79,114.79,89.50
78.43,114.89,89.57
78.48,114.88,89.55
78.61,114.84,89.53
78.66,114.83,89.53
78.52,114.87,89.55
78.68,114.82,89.52
78.53,114.86,89.55
78.42,114.89,89.57
78.42,114.89,89.57
78.42,114.89,89.57
78.77,114.80,89.51
78.65,114.83,89.53
78.55,114.86,89.55
78.67,114.83,89.53
78.75,114.80,89.51
78.87,114.77,89.49
78.85,114.77,89.49
78.95,114.74,89.48
79.04,114.72,89.47
79.02,114.72,89.48
79.12,114.70,89.46
79.05,114.72,89.47
79.15,114.69,89.46
79.06,114.71,89.47
78.86,114.77,89.49
78.86,114.77,89.49
78.94,114.75,89.48
79.03,114.72,89.47
78.86,114.77,89.49
79.06,114.71,89.47
78.96,114.74,89.48
78.87,114.77,89.49
78.88,114.77,89.49
78.87,114.77,89.49
79.22,114.66,89.45
79.13,114.69,89.46
79.10,114.70,89.47
78.97,114.74,89.48
78.88,114.76,89.49
79.08,114.71,89.47
79.18,114.68,89.46
78.85,114.78,89.49
78.93,114.75,89.48
78.99,114.73,89.48
78.99,114.73,89.48
79.07,114.71,89.47
79.01,114.73,89.48
79.09,114.70,89.47
78.81,114.79,89.50
78.83,114.78,89.50
78.91,114.76,89.49
78.98,114.74,89.48
78.85,114.78,89.49
79.12,114.69,89.46
79.00,114.73,89.48
78.89,114.76,89.49
78.90,114.76,89.49
78.89,114.76,89.49
79.10,114.70,89.47
79.03,114.72,89.47
78.96,114.74,89.48
79.07,114.71,89.47
79.19,114.67,89.46
79.56,114.56,89.42
79.51,114.57,89.43
79.58,114.55,89.42
79.60,114.55,89.42
79.55,114.56,89.42
79.62,114.54,89.42
79.65,114.53,89.41
79.72,114.51,89.40
79.70,114.52,89.41
79.76,114.50,89.40
79.69,114.52,89.41
79.67,114.53,89.41
79.72,114.51,89.40
79.66,114.53,89.41
79.62,114.54,89.42
79.54,114.56,89.42
79.59,114.55,89.42
79.51,114.58,89.43
79.52,114.57,89.43
79.47,114.59,89.43
79.39,114.61,89.44
79.40,114.61,89.44
79.55,114.56,89.42
79.57,114.56,89.42
79.63,114.54,89.41
79.45,114.59,89.43
79.39,114.61,89.44
79.28,114.65,89.45
79.23,114.66,89.45
79.16,114.68,89.46
79.33,114.63,89.44
79.27,114.65,89.45
79.47,114.59,89.43
79.45,114.59,89.43
79.43,114.60,89.44
79.41,114.60,89.44
79.35,114.63,89.44
79.24,114.66,89.45
79.26,114.65,89.45
79.24,114.66,89.45
79.35,114.62,89.44
79.25,114.65,89.45
79.26,114.65,89.45
79.34,114.63,89.44
79.36,114.62,89.44
79.46,114.59,89.43
79.55,114.56,89.42
79.38,114.62,89.44
79.30,114.64,89.45
79.36,114.62,89.44
79.46,114.59,89.43
79.58,114.55,89.42
79.59,114.55,89.42
79.69,114.52,89.41
79.56,114.56,89.42
79.66,114.53,89.41
79.31,114.64,89.45
79.29,114.64,89.45
79.27,114.65,89.45
79.35,114.62,89.44
79.44,114.60,89.43
79.54,114.57,89.42
79.42,114.60,89.44
79.49,114.58,89.43
79.15,114.69,89.46
79.13,114.69,89.46
79.11,114.70,89.46
79.20,114.67,89.46
79.25,114.65,89.45
79.21,114.67,89.46
79.23,114.66,89.45
79.17,114.68,89.46
79.84,114.48,89.39
79.83,114.48,89.39
79.91,114.46,89.37
79.97,114.44,89.37
79.96,114.45,89.37
80.03,114.43,89.35
79.97,114.44,89.36
80.04,114.43,89.35
79.98,114.44,89.36
79.68,114.52,89.41
79.73,114.51,89.40
79.85,114.48,89.38
79.91,114.46,89.37
79.78,114.50,89.40
79.96,114.45,89.37
79.89,114.47,89.38
79.81,114.49,89.39
79.80,114.49,89.39
79.83,114.48,89.39
80.03,114.43,89.35
79.94,114.45,89.37
79.95,114.45,89.37
79.87,114.47,89.38
79.78,114.49,89.39
79.96,114.45,89.37
80.05,114.42,89.35
79.68,114.53,89.41
79.79,114.49,89.39
79.89,114.47,89.38
79.88,114.47,89.38
79.99,114.44,89.36
79.90,114.46,89.37
80.01,114.43,89.36
79.74,114.51,89.40
79.71,114.51,89.40
79.80,114.49,89.39
79.90,114.46,89.37
79.70,114.52,89.41
79.93,114.46,89.37
79.85,114.48,89.38
79.75,114.50,89.40
79.74,114.51,89.40
79.77,114.50,89.40
80.00,114.44,89.36
79.92,114.46,89.37
79.82,114.48,89.39
79.92,114.46,89.37
80.01,114.43,89.36
80.14,114.41,89.32
80.13,114.41,89.33
80.21,114.39,89.30
80.29,114.38,89.28
80.29,114.38,89.28
80.37,114.36,89.26
80.29,114.38,89.28
80.37,114.36,89.26
80.30,114.37,89.28
80.10,114.41,89.33
80.11,114.41,89.33
80.20,114.39,89.31
80.28,114.38,89.29
80.12,114.41,89.33
80.28,114.38,89.28
80.20,114.39,89.31
80.11,114.41,89.33
80.11,114.41,89.33
80.12,114.41,89.33
80.34,114.36,89.27
80.26,114.38,89.29
80.26,114.38,89.29
80.19,114.40,89.31
80.10,114.41,89.33
80.27,114.38,89.29
80.36,114.36,89.26
80.10,114.42,89.34
80.18,114.40,89.31
80.26,114.38,89.29
80.25,114.38,89.30
80.34,114.37,89.27
80.27,114.38,89.29
80.36,114.36,89.26
80.06,114.42,89.35
80.08,114.42,89.34
80.16,114.40,89.32
80.23,114.39,89.30
80.09,114.42,89.34
80.25,114.38,89.30
80.17,114.40,89.32
80.08,114.42,89.34
80.07,114.42,89.34
80.09,114.42,89.34
80.31,114.37,89.28
80.24,114.39,89.30
80.16,114.40,89.32
80.24,114.38,89.30
80.33,114.37,89.28
80.44,114.35,89.23
80.47,114.35,89.22
80.54,114.34,89.19
80.63,114.33,89.15
80.72,114.33,89.10
80.72,114.33,89.11
80.62,114.33,89.16
80.68,114.33,89.13
80.59,114.34,89.17
80.46,114.35,89.22
80.46,114.35,89.22
80.56,114.34,89.18
80.72,114.33,89.10
80.47,114.35,89.22
80.58,114.34,89.17
80.51,114.35,89.20
80.43,114.36,89.24
80.42,114.36,89.24
80.43,114.35,89.23
80.60,114.34,89.17
80.52,114.34,89.20
80.53,114.34,89.19
80.48,114.35,89.21
80.40,114.36,89.25
80.55,114.34,89.18
80.64,114.33,89.14
80.44,114.35,89.23
80.54,114.34,89.19
80.62,114.33,89.16
80.59,114.34,89.17
80.68,114.33,89.13
80.63,114.33,89.15
80.71,114.33,89.11
80.41,114.36,89.24
80.42,114.36,89.24
80.50,114.35,89.21
80.57,114.34,89.17
80.43,114.36,89.23
80.52,114.34,89.20
80.45,114.35,89.23
80.39,114.36,89.25
80.38,114.36,89.26
80.39,114.36,89.25
80.64,114.33,89.15
80.55,114.34,89.18
80.48,114.35,89.21
80.53,114.34,89.20
80.60,114.34,89.17
81.05,114.33,88.92
81.08,114.34,88.90
81.10,114.34,88.89
81.15,114.34,88.85
81.18,114.35,88.83
81.20,114.35,88.82
81.11,114.34,88.88
81.12,114.34,88.87
81.08,114.34,88.90
81.01,114.33,88.94
80.99,114.33,88.95
80.91,114.33,89.00
80.84,114.33,89.04
80.82,114.33,89.05
80.98,114.33,88.96
80.96,114.33,88.97
80.98,114.33,88.95
80.90,114.33,89.01
80.80,114.33,89.06
80.78,114.33,89.08
80.82,114.33,89.05
81.03,114.33,88.93
81.11,114.34,88.88
81.05,114.34,88.92
81.07,114.34,88.90
81.15,114.34,88.86
81.09,114.34,88.89
81.00,114.33,88.95
80.94,114.33,88.98
80.91,114.33,89.00
80.71,114.33,89.11
80.83,114.33,89.04
80.93,114.33,88.98
80.87,114.33,89.02
80.81,114.33,89.06
80.70,114.33,89.12
80.72,114.33,89.11
80.79,114.33,89.07
80.67,114.33,89.13
80.65,114.33,89.14
81.04,114.33,88.93
81.10,114.34,88.89
81.10,114.34,88.88
81.06,114.34,88.91
81.11,114.34,88.88
81.14,114.34,88.86
81.19,114.35,88.82
81.09,114.34,88.89
81.01,114.33,88.94
81.04,114.33,88.92
81.00,114.33,88.95
80.92,114.33,88.99
81.07,114.34,88.91
81.14,114.34,88.86
80.95,114.33,88.98
80.92,114.33,88.99
80.82,114.33,89.05
80.73,114.33,89.10
80.71,114.33,89.11
80.87,114.33,89.02
80.81,114.33,89.05
80.99,114.33,88.95
80.98,114.33,88.96
80.97,114.33,88.96
80.90,114.33,89.00
80.83,114.33,89.04
80.78,114.33,89.07
80.88,114.33,89.01
80.80,114.33,89.06
80.67,114.33,89.14
80.72,114.33,89.11
80.69,114.33,89.12
81.18,114.35,88.83
81.21,114.35,88.82
81.30,114.36,88.75
81.42,114.37,88.68
81.45,114.38,88.66
81.54,114.39,88.60
81.40,114.37,88.69
81.49,114.38,88.64
81.37,114.37,88.71
81.32,114.36,88.74
81.28,114.36,88.77
81.37,114.37,88.71
81.48,114.38,88.64
81.25,114.35,88.79
81.38,114.37,88.70
81.29,114.36,88.76
81.22,114.35,88.80
81.23,114.35,88.80
81.20,114.35,88.82
81.39,114.37,88.70
81.32,114.36,88.74
81.33,114.36,88.73
81.29,114.36,88.76
81.21,114.35,88.81
81.36,114.37,88.72
81.44,114.37,88.67
81.30,114.36,88.76
81.38,114.37,88.71
81.43,114.37,88.67
81.41,114.37,88.68
81.49,114.38,88.63
81.46,114.38,88.65
81.54,114.39,88.60
81.17,114.35,88.84
81.21,114.35,88.81
81.31,114.36,88.75
81.37,114.37,88.71
81.25,114.35,88.78
81.29,114.36,88.76
81.24,114.35,88.79
81.17,114.35,88.84
81.14,114.34,88.86
81.19,114.35,88.83
81.44,114.38,88.66
81.34,114.36,88.73
81.25,114.35,88.79
81.32,114.36,88.74
81.39,114.37,88.69
81.89,114.43,88.39
81.93,114.43,88.37
81.96,114.43,88.36
82.02,114.44,88.33
82.05,114.44,88.32
82.06,114.44,88.31
81.96,114.43,88.36
81.99,114.43,88.35
81.92,114.43,88.38
81.84,114.42,88.43
81.83,114.42,88.43
81.74,114.41,88.49
81.66,114.40,88.53
81.65,114.40,88.54
81.80,114.42,88.45
81.79,114.42,88.45
81.83,114.42,88.43
81.72,114.41,88.49
81.60,114.39,88.57
81.58,114.39,88.58
81.63,114.40,88.55
81.88,114.42,88.41
81.97,114.43,88.35
81.90,114.43,88.39
81.95,114.43,88.37
82.04,114.44,88.32
81.98,114.43,88.35
81.86,114.42,88.42
81.78,114.41,88.46
81.76,114.41,88.47
81.52,114.38,88.61
81.64,114.40,88.54
81.77,114.41,88.47
81.70,114.41,88.51
81.64,114.40,88.54
81.50,114.38,88.63
81.55,114.39,88.60
81.62,114.40,88.56
81.47,114.38,88.64
81.45,114.38,88.66
81.90,114.43,88.39
81.96,114.43,88.36
81.97,114.43,88.36
81.93,114.43,88.38
81.99,114.43,88.35
82.02,114.44,88.33
82.07,114.44,88.31
81.98,114.43,88.35
81.88,114.43,88.40
81.91,114.43,88.38
81.86,114.42,88.42
81.76,114.41,88.47
81.95,114.43,88.37
82.04,114.44,88.32
81.83,114.42,88.43
81.77,114.41,88.46
81.65,114.40,88.53
81.60,114.39,88.57
81.53,114.39,88.61
81.71,114.41,88.50
81.65,114.40,88.54
81.85,114.42,88.42
81.84,114.42,88.43
81.81,114.42,88.44
81.74,114.41,88.48
81.67,114.40,88.52
81.61,114.39,88.56
81.73,114.41,88.49
81.63,114.40,88.55
81.48,114.38,88.64
81.56,114.39,88.59
81.50,114.38,88.62
82.32,114.45,88.22
82.31,114.45,88.22
82.18,114.44,88.27
82.30,114.45,88.22
82.31,114.45,88.22
82.43,114.45,88.18
82.30,114.45,88.23
82.42,114.45,88.18
82.29,114.45,88.23
82.20,114.44,88.26
82.14,114.44,88.28
82.23,114.45,88.25
82.31,114.45,88.22
82.10,114.44,88.30
82.31,114.45,88.22
82.21,114.45,88.26
82.13,114.44,88.29
82.16,114.44,88.28
82.09,114.44,88.30
82.40,114.45,88.19
82.31,114.45,88.22
82.31,114.45,88.22
82.25,114.45,88.24
82.17,114.44,88.28
82.31,114.45,88.22
82.33,114.45,88.22
82.20,114.44,88.26
82.27,114.45,88.23
82.31,114.45,88.22
82.31,114.45,88.22
82.44,114.45,88.17
82.31,114.45,88.22
82.44,114.45,88.17
82.31,114.45,88.22
82.11,114.44,88.30
82.23,114.45,88.25
82.31,114.45,88.22
82.15,114.44,88.28
82.29,114.45,88.23
82.22,114.45,88.25
82.10,114.44,88.30
82.31,114.45,88.22
82.13,114.44,88.29
82.43,114.45,88.18
82.31,114.45,88.22
82.19,114.44,88.27
82.30,114.45,88.23
82.42,114.45,88.18
82.48,114.45,88.16
82.53,114.45,88.15
82.64,114.44,88.13
82.75,114.44,88.10
82.76,114.44,88.10
82.87,114.44,88.08
82.74,114.44,88.11
82.84,114.44,88.08
82.70,114.44,88.11
82.54,114.45,88.15
82.54,114.45,88.15
82.65,114.44,88.13
82.76,114.44,88.10
82.54,114.45,88.15
82.73,114.44,88.11
82.62,114.45,88.13
82.52,114.45,88.16
82.53,114.45,88.15
82.51,114.45,88.16
82.87,114.44,88.08
82.76,114.44,88.10
82.76,114.44,88.10
82.64,114.44,88.13
82.54,114.45,88.15
82.75,114.44,88.10
82.86,114.44,88.08
82.55,114.45,88.15
82.65,114.45,88.13
82.76,114.44,88.10
82.77,114.44,88.10
82.88,114.44,88.08
82.76,114.44,88.10
82.87,114.44,88.08
82.57,114.45,88.14
82.55,114.45,88.15
82.66,114.44,88.12
82.79,114.44,88.09
82.55,114.45,88.15
82.76,114.44,88.10
82.65,114.44,88.13
82.54,114.45,88.15
82.54,114.45,88.15
82.54,114.45,88.15
82.88,114.44,88.08
82.77,114.44,88.10
82.66,114.45,88.12
82.76,114.44,88.10
82.87,114.44,88.08
82.95,114.43,88.07
82.93,114.43,88.07
83.07,114.42,88.06
83.18,114.41,88.05
83.16,114.41,88.05
83.33,114.39,88.04
83.20,114.40,88.05
83.33,114.39,88.04
83.20,114.40,88.05
82.98,114.43,88.07
82.98,114.43,88.07
83.09,114.42,88.06
83.21,114.40,88.05
82.97,114.43,88.07
83.21,114.40,88.05
83.09,114.41,88.06
82.98,114.43,88.07
82.98,114.43,88.07
82.98,114.43,88.07
83.33,114.39,88.04
83.21,114.40,88.05
83.21,114.40,88.05
83.10,114.41,88.06
82.98,114.43,88.07
83.21,114.40,88.05
83.33,114.39,88.04
82.98,114.43,88.07
83.10,114.41,88.06
83.21,114.40,88.05
83.21,114.40,88.05
83.33,114.39,88.04
83.21,114.40,88.05
83.33,114.39,88.04
83.00,114.42,88.07
82.99,114.43,88.07
83.10,114.41,88.06
83.22,114.40,88.05
82.99,114.43,88.07
83.24,114.40,88.04
83.10,114.41,88.06
82.99,114.43,88.07
83.01,114.42,88.06
82.99,114.43,88.07
83.33,114.39,88.04
83.22,114.40,88.05
83.10,114.41,88.06
83.23,114.40,88.05
83.33,114.39,88.04
83.44,114.37,88.04
83.43,114.37,88.04
83.55,114.36,88.04
83.65,114.34,88.05
83.63,114.34,88.04
83.76,114.32,88.05
83.66,114.34,88.05
83.77,114.32,88.05
83.66,114.34,88.05
83.38,114.38,88.04
83.41,114.38,88.04
83.52,114.36,88.04
83.60,114.35,88.04
83.42,114.38,88.04
83.66,114.34,88.05
83.55,114.36,88.04
83.44,114.37,88.04
83.44,114.37,88.04
83.44,114.37,88.04
83.78,114.32,88.05
83.69,114.33,88.05
83.67,114.34,88.05
83.55,114.36,88.04
83.47,114.37,88.04
83.66,114.34,88.05
83.77,114.32,88.05
83.43,114.37,88.04
83.54,114.36,88.04
83.66,114.34,88.05
83.66,114.34,88.05
83.77,114.32,88.05
83.65,114.34,88.04
83.74,114.33,88.05
83.44,114.37,88.04
83.44,114.37,88.04
83.55,114.36,88.04
83.66,114.34,88.05
83.44,114.37,88.04
83.67,114.34,88.05
83.55,114.36,88.04
83.44,114.37,88.04
83.44,114.37,88.04
83.45,114.37,88.04
83.77,114.32,88.05
83.66,114.34,88.05
83.55,114.36,88.04
83.66,114.34,88.05
83.78,114.32,88.05
83.87,114.30,88.06
83.88,114.30,88.06
83.97,114.28,88.07
84.08,114.26,88.08
84.09,114.26,88.08
84.19,114.24,88.09
84.07,114.26,88.08
84.17,114.24,88.09
84.06,114.26,88.08
83.87,114.30,88.06
83.88,114.30,88.06
83.99,114.28,88.07
84.09,114.26,88.08
83.88,114.30,88.06
84.06,114.26,88.08
83.96,114.28,88.07
83.87,114.30,88.06
83.87,114.30,88.06
83.87,114.30,88.06
84.19,114.24,88.09
84.11,114.25,88.08
84.08,114.26,88.08
83.98,114.28,88.07
83.92,114.29,88.06
84.07,114.26,88.08
84.17,114.24,88.09
83.82,114.31,88.05
83.97,114.28,88.07
84.07,114.26,88.08
84.06,114.26,88.08
84.16,114.24,88.09
84.08,114.26,88.08
84.18,114.24,88.09
83.87,114.30,88.06
83.87,114.30,88.06
83.96,114.28,88.07
84.06,114.26,88.08
83.84,114.31,88.06
84.10,114.25,88.08
84.00,114.27,88.07
83.89,114.30,88.06
83.88,114.30,88.06
83.90,114.30,88.06
84.16,114.24,88.09
84.07,114.26,88.08
83.97,114.28,88.07
84.08,114.26,88.08
84.19,114.24,88.09
84.44,114.18,88.14
84.40,114.19,88.13
84.45,114.18,88.14
84.46,114.17,88.14
84.43,114.18,88.13
84.46,114.17,88.14
84.48,114.17,88.14
84.52,114.16,88.15
84.51,114.16,88.15
84.54,114.15,88.16
84.50,114.16,88.15
84.49,114.17,88.15
84.51,114.16,88.15
84.48,114.17,88.14
84.46,114.17,88.14
84.42,114.18,88.13
84.22,114.23,88.10
84.22,114.23,88.10
84.28,114.21,88.11
84.36,114.20,88.12
84.37,114.19,88.12
84.35,114.20,88.12
84.34,114.20,88.12
84.23,114.23,88.10
84.25,114.22,88.10
84.25,114.22,88.11
84.30,114.21,88.11
84.38,114.19,88.13
84.26,114.22,88.11
84.33,114.20,88.12
84.41,114.19,88.13
84.43,114.18,88.13
84.48,114.17,88.14
84.38,114.19,88.13
84.45,114.18,88.14
84.35,114.20,88.12
84.29,114.21,88.11
84.24,114.22,88.10
84.25,114.22,88.10
84.23,114.23,88.10
84.37,114.19,88.12
84.40,114.19,88.13
84.43,114.18,88.13
84.33,114.20,88.12
84.27,114.22,88.11
84.49,114.17,88.15
84.41,114.18,88.13
84.39,114.19,88.13
84.45,114.18,88.14
84.38,114.19,88.13
84.33,114.20,88.12
84.26,114.22,88.11
84.25,114.22,88.10
84.32,114.21,88.12
84.37,114.19,88.13
84.35,114.20,88.12
84.42,114.18,88.13
84.40,114.19,88.13
84.48,114.17,88.14
84.21,114.23,88.10
84.23,114.23,88.10
84.29,114.21,88.11
84.34,114.20,88.12
84.24,114.23,88.10
84.36,114.20,88.12
84.30,114.21,88.11
84.23,114.23,88.10
84.22,114.23,88.10
84.24,114.22,88.10
84.41,114.19,88.13
84.34,114.20,88.12
84.28,114.22,88.11
84.36,114.20,88.12
84.42,114.18,88.13
84.57,114.15,88.16
84.56,114.15,88.16
84.58,114.14,88.17
84.60,114.14,88.17
84.59,114.14,88.17
84.61,114.14,88.17
84.60,114.14,88.17
84.62,114.13,88.17
84.60,114.14,88.17
84.47,114.17,88.14
84.51,114.16,88.15
84.55,114.15,88.16
84.56,114.15,88.16
84.53,114.15,88.16
84.59,114.14,88.17
84.57,114.14,88.16
84.54,114.15,88.16
84.53,114.15,88.16
84.55,114.15,88.16
84.61,114.14,88.17
84.58,114.14,88.16
84.58,114.14,88.17
84.56,114.15,88.16
84.53,114.16,88.15
84.59,114.14,88.17
84.62,114.13,88.17
84.60,114.14,88.17
84.59,114.14,88.17
84.57,114.15,88.16
84.54,114.15,88.16
84.53,114.16,88.15
84.51,114.16,88.15
84.55,114.15,88.16
84.54,114.15,88.16
84.57,114.15,88.16
84.61,114.13,88.17
84.59,114.14,88.17
84.58,114.14,88.17
84.61,114.14,88.17
84.58,114.14,88.16
84.56,114.15,88.16
84.53,114.16,88.15
84.53,114.15,88.16
84.49,114.16,88.15
84.51,114.16,88.15
84.56,114.15,88.16
84.58,114.14,88.16
84.59,114.14,88.17
84.59,114.14,88.17
84.61,114.14,88.17
84.60,114.14,88.17
84.62,114.13,88.17
84.52,114.16,88.15
84.53,114.15,88.16
84.50,114.16,88.15
84.46,114.17,88.14
84.48,114.17,88.14
84.54,114.15,88.16
84.56,114.15,88.16
84.49,114.16,88.15
84.51,114.16,88.15
84.54,114.15,88.16
84.49,114.17,88.15
84.46,114.17,88.14
84.44,114.18,88.14
84.50,114.16,88.15
84.51,114.16,88.15
84.45,114.17,88.14
84.48,114.17,88.14
84.44,114.18,88.14
84.63,114.13,88.18
84.62,114.13,88.18
84.62,114.13,88.17
84.61,114.13,88.17
84.63,114.13,88.18
84.64,114.13,88.18
84.64,114.13,88.18
84.62,114.13,88.18
84.63,114.13,88.18
84.64,114.13,88.18
84.62,114.13,88.17
84.61,114.13,88.17
84.62,114.13,88.17
84.62,114.13,88.18
84.63,114.13,88.18
84.63,114.13,88.18
84.65,114.12,88.18
84.62,114.13,88.17
84.63,114.13,88.18
84.62,114.13,88.18
