91.19,101.68,73.30
91.32,101.79,72.77
91.37,101.47,73.02
91.33,101.38,73.56
91.13,101.67,73.93
91.31,101.38,74.18
91.13,101.68,74.55
91.31,101.38,74.80
91.11,101.68,75.16
91.32,101.38,75.45
91.11,101.69,75.81
91.43,101.38,76.23
91.18,101.74,76.43
91.42,101.55,76.68
91.14,102.10,73.13
91.32,102.22,72.69
91.04,102.08,73.74
91.03,102.09,74.37
91.04,102.09,75.00
91.02,102.09,75.62
91.04,102.10,76.27
91.31,101.80,76.87
91.17,102.10,76.86
91.35,102.02,77.20
91.20,102.45,73.03
91.34,102.51,72.78
91.13,102.49,73.56
91.12,102.50,74.20
91.14,102.49,74.82
91.13,102.50,75.44
91.13,102.51,76.09
91.18,102.49,76.73
91.31,102.39,77.25
91.39,102.74,73.13
91.30,102.80,73.94
91.31,102.80,74.58
91.32,102.80,75.19
91.32,102.80,75.81
91.33,102.80,76.45
91.36,102.72,77.01
91.57,100.91,71.31
91.71,100.86,70.78
91.76,100.64,71.13
91.74,100.56,71.69
91.55,100.86,72.01
91.72,100.56,72.31
91.55,100.87,72.65
91.72,100.56,72.93
91.56,100.86,73.28
91.79,100.56,73.66
91.57,100.87,73.92
91.82,100.65,74.33
91.61,100.92,74.52
91.83,100.75,74.76
91.62,101.21,70.76
91.78,101.33,70.35
91.77,101.05,70.42
91.46,101.33,71.33
91.45,101.26,71.87
91.47,101.18,72.40
91.45,101.21,73.04
91.44,101.15,73.73
91.45,101.15,74.36
91.71,100.93,74.97
91.52,101.14,75.04
91.80,100.98,75.57
91.55,101.18,75.79
91.84,101.05,76.23
91.62,101.19,76.25
91.80,101.17,76.61
91.70,101.54,70.62
91.54,101.69,71.17
91.72,101.86,70.78
91.45,101.68,71.85
91.44,101.53,72.48
91.68,101.36,76.84
91.52,101.68,77.15
91.77,101.42,77.33
91.62,101.73,77.67
91.78,101.55,77.78
91.62,102.05,71.19
91.75,102.11,70.93
91.55,102.13,71.78
91.44,101.99,72.34
91.45,102.13,77.61
91.72,101.79,78.09
91.59,102.10,78.23
91.76,101.97,78.48
91.81,102.34,71.27
91.72,102.45,71.91
91.54,102.46,72.41
91.76,102.59,72.16
91.44,102.65,77.52
91.47,102.45,78.07
91.72,102.23,78.76
91.63,102.55,78.64
91.77,102.44,79.03
91.76,102.79,72.45
91.61,102.97,73.05
91.84,103.03,72.70
91.51,103.04,73.69
91.43,103.03,74.40
91.44,103.03,75.02
91.45,103.03,75.63
91.45,102.99,76.17
91.52,103.00,76.82
91.58,102.99,77.43
91.58,102.87,78.06
91.71,102.90,78.60
91.76,102.72,78.96
91.82,103.14,73.14
91.77,103.26,73.65
91.60,103.28,74.22
91.83,103.43,73.95
91.55,103.32,74.83
91.56,103.33,75.46
91.60,103.28,76.15
91.73,103.32,76.66
91.75,103.23,77.09
91.76,103.19,77.66
91.76,103.12,78.23
91.87,103.57,74.46
91.75,103.57,75.12
91.87,103.63,75.75
91.90,103.54,76.43
92.01,100.44,70.14
92.17,100.49,69.64
92.15,100.21,69.98
92.14,100.15,70.42
91.98,100.37,70.69
92.13,100.14,71.07
91.93,100.40,71.29
92.20,100.14,71.80
91.94,100.34,72.02
92.24,100.16,72.50
91.94,100.33,72.64
92.26,100.14,73.13
91.96,100.34,73.27
92.27,100.19,73.74
92.04,100.37,73.82
92.26,100.30,74.18
91.99,100.78,69.90
92.13,100.97,69.53
91.86,100.72,70.53
92.07,100.45,74.27
92.16,100.54,74.95
91.94,100.78,75.22
92.25,100.63,75.62
92.04,100.81,75.70
92.26,100.73,76.04
91.94,101.20,70.03
92.14,101.41,69.56
92.09,100.89,76.14
92.12,100.96,76.72
91.95,101.17,77.08
92.16,100.97,77.33
91.95,101.27,77.67
92.25,100.98,78.08
92.01,101.33,78.25
92.22,101.15,78.51
92.03,101.68,69.99
92.17,101.71,69.65
91.85,101.63,70.36
91.85,101.66,78.24
92.11,101.33,78.71
91.95,101.65,78.84
92.24,101.39,79.33
92.04,101.73,79.43
92.25,101.62,79.76
92.23,101.97,69.87
91.95,102.05,70.53
92.18,102.17,70.26
91.84,102.09,78.90
91.95,102.09,79.46
92.15,101.92,79.84
92.17,102.38,70.59
92.03,102.56,71.17
92.25,102.62,70.84
91.92,102.63,71.76
91.86,102.55,79.28
92.12,102.21,79.97
92.03,102.54,79.86
92.18,102.43,80.23
92.24,102.74,71.27
92.15,102.85,71.84
92.02,102.97,72.32
92.25,103.02,72.04
91.85,103.04,78.84
91.98,102.93,79.52
92.13,102.90,79.92
92.18,102.69,80.18
92.23,103.17,72.57
92.11,103.28,73.17
92.02,103.39,73.57
92.36,103.43,73.35
91.91,103.44,76.85
91.96,103.42,77.33
91.94,103.36,78.06
91.98,103.39,78.66
92.02,103.32,79.23
92.24,103.32,79.80
92.20,103.58,73.89
92.20,103.70,74.36
92.11,103.73,74.93
92.08,103.80,75.52
92.25,103.87,75.18
92.11,103.80,75.94
92.13,103.72,76.33
92.13,103.63,76.93
92.16,103.61,77.63
92.14,103.61,78.28
92.14,103.62,78.92
92.24,103.60,79.43
92.33,103.96,75.70
92.37,100.03,69.99
92.55,100.03,69.56
92.74,99.77,69.93
92.68,99.73,70.63
92.35,99.92,70.77
92.66,99.72,71.27
92.36,99.93,71.42
92.66,99.79,71.88
92.43,99.97,71.97
92.66,99.92,72.34
92.39,100.39,69.31
92.54,100.46,68.92
92.58,100.21,69.20
92.56,100.05,72.52
92.66,100.07,73.14
92.66,100.07,73.78
92.56,100.16,74.32
92.36,100.34,74.65
92.67,100.26,74.89
92.46,100.38,75.12
92.73,100.37,75.25
92.41,100.81,68.86
92.59,100.95,68.43
92.67,100.62,68.52
92.26,100.78,69.25
92.66,100.46,75.57
92.62,100.56,76.25
92.36,100.74,76.48
92.69,100.56,76.91
92.38,100.74,77.03
92.68,100.56,77.53
92.37,100.74,77.66
92.66,100.61,78.14
92.41,100.75,78.11
92.60,100.76,78.52
92.39,101.28,68.71
92.67,101.30,68.31
92.26,101.18,69.17
92.56,100.96,78.82
92.34,101.17,78.97
92.65,101.03,79.36
92.43,101.18,79.35
92.60,101.17,79.72
92.48,101.62,68.61
92.78,101.68,68.39
92.33,101.68,69.21
92.49,101.42,79.94
92.40,101.76,80.19
92.61,101.55,80.32
92.61,101.88,68.81
92.58,102.04,69.36
92.39,102.19,69.96
92.61,102.18,69.64
92.26,102.14,80.26
92.56,101.79,80.57
92.42,102.10,80.73
92.59,101.96,80.95
92.59,102.37,69.94
92.42,102.56,70.46
92.66,102.62,70.19
92.28,102.57,80.60
92.55,102.21,81.25
92.43,102.51,81.25
92.58,102.44,81.61
92.63,102.77,70.70
92.53,102.87,71.30
92.43,102.97,71.68
92.77,103.02,71.47
92.25,103.00,80.22
92.28,102.93,80.62
92.41,102.95,81.10
92.55,102.79,81.64
92.62,103.17,72.02
92.71,103.29,72.57
92.54,103.31,72.95
92.78,103.43,73.28
92.34,103.32,80.13
92.41,103.28,80.56
92.66,103.41,81.10
92.59,103.14,81.45
92.66,103.59,73.72
92.51,103.72,74.32
92.43,103.83,74.79
92.79,103.84,74.59
92.30,103.87,76.22
92.36,103.84,76.70
92.37,103.83,77.31
92.36,103.83,77.94
92.35,103.84,78.58
92.40,103.84,79.21
92.48,103.74,79.73
92.53,103.60,80.19
92.67,103.61,80.68
92.62,104.00,75.12
92.72,104.11,75.71
92.62,104.05,76.32
92.67,104.03,77.03
92.67,104.02,77.65
92.65,104.02,78.26
92.66,104.02,78.91
92.71,103.98,79.55
92.85,100.03,68.77
92.96,100.06,68.31
92.99,99.83,68.64
92.93,99.73,69.30
92.71,99.98,69.29
93.06,99.63,70.03
93.07,99.64,70.63
93.08,99.63,71.26
93.00,99.66,71.79
93.02,99.82,72.39
92.86,99.98,72.71
93.08,99.96,72.82
92.89,100.41,68.26
93.04,100.53,67.89
93.02,100.26,67.96
92.69,100.28,68.81
93.10,100.12,73.06
93.07,100.15,73.78
92.97,100.18,74.46
92.94,100.31,75.00
93.20,100.36,74.73
93.02,100.69,68.03
92.91,100.91,68.17
93.12,100.45,75.20
93.07,100.47,75.66
93.10,100.55,76.18
93.05,100.57,76.87
93.06,100.56,77.50
93.05,100.58,78.15
92.96,100.67,78.68
92.86,100.79,78.95
93.14,100.80,79.00
92.96,101.40,68.17
93.07,100.89,79.33
93.02,100.96,79.98
92.76,101.25,80.25
93.08,101.01,80.60
92.85,101.31,80.77
93.06,101.13,81.00
93.02,101.77,68.34
92.69,101.65,80.74
92.95,101.37,81.17
92.82,101.68,81.31
93.00,101.56,81.53
92.90,102.00,68.77
92.82,102.18,69.33
93.02,102.17,69.00
92.68,102.09,81.41
92.95,101.80,81.81
92.83,102.11,81.99
93.01,101.98,82.20
93.00,102.38,69.31
92.83,102.56,69.83
93.07,102.63,69.57
92.69,102.56,81.98
92.97,102.22,82.50
92.85,102.51,82.53
93.01,102.44,82.85
93.06,102.79,70.10
93.11,102.88,70.70
92.95,102.90,71.07
93.19,103.02,71.41
92.68,103.04,81.82
92.83,102.97,82.38
92.98,102.79,82.91
93.08,103.19,71.86
93.08,103.29,72.46
93.04,103.31,73.03
93.13,103.38,73.43
92.74,103.34,81.48
92.85,103.33,81.87
92.96,103.31,82.31
93.00,103.13,82.71
93.00,103.52,73.65
93.10,103.62,74.24
93.15,103.80,74.65
92.72,103.87,80.01
92.84,103.84,80.47
92.92,103.75,80.96
92.95,103.61,81.44
93.02,103.53,81.95
93.00,103.96,74.90
93.04,104.04,75.42
93.10,104.06,76.15
93.06,104.11,76.85
93.07,104.13,77.50
93.05,104.12,78.11
92.97,104.12,78.65
93.11,104.13,79.36
93.05,104.03,80.09
93.13,103.97,80.78
93.25,99.31,68.20
93.34,99.21,67.70
93.56,98.99,68.06
93.47,99.10,68.55
93.22,99.64,67.00
93.38,99.67,66.51
93.38,99.40,66.85
93.36,99.31,67.24
93.16,99.57,67.62
93.10,99.61,68.11
93.43,99.26,68.84
93.15,99.55,68.74
93.46,99.35,69.39
93.17,99.52,69.57
93.42,99.43,69.92
93.27,99.55,70.12
93.60,99.53,70.37
93.17,100.04,66.86
93.36,100.15,66.38
93.10,99.95,67.37
93.06,99.92,68.03
93.45,99.64,70.65
93.43,99.65,71.19
93.45,99.75,71.91
93.33,99.95,72.60
93.57,99.95,72.31
93.18,100.46,66.87
93.47,100.59,66.39
93.09,100.38,67.53
93.55,100.16,72.58
93.41,100.35,73.12
93.54,100.39,72.88
93.36,100.36,73.61
93.33,100.35,74.23
93.24,100.86,66.89
93.52,100.97,66.53
93.11,100.85,67.48
93.08,100.80,67.89
93.61,100.54,73.18
93.57,100.57,73.91
93.50,100.56,74.60
93.54,100.62,75.14
93.40,100.61,75.71
93.41,100.74,76.26
93.59,100.86,76.05
93.35,100.75,76.73
93.35,100.74,77.34
93.36,100.73,77.98
93.30,100.75,78.60
93.36,101.14,66.88
93.17,101.26,67.44
93.47,101.45,67.04
93.08,101.17,67.95
93.57,100.96,76.48
93.60,100.97,77.03
93.59,100.89,77.67
93.58,100.86,78.31
93.48,100.86,78.96
93.54,100.88,79.48
93.47,100.87,79.99
93.47,100.87,80.61
93.43,100.95,81.21
93.16,101.26,81.48
93.48,101.03,81.84
93.24,101.32,82.00
93.46,101.14,82.25
93.24,101.69,67.53
93.51,101.74,67.23
93.11,101.65,68.04
93.09,101.66,81.98
93.34,101.32,82.45
93.18,101.64,82.56
93.47,101.39,83.07
93.24,101.73,83.25
93.46,101.57,83.51
93.41,101.96,67.52
93.25,102.04,67.96
93.55,102.19,67.76
93.15,102.12,68.57
93.07,102.09,82.63
93.10,102.08,83.16
93.36,101.79,83.70
93.21,102.10,83.82
93.40,101.97,84.07
93.41,102.30,68.23
93.39,102.45,68.71
93.25,102.58,69.20
93.49,102.64,68.91
93.07,102.54,83.21
93.10,102.51,83.80
93.36,102.23,84.36
93.25,102.53,84.39
93.41,102.44,84.71
93.31,102.55,85.68
93.36,102.61,85.29
93.40,102.33,85.54
93.39,102.43,85.91
93.48,102.78,69.43
93.55,102.89,70.08
93.49,102.89,70.61
93.45,102.90,71.16
93.56,102.98,71.56
93.08,103.05,83.16
93.10,102.87,83.70
93.23,102.96,84.26
93.39,102.79,84.76
93.32,102.81,85.56
93.40,102.96,85.33
93.46,102.89,86.03
93.42,103.13,71.78
93.47,103.20,72.32
93.48,103.21,72.95
93.31,103.40,73.89
93.47,103.22,73.57
93.40,103.41,74.26
93.63,103.20,74.29
93.54,103.41,74.62
93.09,103.42,82.51
93.21,103.45,83.04
93.22,103.27,83.69
93.36,103.32,84.20
93.41,103.14,84.58
93.47,103.11,85.68
93.31,103.84,75.12
93.44,103.62,74.84
93.37,103.85,75.76
93.57,103.62,75.47
93.41,103.86,76.26
93.64,103.61,76.16
93.59,103.79,76.56
93.14,103.86,81.24
93.17,103.77,81.82
93.26,103.73,82.49
93.48,103.81,82.96
93.40,103.61,83.35
93.41,103.53,83.84
93.41,103.99,76.72
93.51,104.05,77.41
93.49,104.13,78.10
93.41,104.15,78.81
93.36,104.20,79.27
93.55,104.19,79.20
93.42,104.20,79.55
93.50,104.13,79.84
93.43,104.11,80.54
93.35,104.05,81.31
93.38,104.02,82.04
93.48,104.00,82.56
93.49,104.23,79.38
93.59,99.21,66.85
93.79,99.20,66.40
93.95,98.97,66.69
93.90,98.87,67.45
93.53,99.07,67.48
93.92,98.85,68.25
93.78,98.97,68.67
93.66,99.13,68.94
94.01,99.11,69.15
93.65,99.51,66.23
93.89,99.64,65.86
93.90,99.34,66.06
93.78,99.23,69.33
93.81,99.38,69.94
93.89,99.53,70.36
93.59,99.91,66.07
93.90,100.05,65.82
93.96,99.72,70.63
93.80,99.78,71.33
93.77,99.95,71.97
93.97,99.95,71.62
93.64,100.32,66.07
93.98,100.50,65.88
93.97,100.16,71.93
93.73,100.38,72.57
93.99,100.45,72.28
93.76,100.65,66.13
93.77,100.91,66.27
93.87,100.62,72.70
93.82,100.75,73.09
93.99,100.87,72.89
93.77,100.77,73.57
93.78,100.83,74.30
93.76,100.85,74.98
93.71,100.87,75.58
93.60,101.25,66.69
93.78,101.19,66.45
93.98,100.97,73.32
93.97,100.98,73.90
93.95,101.06,74.43
94.01,101.28,74.78
93.88,101.11,74.88
93.86,101.16,75.45
93.78,101.14,76.10
93.77,101.19,76.65
93.97,101.24,77.11
93.88,101.04,77.49
93.95,100.97,78.13
93.91,100.89,78.77
93.89,100.88,79.40
93.89,100.88,80.00
93.89,100.86,80.62
93.88,100.85,81.24
93.88,100.87,81.86
93.84,100.96,82.48
93.58,101.16,82.72
93.89,101.03,83.11
93.66,101.18,83.10
93.83,101.17,83.47
93.85,101.48,66.66
93.75,101.68,67.00
94.00,101.39,75.24
93.98,101.41,75.83
93.96,101.41,76.41
94.00,101.41,76.79
93.72,101.38,83.71
93.57,101.69,84.00
93.90,101.40,84.35
93.67,101.74,84.52
93.89,101.57,84.77
93.71,101.76,86.86
93.84,101.68,86.48
93.95,101.52,86.78
93.89,101.56,87.21
93.79,101.97,67.25
93.87,102.23,67.58
93.50,102.08,84.51
93.78,101.75,84.96
93.61,101.99,85.00
93.87,101.80,85.55
93.56,102.12,85.73
93.88,101.79,86.11
93.60,102.04,86.43
93.62,102.13,86.96
93.76,101.95,87.30
93.85,102.43,68.13
93.67,102.57,68.53
93.95,102.57,68.48
93.48,102.41,85.06
93.48,102.55,86.31
93.60,102.50,86.86
93.76,102.38,87.31
93.78,102.69,68.81
93.93,102.75,69.23
93.89,102.80,69.81
93.88,102.81,70.46
93.88,102.79,71.07
93.74,103.02,72.04
93.90,102.81,71.67
93.79,103.03,72.69
94.01,102.80,72.33
93.78,103.02,73.34
94.01,102.79,72.98
93.78,103.00,73.94
93.99,102.79,73.62
93.82,102.98,74.31
93.99,102.80,74.18
93.95,102.95,74.57
93.48,102.99,84.97
93.55,102.93,86.38
93.65,102.91,86.72
93.78,102.81,87.23
93.73,103.41,75.19
93.85,103.20,74.89
93.79,103.41,75.80
93.99,103.19,75.49
93.81,103.39,76.17
93.99,103.21,76.05
93.93,103.36,76.44
93.50,103.42,84.37
93.62,103.44,84.89
93.62,103.31,85.43
93.84,103.39,86.04
93.77,103.20,86.45
93.83,103.12,86.96
93.71,103.83,77.05
93.83,103.60,76.76
93.83,103.87,77.54
94.04,103.61,77.41
94.02,103.80,77.82
93.56,103.80,83.23
93.58,103.75,83.69
93.67,103.73,84.36
93.88,103.81,84.85
93.82,103.62,85.24
93.91,103.60,85.69
93.89,104.00,78.07
93.91,104.11,78.74
93.61,104.19,79.48
93.85,104.14,79.41
93.85,104.12,80.13
93.68,104.20,80.51
93.94,104.19,80.38
93.59,104.25,81.04
93.58,104.27,81.70
93.64,104.24,82.33
93.72,104.14,82.84
93.75,104.01,83.29
93.80,104.02,83.90
93.88,104.00,84.43
93.88,104.32,80.75
93.88,104.44,81.39
93.90,104.46,82.04
93.95,104.40,82.65
94.14,98.73,67.60
94.17,98.73,67.17
94.39,98.58,67.43
94.31,98.67,67.92
94.02,99.10,66.24
94.19,99.26,65.87
94.19,98.94,66.33
94.18,98.81,66.77
94.21,98.81,68.16
94.18,98.93,68.76
94.43,99.12,69.20
94.17,99.75,65.66
94.21,99.31,69.59
94.13,99.54,70.11
94.48,99.64,69.85
94.18,100.17,65.67
94.29,99.79,70.22
94.25,99.93,70.58
94.37,99.97,70.33
94.14,99.96,71.17
94.24,100.53,65.68
94.44,100.12,70.65
94.30,100.22,71.39
94.19,100.45,71.92
94.39,100.54,71.60
93.97,100.86,66.06
94.27,100.95,65.78
94.28,100.79,72.03
94.42,100.85,71.77
94.13,100.79,72.46
94.03,101.22,66.19
94.36,101.39,65.89
94.36,101.05,72.08
94.38,101.38,72.23
94.27,101.21,72.50
94.18,101.21,73.08
94.18,101.27,73.74
94.12,101.28,74.34
94.11,101.19,77.48
94.19,101.16,77.87
94.31,101.14,78.34
94.30,101.03,78.79
94.29,100.98,79.38
94.28,100.97,79.99
94.34,100.96,80.64
94.31,100.88,81.26
94.31,100.86,81.88
94.30,100.86,82.50
94.29,100.88,83.12
94.25,100.96,83.75
94.00,101.17,83.99
94.32,101.02,84.37
94.08,101.18,84.35
94.25,101.17,84.72
94.08,101.33,87.57
94.23,101.19,87.13
94.40,101.02,87.44
94.29,101.13,87.96
94.17,101.58,66.30
94.03,101.77,66.77
94.30,101.81,66.42
94.29,101.72,72.56
94.37,101.73,72.18
94.28,101.66,73.12
94.28,101.67,73.73
94.27,101.66,74.35
94.19,101.63,74.98
94.17,101.70,75.65
94.16,101.70,76.25
94.18,101.69,76.73
94.25,101.58,77.09
94.33,101.40,77.57
94.44,101.33,78.13
94.13,101.38,84.95
94.00,101.61,85.23
94.23,101.46,85.48
94.12,101.66,85.70
94.27,101.58,85.92
94.13,101.59,86.43
94.16,101.39,86.88
93.89,101.77,87.67
94.17,101.37,88.16
94.04,101.69,88.15
94.34,101.57,88.54
94.25,101.99,66.84
94.07,102.15,67.26
94.41,102.18,67.11
94.29,102.14,72.07
94.42,101.95,71.86
94.37,102.21,71.58
94.26,102.15,72.63
94.27,102.09,73.15
94.28,102.09,73.76
94.30,102.09,74.38
94.30,102.09,75.00
94.27,102.09,75.62
94.26,102.03,76.13
94.29,102.09,76.60
94.39,101.93,77.02
94.16,101.70,86.06
93.87,102.20,87.69
93.99,102.10,88.16
94.28,101.99,88.59
94.26,102.36,67.63
94.36,102.49,68.20
94.13,102.61,68.90
94.31,102.51,68.66
94.18,102.62,69.52
94.41,102.49,69.35
94.18,102.62,70.17
94.37,102.49,69.90
94.19,102.60,70.80
94.44,102.41,70.48
94.20,102.50,71.45
94.40,102.34,71.10
94.16,102.55,71.98
94.19,102.49,72.50
94.18,102.48,73.13
94.18,102.48,73.76
94.20,102.55,74.42
94.28,102.51,75.03
94.29,102.51,75.65
94.29,102.50,76.31
94.35,102.44,76.63
94.43,102.24,76.88
93.88,102.63,87.69
94.00,102.52,88.16
94.27,102.41,88.57
94.13,102.90,75.04
94.19,102.90,75.64
94.18,102.98,76.30
94.36,102.71,76.71
94.28,103.01,76.88
94.42,102.89,77.06
93.91,103.07,87.50
94.01,102.94,88.15
94.28,102.82,88.58
94.10,103.33,76.91
94.37,103.13,77.34
94.23,103.31,77.33
94.35,103.35,77.66
93.99,103.41,86.38
94.00,103.35,86.83
94.03,103.38,87.40
94.05,103.33,87.98
94.32,103.29,88.54
94.19,103.85,78.16
94.27,103.62,77.94
94.41,103.73,78.35
93.98,103.81,85.14
94.07,103.80,85.49
94.15,103.72,85.98
94.19,103.60,86.44
94.21,103.60,87.04
94.18,103.61,87.70
94.26,103.61,88.26
94.26,103.97,78.61
94.35,104.03,79.30
94.31,104.10,79.98
94.15,104.25,80.62
94.30,104.13,80.49
94.41,104.22,80.88
93.95,104.27,83.10
94.01,104.26,83.57
94.05,104.24,84.18
94.13,104.14,84.71
94.18,104.01,85.19
94.26,103.94,85.70
94.27,104.40,81.15
94.29,104.53,81.84
94.30,104.54,82.50
94.26,104.46,83.19
94.31,104.44,83.89
94.36,104.39,84.50
94.44,98.81,66.26
94.61,98.80,65.82
94.80,98.55,66.18
94.69,98.50,66.94
94.36,98.67,66.87
94.75,98.42,67.63
94.60,98.56,68.04
94.49,98.74,68.32
94.85,98.80,68.55
94.47,99.22,65.14
94.70,99.29,64.62
94.63,99.00,64.98
94.61,98.91,65.37
94.43,99.09,65.63
94.57,98.95,68.77
94.71,99.14,69.12
94.43,99.62,65.00
94.63,99.71,64.61
94.32,99.51,65.45
94.71,99.34,69.36
94.83,99.69,69.68
94.46,100.01,65.00
94.80,100.09,64.62
94.31,99.93,65.43
94.50,99.96,70.12
94.80,100.03,69.92
94.59,100.31,65.00
94.39,100.35,65.42
94.72,100.63,65.17
94.69,100.20,70.21
94.65,100.40,70.67
94.78,100.37,70.34
94.50,100.38,71.13
94.47,100.76,65.51
94.78,100.93,65.36
94.84,100.58,70.60
94.82,100.96,71.01
94.61,100.76,71.29
94.64,101.05,65.56
94.68,101.27,65.66
94.68,101.25,71.44
94.82,101.38,71.07
94.52,101.15,71.82
94.56,101.34,78.70
94.55,101.20,79.29
94.60,101.25,79.82
94.59,101.17,80.40
94.79,101.23,80.87
94.69,101.03,81.25
94.76,100.97,81.88
94.72,100.89,82.51
94.71,100.86,83.13
94.71,100.86,83.76
94.71,100.89,84.39
94.67,100.96,85.00
94.41,101.18,85.24
94.73,101.00,85.64
94.43,101.29,85.84
94.71,101.01,86.23
94.47,101.21,86.36
94.67,100.97,86.92
94.37,101.21,86.79
94.77,100.88,87.63
94.61,101.00,88.08
94.40,101.24,88.34
94.72,101.26,88.54
94.42,101.68,66.06
94.75,101.65,65.84
94.68,101.69,71.30
94.78,101.75,70.94
94.54,101.61,71.82
94.50,101.74,77.40
94.63,101.65,77.98
94.70,101.60,78.65
94.69,101.52,79.25
94.84,101.64,79.72
94.78,101.43,80.17
94.82,101.39,80.55
94.32,101.48,86.31
94.71,101.68,88.75
94.65,101.93,66.35
94.70,102.07,66.86
94.76,102.16,67.15
94.62,102.09,70.90
94.83,101.98,70.62
94.71,102.22,70.43
94.52,102.03,71.43
94.62,102.13,77.36
94.79,102.00,77.78
94.82,101.83,78.29
94.81,101.80,78.90
94.84,101.81,79.31
94.69,102.11,88.76
94.70,102.32,67.48
94.71,102.47,68.09
94.67,102.50,68.62
94.78,102.40,69.21
94.67,102.35,69.91
94.50,102.56,77.01
94.69,102.60,77.53
94.82,102.36,77.71
94.68,102.53,88.73
94.55,102.97,77.52
94.79,102.69,77.92
94.70,103.00,78.10
94.83,102.89,78.30
94.69,102.94,88.73
94.55,103.39,78.16
94.77,103.14,78.59
94.69,103.43,78.76
94.82,103.32,78.96
94.75,103.29,88.73
94.54,103.75,78.78
94.85,103.56,79.34
94.66,103.80,79.32
94.83,103.81,79.69
94.34,103.89,86.15
94.41,103.85,86.73
94.39,103.85,87.46
94.39,103.85,88.15
94.63,103.67,88.62
94.66,103.98,79.87
94.74,104.02,80.53
94.59,104.26,81.26
94.73,104.11,81.11
94.83,104.20,81.56
94.36,104.27,84.98
94.42,104.19,85.56
94.50,104.15,86.21
94.61,104.13,86.66
94.61,104.03,87.09
94.58,104.07,87.53
94.51,104.10,87.99
94.70,104.26,87.74
94.69,104.06,88.50
94.64,104.39,81.70
94.74,104.46,82.40
94.71,104.54,83.10
94.70,104.55,83.75
94.70,104.53,84.37
94.68,104.46,85.05
94.74,104.43,85.79
94.78,104.37,86.41
94.79,104.34,88.19
94.82,98.81,64.98
95.03,98.75,64.57
95.03,98.57,64.98
95.00,98.50,65.53
94.77,98.68,65.61
95.05,98.40,66.14
95.08,98.41,66.82
95.10,98.41,67.54
95.01,98.51,68.14
95.20,98.74,68.52
94.93,99.09,64.35
95.20,99.28,64.02
95.12,98.95,64.17
94.89,99.12,68.92
95.21,99.07,68.74
94.98,99.41,64.25
94.96,99.72,64.36
95.09,99.33,69.02
94.99,99.51,69.37
95.29,99.63,69.22
95.18,100.15,64.40
95.10,99.75,69.53
95.12,100.05,69.71
94.84,100.44,64.82
95.14,100.50,64.62
94.92,100.36,70.14
95.16,100.40,69.89
95.02,100.68,64.91
95.00,100.88,65.15
95.11,100.63,70.21
95.01,100.87,70.55
95.18,100.92,70.22
95.04,101.15,65.39
95.11,101.47,65.63
95.11,101.25,70.28
95.25,101.13,69.98
95.22,101.44,69.83
94.96,101.18,70.74
94.93,101.19,81.24
95.00,101.17,81.62
95.11,101.14,82.09
95.10,101.03,82.52
95.17,100.96,83.14
95.12,100.88,83.76
95.13,100.86,84.39
95.13,100.87,85.02
95.06,100.90,85.51
95.11,100.88,86.02
95.00,100.86,86.68
95.07,100.85,87.47
95.01,100.97,88.16
95.13,101.27,88.61
95.17,101.77,65.84
95.10,101.70,70.01
95.18,101.76,69.68
94.96,101.62,70.57
94.93,101.61,80.05
95.00,101.60,80.39
95.17,101.61,80.84
95.20,101.39,81.34
95.29,101.28,81.99
95.13,101.68,88.77
95.11,101.97,66.25
95.11,102.07,66.84
95.00,102.20,67.48
95.13,102.09,67.35
95.25,102.17,67.80
95.03,102.09,69.66
95.20,101.94,69.49
95.17,102.14,69.24
94.93,102.04,70.18
94.95,102.19,78.13
94.99,102.10,78.72
95.00,102.09,79.21
95.06,102.00,79.58
95.14,101.83,80.07
95.24,101.81,80.53
95.12,102.11,88.74
95.07,102.34,67.96
95.08,102.37,68.67
94.95,102.59,78.20
95.07,102.52,78.71
95.12,102.49,79.20
95.21,102.38,79.56
95.11,102.52,88.72
94.95,102.97,78.76
95.10,102.93,79.22
95.24,102.82,79.58
95.11,102.94,88.72
94.97,103.27,79.21
95.15,103.29,79.61
95.10,103.35,88.73
94.95,103.85,80.18
95.06,103.63,79.88
95.06,103.86,80.66
95.28,103.62,80.52
95.24,103.79,80.95
95.09,103.77,88.73
95.06,103.96,81.10
94.95,104.24,82.05
95.14,104.04,81.76
95.04,104.27,82.53
95.22,104.11,82.41
95.23,104.20,82.80
94.79,104.24,86.86
94.81,104.24,87.29
95.13,104.21,88.62
95.11,104.40,83.05
95.12,104.54,83.74
95.12,104.56,84.37
95.13,104.54,84.99
95.13,104.53,85.61
95.12,104.51,86.25
95.02,104.42,86.87
95.03,104.47,87.60
95.08,104.51,88.26
95.23,98.39,64.99
95.44,98.33,64.59
95.44,98.15,64.99
95.50,98.08,65.55
95.23,98.28,65.78
95.51,98.12,66.27
95.24,98.29,66.44
95.48,98.20,66.79
95.33,98.33,66.97
95.65,98.29,67.25
95.26,98.65,64.35
95.42,98.87,63.96
95.44,98.56,64.24
95.43,98.41,67.44
95.46,98.55,68.08
95.57,98.89,68.52
95.56,99.33,63.79
95.62,99.26,68.72
95.18,99.60,64.15
95.44,99.64,63.96
95.42,99.38,68.88
95.64,99.69,69.06
95.30,99.91,64.21
95.62,100.09,64.01
95.32,99.97,69.47
95.55,100.03,69.31
95.43,100.24,64.28
95.43,100.51,64.39
95.41,100.40,69.56
95.66,100.46,69.34
95.23,100.89,64.94
95.42,100.80,64.61
95.51,100.79,69.49
95.65,100.88,69.33
95.33,100.81,69.85
95.29,100.74,86.41
95.47,100.78,85.94
95.65,100.61,86.25
95.53,100.58,86.89
95.24,100.74,87.06
95.47,100.64,87.44
95.33,100.77,87.63
95.65,100.75,87.91
95.47,101.15,64.93
95.30,101.33,65.43
95.53,101.39,65.20
95.42,101.17,69.58
95.63,101.34,69.22
95.32,101.20,82.44
95.41,101.17,82.90
95.62,101.23,83.38
95.51,101.02,83.76
95.57,100.96,84.39
95.54,100.88,85.00
95.48,100.86,85.56
95.41,100.94,88.17
95.54,101.26,88.61
95.51,101.52,65.48
95.57,101.73,65.77
95.36,101.70,69.40
95.58,101.75,69.08
95.38,101.61,81.17
95.53,101.58,81.46
95.55,101.46,81.92
95.55,101.37,82.57
95.65,101.38,83.06
95.54,101.66,88.73
95.54,101.97,66.22
95.55,102.08,66.85
95.54,102.08,67.49
95.38,102.20,68.34
95.50,102.08,67.99
95.42,102.06,68.93
95.67,101.96,68.63
95.31,102.17,79.89
95.44,102.11,80.33
95.50,101.94,80.81
95.57,101.77,81.20
95.54,102.08,88.71
95.44,102.55,79.94
95.62,102.44,80.29
95.66,102.21,80.63
95.53,102.50,88.69
95.43,103.06,80.02
95.64,102.80,80.25
95.53,102.92,88.69
95.31,103.40,80.09
95.61,103.13,80.43
95.47,103.33,80.41
95.59,103.36,80.78
95.52,103.34,88.71
95.36,103.83,81.44
95.49,103.61,81.13
95.46,103.86,81.91
95.69,103.62,81.78
95.64,103.79,82.21
95.52,103.76,88.73
95.46,103.96,82.34
95.39,104.25,83.15
95.58,104.02,82.98
95.63,104.20,83.41
95.57,104.11,88.73
95.51,104.40,83.67
95.54,104.52,84.36
95.56,104.53,85.02
95.55,104.52,85.64
95.47,104.52,86.14
95.41,104.53,86.80
95.30,104.64,87.41
95.53,104.67,87.05
95.26,104.68,87.98
95.46,104.50,88.54
95.56,104.84,87.59
95.57,104.79,88.22
95.65,97.98,65.02
95.82,97.98,64.57
96.01,97.72,64.96
95.88,97.76,65.54
95.73,97.90,65.72
96.05,97.86,66.02
95.63,98.36,64.27
95.82,98.42,63.91
95.86,98.17,64.19
95.88,97.99,66.28
95.81,98.11,66.86
96.06,98.29,67.34
95.70,98.71,63.74
95.95,98.83,63.40
95.94,98.54,63.57
95.85,98.49,67.73
95.80,98.70,68.16
96.11,98.72,67.98
95.71,99.09,63.60
96.03,99.27,63.39
95.94,98.87,68.32
95.95,99.13,68.56
95.82,99.42,63.64
95.79,99.72,63.78
95.73,99.51,68.84
96.05,99.58,68.74
95.89,100.12,63.78
95.92,99.75,68.91
95.90,100.10,69.11
95.61,100.45,64.19
95.92,100.55,63.90
95.93,100.57,69.15
95.67,100.82,64.32
96.00,100.93,64.06
95.88,100.97,69.08
95.84,100.74,85.80
96.02,100.60,86.15
95.97,100.56,86.79
95.81,100.61,87.48
96.00,100.77,87.86
95.83,101.16,64.43
95.71,101.35,64.83
96.04,101.38,64.60
95.85,101.27,68.95
96.05,101.07,68.85
96.04,101.33,68.76
95.75,101.18,83.77
95.81,101.17,84.13
96.02,101.23,84.61
95.98,101.02,85.02
95.95,100.88,85.45
95.92,100.95,88.23
95.97,101.26,88.58
95.88,101.54,65.15
95.94,101.66,65.63
96.00,101.75,65.93
95.78,101.59,68.91
95.99,101.69,68.60
95.76,101.74,81.70
95.83,101.67,82.31
95.83,101.58,82.90
95.99,101.60,83.36
95.96,101.40,83.83
96.06,101.39,84.30
95.96,101.66,88.72
95.88,101.89,66.14
95.94,101.98,66.69
95.95,101.99,67.37
95.90,101.95,68.08
95.79,102.10,81.15
95.93,102.06,81.71
96.01,101.94,82.19
96.02,101.83,82.67
96.06,101.80,83.05
95.95,102.08,88.71
95.80,102.56,80.70
95.94,102.49,81.23
96.02,102.42,81.53
96.07,102.20,81.87
95.95,102.49,88.69
95.77,103.02,80.72
95.92,102.97,81.22
96.05,102.79,81.49
95.94,102.91,88.68
95.76,103.33,81.25
96.02,103.13,81.68
95.89,103.32,81.66
95.99,103.37,82.04
95.94,103.33,88.69
95.75,103.82,82.68
95.90,103.63,82.39
95.83,103.82,83.04
96.09,103.61,83.03
95.98,103.82,83.36
95.94,103.74,88.72
95.82,104.26,83.76
95.98,104.02,83.66
96.05,104.19,84.05
95.92,104.17,88.73
95.88,104.38,84.22
95.99,104.43,84.95
95.96,104.50,85.64
95.82,104.52,86.25
95.72,104.60,86.68
96.06,104.64,86.49
95.91,104.58,88.58
95.88,104.82,87.01
95.97,104.96,87.60
95.92,104.87,88.14
96.15,97.91,63.80
96.35,97.99,63.39
96.34,97.71,63.63
96.28,97.66,64.34
96.00,97.93,64.28
96.38,97.61,65.12
96.23,97.70,65.63
96.47,97.87,66.08
96.04,98.22,63.74
96.27,98.45,63.27
96.35,97.99,66.44
96.24,98.10,66.89
96.50,98.40,67.34
96.22,98.94,63.19
96.26,98.55,67.65
96.35,98.73,67.85
96.28,99.31,63.19
96.34,98.94,68.12
96.40,99.32,68.51
96.01,99.61,63.58
96.32,99.72,63.30
96.37,99.63,68.71
96.05,99.93,63.60
96.30,100.11,63.39
96.15,99.97,68.86
96.41,99.99,68.74
96.11,100.33,63.60
96.44,100.44,63.40
96.22,100.33,68.90
96.47,100.45,68.74
96.28,100.64,63.64
96.37,100.90,63.87
96.18,100.74,68.90
96.37,100.91,68.72
96.35,100.82,85.88
96.30,100.66,86.38
96.29,100.71,86.84
96.48,100.80,86.54
96.18,100.73,87.36
96.23,101.17,64.20
96.46,101.38,64.51
96.35,101.34,68.52
96.17,101.20,84.92
96.43,101.24,85.21
96.35,101.03,85.47
96.50,100.86,87.01
96.30,100.87,87.71
96.35,101.03,88.15
96.40,101.35,88.52
96.35,101.56,64.98
96.36,101.65,65.59
96.19,101.79,66.42
96.37,101.67,66.17
96.25,101.80,67.06
96.43,101.66,66.78
96.24,101.78,67.72
96.50,101.57,67.38
96.21,101.69,68.25
96.44,101.51,68.03
96.17,101.61,83.77
96.24,101.60,84.14
96.39,101.61,84.60
96.37,101.41,84.89
96.30,101.73,88.71
96.19,102.18,82.43
96.24,102.09,82.97
96.30,101.98,83.34
96.38,101.83,83.84
96.48,101.81,84.32
96.36,102.07,88.71
96.20,102.55,81.95
96.32,102.57,82.57
96.34,102.49,82.96
96.45,102.38,83.33
96.36,102.49,88.70
96.18,103.02,81.98
96.31,102.93,82.49
96.35,102.92,82.99
96.46,102.81,83.34
96.35,102.91,88.68
96.17,103.33,82.51
96.28,103.26,82.94
96.40,103.28,83.36
96.35,103.32,88.68
96.18,103.81,83.66
96.40,103.61,83.65
96.39,103.82,83.97
96.35,103.74,88.71
96.17,104.23,84.55
96.34,104.03,84.32
96.28,104.27,85.02
96.39,104.14,84.80
96.52,104.24,85.20
96.35,104.17,88.73
96.35,104.42,85.56
96.24,104.52,86.11
96.46,104.66,86.43
96.34,104.59,88.57
96.33,104.85,86.87
96.32,104.96,87.48
96.34,104.88,88.12
96.50,97.48,63.88
96.64,97.61,63.36
96.75,97.30,63.85
96.75,97.33,64.35
96.54,97.50,64.43
96.77,97.45,64.79
96.59,98.05,63.14
96.66,97.58,65.02
96.64,97.70,65.63
96.88,97.90,66.07
96.53,98.42,62.64
96.74,98.42,62.13
96.76,98.15,62.40
96.68,98.11,62.84
96.49,98.35,63.02
96.71,98.01,66.38
96.71,98.15,66.84
96.90,98.46,67.20
96.46,98.81,62.50
96.74,98.83,62.05
96.37,98.70,62.97
96.54,98.72,67.67
96.86,98.81,67.47
96.51,99.23,62.49
96.83,99.29,62.09
96.36,99.12,62.94
96.74,98.98,67.76
96.65,99.12,68.11
96.83,99.14,67.88
96.63,99.53,62.52
96.48,99.54,62.94
96.67,99.71,62.74
96.85,99.31,68.11
96.71,99.67,68.53
96.72,99.86,62.93
96.71,100.17,63.18
96.77,100.14,68.58
96.81,100.57,63.32
96.76,100.57,68.58
96.60,100.75,63.57
96.76,100.98,63.80
96.69,100.97,68.50
96.52,100.79,86.23
96.77,101.19,64.25
96.82,101.34,64.67
96.66,101.36,67.78
96.93,101.26,67.44
96.75,101.40,67.32
96.62,101.26,68.25
96.90,101.12,68.04
96.60,101.20,85.52
96.69,101.12,85.79
96.77,100.96,86.35
96.84,100.90,86.97
96.67,100.96,87.58
96.64,101.14,88.12
96.92,101.15,87.97
96.70,101.49,64.89
96.75,101.56,65.43
96.77,101.56,66.08
96.72,101.51,66.79
96.59,101.63,84.89
96.77,101.61,85.10
96.88,101.36,85.58
96.77,101.32,88.33
96.72,101.63,88.61
96.58,102.21,83.76
96.66,102.10,84.24
96.71,101.99,84.62
96.79,101.85,84.88
96.77,102.07,88.71
96.62,102.58,83.66
96.75,102.50,84.10
96.86,102.33,84.57
96.77,102.49,88.71
96.66,102.97,83.72
96.84,102.85,84.09
96.90,102.62,84.42
96.76,102.90,88.68
96.59,103.33,83.65
96.79,103.27,83.98
96.76,103.32,88.68
96.64,103.85,84.39
96.73,103.63,84.17
96.87,103.73,84.57
96.76,103.73,88.71
96.77,103.98,84.91
96.83,104.20,85.34
96.76,104.16,88.73
96.74,104.37,85.64
96.64,104.52,86.07
96.86,104.66,86.42
96.76,104.58,88.58
96.75,104.86,86.87
96.74,104.96,87.48
96.75,104.87,88.13
96.94,97.20,63.67
97.04,97.17,63.31
97.22,96.97,63.58
97.27,97.04,64.11
96.91,97.51,63.08
97.09,97.53,62.73
97.06,97.32,63.04
97.10,97.19,64.37
97.06,97.34,64.91
96.96,97.51,65.19
97.29,97.48,65.40
96.91,97.86,62.61
97.11,98.01,62.07
97.18,97.71,62.32
96.77,97.85,63.01
97.04,97.68,65.63
97.31,97.99,66.09
97.14,98.40,61.88
97.07,98.13,66.46
97.05,98.29,66.86
97.23,98.31,66.65
97.14,98.82,61.88
97.25,98.50,66.85
97.17,98.80,67.20
97.21,99.17,61.89
96.98,99.13,67.65
97.16,99.07,67.38
96.84,99.69,62.45
97.21,99.65,62.07
97.24,99.35,67.57
97.05,99.57,68.14
97.28,99.73,67.87
97.02,99.94,62.59
96.95,100.08,62.95
97.11,100.12,62.76
97.06,99.91,68.29
97.29,100.14,67.96
97.14,100.27,62.92
97.16,100.55,63.15
97.07,100.34,68.32
97.28,100.57,67.96
96.89,100.86,63.55
97.17,100.87,63.40
97.02,100.76,68.30
97.19,100.92,67.93
97.13,101.13,63.88
97.24,101.25,64.44
97.00,101.38,65.17
97.18,101.26,64.92
97.07,101.39,65.80
97.24,101.26,65.52
97.06,101.37,66.44
97.32,101.17,66.10
96.96,101.34,66.98
97.21,101.18,66.83
97.19,101.10,67.48
96.96,101.21,86.04
97.16,101.14,86.34
97.24,100.98,86.83
97.08,100.97,87.47
97.30,101.15,87.96
97.16,101.67,85.27
97.28,101.46,85.70
97.22,101.29,86.07
97.09,101.37,88.32
97.18,101.68,88.59
97.00,102.21,84.87
97.12,101.99,85.04
97.18,102.07,88.73
97.07,102.61,84.81
97.28,102.38,85.02
97.17,102.48,88.72
97.01,102.98,84.49
97.14,102.99,84.88
97.29,102.79,85.02
97.18,102.90,88.69
97.00,103.43,84.47
97.14,103.34,84.84
97.30,103.21,85.04
97.17,103.31,88.68
97.04,103.67,84.83
97.25,103.67,85.18
97.17,103.73,88.71
97.04,104.26,85.67
97.22,104.02,85.55
97.28,104.20,85.92
97.17,104.16,88.73
97.06,104.42,86.06
97.29,104.56,86.42
97.17,104.57,88.59
97.16,104.86,86.88
97.15,104.97,87.51
97.17,104.87,88.15
97.24,97.16,63.01
97.47,97.14,62.65
97.62,96.87,63.12
97.55,96.87,63.89
97.58,97.02,64.29
97.33,97.42,62.47
97.54,97.59,62.05
97.59,97.28,62.29
97.52,97.16,64.56
97.46,97.29,65.00
97.69,97.47,65.47
97.58,97.98,61.88
97.48,97.69,65.78
97.65,97.93,66.02
97.57,98.40,61.88
97.37,98.31,66.41
97.70,98.34,66.21
97.56,98.81,61.90
97.55,98.57,66.49
97.44,98.76,66.85
97.71,98.91,66.62
97.56,99.23,61.89
97.45,99.08,67.06
97.75,99.27,66.83
97.63,99.58,61.90
97.57,99.39,67.11
97.47,99.65,67.39
97.63,99.67,67.09
97.26,100.09,62.46
97.61,100.00,62.10
97.57,100.02,67.14
97.71,99.82,66.94
97.71,100.09,66.83
97.44,99.97,67.58
97.47,100.33,62.58
97.36,100.49,62.95
97.67,100.55,62.75
97.55,100.51,66.95
97.68,100.46,66.60
97.46,100.35,67.50
97.52,100.67,63.04
97.61,100.91,63.28
97.49,100.86,66.50
97.65,100.70,66.35
97.62,100.90,66.09
97.42,100.93,66.99
97.41,100.78,67.48
97.57,101.16,63.77
97.52,101.26,64.27
97.62,101.18,64.85
97.53,101.11,65.53
97.60,101.22,86.50
97.65,101.04,86.99
97.49,101.02,87.48
97.59,101.15,87.88
97.45,101.68,85.44
97.68,101.64,85.83
97.58,101.42,86.10
97.59,101.38,88.15
97.63,101.76,88.55
97.49,102.03,85.22
97.70,101.86,85.54
97.52,102.13,88.73
97.58,102.49,85.21
97.58,102.48,88.73
97.59,102.90,85.21
97.59,102.89,88.71
97.59,103.31,85.30
97.59,103.30,88.70
97.59,103.61,85.49
97.44,103.81,85.52
97.63,103.77,85.79
97.58,103.72,88.72
97.38,104.27,86.18
97.53,104.03,86.04
97.65,104.15,86.29
97.58,104.15,88.74
97.66,104.52,86.51
97.58,104.56,88.61
97.55,104.81,86.88
97.57,104.97,87.52
97.58,104.88,88.18
97.70,97.04,62.47
97.89,97.21,62.09
98.04,96.88,62.54
98.06,96.74,63.21
97.97,96.76,63.78
97.88,96.91,64.30
97.78,97.09,64.58
98.10,97.07,64.77
98.00,97.56,61.88
97.86,97.27,65.02
98.13,97.58,65.47
98.01,97.98,61.89
97.87,97.73,65.79
98.02,98.08,66.01
97.99,98.40,61.93
98.01,98.39,66.16
97.98,98.82,61.93
97.80,98.70,66.33
98.10,98.76,66.23
97.97,99.23,61.90
97.98,98.95,66.39
98.00,99.23,66.57
97.97,99.65,61.91
97.74,99.55,66.93
97.94,99.70,66.72
98.07,100.10,62.01
97.93,100.15,66.59
97.81,100.36,62.35
97.98,100.59,62.58
97.85,100.54,66.29
98.05,100.30,66.36
98.08,100.50,66.02
97.93,100.77,62.93
98.11,100.98,63.29
97.87,100.97,65.25
98.13,100.87,65.08
98.00,101.02,64.89
97.85,100.82,65.77
98.13,100.72,65.48
98.01,101.16,63.73
97.96,101.19,64.39
97.84,101.16,86.88
97.82,101.17,87.43
97.83,101.59,86.12
98.01,101.58,86.32
98.07,101.35,86.82
98.04,101.41,87.58
97.88,101.55,88.15
98.06,101.57,87.91
97.85,102.22,85.64
97.95,101.98,85.90
98.04,101.83,86.12
98.07,101.74,88.14
97.99,102.12,88.58
97.85,102.62,85.64
98.04,102.30,86.09
97.98,102.55,86.11
98.16,102.45,86.29
97.94,102.54,88.72
97.86,103.03,85.65
97.96,102.91,86.11
98.10,102.81,86.31
98.01,102.89,88.72
97.82,103.43,85.74
97.96,103.32,86.11
98.09,103.21,86.29
98.00,103.29,88.73
97.82,103.73,86.12
98.02,103.69,86.28
98.00,103.71,88.76
98.03,104.19,86.42
98.00,104.14,88.77
97.96,104.52,86.65
97.82,104.71,86.85
98.14,104.70,87.01
98.01,104.57,88.62
97.98,104.89,87.43
98.01,104.87,88.15
98.29,97.15,62.02
98.52,96.86,62.46
98.41,96.74,63.10
98.39,96.75,63.77
98.29,96.87,64.37
98.54,97.16,64.85
98.42,97.56,61.88
98.29,97.33,65.14
98.50,97.64,65.35
98.42,97.99,61.91
98.19,97.86,65.73
98.50,97.96,65.59
98.40,98.40,61.95
98.37,98.11,65.81
98.40,98.45,66.02
98.39,98.81,61.94
98.43,98.81,66.17
98.38,99.23,61.92
98.20,99.15,66.35
98.47,99.17,66.23
98.38,99.64,61.91
98.27,99.51,66.42
98.53,99.63,66.23
98.44,100.00,61.90
98.23,100.04,66.32
98.50,100.04,66.01
98.11,100.47,62.29
98.44,100.43,62.10
98.30,100.39,65.84
98.47,100.29,65.75
98.43,100.49,65.47
98.34,100.72,62.63
98.41,100.87,63.12
98.47,100.96,63.44
98.35,100.73,65.15
98.35,100.92,64.78
98.35,101.09,63.66
98.40,101.11,64.19
98.44,101.66,86.50
98.38,101.48,87.00
98.27,101.57,87.56
98.49,101.57,87.19
98.15,102.16,86.19
98.33,102.05,86.28
98.49,101.78,87.54
98.29,101.97,88.16
98.51,102.07,87.95
98.43,102.50,86.31
98.39,102.19,88.32
98.42,102.54,88.56
98.41,102.92,86.29
98.37,102.95,88.73
98.40,103.32,86.29
98.43,103.30,88.75
98.44,103.73,86.40
98.43,103.72,88.77
98.43,104.10,86.53
98.46,104.20,88.64
98.40,104.40,86.80
98.48,104.64,87.18
98.36,104.63,88.48
98.36,104.80,87.43
98.40,104.80,87.99
98.71,97.15,62.02
98.93,96.86,62.47
98.82,96.75,63.10
98.74,96.76,63.67
98.76,96.91,64.32
98.93,97.22,64.74
98.82,97.56,61.89
98.60,97.45,65.12
98.86,97.47,65.00
98.83,97.99,61.92
98.78,97.65,65.20
98.83,97.90,65.40
98.81,98.40,61.94
98.62,98.28,65.73
98.94,98.35,65.60
98.81,98.81,61.94
98.80,98.54,65.80
98.77,98.87,66.01
98.80,99.22,61.93
98.82,99.33,66.06
98.79,99.64,61.90
98.77,99.74,65.99
98.78,100.07,61.90
98.68,100.13,65.67
98.88,99.87,65.75
98.90,100.08,65.41
98.90,100.49,62.05
98.68,100.51,65.10
98.89,100.30,65.09
98.90,100.50,64.78
98.80,100.77,62.50
98.82,100.84,63.10
98.65,100.97,63.92
98.77,100.86,63.59
98.71,100.83,64.51
98.95,100.73,64.22
98.64,101.67,86.85
98.74,102.02,86.46
98.83,101.89,87.00
98.72,102.07,87.55
98.93,102.18,87.19
98.82,102.48,86.41
98.83,102.34,87.57
98.98,102.49,87.37
98.67,102.36,88.02
98.83,102.91,86.42
98.94,102.60,87.77
98.83,102.64,88.23
98.80,102.95,88.54
98.82,103.31,86.49
98.84,103.41,88.60
98.83,103.59,86.66
98.71,103.90,86.70
98.97,103.73,86.95
98.80,103.83,88.53
98.63,104.15,86.74
98.86,104.10,87.07
98.79,104.21,88.25
98.98,104.01,88.15
98.91,104.28,87.84
98.68,104.57,87.73
98.78,104.41,87.34
98.62,104.51,88.28
99.12,97.15,62.03
99.34,96.86,62.47
99.23,96.76,63.11
99.12,96.85,63.84
99.09,97.05,64.39
99.38,97.06,64.24
99.23,97.57,61.89
99.22,97.24,64.58
99.29,97.54,64.87
99.24,97.99,61.92
99.09,97.75,65.15
99.27,98.10,65.37
99.22,98.40,61.94
99.26,98.40,65.55
99.22,98.81,61.95
99.03,98.74,65.74
99.29,98.76,65.61
99.22,99.22,61.94
99.10,99.10,65.80
99.35,99.23,65.59
99.20,99.64,61.91
99.06,99.62,65.69
99.30,99.63,65.37
99.20,100.07,61.89
99.08,100.08,65.12
99.32,99.85,65.10
99.30,100.10,64.84
99.32,100.47,62.04
99.10,100.41,64.61
99.38,100.36,64.37
99.21,100.57,64.19
99.16,100.74,62.37
99.27,100.77,62.94
99.18,100.72,63.67
98.99,102.14,86.73
99.06,102.53,86.88
99.13,103.01,86.87
99.16,102.85,87.50
99.05,102.85,88.07
99.10,103.42,86.94
99.24,103.31,87.50
99.14,103.19,88.14
99.14,103.74,87.39
99.11,103.67,88.09
99.04,104.08,87.67
99.53,97.16,62.03
99.75,96.86,62.47
99.63,96.76,63.11
99.53,96.86,63.74
99.75,97.07,64.21
99.64,97.57,61.90
99.53,97.28,64.54
99.70,97.53,64.77
99.64,97.99,61.92
99.43,97.87,65.10
99.77,97.94,64.96
99.63,98.40,61.94
99.62,98.12,65.18
99.59,98.46,65.38
99.63,98.81,61.95
99.64,98.93,65.42
99.63,99.22,61.94
99.58,99.34,65.35
99.61,99.63,61.90
99.49,99.62,65.18
99.73,99.43,65.12
99.62,99.72,64.98
99.62,100.07,61.89
99.61,100.05,64.72
99.72,100.42,62.13
99.52,100.57,63.37
99.81,100.47,63.12
99.63,100.60,62.88
99.41,100.52,63.88
99.62,100.43,63.79
99.71,100.28,64.30
99.51,100.66,62.45
99.99,97.11,62.01
100.10,96.80,62.50
100.03,96.77,63.12
99.93,96.86,63.75
100.18,97.16,64.25
100.05,97.57,61.89
99.92,97.34,64.53
100.03,97.69,64.72
100.05,97.99,61.93
100.16,98.06,64.78
100.04,98.40,61.95
99.85,98.33,65.11
100.07,98.39,64.96
100.04,98.81,61.95
99.93,98.69,65.16
100.17,98.81,64.97
100.03,99.21,61.93
99.89,99.10,65.16
100.06,99.28,64.96
100.02,99.64,61.89
100.01,99.70,64.76
100.08,100.11,62.01
99.88,100.04,64.56
100.14,99.86,64.51
100.07,100.10,64.31
100.04,100.42,62.55
99.77,100.53,62.55
100.12,100.44,63.21
99.99,100.35,63.81
100.30,96.67,62.57
100.34,96.79,62.12
100.51,96.59,62.38
100.56,96.62,62.84
100.45,97.14,61.89
100.39,96.75,63.13
100.34,96.87,63.76
100.55,97.10,64.16
100.47,97.58,61.90
100.22,97.51,64.49
100.50,97.50,64.36
100.45,97.99,61.94
100.33,97.83,64.53
100.63,97.98,64.38
100.45,98.40,61.95
100.44,98.14,64.54
100.41,98.47,64.73
100.45,98.81,61.94
100.46,98.93,64.78
100.44,99.21,61.91
100.39,99.33,64.71
100.44,99.65,61.88
100.33,99.62,64.56
100.57,99.42,64.49
100.47,99.73,64.37
100.55,100.07,62.02
100.43,100.06,64.11
100.37,100.33,62.35
100.49,100.37,62.94
100.43,100.30,63.61
100.74,96.74,62.05
100.86,96.54,62.46
100.96,96.62,62.93
100.88,97.13,61.89
100.77,96.75,63.24
100.79,96.91,63.71
100.91,97.26,64.14
100.88,97.58,61.91
100.81,97.64,64.32
100.86,97.99,61.94
100.94,97.93,64.31
100.86,98.40,61.94
100.65,98.34,64.45
100.92,98.35,64.33
100.85,98.80,61.92
100.73,98.69,64.52
100.99,98.80,64.36
100.84,99.22,61.88
100.71,99.09,64.53
100.89,99.26,64.36
100.87,99.66,61.88
100.87,99.68,64.15
100.98,100.00,62.11
100.76,100.15,63.38
100.96,99.98,63.26
100.90,100.12,62.95
100.72,100.04,63.86
100.96,99.87,63.65
100.75,100.25,62.45
101.17,96.73,62.06
101.28,96.53,62.48
101.38,96.62,62.93
101.30,97.13,61.90
101.16,96.84,63.36
101.15,97.05,63.77
101.46,97.16,63.63
101.29,97.58,61.91
101.27,97.29,63.93
101.21,97.63,64.15
101.27,97.99,61.94
101.26,98.09,64.17
101.26,98.40,61.92
101.28,98.52,64.18
101.26,98.82,61.90
101.28,98.93,64.20
101.31,99.25,62.00
101.23,99.31,64.13
101.27,99.65,62.11
101.18,99.79,63.23
101.43,99.57,63.11
101.34,99.77,62.77
101.16,99.61,63.85
101.39,99.44,63.64
101.28,99.86,62.35
101.11,100.02,62.60
101.59,96.73,62.06
101.70,96.53,62.47
101.79,96.63,62.93
101.71,97.13,61.90
101.57,96.85,63.28
101.77,97.12,63.52
101.70,97.58,61.91
101.49,97.51,63.86
101.75,97.52,63.71
101.67,97.99,61.91
101.55,97.86,63.93
101.80,97.99,63.73
101.67,98.42,61.89
101.57,98.29,63.93
101.81,98.45,63.62
101.74,98.87,62.02
101.58,98.77,63.84
101.75,98.88,63.46
101.70,99.16,62.36
101.56,99.35,62.50
101.61,99.25,63.27
101.83,99.09,62.95
101.49,99.13,63.88
101.47,99.59,62.62
102.00,96.72,62.06
102.11,96.53,62.48
102.23,96.72,62.96
102.12,97.13,61.90
101.97,96.91,63.28
102.08,97.28,63.49
102.10,97.58,61.89
102.09,97.70,63.54
102.08,98.02,61.89
102.04,98.10,63.48
102.14,98.44,62.03
102.03,98.39,63.33
102.17,98.23,63.24
102.21,98.51,62.99
102.14,98.77,62.19
101.95,98.73,63.26
102.10,98.89,62.88
102.00,99.01,62.47
102.41,96.72,62.06
102.52,96.53,62.48
102.59,96.64,62.88
102.52,97.13,61.87
102.28,97.09,63.25
102.55,97.06,63.14
102.51,97.60,61.85
102.37,97.46,63.31
102.61,97.56,63.17
102.55,98.06,62.02
102.33,98.00,63.17
102.61,98.01,62.95
102.55,98.26,62.47
102.36,98.43,62.56
102.25,98.79,62.56
102.83,96.71,62.05
102.94,96.51,62.51
102.95,96.70,62.94
102.96,97.13,61.86
102.96,97.13,63.13
102.97,97.61,61.87
102.96,97.60,63.12
103.05,97.97,62.14
102.92,98.02,62.85
102.84,98.17,62.41
103.26,96.71,62.14
103.31,96.56,62.59
103.37,96.82,62.85
103.38,97.13,62.03
103.36,97.27,62.96
103.38,97.57,62.14
103.29,97.72,62.87
103.36,97.82,62.43
103.15,98.02,62.58
103.53,96.77,62.40
103.57,97.14,62.49
103.52,97.51,62.59
