104.29,120.97,82.11
104.47,120.97,81.59
104.43,120.74,81.89
104.40,120.68,82.29
104.26,120.97,82.69
104.40,120.72,82.89
104.33,120.99,83.17
104.46,120.86,83.38
104.24,121.35,81.95
104.41,121.46,81.44
104.18,121.33,82.55
104.26,121.30,83.14
104.43,121.20,83.56
104.22,121.78,81.86
104.41,121.91,81.41
104.16,121.74,82.42
104.25,121.73,83.04
104.43,121.64,83.57
104.26,122.18,81.85
104.44,122.33,81.47
104.18,122.08,82.27
104.30,122.21,82.86
104.55,122.17,83.53
104.34,122.50,81.86
104.48,122.65,81.64
104.32,122.48,82.36
104.56,122.68,82.97
104.55,122.49,83.29
104.46,122.77,82.07
104.54,122.84,82.54
104.71,120.18,82.59
104.88,120.03,82.09
104.85,119.91,82.47
104.84,119.92,82.91
104.75,120.20,83.28
104.86,120.02,83.43
104.67,120.47,81.86
105.01,120.44,81.38
104.98,120.19,81.67
104.53,120.48,82.54
104.59,120.53,83.20
104.85,120.26,83.73
104.77,120.54,83.75
104.96,120.53,84.09
104.79,120.79,81.28
104.92,121.00,80.97
105.07,120.71,81.07
104.66,120.95,83.79
104.89,120.84,84.10
104.68,121.20,81.12
104.91,121.38,80.77
104.65,121.44,83.92
104.91,121.22,84.18
104.64,121.65,81.04
104.84,121.86,80.72
104.69,121.89,83.90
104.94,121.67,84.18
104.63,122.11,81.06
104.82,122.31,80.74
104.75,122.17,83.88
104.99,122.12,84.12
104.66,122.59,81.21
104.83,122.74,80.83
104.69,122.69,83.32
104.89,122.67,83.60
104.90,122.41,83.88
104.78,122.93,81.22
104.88,123.07,81.01
104.67,122.96,81.69
104.70,123.07,82.30
104.89,123.09,82.89
104.90,122.90,83.30
104.87,123.22,81.45
104.88,123.29,82.01
104.95,123.30,82.50
105.14,119.39,83.26
105.26,119.26,82.73
105.26,119.13,83.13
105.28,119.12,83.53
105.18,119.35,83.79
105.30,119.21,84.00
105.05,119.66,82.50
105.30,119.59,82.03
105.26,119.42,82.34
104.97,119.77,83.31
105.11,119.70,83.90
105.24,119.50,84.21
105.13,119.90,81.85
105.29,120.10,81.47
105.37,119.80,81.70
105.00,120.11,83.91
105.23,119.80,84.38
105.21,120.10,84.36
105.41,120.01,84.67
105.29,120.42,81.18
105.19,120.49,84.38
105.47,120.45,84.69
105.18,120.94,80.77
105.25,120.64,80.99
105.41,120.78,84.60
105.15,120.93,84.38
105.12,121.35,80.46
105.31,121.27,80.24
105.26,121.10,80.48
105.21,121.40,84.40
105.16,121.69,80.13
105.36,121.77,79.70
105.38,121.46,79.92
105.00,121.67,80.47
105.24,121.82,84.37
105.11,122.21,79.93
105.34,122.12,79.45
104.97,122.05,80.38
105.30,122.18,84.36
105.15,122.59,79.56
105.35,122.64,79.11
105.39,122.32,79.22
105.00,122.68,80.06
104.94,122.51,80.40
105.08,122.66,83.89
105.31,122.59,84.21
105.13,123.02,79.39
105.34,123.05,78.95
105.02,123.03,79.92
104.94,122.99,80.52
105.10,123.10,83.27
105.32,123.09,83.59
105.29,122.87,83.89
105.18,123.30,79.24
105.29,123.34,79.02
105.11,123.37,79.70
105.06,123.39,80.35
105.03,123.39,81.05
105.08,123.50,81.75
105.15,123.50,82.34
105.20,123.40,82.82
105.28,123.28,83.21
105.33,123.59,79.32
105.23,123.67,80.07
105.22,123.70,80.77
105.27,123.71,81.45
105.42,123.72,82.13
105.47,123.61,82.71
105.45,118.95,83.10
105.69,118.82,82.70
105.64,118.68,83.10
105.63,118.65,83.54
105.46,118.94,83.91
105.68,118.65,84.15
105.62,118.94,84.44
105.84,118.71,84.66
105.50,119.22,82.32
105.83,119.25,81.98
105.80,118.99,82.27
105.45,119.29,84.45
105.77,119.15,84.86
105.57,119.54,81.84
105.63,119.81,81.56
105.91,119.52,81.72
105.36,119.67,84.56
105.62,119.69,84.87
105.69,120.11,81.28
105.72,120.23,84.95
105.51,120.52,80.94
105.78,120.55,80.78
105.93,120.29,81.04
105.73,120.55,84.88
105.51,120.88,80.49
105.79,120.93,80.22
105.91,120.73,80.54
105.48,121.13,84.60
105.72,120.84,84.78
105.56,121.16,80.04
105.63,121.42,79.68
105.90,121.12,79.87
105.52,121.54,84.57
105.81,121.25,84.74
105.67,121.72,79.35
105.53,121.94,84.56
105.84,121.65,84.74
105.57,122.04,79.18
105.70,122.18,78.99
105.82,121.84,79.10
105.54,122.34,84.54
105.85,122.07,84.77
105.66,122.60,78.76
105.58,122.61,84.52
105.88,122.51,84.75
105.58,122.95,78.64
105.79,123.05,78.44
105.79,122.74,78.53
105.53,123.09,83.90
105.60,123.00,84.15
105.73,122.82,84.49
105.50,123.33,78.76
105.83,123.51,78.42
105.48,123.49,83.09
105.64,123.41,83.45
105.84,123.27,83.97
105.60,123.71,78.88
105.53,123.87,79.29
105.68,123.97,79.06
105.45,123.90,79.80
105.43,123.93,80.48
105.47,123.94,81.14
105.56,123.91,81.73
105.72,123.89,82.16
105.85,123.79,82.62
105.79,123.62,83.13
105.66,124.09,79.52
105.64,124.14,80.17
105.68,124.15,80.84
105.81,124.12,81.48
105.85,124.01,81.93
105.99,118.11,83.93
106.11,118.03,83.47
106.13,117.88,83.88
106.16,117.85,84.23
106.08,118.09,84.45
106.26,117.91,84.67
105.88,118.42,83.18
106.13,118.39,82.71
106.10,118.20,83.06
105.79,118.41,83.84
105.90,118.36,84.35
106.16,118.35,84.87
105.96,118.70,82.49
106.14,118.91,82.09
106.22,118.60,82.32
106.05,118.83,85.04
106.21,119.24,81.87
106.03,119.14,85.16
105.94,119.47,85.16
106.24,119.24,85.34
106.03,119.77,81.52
106.31,119.52,81.72
105.93,119.91,85.18
106.23,119.63,85.37
106.18,120.01,81.30
106.01,120.27,85.16
106.28,120.08,85.36
106.16,120.52,80.85
106.34,120.25,81.11
106.23,120.43,85.22
106.02,120.64,85.01
106.18,120.95,80.25
106.22,120.78,80.63
106.04,121.02,84.88
106.03,121.34,79.45
106.28,121.11,79.74
106.15,121.34,84.87
106.00,121.58,79.19
106.15,121.73,79.01
106.24,121.41,79.22
106.20,121.73,84.90
106.06,122.15,78.73
106.22,122.14,84.94
105.93,122.48,78.57
106.09,122.64,78.35
106.11,122.34,78.54
106.28,122.49,84.94
106.07,123.13,78.17
105.92,123.08,84.39
106.16,122.86,84.72
106.11,123.50,78.10
106.29,123.43,84.06
106.04,123.54,83.60
106.23,123.20,84.42
105.82,123.92,78.67
106.06,123.88,78.27
106.32,123.85,82.68
106.06,123.95,82.28
106.24,123.71,83.19
105.99,124.14,78.58
106.11,124.17,78.36
105.88,124.22,79.09
105.87,124.33,79.84
105.91,124.35,80.53
105.98,124.32,81.12
106.13,124.27,81.51
106.20,124.12,81.89
106.17,124.42,78.66
106.11,124.53,79.46
106.21,124.57,80.24
106.25,124.48,80.89
106.27,124.39,81.31
106.30,117.73,83.78
106.44,117.71,83.29
106.47,117.50,83.62
106.44,117.47,84.14
106.31,117.68,84.37
106.45,117.64,84.69
106.31,118.03,83.01
106.51,118.08,82.60
106.52,117.85,82.89
106.44,118.00,85.03
106.38,118.33,82.46
106.54,118.55,82.12
106.62,118.22,82.31
106.45,118.32,85.20
106.35,118.64,85.22
106.66,118.43,85.37
106.56,118.92,81.94
106.24,118.95,85.26
106.57,118.87,85.41
106.66,119.27,81.86
106.58,119.30,85.49
106.50,119.78,81.56
106.65,119.55,81.75
106.58,119.71,85.53
106.60,120.09,81.32
106.65,120.04,85.51
106.49,120.50,81.01
106.65,120.34,81.16
106.39,120.67,85.15
106.59,120.40,85.34
106.40,120.95,80.59
106.56,120.85,80.86
106.74,120.76,85.17
106.40,120.99,85.01
106.36,121.24,79.41
106.49,121.39,79.20
106.58,121.19,79.57
106.53,121.10,80.01
106.54,121.10,80.41
106.75,121.22,80.20
106.64,121.11,80.69
106.55,121.38,84.96
106.54,121.71,78.81
106.82,121.30,80.52
106.60,121.77,84.98
106.33,122.16,78.49
106.57,122.07,78.28
106.55,121.91,78.51
106.62,122.18,84.99
106.41,122.42,78.15
106.60,122.56,77.84
106.62,122.25,78.01
106.60,122.61,84.89
106.33,122.83,78.00
106.59,122.97,77.71
106.56,123.01,84.67
106.32,123.26,77.90
106.58,123.42,77.67
106.39,123.58,83.70
106.62,123.43,84.04
106.53,123.28,84.38
106.32,123.69,77.92
106.61,123.87,77.70
106.72,123.82,82.65
106.49,123.97,82.30
106.59,123.75,83.01
106.69,123.58,83.52
106.33,124.15,78.09
106.70,124.34,77.78
106.67,124.11,81.97
106.46,124.29,81.62
106.45,124.54,78.19
106.41,124.71,78.60
106.58,124.77,78.34
106.35,124.73,79.16
106.38,124.75,79.81
106.52,124.75,80.28
106.64,124.63,80.73
106.60,124.45,81.24
106.67,124.89,78.87
106.64,124.88,79.59
106.64,124.84,80.05
106.80,116.48,83.33
106.97,116.46,82.85
106.99,116.20,83.06
106.92,116.21,83.50
106.80,116.51,83.91
106.93,116.27,83.98
106.75,116.83,83.16
106.96,116.87,82.62
106.68,116.84,83.82
106.96,116.51,84.50
106.78,116.87,84.53
106.95,116.79,84.88
106.74,117.21,82.92
106.89,117.25,82.52
106.59,117.21,83.62
106.61,117.26,84.46
106.92,117.00,85.03
106.83,117.26,85.02
107.11,117.14,85.30
106.81,117.52,82.57
107.02,117.69,82.21
107.01,117.40,82.30
106.60,117.55,83.06
106.70,117.69,85.10
107.06,117.53,85.37
106.72,117.88,82.51
106.94,118.13,82.09
106.64,118.11,85.28
106.98,118.03,85.43
106.96,118.55,81.94
107.00,118.49,85.51
106.99,118.91,81.91
106.98,118.91,85.55
107.08,119.18,81.90
106.97,119.33,85.61
106.84,119.72,81.69
107.03,119.50,81.83
106.98,119.74,85.61
106.91,119.99,81.52
107.19,119.83,81.69
106.99,120.13,85.52
106.79,120.64,81.09
106.98,120.37,81.31
107.04,120.49,85.35
106.91,120.98,81.05
107.16,120.83,81.22
107.16,120.78,85.16
106.88,121.06,85.03
106.78,121.35,79.29
106.81,121.24,79.79
107.01,121.31,80.89
107.14,121.15,81.12
106.99,121.39,84.95
106.76,121.79,78.47
107.01,121.72,78.31
107.05,121.53,78.87
107.02,121.37,79.52
107.05,121.44,80.10
107.08,121.52,80.57
107.02,121.79,84.92
106.81,121.98,78.11
106.87,122.24,77.79
107.13,121.90,77.95
107.03,122.26,84.83
106.92,122.62,77.53
106.91,122.76,84.70
106.86,123.11,77.46
106.84,123.13,84.42
107.05,122.89,84.52
107.11,123.05,84.25
106.86,123.56,77.45
106.92,123.33,83.99
107.12,123.22,83.96
107.06,123.38,83.62
106.92,123.99,77.46
106.98,123.74,82.63
106.93,123.89,82.30
106.95,123.62,83.03
107.04,124.36,77.49
106.97,124.04,81.97
106.93,124.23,81.64
106.68,124.66,78.01
106.94,124.65,77.79
107.07,124.67,80.73
106.84,124.79,80.41
107.08,124.46,81.13
106.85,124.85,78.26
107.09,125.04,78.82
107.00,124.98,79.49
106.95,124.89,80.03
107.15,115.97,83.24
107.29,116.05,82.78
107.39,115.76,83.05
107.33,115.73,83.56
107.12,116.01,83.87
107.42,115.76,84.33
107.24,116.06,84.43
107.43,116.02,84.78
107.29,116.44,82.48
107.08,116.22,84.31
107.26,116.30,84.80
107.22,116.79,82.34
107.44,116.87,82.14
107.46,116.59,82.26
107.17,116.64,85.03
107.09,116.89,85.17
107.41,116.82,85.36
107.11,117.10,82.30
107.36,117.29,82.06
107.44,117.23,85.50
107.39,117.71,81.94
107.42,117.66,85.55
107.39,118.13,81.88
107.41,118.09,85.56
107.39,118.53,81.89
107.41,118.50,85.59
107.40,118.89,81.92
107.40,118.90,85.62
107.42,119.24,81.91
107.40,119.32,85.65
107.54,119.62,81.84
107.40,119.75,85.61
107.34,120.20,81.52
107.53,119.96,81.70
107.41,120.15,85.48
107.34,120.56,81.37
107.44,120.48,85.30
107.50,120.82,81.36
107.51,120.69,85.13
107.39,121.00,84.97
107.27,121.32,81.11
107.47,121.15,81.26
107.44,121.39,84.79
107.32,121.63,78.34
107.50,121.52,78.85
107.33,121.53,79.51
107.33,121.69,80.05
107.63,121.82,79.85
107.27,121.73,80.41
107.38,121.73,80.75
107.53,121.50,81.10
107.36,121.82,84.74
107.29,122.20,77.58
107.54,121.82,77.94
107.49,121.93,80.26
107.48,121.95,80.52
107.38,122.14,84.64
107.57,121.90,84.54
107.58,122.23,84.38
107.25,122.51,77.33
107.41,122.65,77.22
107.55,122.40,77.32
107.26,122.61,84.47
107.55,122.61,84.12
107.15,122.83,77.29
107.42,122.94,77.18
107.32,123.02,83.91
107.54,122.84,83.87
107.53,123.01,83.53
107.13,123.24,77.27
107.45,123.34,77.14
107.27,123.57,82.62
107.52,123.35,82.61
107.53,123.48,82.28
107.29,123.32,83.28
107.52,123.22,82.98
107.16,123.67,77.26
107.49,123.78,77.09
107.28,123.87,81.97
107.60,123.62,81.91
107.58,123.88,81.62
107.23,124.08,77.27
107.55,124.24,77.12
107.34,124.17,81.48
107.62,124.12,81.33
107.47,124.34,81.17
107.29,124.39,77.32
107.19,124.61,77.55
107.48,124.55,80.83
107.25,124.78,80.43
107.27,124.93,77.98
107.32,125.15,78.59
107.48,125.18,78.31
107.36,125.17,79.03
107.41,125.08,79.48
107.38,124.91,79.99
107.57,125.25,78.81
107.61,115.28,83.85
107.69,115.23,83.31
107.74,115.06,83.62
107.81,114.98,84.31
107.67,115.27,84.43
107.82,115.20,84.78
107.55,115.49,83.28
107.70,115.63,82.73
107.78,115.31,82.94
107.47,115.53,83.84
107.55,115.45,84.26
107.70,115.48,84.78
107.70,116.02,82.43
107.65,115.82,84.98
107.59,116.16,85.14
107.91,115.92,85.34
107.62,116.34,82.29
107.82,116.47,82.12
107.89,116.15,82.23
107.45,116.47,85.21
107.82,116.39,85.43
107.82,116.86,81.96
107.84,116.85,85.54
107.82,117.28,81.86
107.84,117.27,85.58
107.84,117.69,81.83
107.84,117.68,85.60
107.83,118.09,81.86
107.84,118.07,85.60
107.82,118.50,81.93
107.84,118.46,85.62
107.80,118.89,81.97
107.84,118.87,85.63
107.82,119.27,81.96
107.84,119.31,85.60
107.93,119.57,81.94
107.82,119.75,85.51
107.70,120.20,81.63
107.93,119.97,81.85
107.82,120.16,85.35
107.69,120.53,81.52
107.95,120.34,81.71
107.72,120.47,85.21
107.97,120.32,85.17
107.85,120.63,84.98
107.82,120.93,81.48
107.82,121.02,84.71
107.95,121.33,81.44
107.77,121.29,84.60
107.93,121.17,84.53
107.97,121.42,84.33
107.70,121.59,78.41
107.79,121.54,78.83
107.71,121.61,79.28
107.98,121.82,79.57
107.79,121.82,80.94
107.91,121.64,81.20
107.67,121.59,84.56
107.82,121.89,84.24
107.82,122.12,77.59
108.02,121.78,78.13
107.71,122.08,80.17
107.95,122.06,79.98
107.69,122.12,80.41
107.72,122.03,80.66
107.78,122.33,84.04
107.67,122.67,77.21
107.87,122.44,77.34
107.94,122.20,80.26
107.95,122.18,80.49
107.72,122.69,83.75
107.90,122.45,83.69
107.88,122.65,83.41
107.74,123.01,77.15
107.73,123.14,82.59
107.94,122.94,82.44
107.87,123.13,82.19
107.73,122.92,83.23
107.91,122.79,82.93
107.84,123.41,76.99
107.74,123.35,82.09
107.88,123.24,81.96
107.84,123.53,81.69
107.84,123.94,76.91
107.77,123.90,81.42
107.84,124.27,76.97
107.79,124.05,81.26
107.76,124.24,81.07
107.46,124.62,77.39
107.85,124.60,77.13
107.86,124.44,80.77
107.76,124.69,80.41
107.68,124.92,77.52
107.61,125.13,77.93
107.94,125.16,77.74
107.56,125.20,79.26
107.74,125.14,79.53
107.90,124.94,79.88
107.82,125.27,78.34
107.83,125.31,78.81
107.85,125.25,79.20
108.01,114.45,83.85
108.14,114.34,83.39
108.15,114.22,83.82
108.27,114.15,84.36
108.07,114.43,84.42
108.25,114.35,84.79
108.01,114.65,83.22
108.21,114.78,82.76
108.21,114.50,82.94
107.85,114.80,83.69
107.92,114.65,84.22
108.09,114.65,84.77
107.89,115.01,83.10
108.14,115.22,82.57
108.04,114.99,84.98
107.99,115.31,85.15
108.30,115.07,85.36
108.05,115.64,82.39
107.89,115.61,85.20
108.22,115.53,85.45
108.05,115.90,82.26
108.24,116.02,82.12
108.29,115.70,82.22
108.23,116.01,85.54
108.26,116.42,81.96
108.22,116.46,85.57
108.27,116.83,81.86
108.23,116.87,85.59
108.27,117.24,81.83
108.26,117.25,85.60
108.27,117.65,81.88
108.27,117.64,85.60
108.26,118.06,81.96
108.26,118.03,85.61
108.26,118.47,82.05
108.27,118.45,85.59
108.18,118.93,82.08
108.26,118.88,85.55
108.18,119.32,82.11
108.27,119.37,85.43
108.23,119.70,82.12
108.16,119.82,85.34
108.31,120.03,82.15
108.12,120.09,85.23
108.29,119.96,85.18
108.27,120.26,84.93
108.07,120.67,81.72
108.27,120.39,82.03
108.16,120.71,84.64
108.16,121.05,81.71
108.36,120.84,82.05
108.13,121.06,84.40
108.35,120.83,84.27
108.36,121.05,84.07
108.21,121.26,81.69
108.37,121.26,81.99
108.24,121.33,84.02
108.42,121.20,83.74
108.36,121.50,83.56
107.98,121.60,78.61
108.01,121.64,79.07
108.09,121.82,81.10
108.18,121.64,81.41
108.25,121.44,81.67
108.36,122.01,82.25
108.33,121.95,82.72
108.41,121.78,82.42
108.40,121.75,82.76
108.14,121.73,83.81
108.30,121.76,83.37
108.25,122.04,77.79
108.49,121.87,78.20
108.32,121.72,78.77
108.26,121.79,79.33
108.32,122.00,79.79
108.17,122.05,80.76
108.36,121.89,81.20
108.23,122.27,82.60
108.33,122.26,82.11
108.34,121.84,83.04
108.21,122.03,83.24
107.99,122.14,83.75
108.00,122.72,77.28
108.23,122.40,77.51
108.19,122.17,80.11
108.27,122.19,80.37
108.23,122.54,82.11
108.37,122.39,81.83
108.32,122.70,81.71
108.08,122.66,82.55
108.04,122.43,83.20
108.09,123.02,77.19
108.33,122.77,77.40
108.06,123.01,81.95
108.27,123.01,81.57
108.05,123.41,76.82
108.24,123.45,76.63
108.24,123.18,76.96
108.36,122.97,77.29
108.15,123.35,81.50
108.38,123.15,81.38
108.37,123.46,81.24
108.04,123.66,76.76
108.34,123.85,76.55
108.01,123.84,81.26
108.37,123.82,81.03
108.12,123.98,76.74
108.17,124.36,76.87
108.10,124.17,80.91
108.43,124.10,80.78
108.16,124.41,80.60
108.28,124.82,77.07
108.22,124.64,80.26
108.05,124.97,77.32
108.25,125.19,77.58
108.00,125.13,79.56
108.28,125.05,79.62
108.17,125.21,79.32
108.38,124.83,79.93
108.31,125.31,78.13
108.16,125.30,78.82
108.41,110.37,70.19
108.53,110.42,69.65
108.53,110.13,69.82
108.48,110.09,70.32
108.38,110.36,70.76
108.47,110.14,70.83
108.38,110.72,70.08
108.54,110.81,69.60
108.31,110.70,70.69
108.46,110.34,71.21
108.37,110.69,71.39
108.64,110.42,71.84
108.47,110.77,71.99
108.65,110.68,72.32
108.41,111.09,70.03
108.55,111.15,69.69
108.30,111.10,70.59
108.27,111.12,71.27
108.35,111.13,71.99
108.52,110.97,72.41
108.49,111.38,70.01
108.39,111.50,70.52
108.52,111.65,70.26
108.30,111.52,71.17
108.31,111.54,71.84
108.45,111.27,72.51
108.39,111.54,72.42
108.51,111.49,72.78
108.49,111.83,70.65
108.41,111.87,71.09
108.55,112.08,70.98
108.37,111.91,71.71
108.40,111.89,72.32
108.52,111.81,72.80
108.52,112.20,71.53
108.49,112.22,72.19
108.53,112.14,72.68
108.36,114.00,83.78
108.57,113.91,83.35
108.57,113.77,83.78
108.66,113.69,84.30
108.45,113.90,84.32
108.57,113.89,84.73
108.37,114.22,83.10
108.55,114.43,82.69
108.63,114.09,82.91
108.49,114.15,84.98
108.41,114.46,85.15
108.71,114.26,85.35
108.62,114.83,82.47
108.30,114.77,85.20
108.61,114.69,85.47
108.53,115.14,82.35
108.66,115.27,82.25
108.82,115.05,82.34
108.62,115.16,85.63
108.39,115.41,82.29
108.61,115.59,82.17
108.55,115.66,85.66
108.66,116.00,82.04
108.60,116.14,85.65
108.68,116.41,81.95
108.53,116.54,85.60
108.68,116.83,81.91
108.63,116.85,85.60
108.68,117.23,81.95
108.68,117.23,85.59
108.72,117.63,82.08
108.69,117.64,85.57
108.61,118.05,82.13
108.68,118.07,85.54
108.62,118.30,82.20
108.54,118.62,82.25
108.85,118.36,82.43
108.69,118.54,85.44
108.50,119.04,82.33
108.84,118.77,82.62
108.60,118.98,85.38
108.51,119.49,82.46
108.75,119.22,82.73
108.60,119.29,85.26
108.75,119.12,85.22
108.80,119.40,84.92
108.50,119.90,82.49
108.73,119.54,82.86
108.67,119.81,82.89
108.79,119.72,83.19
108.49,119.74,85.08
108.74,119.82,84.67
108.51,120.28,82.53
108.67,120.18,83.11
108.78,119.98,83.40
108.62,120.16,84.50
108.79,120.02,84.33
108.75,120.20,84.08
108.53,120.66,82.51
108.62,120.55,83.10
108.76,120.20,83.68
108.66,120.41,83.81
108.46,120.54,84.35
108.51,121.06,82.53
108.59,120.88,83.01
108.53,120.85,83.72
108.46,121.50,82.54
108.50,121.24,83.18
108.40,121.73,81.84
108.41,121.62,83.08
108.63,122.20,77.83
108.87,121.97,78.25
108.76,121.83,78.75
108.63,121.87,79.42
108.64,122.03,79.91
108.45,122.13,80.54
108.61,122.12,80.32
108.65,122.07,80.73
108.85,122.27,81.00
108.56,122.06,81.35
108.43,122.13,81.80
108.56,122.55,77.59
108.48,122.14,80.10
108.54,122.41,81.48
108.73,122.61,81.23
108.52,123.01,76.94
108.50,123.16,76.51
108.76,122.85,76.75
108.70,122.88,77.19
108.59,122.80,77.49
108.48,122.82,81.42
108.68,123.03,81.20
108.52,123.54,76.30
108.52,122.96,77.26
108.68,123.46,81.08
108.67,123.96,76.27
108.68,123.78,80.92
108.34,124.17,76.68
108.62,124.28,76.53
108.74,123.98,80.75
108.62,124.30,80.49
108.50,124.44,76.72
108.63,124.77,76.86
108.53,124.61,80.16
108.83,124.52,80.19
108.67,124.73,79.96
108.37,125.09,77.32
108.68,125.10,77.21
108.70,124.96,79.62
108.49,125.19,79.22
108.65,125.29,77.70
108.75,125.37,78.26
108.62,125.32,78.71
108.87,109.21,70.15
108.89,109.13,69.59
109.09,108.88,70.01
109.08,108.97,70.45
108.77,109.46,69.54
108.93,109.58,68.98
108.91,109.27,69.18
108.70,109.56,70.14
109.08,109.14,70.78
108.84,109.50,70.77
109.08,109.35,71.12
108.78,109.78,69.26
108.97,109.96,68.89
108.63,109.83,69.82
108.61,109.86,70.62
109.08,109.56,71.42
108.83,109.86,71.35
109.09,109.77,71.76
108.73,110.13,69.32
109.04,110.40,68.86
108.60,110.13,71.26
109.09,109.95,72.02
108.80,110.13,71.74
109.01,110.20,72.25
108.75,110.58,69.23
108.97,110.79,68.98
108.99,110.44,72.60
108.81,110.82,72.79
109.06,110.60,72.98
108.76,111.05,69.32
109.08,111.15,68.99
108.62,111.21,72.82
109.11,110.79,73.26
108.86,111.15,73.17
109.09,111.09,73.52
108.89,111.49,69.36
109.17,111.59,69.06
108.66,111.51,69.81
108.71,111.59,73.13
109.01,111.47,73.54
108.96,111.81,69.42
108.82,111.91,69.86
108.94,112.07,69.67
108.65,111.96,70.44
108.71,112.11,73.12
108.91,111.86,73.42
108.90,112.23,70.02
108.83,112.28,70.44
108.97,112.47,70.30
108.73,112.41,71.16
108.65,112.51,71.99
108.65,112.48,72.74
108.83,112.48,73.27
109.01,112.23,73.49
108.75,112.46,75.10
108.89,112.34,74.54
108.91,112.13,74.82
108.89,112.09,75.40
108.77,112.41,75.82
108.95,112.12,76.07
108.88,112.39,76.33
109.12,112.19,76.54
108.95,112.60,70.81
108.92,112.71,71.29
108.84,112.74,71.73
108.97,112.85,71.53
108.79,112.84,72.45
108.84,112.80,73.22
109.14,112.61,73.56
108.78,112.77,74.48
109.06,112.68,73.95
109.03,112.42,74.21
108.65,112.85,75.13
108.67,112.78,75.68
108.79,112.71,76.27
109.05,112.57,76.72
109.04,113.01,71.88
108.91,113.10,72.50
108.84,113.10,72.97
108.93,113.23,72.75
109.09,112.79,73.68
108.84,113.11,73.77
108.69,113.23,74.48
108.63,113.18,75.00
108.62,113.17,75.61
108.75,113.15,76.31
108.94,112.94,76.72
109.00,113.39,73.10
108.87,113.51,73.74
108.75,113.60,74.33
108.91,113.78,73.97
108.63,113.58,74.98
108.60,113.57,75.58
108.67,113.57,76.22
109.05,113.24,77.00
108.84,113.57,76.82
109.06,113.55,77.29
108.79,113.58,83.73
109.00,113.48,83.35
108.97,113.37,83.73
108.96,113.34,84.13
108.83,113.47,84.22
108.92,113.46,84.62
108.84,113.99,74.45
108.97,113.99,74.09
108.69,113.99,75.00
108.61,113.99,75.63
108.63,113.99,76.26
108.76,113.99,76.91
108.94,113.85,77.33
108.82,113.79,83.10
108.98,114.01,82.69
109.08,113.65,82.92
108.83,113.73,84.97
108.73,113.97,85.15
108.94,113.97,85.40
109.04,114.22,74.26
108.84,114.36,74.94
109.00,114.44,74.62
108.68,114.40,75.65
108.63,114.41,76.31
108.69,114.41,76.91
108.89,114.14,77.45
108.82,114.40,77.42
108.95,114.35,77.77
109.02,114.42,82.50
108.95,114.37,85.63
109.03,114.65,74.88
108.82,114.78,75.57
108.97,114.85,75.26
108.69,114.82,76.31
108.69,114.83,76.94
108.78,114.78,77.48
108.94,114.68,77.91
109.15,114.78,82.44
108.91,114.78,85.73
109.00,115.06,75.51
108.80,115.21,76.22
108.94,115.33,75.93
108.73,115.24,76.90
108.78,115.20,77.48
108.91,115.11,77.98
108.91,115.30,82.26
109.11,115.09,82.37
108.91,115.06,85.81
108.85,115.39,85.80
109.13,115.13,85.94
108.86,115.52,76.29
108.81,115.63,76.78
108.92,115.80,76.44
108.80,115.60,77.40
108.89,115.53,77.95
108.97,115.64,82.18
108.84,115.79,85.78
109.12,115.53,85.92
108.87,115.96,76.85
108.96,116.09,76.66
108.85,115.95,77.28
108.91,115.91,77.82
109.02,116.04,82.10
108.92,116.10,85.74
109.13,115.90,85.85
108.92,116.22,77.14
108.93,116.19,77.63
109.03,116.46,82.06
109.19,116.19,85.75
108.91,116.44,85.64
109.03,116.87,82.07
109.05,116.85,85.57
109.05,117.22,82.15
109.09,117.27,85.51
109.18,117.48,82.39
108.95,117.83,82.33
109.23,117.76,82.62
109.10,117.75,85.39
108.83,118.10,82.31
109.10,118.08,82.64
109.01,118.18,85.35
109.09,118.47,82.80
109.02,118.51,85.22
109.20,118.34,85.06
109.19,118.64,84.85
109.10,118.76,82.98
109.01,119.08,83.15
109.19,118.89,83.31
108.92,118.91,85.08
109.15,118.94,84.61
108.87,119.46,83.21
109.17,119.08,83.61
109.03,119.37,83.80
109.02,119.25,84.51
109.19,119.07,84.11
108.88,119.74,83.65
108.89,119.69,84.30
108.82,120.02,83.93
108.95,122.19,78.01
109.10,122.10,78.31
109.09,121.98,78.70
109.03,121.94,79.32
108.90,122.02,80.07
108.70,122.09,80.11
109.16,122.08,80.29
109.00,122.09,80.56
108.88,122.53,77.77
109.12,122.32,78.15
109.22,122.26,80.55
109.06,122.63,80.95
108.76,122.95,76.22
109.02,122.94,75.91
108.99,122.71,76.28
109.08,122.62,76.86
109.01,122.71,77.47
108.75,122.80,77.46
109.02,123.10,81.00
108.75,123.24,76.05
109.09,123.32,75.79
108.97,123.48,80.95
108.83,123.66,76.01
109.20,123.81,75.83
108.92,123.75,80.85
109.15,123.57,80.83
109.07,123.89,80.67
108.92,124.02,76.06
108.89,124.30,76.26
109.11,124.22,80.43
108.73,124.60,76.64
108.88,124.56,76.45
109.22,124.49,80.17
108.98,124.74,79.89
109.01,124.86,76.57
109.02,125.13,76.96
109.15,124.97,79.51
108.90,125.18,79.15
109.13,125.33,77.51
109.10,125.38,78.12
109.05,125.32,78.66
109.25,108.65,69.37
109.40,108.56,69.05
109.46,108.43,69.53
109.40,108.50,69.81
109.20,108.69,69.75
109.48,108.58,70.28
109.24,108.87,68.87
109.42,109.07,68.45
109.44,108.74,68.63
109.05,108.95,69.32
109.37,108.80,70.66
109.20,108.94,70.73
109.38,108.96,71.01
109.14,109.29,68.76
109.45,109.50,68.35
109.41,109.18,71.34
109.20,109.38,71.38
109.39,109.40,71.67
109.19,109.74,68.60
109.51,109.91,68.35
109.42,109.61,72.01
109.23,109.80,72.03
109.42,109.81,72.33
109.27,110.14,68.59
109.61,110.31,68.41
109.43,110.02,72.63
109.20,110.22,72.62
109.37,110.25,72.91
109.34,110.46,68.60
109.29,110.81,68.72
109.28,110.44,73.08
109.23,110.58,73.19
109.51,110.55,73.48
109.45,111.26,68.76
109.40,110.88,73.80
109.23,111.22,73.96
109.46,111.02,74.20
109.43,111.57,68.84
109.22,111.58,73.92
109.44,111.17,74.51
109.25,111.45,74.49
109.47,111.31,75.02
109.28,111.53,75.23
109.49,111.40,75.49
109.10,112.02,69.35
109.42,111.92,68.98
109.45,111.84,73.85
109.23,111.90,73.66
109.26,111.75,74.19
109.49,111.97,73.94
109.09,111.80,74.86
109.42,111.56,75.82
109.13,111.80,75.73
109.35,111.74,76.19
109.17,111.93,76.28
109.43,111.94,76.55
109.27,112.34,69.34
109.57,112.32,69.06
109.06,112.39,69.82
109.41,112.33,73.67
109.13,112.07,74.32
109.40,112.32,73.94
109.44,112.27,76.86
109.44,112.60,69.35
109.30,112.68,69.76
109.59,112.85,69.64
109.17,112.75,70.40
109.12,112.89,71.16
109.64,112.63,73.72
109.43,112.63,73.80
109.33,112.57,77.00
109.20,112.82,77.01
109.55,112.68,77.18
109.49,112.95,70.16
109.43,113.03,70.76
109.38,113.11,71.37
109.31,113.21,71.84
109.60,113.28,71.56
109.12,113.26,72.38
109.50,112.73,73.73
109.12,113.03,77.01
109.45,112.99,77.32
109.17,113.18,83.75
109.40,113.04,83.34
109.36,112.94,83.72
109.34,112.91,84.19
109.14,113.20,84.61
109.34,112.95,84.89
109.25,113.25,85.28
109.37,113.04,85.39
109.43,113.34,72.02
109.36,113.49,72.52
109.22,113.67,73.09
109.41,113.67,72.76
109.01,113.66,73.52
109.41,113.31,77.63
109.20,113.72,77.76
109.44,113.52,77.99
109.24,113.35,83.11
109.40,113.58,82.71
109.48,113.22,82.94
109.09,113.58,85.23
109.37,113.27,85.63
109.32,113.56,85.67
109.54,113.39,85.90
109.46,113.84,72.98
109.16,113.93,73.63
109.41,114.02,73.34
109.05,114.09,77.78
109.40,113.71,78.14
109.28,114.00,78.16
109.57,113.79,78.42
109.44,114.00,82.51
109.23,114.02,85.73
109.55,113.80,85.98
109.39,114.25,73.69
109.19,114.47,74.31
109.39,114.48,74.00
109.15,114.44,78.20
109.49,114.22,78.60
109.50,114.37,82.46
109.20,114.51,85.87
109.54,114.25,86.03
109.38,114.68,74.33
109.17,114.87,74.94
109.37,114.88,74.63
109.12,114.96,78.42
109.34,114.68,78.67
109.58,114.67,82.48
109.11,114.85,85.89
109.46,114.74,86.04
109.39,115.09,74.92
109.16,115.33,75.53
109.51,115.42,75.19
109.06,115.41,78.41
109.33,114.99,78.80
109.27,115.28,78.79
109.52,115.09,79.03
109.22,115.36,82.34
109.47,115.04,82.47
109.47,115.21,86.03
109.27,115.62,75.63
109.53,115.67,75.41
109.02,115.59,75.99
109.04,115.82,78.35
109.24,115.66,78.78
109.50,115.46,79.08
109.29,115.74,82.29
109.55,115.46,82.45
109.46,115.67,85.94
109.39,115.84,75.66
109.14,115.98,76.13
109.47,116.13,75.80
109.04,116.24,78.19
109.23,116.07,78.74
109.47,115.86,79.10
109.33,116.16,82.24
109.60,115.87,82.42
109.36,115.99,85.84
109.27,116.43,76.24
109.58,116.51,75.89
109.05,116.44,76.84
109.01,116.51,77.67
109.11,116.61,78.27
109.25,116.49,78.70
109.46,116.29,79.09
109.34,116.57,82.24
109.63,116.30,82.42
109.48,116.15,85.74
109.41,116.45,85.60
109.35,116.73,76.23
109.18,116.87,76.76
109.34,117.03,76.40
109.08,116.88,77.48
109.10,116.84,78.05
109.25,116.91,78.58
109.50,116.75,79.08
109.32,116.96,82.29
109.62,116.73,82.48
109.49,116.94,85.39
109.24,117.27,76.84
109.35,117.25,76.51
109.16,117.26,77.42
109.19,117.21,78.12
109.33,117.26,78.66
109.44,117.12,78.94
109.28,117.21,82.33
109.54,117.18,82.63
109.42,117.41,85.28
109.39,117.51,76.73
109.25,117.58,77.33
109.36,117.80,77.22
109.24,117.58,77.93
109.33,117.55,78.50
109.40,117.91,83.10
109.45,117.57,82.83
109.58,117.69,83.27
109.43,117.75,85.05
109.59,117.55,84.96
109.59,117.75,84.69
109.33,117.87,77.77
109.36,117.83,78.29
109.30,118.28,83.20
109.57,117.86,83.60
109.47,118.12,83.84
109.48,117.99,84.59
109.61,117.84,84.17
109.29,118.06,85.05
109.25,118.63,83.26
109.36,118.51,83.79
109.36,118.36,84.52
109.28,118.85,83.71
109.29,118.75,84.29
109.27,122.28,78.63
109.27,122.11,79.16
109.30,122.17,79.86
109.26,122.49,76.47
109.30,122.63,75.99
109.55,122.37,76.26
109.52,122.34,76.83
109.31,122.47,76.96
109.52,122.43,77.30
109.24,122.59,78.20
109.42,122.61,78.75
109.45,122.44,79.28
109.52,122.46,79.83
109.47,122.42,80.25
109.37,122.53,80.63
109.56,122.71,80.39
109.40,122.95,75.72
109.36,122.60,77.50
109.41,122.76,78.07
109.69,122.92,78.54
109.49,122.83,78.60
109.56,122.80,79.11
109.61,122.71,79.62
109.35,122.85,80.75
109.61,123.10,80.44
109.49,123.38,75.66
109.70,123.00,78.99
109.72,122.98,79.48
109.28,123.25,80.82
109.43,123.51,80.65
109.57,123.74,75.69
109.48,123.88,80.52
109.11,124.22,76.02
109.47,124.18,75.84
109.50,124.22,80.36
109.17,124.57,76.18
109.58,124.62,75.96
109.58,124.48,80.15
109.38,124.72,79.85
109.38,124.94,76.29
109.28,125.15,76.65
109.62,125.20,76.52
109.62,124.95,79.37
109.33,125.17,79.06
109.47,125.32,77.05
109.56,125.40,77.59
109.44,125.39,77.97
109.49,125.31,78.51
109.67,108.28,69.34
109.75,108.29,68.90
109.98,108.08,69.31
109.92,108.09,69.78
109.59,108.49,68.76
109.71,108.72,68.34
109.72,108.43,68.61
109.80,108.29,70.09
109.87,108.46,70.61
109.73,109.23,68.13
109.79,108.64,70.86
109.71,108.84,71.15
109.61,108.98,71.30
109.91,109.02,71.55
109.81,109.69,68.12
109.75,109.27,71.83
109.61,109.42,71.97
109.92,109.44,72.22
109.78,110.05,68.24
109.76,109.68,72.50
109.64,109.83,72.64
109.92,109.85,72.88
109.92,110.30,68.26
109.73,110.11,73.11
109.56,110.31,73.24
109.88,110.29,73.45
109.56,110.64,68.53
109.90,110.65,68.39
109.97,110.49,73.77
109.67,110.94,68.57
110.03,111.04,68.47
109.80,110.69,73.99
109.77,110.89,74.37
109.64,111.02,74.56
109.87,110.98,74.80
109.80,111.23,68.60
109.75,111.58,68.72
109.76,111.12,75.02
109.74,111.29,75.51
109.66,111.43,75.85
109.97,111.41,76.00
109.83,112.00,68.82
109.75,111.99,73.78
109.73,112.12,73.73
109.90,112.20,73.79
109.70,111.65,76.28
109.91,111.99,76.75
109.95,112.35,68.96
109.84,112.44,73.73
109.80,112.46,73.80
109.78,112.27,77.00
109.59,112.45,77.08
109.93,112.48,77.17
109.73,112.64,69.23
109.96,112.89,69.56
110.11,112.65,73.75
109.88,112.67,73.77
109.91,112.74,77.41
109.60,112.76,83.69
109.87,112.75,83.26
109.93,112.58,83.54
109.87,112.45,84.09
109.56,112.68,84.48
109.78,112.45,84.83
109.55,112.76,85.23
109.80,112.51,85.45
109.69,112.79,85.71
109.92,112.62,85.91
109.83,113.05,70.03
109.72,113.11,70.48
109.75,113.20,70.99
109.91,113.32,71.32
109.96,112.75,73.76
109.89,112.93,77.69
109.64,113.07,77.65
109.81,113.11,77.91
109.67,112.96,83.11
109.75,113.23,82.76
110.01,112.93,82.95
109.52,113.05,85.69
109.81,113.06,86.02
109.80,113.46,71.86
109.63,113.66,72.45
109.99,113.68,72.12
109.69,113.33,78.11
109.59,113.55,78.25
109.91,113.46,78.46
109.83,113.58,82.56
109.84,113.54,86.13
109.80,113.86,72.59
109.63,114.06,73.07
109.98,114.07,72.75
109.89,113.85,78.76
109.89,113.97,82.48
109.87,113.96,86.16
109.78,114.28,73.22
109.61,114.49,73.72
109.97,114.49,73.37
109.77,114.20,78.90
109.63,114.51,78.91
109.95,114.31,79.07
109.92,114.36,82.49
109.89,114.37,86.17
109.77,114.69,73.86
109.60,114.88,74.35
109.97,114.89,74.02
109.51,114.82,78.94
109.84,114.72,79.14
109.91,114.75,82.52
109.88,114.81,86.13
109.78,115.08,74.47
109.68,115.24,74.80
109.98,115.27,74.61
109.83,115.14,79.27
109.89,115.16,82.54
109.88,115.27,86.01
109.83,115.42,74.91
109.92,115.69,75.18
109.81,115.58,79.36
109.91,115.57,82.54
109.78,115.66,85.90
110.08,115.50,85.85
109.91,115.79,85.78
109.68,115.91,75.48
109.86,116.23,75.60
109.73,116.05,79.37
109.94,115.99,82.56
109.63,115.92,85.82
109.83,116.10,85.64
109.87,116.49,75.71
109.72,116.46,79.38
109.98,116.43,82.70
109.86,116.53,85.37
109.52,116.84,76.07
109.85,116.80,75.84
109.76,116.81,79.40
109.87,116.88,82.81
109.83,116.91,85.10
109.98,116.71,85.13
110.02,116.87,84.80
109.56,117.18,76.22
109.99,117.26,75.92
109.50,117.44,78.94
109.69,117.17,79.27
109.83,117.15,83.03
109.71,117.41,83.25
109.84,117.36,83.96
109.95,117.17,83.52
109.87,117.18,84.61
110.02,117.07,84.18
109.67,117.26,85.02
109.66,117.55,76.32
109.51,117.84,76.81
109.75,117.90,76.39
109.54,117.86,78.79
109.74,117.64,79.25
109.69,117.64,83.77
109.71,117.53,84.48
109.62,118.16,76.85
109.88,118.28,76.39
109.47,118.11,77.45
109.49,118.14,78.27
109.66,118.21,78.82
109.83,118.09,79.23
109.71,118.49,76.87
109.90,118.67,76.57
109.58,118.40,77.28
109.60,118.50,77.91
109.69,118.48,78.58
109.86,118.47,79.05
109.77,118.75,76.94
109.68,118.70,77.37
109.78,118.94,77.24
109.71,118.83,77.89
109.77,118.79,78.38
109.88,118.74,78.83
109.76,118.98,77.62
109.74,122.56,75.81
109.84,122.24,76.12
109.79,122.19,76.64
109.85,122.29,77.43
109.65,122.51,77.69
109.85,122.53,77.95
109.60,122.62,80.03
109.82,123.02,75.62
109.70,122.72,78.10
109.99,122.87,78.58
109.69,122.88,79.99
109.87,123.44,75.62
109.92,123.06,78.97
109.87,123.12,79.34
109.87,123.17,79.88
109.82,123.51,80.33
109.87,123.83,75.67
109.82,123.96,80.36
109.89,124.23,75.74
109.77,124.27,80.28
110.01,124.60,75.86
109.81,124.41,80.15
109.80,124.62,79.84
109.79,124.95,76.13
110.02,125.16,76.44
109.67,125.16,78.91
110.02,125.07,78.83
109.85,125.23,78.55
110.04,124.83,79.35
109.89,125.31,76.88
109.81,125.37,77.36
109.86,125.33,77.97
109.93,108.29,68.62
110.22,108.16,68.37
110.24,107.99,69.01
110.30,107.92,69.58
110.17,107.99,69.90
110.04,108.08,70.08
110.31,108.14,70.35
110.05,108.52,68.10
110.31,108.65,67.76
110.30,108.33,67.95
110.20,108.37,70.70
110.11,108.54,70.95
110.45,108.59,71.09
110.01,108.95,67.93
110.35,109.06,67.70
110.16,108.76,71.28
110.41,108.99,71.67
110.05,109.38,67.90
110.42,109.50,67.76
110.21,109.20,71.96
110.43,109.39,72.30
110.12,109.71,67.95
110.09,110.04,68.09
110.21,109.61,72.62
110.41,109.81,72.94
110.25,110.49,68.18
110.17,110.05,73.24
110.32,110.29,73.58
110.25,110.85,68.32
110.28,110.50,73.91
110.11,110.61,74.07
110.43,110.61,74.16
110.43,111.19,68.40
110.20,110.76,74.42
110.15,110.91,74.85
110.07,111.03,75.14
110.42,111.02,75.30
110.12,111.38,68.56
110.22,111.75,68.67
110.15,111.20,75.58
110.41,111.44,76.10
110.19,112.09,68.80
110.02,112.15,73.73
110.16,111.66,76.42
110.35,111.90,76.66
110.39,112.34,68.97
110.25,112.31,73.74
110.24,112.42,73.73
110.28,112.52,73.76
110.05,112.25,76.99
110.38,112.18,76.88
110.01,112.24,84.55
110.16,112.21,84.09
110.17,112.10,84.43
110.20,112.06,84.86
110.00,112.25,85.17
110.29,112.06,85.63
110.02,112.33,85.68
110.20,112.38,86.07
110.16,112.63,69.21
110.40,112.86,69.58
110.45,112.68,73.75
110.25,112.73,73.77
110.27,112.38,77.09
110.36,112.60,77.36
110.24,112.64,83.22
110.19,112.38,83.63
110.14,112.77,86.23
110.26,113.05,70.01
110.11,113.18,70.54
110.10,113.27,70.99
110.43,113.27,70.93
110.37,112.77,73.77
110.28,112.80,77.73
110.16,112.99,78.04
109.99,113.18,78.22
110.30,113.17,78.38
110.16,113.22,82.71
110.43,112.93,82.93
110.19,113.27,86.28
110.25,113.38,71.37
110.19,113.54,71.75
110.38,113.68,71.98
110.35,113.48,78.72
110.26,113.57,82.57
110.14,113.69,86.24
110.17,113.87,72.34
110.36,114.08,72.59
110.21,113.80,78.95
110.00,114.04,78.99
110.27,114.01,79.09
110.31,113.96,82.52
110.24,114.03,86.23
110.16,114.29,72.95
110.36,114.50,73.21
110.28,114.33,79.22
110.33,114.37,82.55
110.28,114.42,86.19
110.16,114.70,73.59
110.38,114.90,73.87
110.27,114.74,79.38
110.31,114.80,82.59
110.30,114.81,86.08
110.17,115.10,74.25
110.37,115.30,74.53
110.13,115.18,79.48
110.29,115.22,82.62
110.31,115.15,85.92
110.16,115.49,74.83
110.35,115.69,75.02
110.12,115.47,79.56
110.04,115.80,79.58
110.36,115.51,79.72
110.33,115.64,82.70
110.38,115.36,85.78
110.26,115.70,85.64
110.01,115.99,75.39
110.38,115.95,75.27
110.00,116.21,79.60
110.34,115.91,79.78
110.27,116.06,82.75
110.26,116.14,85.36
110.21,116.19,75.46
110.19,116.49,75.61
109.99,116.61,79.61
110.32,116.33,79.80
110.39,116.32,83.05
110.19,116.70,83.16
110.45,116.52,83.42
110.17,116.54,85.06
110.36,116.32,85.12
110.40,116.47,84.78
110.30,116.87,75.71
109.99,116.99,79.58
110.30,116.74,79.79
110.01,116.98,83.20
110.37,116.68,83.65
110.18,116.89,83.74
110.21,116.76,84.48
110.40,116.64,84.18
110.39,117.18,75.74
109.99,117.40,79.55
110.30,117.15,79.77
109.93,117.65,76.07
110.29,117.59,75.84
110.03,117.82,79.53
110.31,117.57,79.76
110.04,117.96,76.07
110.40,118.07,75.86
110.09,118.16,79.53
110.36,118.02,79.74
110.13,118.27,76.06
110.11,118.57,76.19
110.28,118.36,79.63
110.08,118.44,79.40
109.89,118.99,76.89
110.11,119.00,76.41
109.86,119.10,78.13
109.99,119.04,78.72
110.17,118.87,79.22
110.00,119.35,76.94
110.17,119.45,76.49
109.89,119.26,77.56
109.95,119.35,78.11
110.07,119.38,78.56
110.25,119.29,79.03
110.04,119.74,76.95
110.16,119.78,76.57
109.97,119.70,77.52
110.02,119.64,78.17
110.17,119.69,78.67
110.28,119.57,78.92
110.08,119.99,76.85
110.02,120.18,77.36
110.08,120.22,76.86
110.04,120.07,78.08
110.17,119.99,78.61
110.09,120.49,76.96
110.23,120.66,76.57
110.18,120.38,76.60
110.06,120.69,77.44
110.06,120.52,78.04
110.17,120.39,78.58
110.14,120.79,76.93
110.25,120.94,76.67
110.13,120.92,77.19
110.11,120.98,77.51
110.11,120.96,77.99
110.16,121.21,77.72
110.19,120.81,78.53
110.20,121.02,76.94
110.16,121.26,78.10
110.21,121.43,77.99
110.22,121.18,78.46
110.19,121.81,76.47
110.29,121.81,76.00
110.34,121.61,76.19
110.28,121.65,76.53
110.24,121.44,78.32
110.04,122.03,76.31
110.17,122.21,75.76
110.20,121.80,76.83
110.04,122.01,76.94
110.18,121.91,77.26
110.06,122.08,77.39
110.13,122.13,77.71
110.16,122.70,75.58
110.06,122.42,78.06
109.97,122.66,78.26
110.18,122.63,78.46
110.26,123.16,75.57
110.25,122.83,78.76
110.18,123.54,75.62
110.21,123.02,79.02
110.14,123.19,79.49
110.10,123.38,79.97
110.38,123.41,79.84
110.24,123.85,75.65
110.15,123.70,80.16
110.46,123.78,80.00
110.30,124.23,75.72
110.07,124.20,80.10
110.45,124.20,79.88
110.40,124.55,75.85
110.18,124.55,79.71
110.49,124.50,79.58
110.32,124.73,79.35
110.30,124.89,76.16
110.35,125.12,76.57
110.11,125.20,78.32
110.46,125.08,78.21
110.25,125.23,77.90
110.37,124.90,78.91
110.21,125.25,76.80
110.17,125.29,77.35
110.52,107.85,68.67
110.62,107.80,68.22
110.81,107.66,68.49
110.87,107.67,69.05
110.45,108.04,68.10
110.61,108.24,67.74
110.66,107.91,67.94
110.63,107.84,69.46
110.53,107.96,70.03
110.80,108.17,70.48
110.68,108.67,67.56
110.63,108.39,70.81
110.88,108.70,71.15
110.73,109.09,67.56
110.60,108.83,71.43
110.67,108.99,71.66
110.79,109.43,67.63
110.69,109.19,71.92
110.71,109.39,72.25
110.33,109.87,67.91
110.68,109.84,67.77
110.70,109.59,72.54
110.69,109.80,72.87
110.44,110.19,67.97
110.82,110.32,67.83
110.67,110.02,73.14
110.72,110.25,73.46
110.58,110.53,68.02
110.62,110.89,68.16
110.66,110.44,73.80
110.84,110.62,74.14
110.71,111.19,68.28
110.62,110.73,74.46
110.60,110.87,74.88
110.76,111.02,75.31
110.44,111.49,68.53
110.78,111.45,68.42
110.70,111.22,75.70
110.88,111.55,76.13
110.62,111.70,68.59
110.63,112.00,68.78
110.57,111.72,76.44
110.74,112.02,76.66
110.38,111.95,84.38
110.61,111.86,83.95
110.58,111.76,84.31
110.61,111.68,84.80
110.43,111.85,85.15
110.72,111.63,85.62
110.50,111.82,85.63
110.61,111.86,86.02
110.82,112.29,69.04
110.48,112.49,73.74
110.78,112.28,76.87
110.43,112.13,83.77
110.63,112.31,83.36
110.70,112.01,83.57
110.51,112.14,86.25
110.45,112.50,86.42
110.78,112.22,86.60
110.70,112.59,69.32
110.75,112.84,69.69
110.61,112.63,73.75
110.61,112.63,73.75
110.55,112.73,73.76
110.60,112.43,77.09
110.83,112.61,77.36
110.80,112.69,83.10
110.45,112.92,86.45
110.75,112.64,86.64
110.68,113.00,70.02
110.65,113.16,70.56
110.79,113.26,71.03
110.62,112.75,73.76
110.69,112.76,77.72
110.54,112.94,78.10
110.72,113.16,78.47
110.62,113.27,82.76
110.80,113.01,82.95
110.53,113.28,86.41
110.80,113.09,86.58
110.69,113.35,71.33
110.57,113.50,71.67
110.81,113.65,72.04
110.84,113.42,78.77
110.61,113.63,82.62
110.76,113.43,86.44
110.54,113.68,86.31
110.59,113.87,72.29
110.79,114.06,72.64
110.55,113.70,78.97
110.65,113.97,79.15
110.70,113.97,82.62
110.56,114.10,86.23
110.58,114.28,72.90
110.80,114.48,73.26
110.75,114.31,79.35
110.72,114.39,82.64
110.67,114.42,86.13
110.59,114.69,73.54
110.83,114.88,73.94
110.66,114.61,79.52
110.48,114.92,79.59
110.79,114.75,79.65
110.73,114.82,82.71
110.70,114.81,85.95
110.61,115.10,74.22
110.80,115.29,74.56
110.35,115.23,79.63
110.70,115.11,79.75
110.66,115.24,82.77
110.58,115.12,85.82
110.82,114.99,85.79
110.71,115.30,85.63
110.56,115.51,74.80
110.73,115.73,75.06
110.72,115.54,79.88
110.79,115.48,83.02
110.57,115.84,82.93
110.84,115.73,83.29
110.70,115.73,85.32
110.87,116.00,75.29
110.70,115.97,79.94
110.49,116.06,82.93
110.70,116.02,83.31
110.58,116.15,85.03
110.83,115.91,84.96
110.78,116.12,84.69
110.56,116.26,75.45
110.65,116.58,75.58
110.69,116.40,79.94
110.56,116.49,83.91
110.64,116.30,83.59
110.60,116.37,84.50
110.76,116.23,84.19
110.71,116.90,75.66
110.67,116.83,79.93
110.71,117.27,75.70
110.67,117.25,79.91
110.71,117.67,75.73
110.68,117.66,79.90
110.77,118.02,75.73
110.74,118.01,79.89
110.32,118.43,75.96
110.66,118.42,75.80
110.39,118.67,79.58
110.65,118.39,79.79
110.38,118.76,76.01
110.71,118.88,75.82
110.49,118.99,79.53
110.77,118.86,79.74
110.41,119.19,76.08
110.73,119.31,75.85
110.71,119.18,79.62
110.49,119.25,79.39
110.40,119.66,76.16
110.74,119.72,75.85
110.36,119.88,78.97
110.53,119.64,79.25
110.48,120.01,76.07
110.74,120.12,75.86
110.23,120.07,76.46
110.38,120.26,78.96
110.66,120.14,79.26
110.40,120.40,76.21
110.72,120.54,75.89
110.39,120.65,78.93
110.61,120.50,79.17
110.42,120.89,76.29
110.69,120.97,75.88
110.19,121.14,77.27
110.41,121.05,78.87
110.66,120.85,79.16
110.41,121.36,76.31
110.60,121.43,75.78
110.29,121.28,76.90
110.24,121.44,77.59
110.43,121.47,78.74
110.69,121.24,79.11
110.48,121.84,75.60
110.28,121.64,76.89
110.26,121.78,77.56
110.33,121.74,78.26
110.54,121.83,78.81
110.74,121.63,79.08
110.48,122.12,75.46
110.72,122.18,75.27
110.68,121.91,75.36
110.28,122.23,78.26
110.51,122.16,78.76
110.79,122.02,79.09
110.45,122.44,75.45
110.77,122.56,75.28
110.44,122.59,78.82
110.78,122.44,79.18
110.52,122.83,75.45
110.87,122.92,75.35
110.42,122.89,79.04
110.65,122.80,79.26
110.64,123.13,75.50
110.58,123.47,75.59
110.49,123.10,79.43
110.75,123.38,79.78
110.67,123.86,75.66
110.77,123.85,79.86
110.76,124.25,75.80
110.72,124.24,79.69
110.68,124.57,75.96
110.51,124.71,75.99
110.77,124.77,76.28
110.68,124.47,79.49
110.63,124.66,79.19
110.47,125.17,77.05
110.70,124.99,76.75
110.46,125.18,77.59
110.75,125.05,77.53
110.78,124.98,78.05
110.78,124.85,78.55
110.81,107.73,68.10
110.93,107.90,67.82
111.14,107.63,68.23
111.07,107.56,68.74
111.24,107.61,69.17
111.04,108.24,67.56
111.08,107.78,69.59
110.96,107.98,70.06
111.25,108.27,70.44
111.11,108.66,67.46
111.04,108.46,70.80
111.27,108.73,70.93
111.12,109.09,67.50
110.88,108.98,71.53
111.20,108.96,71.24
111.09,109.51,67.59
111.10,109.19,71.63
110.95,109.40,72.07
111.30,109.40,71.74
111.09,109.92,67.65
111.12,109.60,72.22
110.94,109.80,72.69
111.30,109.80,72.36
111.17,110.25,67.67
111.12,110.00,72.82
110.97,110.16,73.19
111.29,110.18,72.98
110.81,110.68,67.95
111.14,110.63,67.79
111.04,110.32,73.40
111.11,110.50,73.71
111.21,110.65,73.99
110.97,110.90,67.98
111.02,111.20,68.16
111.08,110.81,74.50
110.97,110.95,75.04
111.28,111.02,74.93
111.25,111.54,68.37
111.06,111.12,75.37
111.14,111.35,75.71
111.29,111.59,75.91
110.83,111.55,84.28
111.03,111.51,83.80
111.19,111.32,84.06
111.14,111.20,84.76
110.86,111.43,85.13
111.14,111.20,85.63
110.91,111.40,85.64
111.02,111.44,86.05
111.00,111.77,68.62
111.18,112.06,68.93
110.89,111.82,76.43
111.18,111.80,76.24
110.87,111.74,83.70
111.03,111.93,83.37
111.10,111.62,83.54
110.91,111.69,86.28
110.78,111.94,86.43
111.12,111.86,86.67
111.14,112.29,69.18
110.96,112.42,69.22
111.20,112.47,69.47
111.09,112.00,76.48
111.17,112.24,76.68
111.11,112.32,83.17
111.12,112.31,86.79
110.98,112.92,69.99
111.06,112.73,69.73
111.28,112.85,70.15
110.69,112.72,73.76
111.02,112.47,77.03
111.25,112.64,77.33
111.24,112.62,83.10
111.10,112.74,86.77
111.12,113.02,70.49
111.00,113.30,71.36
111.14,113.18,71.12
111.24,113.28,71.58
111.04,112.75,77.65
111.01,112.94,78.07
111.19,113.23,78.49
110.97,113.22,82.91
111.22,113.00,83.05
111.15,113.08,86.71
111.11,113.42,71.84
111.18,113.61,72.23
111.20,113.49,78.79
110.95,113.57,82.79
111.21,113.36,82.96
110.91,113.66,86.39
111.09,113.41,86.56
111.11,113.81,72.49
111.16,114.03,72.81
110.95,113.68,78.99
111.10,113.97,79.16
111.05,114.01,82.76
111.24,113.77,86.42
110.93,114.01,86.25
111.10,114.23,73.09
111.16,114.43,73.45
111.26,114.27,79.36
111.07,114.40,82.77
111.10,114.43,86.03
111.12,114.63,73.75
111.20,114.82,74.12
111.00,114.50,79.54
111.10,114.80,79.72
111.09,114.68,82.83
110.98,114.98,82.89
111.31,114.74,83.03
111.02,114.76,85.85
111.31,114.65,85.80
111.09,114.97,85.66
111.12,115.03,74.38
111.13,115.26,74.68
111.11,115.18,79.87
110.90,115.22,82.94
111.20,115.15,83.26
111.11,115.30,85.30
110.96,115.48,74.85
111.21,115.64,75.12
111.11,115.60,79.97
110.99,115.78,83.88
111.08,115.50,83.57
111.11,115.67,84.50
111.22,115.51,84.21
111.02,115.66,84.95
111.24,115.44,84.79
111.28,115.98,75.35
111.12,116.02,80.00
110.84,116.06,83.88
110.94,115.93,84.48
110.98,116.29,75.47
111.07,116.57,75.58
111.11,116.44,80.00
111.11,116.90,75.65
111.09,116.85,79.99
111.10,117.28,75.67
111.08,117.27,79.98
111.10,117.69,75.67
111.08,117.69,79.97
111.09,118.09,75.68
111.07,118.10,79.94
111.08,118.51,75.69
111.09,118.50,79.90
111.10,118.93,75.69
111.16,118.83,79.88
111.10,119.35,75.70
110.78,119.48,79.56
111.05,119.21,79.79
111.10,119.76,75.71
110.86,119.87,79.51
111.12,119.63,79.74
111.08,120.16,75.72
110.96,120.22,79.49
111.22,120.07,79.70
111.05,120.56,75.69
111.17,120.41,79.58
110.94,120.60,79.38
111.01,120.96,75.59
110.92,121.01,79.30
110.92,121.28,75.48
111.13,121.34,75.29
111.16,121.08,75.41
111.02,121.37,79.28
110.79,121.60,75.42
111.03,121.78,75.18
111.09,121.77,79.26
111.07,122.22,75.11
111.18,122.22,79.33
111.14,122.62,75.15
111.05,122.52,79.43
110.92,122.75,79.47
111.14,122.72,79.56
111.24,122.97,75.28
110.79,123.00,79.55
111.07,123.05,79.65
110.95,123.23,75.47
111.02,123.54,75.57
111.07,123.55,79.72
111.11,123.87,75.68
111.00,123.99,79.65
111.26,124.18,75.89
110.91,124.35,79.42
111.11,124.12,79.47
111.16,124.29,79.21
111.08,124.51,76.17
111.15,124.73,76.58
110.97,124.58,78.99
111.17,124.48,78.93
111.14,124.64,78.61
111.02,124.86,76.76
111.07,124.91,77.29
111.06,124.86,78.00
111.37,107.85,67.78
111.63,107.60,68.21
111.42,107.54,68.71
111.62,107.66,69.20
111.49,108.22,67.52
111.43,107.77,69.56
111.41,108.02,69.98
111.56,108.30,70.25
111.53,108.65,67.44
111.35,108.53,70.69
111.53,108.47,70.47
111.52,109.08,67.47
111.59,108.72,70.60
111.47,108.93,70.93
111.48,109.52,67.51
111.52,109.19,71.18
111.53,109.40,71.48
111.47,109.93,67.54
111.55,109.60,71.79
111.54,109.80,72.13
111.50,110.32,67.58
111.54,110.01,72.46
111.54,110.20,72.79
111.60,110.69,67.68
111.51,110.41,73.17
111.41,110.58,73.65
111.59,110.59,73.48
111.32,110.99,67.91
111.50,111.30,68.11
111.58,110.80,73.88
111.47,110.96,74.50
111.55,111.14,74.80
111.32,110.99,85.25
111.41,110.99,84.76
111.61,110.86,85.08
111.54,110.89,85.62
111.32,111.00,85.66
111.42,111.04,86.01
111.70,111.55,68.37
111.41,111.26,75.27
111.42,111.44,75.59
111.57,111.42,75.36
111.25,111.44,83.67
111.38,111.61,83.44
111.58,111.30,83.77
111.46,111.10,84.30
111.31,111.28,86.29
111.19,111.53,86.48
111.53,111.46,86.69
111.50,111.80,68.69
111.59,111.98,69.02
111.61,111.61,75.56
111.48,111.79,75.98
111.46,111.95,83.23
111.53,111.91,86.87
111.55,112.17,69.34
111.58,112.40,69.74
111.51,112.06,76.24
111.61,112.30,76.49
111.53,112.33,83.13
111.50,112.37,86.88
111.42,112.63,69.92
111.56,112.75,70.31
111.51,112.48,76.88
111.65,112.67,77.26
111.58,112.69,83.12
111.47,112.80,86.82
111.47,112.90,70.56
111.55,112.99,71.09
111.37,113.29,71.84
111.53,113.16,71.70
111.55,113.29,72.12
111.42,112.83,77.72
111.38,113.03,78.15
111.71,113.03,77.96
111.65,113.00,83.12
111.46,113.18,86.74
111.35,113.64,72.46
111.56,113.45,72.46
111.56,113.66,72.75
111.57,113.21,78.31
111.63,113.55,78.62
111.32,113.70,82.92
111.57,113.37,83.07
111.52,113.52,86.62
111.32,114.07,73.03
111.55,113.86,73.04
111.55,114.07,73.34
111.36,113.75,78.95
111.57,114.09,79.12
111.36,114.11,82.90
111.66,113.83,83.06
111.66,113.84,86.41
111.39,114.10,86.21
111.34,114.47,73.68
111.56,114.27,73.67
111.57,114.47,74.00
111.69,114.43,79.35
111.31,114.45,82.90
111.62,114.34,83.11
111.51,114.39,85.96
111.37,114.85,74.34
111.57,114.66,74.31
111.53,114.88,74.57
111.40,114.55,79.56
111.53,114.91,79.74
111.62,114.78,83.41
111.54,114.58,85.76
111.48,114.86,85.44
111.29,115.35,74.89
111.42,115.11,74.75
111.64,115.24,75.06
111.45,115.29,79.90
111.52,115.08,83.71
111.35,115.30,83.90
111.42,115.28,84.52
111.60,115.11,84.22
111.40,115.19,85.02
111.62,115.03,84.84
111.63,115.63,75.31
111.53,115.64,79.94
111.55,115.97,75.44
111.54,116.05,79.97
111.35,116.24,75.50
111.53,116.45,75.61
111.53,116.44,79.98
111.53,116.86,75.66
111.53,116.84,79.99
111.52,117.26,75.65
111.52,117.25,79.99
111.52,117.68,75.64
111.51,117.68,79.99
111.51,118.09,75.64
111.50,118.10,79.97
111.51,118.51,75.64
111.50,118.51,79.96
111.51,118.92,75.64
111.49,118.90,79.94
111.51,119.33,75.65
111.47,119.31,79.91
111.49,119.74,75.67
111.50,119.71,79.89
111.45,120.14,75.65
111.58,120.03,79.89
111.41,120.52,75.56
111.28,120.67,79.56
111.55,120.44,79.78
111.31,120.83,75.45
111.49,120.95,75.29
111.55,120.64,75.43
111.51,120.84,79.63
111.25,121.02,79.44
111.49,121.35,75.10
111.42,121.50,79.38
111.47,121.79,74.99
111.40,121.88,79.33
111.49,122.23,74.99
111.56,122.11,79.34
111.54,122.63,75.08
111.26,122.54,79.48
111.56,122.47,79.41
111.64,122.97,75.23
111.35,122.81,79.55
111.65,122.91,79.44
111.35,123.27,75.42
111.44,123.57,75.55
111.37,123.25,79.57
111.65,123.37,79.35
111.55,123.87,75.72
111.31,123.84,79.42
111.63,123.80,79.13
111.67,124.16,75.98
111.40,124.27,78.90
111.69,124.03,78.88
111.68,124.29,78.59
111.51,124.40,76.25
111.32,124.78,77.10
111.50,124.60,76.78
111.39,124.75,77.73
111.65,124.63,77.51
111.40,124.59,78.33
111.69,124.53,78.11
111.88,107.86,67.80
112.04,107.60,68.27
111.84,107.57,68.72
112.07,107.81,69.21
111.86,108.26,67.52
111.78,107.97,69.65
111.73,108.22,70.00
112.05,108.36,69.83
111.94,108.62,67.47
111.80,108.52,70.21
112.14,108.74,70.00
111.94,109.06,67.44
111.91,108.83,70.31
111.75,108.98,70.65
111.96,109.00,70.40
111.90,109.49,67.43
111.97,109.19,70.65
111.77,109.39,71.20
112.00,109.38,70.91
111.89,109.92,67.45
112.00,109.61,71.26
111.77,109.82,71.90
112.04,109.91,71.68
111.94,110.32,67.52
111.90,110.07,72.12
111.75,110.23,72.59
112.00,110.31,72.33
112.09,110.67,67.68
111.89,110.48,72.77
111.78,110.64,73.25
112.01,110.73,72.96
111.79,111.02,67.88
111.97,111.30,68.17
111.93,110.91,73.41
111.89,111.10,73.88
112.05,111.16,73.55
111.72,111.11,74.37
111.71,110.93,84.57
111.94,110.82,84.88
111.98,110.74,85.49
111.76,110.91,86.11
111.59,111.13,86.42
111.90,111.11,86.57
112.08,111.50,68.50
112.03,111.32,73.88
112.09,111.52,74.13
111.93,111.35,74.29
111.74,111.40,74.94
111.85,111.61,83.42
112.09,111.30,83.76
111.89,111.08,84.13
111.95,111.48,86.85
111.88,111.68,68.65
111.76,112.00,69.20
111.88,111.83,69.03
111.92,111.97,69.46
112.02,111.63,74.63
111.90,111.75,75.23
111.75,111.89,75.75
112.00,111.99,75.49
111.81,112.00,83.21
111.94,111.93,86.93
111.76,112.51,70.23
111.85,112.20,69.84
111.95,112.54,70.75
112.03,112.24,70.38
112.11,112.35,70.86
111.89,112.11,75.89
111.82,112.24,76.20
111.99,112.26,76.01
111.91,112.33,83.18
111.90,112.38,86.90
111.73,112.76,70.70
112.06,112.56,71.14
111.89,112.77,71.17
112.04,112.70,71.49
111.99,112.44,76.34
111.85,112.58,76.90
111.91,112.69,77.13
111.95,112.73,83.19
111.86,112.81,86.85
111.86,112.93,71.65
111.75,113.27,72.42
111.88,113.09,72.21
111.97,113.21,72.66
111.92,112.86,77.45
111.95,113.05,77.82
111.96,113.12,83.18
111.87,113.20,86.79
111.78,113.66,73.04
111.99,113.42,73.05
111.99,113.65,73.34
111.97,113.30,78.13
112.09,113.68,78.43
111.98,113.52,83.20
111.94,113.56,86.63
111.79,114.07,73.66
111.99,113.86,73.65
112.00,114.06,73.98
111.69,113.88,78.90
112.01,113.96,78.73
112.03,113.97,83.32
112.12,113.89,86.23
111.80,114.17,86.06
111.80,114.46,74.32
112.00,114.25,74.30
111.98,114.47,74.60
111.88,114.12,78.97
112.03,114.43,79.10
111.94,114.43,83.47
111.76,114.49,85.71
111.96,114.32,85.79
112.03,114.45,85.44
111.72,114.94,74.86
111.86,114.70,74.75
112.04,114.82,75.08
111.73,114.68,79.54
112.05,114.77,79.38
111.90,114.69,83.71
111.76,114.91,83.92
111.84,114.88,84.52
112.01,114.69,84.17
111.83,114.73,85.16
112.06,114.60,84.82
112.01,115.19,75.31
111.87,114.91,79.60
111.84,115.25,79.75
111.94,115.50,75.42
111.81,115.81,75.48
112.12,115.57,75.55
111.98,115.73,79.80
111.65,116.10,75.53
111.99,116.00,75.63
111.89,116.12,79.90
111.95,116.44,75.69
111.94,116.44,79.92
111.93,116.84,75.68
111.95,116.82,79.95
111.94,117.23,75.67
111.95,117.23,79.97
111.95,117.64,75.65
111.94,117.65,79.98
111.95,118.06,75.64
111.93,118.07,79.99
111.95,118.47,75.64
111.92,118.49,79.99
111.94,118.89,75.64
111.90,118.91,79.99
111.93,119.30,75.66
111.89,119.32,79.99
111.89,119.70,75.66
111.90,119.71,79.99
111.83,120.08,75.59
111.93,120.10,79.98
111.72,120.39,75.49
111.88,120.53,75.32
111.96,120.22,75.47
111.99,120.43,79.95
111.92,120.91,75.10
111.63,121.17,79.56
111.89,120.82,79.79
111.93,121.33,74.96
111.77,121.47,79.48
112.00,121.24,79.64
111.92,121.77,74.92
112.08,121.55,79.49
111.77,121.79,79.37
111.93,122.21,74.97
111.91,122.16,79.35
111.98,122.61,75.09
111.97,122.55,79.35
112.06,122.94,75.24
111.97,122.99,79.28
111.76,123.27,75.39
111.88,123.55,75.56
111.93,123.42,79.12
112.04,123.88,75.85
111.83,123.77,78.97
112.03,123.61,78.92
111.96,123.93,78.72
112.01,124.20,76.20
111.79,124.35,76.28
112.01,124.36,76.53
111.96,124.25,78.37
111.82,124.46,76.67
111.91,124.50,77.29
111.96,124.44,77.90
112.24,107.75,68.02
112.32,107.64,68.35
112.21,107.63,68.71
112.48,107.86,68.98
112.27,108.13,67.71
112.55,107.86,68.18
112.13,108.11,69.57
112.47,108.19,69.40
112.36,108.61,67.52
112.32,108.36,69.65
112.42,108.70,69.76
112.36,109.04,67.43
112.14,109.00,70.21
112.46,109.10,69.95
112.36,109.47,67.43
112.31,109.25,70.28
112.19,109.40,70.68
112.41,109.47,70.43
112.36,109.91,67.48
112.33,109.66,70.82
112.24,109.92,71.31
112.45,109.99,70.95
112.39,110.31,67.59
112.37,110.25,71.41
112.49,110.30,71.12
112.17,110.23,71.87
112.51,110.61,67.76
112.45,110.51,71.43
112.46,110.81,71.58
112.34,110.63,71.88
112.15,110.63,72.45
112.29,110.60,85.72
112.35,110.62,85.41
112.50,110.55,85.60
112.52,110.59,85.90
112.36,110.94,68.02
112.36,111.26,68.45
112.41,110.98,71.98
112.47,111.12,71.77
112.33,111.05,72.46
112.15,111.05,73.06
112.16,110.94,84.50
112.37,110.78,84.98
112.21,110.78,86.15
112.33,111.09,86.64
112.35,111.42,68.76
112.16,111.61,68.91
112.21,111.68,69.50
112.44,111.42,69.24
112.32,111.66,70.19
112.47,111.39,69.84
112.37,111.67,70.79
112.47,111.37,70.44
112.41,111.68,71.19
112.47,111.40,71.06
112.43,111.27,72.17
112.45,111.59,71.38
112.41,111.40,72.58
112.45,111.67,72.80
112.33,111.45,73.04
112.18,111.45,73.63
112.25,111.53,83.55
112.47,111.44,83.81
112.41,111.19,84.13
112.37,111.48,86.87
112.12,111.94,69.99
112.22,112.02,70.68
112.35,112.02,71.31
112.44,111.82,71.56
112.42,111.77,73.18
112.50,111.95,73.02
112.35,111.77,73.58
112.26,111.84,74.26
112.13,111.93,75.00
112.19,111.90,83.36
112.48,111.69,83.60
112.35,111.91,86.92
112.19,112.41,71.34
112.43,112.12,71.77
112.34,112.44,71.93
112.47,112.29,72.13
112.49,112.05,73.45
112.45,112.10,73.97
112.43,112.16,74.42
112.50,112.37,74.75
112.34,112.16,74.86
112.17,112.23,75.57
112.28,112.37,83.32
112.31,112.34,86.91
112.11,112.76,71.91
112.44,112.52,72.41
112.26,112.85,72.54
112.42,112.90,73.04
112.49,112.63,72.84
112.54,112.76,73.26
112.45,112.45,75.25
112.36,112.54,75.84
112.31,112.64,76.31
112.49,112.77,76.07
112.13,112.70,76.83
112.30,112.80,83.32
112.29,112.78,86.90
112.24,113.11,72.99
112.42,113.11,73.41
112.44,112.87,76.55
112.30,112.96,77.12
112.17,113.10,77.63
112.41,113.19,77.39
112.31,113.21,83.35
112.30,113.21,86.81
112.20,113.64,73.64
112.29,113.45,73.58
112.37,113.62,73.94
112.32,113.36,77.81
112.25,113.53,78.16
112.42,113.59,77.97
112.32,113.61,83.44
112.35,113.57,86.57
112.22,114.04,74.29
112.30,113.86,74.18
112.38,114.01,74.55
112.34,113.73,78.24
112.33,113.95,78.42
112.34,113.89,83.58
112.25,114.19,83.76
112.46,113.98,83.89
112.16,114.19,85.71
112.47,113.96,85.62
112.40,114.14,85.26
112.49,113.79,86.17
112.15,114.53,74.91
112.29,114.28,74.79
112.39,114.46,75.13
112.13,114.25,78.87
112.31,114.20,78.64
112.10,114.50,83.85
112.43,114.14,84.19
112.25,114.39,84.37
112.25,114.33,85.10
112.45,114.17,84.71
112.34,114.79,75.34
112.43,114.49,78.77
112.43,114.85,79.08
112.31,115.05,75.46
112.16,115.30,75.47
112.44,115.18,75.63
112.09,115.08,79.54
112.36,115.16,79.36
112.41,115.60,75.73
112.22,115.41,79.59
112.59,115.60,79.41
112.44,116.05,75.82
112.35,115.73,79.63
112.32,116.10,79.76
112.26,116.50,75.75
112.27,116.49,79.86
112.31,116.83,75.75
112.36,116.83,79.88
112.34,117.22,75.73
112.38,117.24,79.93
112.37,117.64,75.72
112.36,117.64,79.96
112.36,118.05,75.69
112.37,118.05,79.98
112.35,118.46,75.68
112.36,118.47,79.99
112.36,118.86,75.68
112.34,118.89,79.99
112.34,119.27,75.68
112.33,119.31,80.01
112.33,119.68,75.62
112.33,119.72,80.03
112.16,120.00,75.52
112.24,120.21,75.38
112.51,119.93,75.49
112.35,120.12,80.03
112.30,120.53,75.18
112.34,120.53,79.96
112.35,120.90,75.02
112.33,120.95,79.80
112.37,121.31,74.95
112.35,121.30,79.63
112.36,121.76,74.97
112.41,121.50,79.50
112.29,121.79,79.38
112.36,122.19,75.05
112.34,122.18,79.31
112.38,122.58,75.17
112.35,122.59,79.24
112.42,122.89,75.30
112.30,123.04,79.09
112.17,123.21,75.40
112.39,123.43,75.63
112.18,123.37,78.97
112.35,123.24,78.92
112.32,123.54,78.71
112.53,123.74,75.95
112.23,123.96,78.42
112.35,124.03,76.23
112.13,124.37,77.03
112.27,124.22,76.65
112.21,124.31,77.66
112.47,124.11,77.34
112.18,124.22,78.14
112.40,124.04,78.00
112.48,107.72,68.59
112.75,108.27,67.84
112.87,108.04,68.26
112.74,107.92,68.63
112.89,108.23,69.03
112.71,108.68,67.56
112.56,108.53,69.60
112.87,108.64,69.40
112.79,109.04,67.55
112.71,108.80,69.63
112.74,109.10,69.69
112.86,109.49,67.65
112.57,109.47,70.15
112.81,109.54,69.82
112.77,109.97,67.74
112.73,109.87,70.20
112.92,110.03,69.84
112.54,109.75,70.51
112.75,110.34,67.85
112.78,110.34,70.25
112.93,110.46,69.79
112.61,110.20,70.69
112.75,110.59,67.93
112.63,110.74,67.92
112.76,110.75,68.19
112.75,110.80,70.13
112.88,110.78,69.62
112.64,110.67,70.70
112.53,110.58,71.13
112.72,110.67,85.38
112.67,110.54,85.67
112.76,110.60,85.87
112.59,111.21,68.94
112.68,110.98,68.55
112.68,111.10,69.59
112.84,110.91,69.13
112.60,111.14,70.14
112.58,111.06,70.63
112.52,111.02,71.25
112.74,111.09,84.57
112.81,110.88,84.94
112.69,110.78,86.24
112.77,111.12,86.64
112.48,111.52,71.79
112.47,111.55,72.38
112.70,111.45,84.06
112.80,111.35,84.28
112.79,111.49,86.83
112.49,112.00,72.03
112.51,111.91,72.53
112.56,112.05,83.55
112.79,111.81,83.89
112.76,111.89,86.91
112.52,112.30,72.52
112.56,112.35,73.16
112.58,112.41,73.84
112.57,112.40,74.37
112.60,112.48,83.52
112.81,112.22,83.76
112.74,112.32,86.95
112.62,112.83,73.79
112.68,112.76,74.39
112.63,112.70,74.96
112.57,112.77,75.62
112.61,112.91,83.56
112.92,112.62,83.85
112.73,112.78,86.93
112.55,113.30,73.96
112.70,113.19,74.44
112.75,113.12,74.95
112.73,113.10,75.50
112.64,113.09,76.17
112.55,113.17,76.89
112.63,113.36,83.75
112.87,113.04,83.89
112.75,113.25,86.71
112.58,113.64,74.47
112.75,113.54,74.99
112.80,113.43,75.39
112.81,113.52,75.97
112.75,113.52,76.76
112.56,113.49,77.48
112.53,113.74,83.83
112.92,113.35,84.25
112.72,113.69,84.36
112.90,113.61,84.70
112.64,113.59,86.42
112.94,113.49,86.23
112.73,113.71,86.10
112.60,114.02,75.02
112.80,113.86,75.54
112.89,113.89,76.02
112.90,113.80,76.46
112.87,113.83,76.95
112.92,114.04,77.28
112.75,113.86,77.48
112.53,113.82,78.00
112.56,113.95,84.29
112.74,113.81,85.07
112.58,113.97,84.90
112.72,113.80,85.68
112.65,114.41,75.47
112.88,114.24,75.90
112.86,114.17,77.70
112.87,114.42,78.01
112.62,114.21,78.21
112.52,114.83,75.54
112.78,114.74,75.83
112.75,114.60,78.46
112.64,114.78,78.81
112.82,114.86,78.63
112.73,115.21,75.89
112.72,114.99,78.89
112.72,115.27,79.07
112.72,115.58,75.95
112.93,115.70,79.14
112.78,115.83,76.02
112.75,116.09,75.99
113.00,115.92,76.23
112.58,115.91,79.57
112.89,116.03,79.39
112.62,116.44,75.89
112.90,116.25,76.09
112.69,116.15,79.61
112.66,116.48,79.73
112.67,116.87,75.87
112.80,116.95,79.80
112.72,117.27,75.85
112.70,117.33,79.89
112.78,117.72,75.83
112.77,117.67,79.91
112.67,118.12,75.75
112.78,118.08,79.92
112.74,118.46,75.74
112.78,118.50,79.92
112.75,118.87,75.73
112.76,118.91,79.93
112.75,119.27,75.69
112.76,119.33,79.94
112.87,119.65,75.62
112.76,119.75,79.97
112.66,120.23,75.31
112.86,119.96,75.48
112.76,120.18,79.96
112.65,120.58,75.13
112.74,120.60,79.87
112.75,120.90,75.07
112.72,121.00,79.71
112.78,121.32,75.06
112.61,121.31,79.57
112.88,121.15,79.56
112.76,121.43,79.43
112.77,121.76,75.11
112.76,121.79,79.31
112.79,122.18,75.22
112.75,122.19,79.23
112.70,122.59,75.31
112.72,122.61,79.09
112.68,122.86,75.39
112.50,123.09,75.44
112.83,123.01,75.60
112.60,123.08,78.83
112.90,122.77,78.88
112.93,123.04,78.56
112.86,123.40,75.86
112.71,123.43,78.35
113.03,123.31,78.06
112.87,123.57,77.91
112.90,123.66,76.19
112.66,123.90,76.29
112.87,123.83,76.54
112.67,123.78,77.87
112.85,123.71,77.68
112.79,123.85,77.36
112.48,123.75,78.30
112.64,124.00,76.74
113.06,108.25,68.15
113.05,108.16,68.56
113.07,108.61,67.88
113.25,108.43,68.37
113.21,108.39,68.77
113.21,108.64,69.02
113.17,109.06,67.85
112.94,109.02,69.51
113.21,109.09,69.16
113.23,109.37,67.98
113.14,109.69,68.15
113.35,109.44,68.31
113.06,109.43,69.40
113.27,109.48,68.99
113.01,110.11,68.24
113.31,109.58,68.61
113.16,109.84,68.89
113.03,109.81,69.50
112.93,110.47,68.25
113.07,110.32,68.79
113.06,110.18,69.38
112.93,110.68,68.70
113.00,110.57,69.27
112.81,110.59,85.67
113.01,111.03,84.81
113.21,110.98,85.20
113.03,110.76,85.79
113.06,110.92,86.30
113.25,111.21,86.53
112.98,111.64,84.21
113.16,111.51,84.48
113.23,111.25,84.76
113.15,111.56,86.81
113.09,111.95,84.17
113.27,111.90,84.37
113.19,111.90,86.90
113.07,112.24,84.06
113.26,112.15,84.28
113.18,112.33,86.96
113.28,112.57,84.29
113.10,112.91,84.15
113.35,112.88,84.53
113.18,112.79,86.86
113.02,113.12,84.13
113.18,113.16,84.52
113.20,113.16,86.55
112.93,113.67,85.25
113.07,113.45,84.84
112.90,113.67,85.78
113.12,113.48,85.57
113.24,113.33,86.12
112.98,114.12,76.36
112.98,114.06,76.87
113.01,114.51,76.29
113.07,114.39,76.84
113.00,114.35,77.46
112.99,114.93,76.22
113.13,114.78,76.75
113.13,114.72,77.42
112.98,114.74,78.13
112.93,115.28,76.15
113.13,115.21,76.59
113.23,115.08,77.28
113.15,115.11,78.07
112.92,115.08,78.63
112.97,115.56,76.23
113.18,115.61,76.57
113.30,115.42,77.09
113.31,115.37,77.76
113.24,115.43,78.31
113.24,115.63,78.60
113.06,115.43,78.73
113.22,115.90,76.53
113.15,115.74,78.89
113.19,116.02,79.05
112.95,116.58,76.08
113.18,116.25,76.36
112.93,116.35,79.53
113.29,116.46,79.25
112.99,116.98,76.05
113.28,116.75,76.35
113.06,116.68,79.59
113.39,116.91,79.43
113.04,117.37,76.02
113.24,117.15,76.22
113.17,117.00,79.66
113.09,117.33,79.77
113.11,117.69,76.00
113.36,117.53,76.23
113.14,117.77,79.78
113.04,118.07,75.88
113.32,117.87,76.09
113.15,118.19,79.78
113.15,118.55,75.84
113.14,118.60,79.77
113.06,118.95,75.77
113.13,119.01,79.77
113.15,119.27,75.74
113.14,119.42,79.78
113.27,119.58,75.71
113.14,119.84,79.79
113.02,120.16,75.40
113.26,119.95,75.58
113.12,120.26,79.77
113.01,120.51,75.26
113.27,120.30,75.43
113.08,120.64,79.70
113.12,120.95,75.21
113.05,120.91,79.60
113.29,120.71,79.51
113.20,121.04,79.41
113.14,121.37,75.23
113.17,121.41,79.28
113.11,121.76,75.28
113.18,121.81,79.15
113.13,122.03,75.37
113.03,122.35,75.42
113.36,122.08,75.55
113.06,122.25,79.09
112.91,122.68,75.47
113.28,122.58,75.75
113.03,122.52,78.99
113.19,122.38,78.95
113.19,122.66,78.68
113.16,123.06,75.94
113.15,123.01,78.35
113.12,123.32,76.05
113.03,123.47,76.05
113.15,123.45,76.33
113.00,123.60,77.53
113.22,123.34,77.55
113.15,123.56,77.12
113.25,123.13,77.99
112.95,123.78,76.98
113.09,123.63,76.65
113.35,108.79,68.26
113.36,108.62,68.65
113.38,109.16,68.26
113.39,108.94,68.70
113.38,109.31,68.69
113.37,110.93,85.64
113.39,110.99,86.02
113.49,111.55,84.71
113.66,111.41,85.06
113.66,111.16,85.60
113.70,111.23,86.16
113.64,111.56,86.61
113.53,111.85,84.60
113.74,111.75,84.84
113.54,111.99,86.86
113.29,112.33,84.27
113.51,112.26,84.52
113.60,112.38,86.83
113.49,113.04,85.07
113.68,112.64,84.88
113.77,112.87,85.38
113.59,112.82,86.60
113.27,113.29,85.10
113.67,113.02,85.63
113.43,113.21,85.71
113.44,113.13,86.29
113.68,112.99,86.12
113.35,115.76,76.92
113.42,115.67,77.53
113.36,115.65,78.18
113.36,116.05,76.72
113.53,116.04,77.25
113.53,115.98,78.05
113.34,115.87,78.63
113.48,116.40,76.76
113.68,116.37,77.24
113.71,116.26,77.74
113.68,116.27,78.26
113.71,116.45,78.57
113.50,116.23,78.71
113.54,116.79,76.67
113.70,116.68,77.06
113.61,116.55,78.89
113.62,116.84,79.06
113.51,117.16,76.52
113.69,116.99,76.89
113.38,117.21,79.56
113.63,117.27,79.22
113.62,117.54,76.53
113.43,117.54,79.56
113.69,117.73,79.22
113.41,118.21,76.04
113.65,117.94,76.37
113.45,117.95,79.57
113.70,118.15,79.25
113.51,118.54,75.98
113.72,118.39,76.21
113.44,118.36,79.56
113.68,118.56,79.28
113.43,118.90,75.88
113.71,118.71,76.08
113.43,118.77,79.55
113.67,118.97,79.26
113.52,119.32,75.85
113.43,119.17,79.53
113.67,119.38,79.24
113.61,119.73,75.79
113.44,119.58,79.53
113.68,119.78,79.24
113.58,120.02,75.69
113.44,119.99,79.53
113.66,120.20,79.25
113.39,120.63,75.39
113.59,120.31,75.60
113.39,120.39,79.52
113.57,120.65,79.26
113.45,121.05,75.38
113.73,120.75,75.58
113.54,121.09,79.16
113.43,121.46,75.41
113.75,121.19,75.59
113.50,121.44,79.10
113.35,121.79,75.44
113.68,121.67,75.64
113.51,121.72,78.99
113.65,121.54,78.95
113.70,121.84,78.70
113.71,122.12,75.85
113.39,122.16,78.83
113.64,122.25,78.45
113.73,122.45,76.18
113.50,122.83,76.30
113.75,122.64,76.57
113.49,122.60,78.27
113.69,122.47,78.10
113.64,122.70,77.80
113.32,123.18,76.35
113.67,122.80,76.79
113.51,123.01,76.85
113.45,123.00,77.62
113.67,122.80,77.30
113.32,122.89,78.22
113.30,123.33,76.91
113.97,111.46,85.45
114.01,111.36,85.86
113.98,111.40,86.24
114.16,111.52,86.07
113.82,112.07,84.83
114.01,111.81,85.21
114.06,111.61,86.37
113.95,111.97,86.58
113.80,112.35,84.82
114.02,112.30,85.21
113.94,112.46,86.52
113.89,112.84,85.86
113.99,112.63,85.52
113.88,112.76,86.31
114.08,112.57,86.07
113.81,116.59,77.60
113.80,116.51,78.16
113.85,117.00,77.45
113.87,116.85,78.11
113.78,116.72,78.62
113.78,117.35,76.96
113.93,117.38,77.55
113.93,117.24,78.11
113.82,117.08,78.68
113.80,117.70,76.74
113.97,117.69,77.26
114.00,117.64,78.05
113.87,117.48,78.71
113.95,117.96,76.81
114.09,117.97,77.21
114.11,117.90,77.70
114.08,117.93,78.22
114.08,118.18,78.45
113.92,117.92,78.73
113.96,118.28,76.58
114.11,118.18,76.97
113.90,118.36,78.91
114.08,118.55,78.53
113.78,119.04,76.06
113.98,118.72,76.40
113.89,118.77,78.94
114.10,118.98,78.54
113.85,119.43,76.02
114.08,119.17,76.36
113.88,119.19,78.93
114.10,119.42,78.55
113.92,119.75,76.00
114.13,119.57,76.33
113.89,119.61,78.92
114.09,119.85,78.58
113.87,120.07,75.89
114.11,119.90,76.23
113.89,120.02,78.93
114.08,120.24,78.59
113.97,120.50,75.88
113.87,120.43,78.94
114.08,120.63,78.58
114.04,120.92,75.87
113.85,120.85,78.92
114.08,121.05,78.54
114.03,121.35,75.90
113.81,121.36,78.82
114.07,121.42,78.43
113.99,121.77,75.98
113.96,121.80,78.32
114.16,121.62,78.09
114.12,121.90,77.87
113.96,122.06,76.08
113.86,122.22,76.07
113.99,122.20,76.34
113.97,122.22,77.72
114.13,122.06,77.45
114.03,122.30,77.18
113.81,122.19,78.19
113.84,122.56,77.12
113.93,122.40,76.69
113.79,122.52,77.71
114.18,111.64,85.72
114.22,112.03,85.69
114.21,111.81,86.13
114.18,112.37,85.74
114.18,112.20,86.17
114.20,118.20,77.49
114.16,118.08,78.00
114.20,118.53,77.00
114.28,118.54,77.60
114.21,118.36,78.05
114.23,118.93,76.77
114.36,118.96,77.40
114.25,118.75,78.05
114.34,119.32,76.86
114.48,119.29,77.31
114.47,119.26,77.61
114.47,119.48,77.77
114.32,119.21,78.03
114.34,119.83,76.84
114.49,119.54,77.22
114.31,119.69,78.10
114.46,119.72,77.70
114.21,120.26,76.38
114.37,120.25,77.03
114.47,119.75,77.38
114.38,120.04,77.63
114.23,120.06,78.24
114.25,120.72,76.30
114.37,120.60,76.90
114.37,120.51,77.55
114.25,120.40,78.14
114.27,121.13,76.29
114.39,120.98,76.84
114.38,120.90,77.47
114.26,120.80,78.09
114.23,121.53,76.32
114.36,121.37,76.83
114.38,121.24,77.34
114.26,121.25,77.98
114.14,121.90,76.36
114.28,121.71,76.76
114.27,121.67,77.44
114.15,122.06,76.89
114.53,119.43,77.49
114.52,119.59,77.52
