0.00,1.00,2.00
0.00,3.00,4.00
2.00,3.00,0.00
3.00,5.00,4.00
6.00,1.00,0.00
7.00,1.00,6.00
4.00,8.00,0.00
8.00,6.00,0.00
9.00,4.00,5.00
8.00,4.00,9.00
6.00,10.00,7.00
8.00,10.00,6.00
11.00,10.00,8.00
9.00,11.00,8.00
12.00,13.00,14.00
14.00,15.00,12.00
2.00,16.00,17.00
1.00,16.00,2.00
13.00,12.00,3.00
13.00,3.00,17.00
17.00,3.00,2.00
12.00,5.00,3.00
12.00,15.00,5.00
15.00,18.00,5.00
19.00,20.00,21.00
19.00,21.00,16.00
19.00,16.00,7.00
7.00,16.00,1.00
5.00,18.00,9.00
18.00,22.00,9.00
23.00,24.00,25.00
20.00,23.00,25.00
20.00,19.00,23.00
19.00,26.00,23.00
7.00,10.00,27.00
7.00,27.00,19.00
19.00,27.00,26.00
28.00,27.00,10.00
28.00,10.00,29.00
29.00,10.00,11.00
22.00,11.00,9.00
29.00,11.00,22.00
30.00,24.00,23.00
31.00,24.00,30.00
32.00,26.00,33.00
32.00,30.00,26.00
30.00,23.00,26.00
27.00,33.00,26.00
34.00,33.00,27.00
28.00,34.00,27.00
30.00,35.00,31.00
32.00,35.00,30.00
36.00,37.00,38.00
36.00,39.00,40.00
38.00,39.00,36.00
39.00,41.00,40.00
14.00,37.00,36.00
14.00,13.00,37.00
13.00,42.00,37.00
15.00,14.00,36.00
15.00,36.00,43.00
43.00,36.00,40.00
44.00,40.00,41.00
43.00,40.00,44.00
17.00,16.00,45.00
17.00,45.00,46.00
17.00,46.00,13.00
13.00,46.00,42.00
43.00,47.00,48.00
43.00,48.00,15.00
15.00,48.00,18.00
44.00,47.00,43.00
21.00,49.00,50.00
20.00,49.00,21.00
45.00,16.00,21.00
45.00,21.00,51.00
51.00,21.00,50.00
52.00,53.00,54.00
45.00,51.00,46.00
53.00,48.00,54.00
53.00,22.00,48.00
22.00,18.00,48.00
25.00,55.00,56.00
24.00,55.00,25.00
49.00,20.00,25.00
56.00,49.00,25.00
29.00,53.00,52.00
29.00,52.00,28.00
28.00,52.00,57.00
22.00,53.00,29.00
24.00,31.00,55.00
55.00,31.00,58.00
33.00,59.00,32.00
60.00,59.00,33.00
60.00,33.00,61.00
61.00,33.00,34.00
57.00,34.00,28.00
61.00,34.00,57.00
31.00,62.00,58.00
35.00,62.00,31.00
59.00,35.00,32.00
59.00,63.00,35.00
63.00,62.00,35.00
60.00,63.00,59.00
64.00,65.00,66.00
64.00,67.00,68.00
66.00,67.00,64.00
67.00,69.00,68.00
38.00,70.00,71.00
37.00,70.00,38.00
65.00,64.00,39.00
65.00,39.00,71.00
71.00,39.00,38.00
41.00,39.00,64.00
41.00,64.00,72.00
72.00,64.00,68.00
73.00,68.00,69.00
72.00,68.00,73.00
37.00,42.00,70.00
70.00,42.00,74.00
72.00,75.00,76.00
72.00,76.00,41.00
41.00,76.00,44.00
73.00,75.00,72.00
77.00,46.00,78.00
77.00,74.00,46.00
74.00,42.00,46.00
78.00,48.00,47.00
78.00,47.00,77.00
77.00,47.00,79.00
76.00,47.00,44.00
79.00,47.00,76.00
50.00,49.00,80.00
50.00,81.00,51.00
80.00,81.00,50.00
81.00,46.00,51.00
81.00,78.00,46.00
81.00,52.00,54.00
78.00,81.00,54.00
48.00,78.00,54.00
56.00,82.00,83.00
55.00,82.00,56.00
80.00,49.00,56.00
80.00,56.00,84.00
84.00,56.00,83.00
84.00,85.00,86.00
84.00,86.00,80.00
80.00,86.00,81.00
52.00,86.00,57.00
81.00,86.00,52.00
55.00,58.00,82.00
82.00,58.00,87.00
61.00,86.00,85.00
61.00,85.00,60.00
60.00,85.00,88.00
57.00,86.00,61.00
89.00,58.00,62.00
89.00,90.00,58.00
90.00,87.00,58.00
91.00,89.00,62.00
91.00,62.00,92.00
92.00,62.00,63.00
88.00,63.00,60.00
92.00,63.00,88.00
89.00,93.00,90.00
91.00,93.00,89.00
94.00,95.00,96.00
96.00,97.00,94.00
66.00,98.00,99.00
65.00,98.00,66.00
95.00,94.00,67.00
95.00,67.00,99.00
99.00,67.00,66.00
69.00,100.00,101.00
67.00,100.00,69.00
67.00,97.00,100.00
67.00,94.00,97.00
100.00,102.00,101.00
71.00,70.00,103.00
71.00,103.00,104.00
71.00,104.00,65.00
65.00,104.00,98.00
101.00,105.00,73.00
69.00,101.00,73.00
106.00,101.00,102.00
105.00,101.00,106.00
103.00,74.00,107.00
70.00,74.00,103.00
108.00,104.00,103.00
108.00,103.00,109.00
109.00,103.00,107.00
109.00,76.00,75.00
109.00,75.00,108.00
108.00,75.00,110.00
105.00,75.00,73.00
105.00,111.00,75.00
111.00,110.00,75.00
106.00,111.00,105.00
74.00,77.00,107.00
79.00,107.00,77.00
109.00,107.00,79.00
76.00,109.00,79.00
83.00,112.00,113.00
82.00,112.00,83.00
84.00,83.00,114.00
83.00,113.00,114.00
114.00,85.00,84.00
115.00,85.00,114.00
116.00,117.00,118.00
116.00,118.00,112.00
116.00,112.00,87.00
87.00,112.00,82.00
85.00,115.00,88.00
115.00,119.00,88.00
120.00,117.00,116.00
121.00,117.00,120.00
87.00,90.00,120.00
116.00,87.00,120.00
92.00,122.00,123.00
91.00,92.00,123.00
119.00,92.00,88.00
122.00,92.00,119.00
120.00,124.00,121.00
125.00,126.00,124.00
93.00,125.00,124.00
93.00,124.00,120.00
93.00,120.00,90.00
93.00,127.00,125.00
93.00,91.00,127.00
91.00,123.00,127.00
125.00,128.00,126.00
127.00,128.00,125.00
96.00,129.00,130.00
95.00,129.00,96.00
97.00,131.00,132.00
97.00,96.00,131.00
96.00,130.00,131.00
131.00,133.00,132.00
99.00,98.00,134.00
99.00,134.00,135.00
99.00,135.00,95.00
95.00,135.00,129.00
97.00,132.00,100.00
132.00,102.00,100.00
132.00,133.00,102.00
133.00,136.00,102.00
134.00,104.00,137.00
98.00,104.00,134.00
138.00,135.00,134.00
137.00,138.00,134.00
102.00,136.00,106.00
136.00,139.00,106.00
104.00,108.00,137.00
137.00,140.00,138.00
137.00,108.00,140.00
108.00,110.00,140.00
111.00,141.00,110.00
110.00,141.00,140.00
139.00,111.00,106.00
141.00,111.00,139.00
113.00,112.00,142.00
113.00,143.00,114.00
142.00,143.00,113.00
114.00,143.00,115.00
118.00,144.00,145.00
117.00,144.00,118.00
142.00,112.00,118.00
142.00,118.00,146.00
146.00,118.00,145.00
146.00,147.00,148.00
146.00,148.00,142.00
142.00,148.00,143.00
115.00,148.00,119.00
143.00,148.00,115.00
117.00,121.00,144.00
144.00,121.00,149.00
122.00,148.00,147.00
122.00,147.00,123.00
123.00,147.00,150.00
119.00,148.00,122.00
151.00,121.00,124.00
151.00,152.00,121.00
152.00,149.00,121.00
124.00,126.00,151.00
123.00,150.00,127.00
150.00,153.00,127.00
151.00,154.00,152.00
126.00,154.00,151.00
126.00,128.00,154.00
128.00,155.00,154.00
153.00,128.00,127.00
155.00,128.00,153.00
130.00,156.00,157.00
129.00,156.00,130.00
131.00,130.00,158.00
130.00,157.00,158.00
158.00,133.00,131.00
159.00,133.00,158.00
129.00,135.00,156.00
156.00,135.00,160.00
161.00,162.00,163.00
161.00,159.00,162.00
161.00,136.00,159.00
136.00,133.00,159.00
164.00,138.00,165.00
164.00,160.00,138.00
160.00,135.00,138.00
163.00,164.00,165.00
163.00,165.00,161.00
161.00,165.00,166.00
136.00,166.00,139.00
161.00,166.00,136.00
138.00,140.00,165.00
141.00,165.00,140.00
166.00,165.00,141.00
139.00,166.00,141.00
145.00,144.00,167.00
145.00,168.00,146.00
167.00,168.00,145.00
146.00,168.00,147.00
167.00,169.00,170.00
167.00,144.00,169.00
144.00,149.00,169.00
168.00,167.00,170.00
171.00,168.00,170.00
171.00,147.00,168.00
171.00,172.00,147.00
172.00,150.00,147.00
149.00,152.00,169.00
169.00,152.00,173.00
150.00,172.00,153.00
172.00,174.00,153.00
152.00,175.00,173.00
154.00,175.00,152.00
155.00,176.00,154.00
154.00,176.00,175.00
174.00,155.00,153.00
176.00,155.00,174.00
157.00,156.00,177.00
157.00,178.00,158.00
177.00,178.00,157.00
158.00,178.00,159.00
177.00,160.00,179.00
156.00,160.00,177.00
162.00,179.00,163.00
162.00,178.00,179.00
178.00,177.00,179.00
159.00,178.00,162.00
160.00,164.00,179.00
163.00,179.00,164.00
170.00,169.00,180.00
170.00,181.00,171.00
180.00,181.00,170.00
171.00,181.00,172.00
180.00,182.00,183.00
180.00,169.00,182.00
169.00,173.00,182.00
183.00,184.00,185.00
183.00,185.00,180.00
180.00,185.00,181.00
172.00,185.00,174.00
181.00,185.00,172.00
186.00,173.00,175.00
186.00,187.00,173.00
187.00,182.00,173.00
185.00,184.00,188.00
185.00,188.00,175.00
185.00,175.00,176.00
186.00,175.00,188.00
174.00,185.00,176.00
186.00,189.00,187.00
188.00,189.00,186.00
183.00,190.00,191.00
182.00,190.00,183.00
191.00,184.00,183.00
192.00,184.00,191.00
193.00,194.00,195.00
193.00,195.00,190.00
193.00,190.00,187.00
187.00,190.00,182.00
184.00,192.00,188.00
192.00,196.00,188.00
197.00,194.00,193.00
198.00,194.00,197.00
187.00,197.00,193.00
187.00,199.00,197.00
187.00,189.00,199.00
199.00,200.00,197.00
196.00,189.00,188.00
199.00,189.00,196.00
197.00,201.00,198.00
200.00,201.00,197.00
191.00,202.00,203.00
190.00,202.00,191.00
203.00,192.00,191.00
204.00,192.00,203.00
195.00,205.00,206.00
194.00,205.00,195.00
202.00,190.00,195.00
206.00,202.00,195.00
192.00,204.00,196.00
204.00,207.00,196.00
194.00,198.00,205.00
205.00,198.00,208.00
199.00,209.00,210.00
200.00,199.00,210.00
207.00,199.00,196.00
209.00,199.00,207.00
198.00,211.00,208.00
201.00,211.00,198.00
210.00,201.00,200.00
211.00,201.00,210.00
203.00,202.00,212.00
203.00,212.00,204.00
206.00,213.00,214.00
205.00,213.00,206.00
202.00,206.00,214.00
202.00,214.00,215.00
202.00,215.00,212.00
216.00,215.00,214.00
204.00,215.00,207.00
212.00,215.00,204.00
205.00,208.00,213.00
213.00,208.00,217.00
209.00,215.00,216.00
209.00,216.00,210.00
210.00,216.00,218.00
207.00,215.00,209.00
208.00,219.00,217.00
211.00,219.00,208.00
218.00,211.00,210.00
219.00,211.00,218.00
214.00,220.00,221.00
213.00,220.00,214.00
221.00,216.00,214.00
222.00,216.00,221.00
213.00,217.00,220.00
220.00,217.00,223.00
216.00,222.00,218.00
222.00,224.00,218.00
217.00,225.00,223.00
219.00,225.00,217.00
224.00,219.00,218.00
225.00,219.00,224.00
221.00,226.00,227.00
220.00,226.00,221.00
227.00,222.00,221.00
228.00,222.00,227.00
220.00,223.00,226.00
226.00,223.00,229.00
222.00,228.00,224.00
228.00,230.00,224.00
223.00,231.00,229.00
225.00,231.00,223.00
230.00,225.00,224.00
231.00,225.00,230.00
227.00,226.00,232.00
227.00,232.00,228.00
232.00,229.00,233.00
226.00,229.00,232.00
228.00,233.00,230.00
232.00,233.00,228.00
229.00,231.00,233.00
230.00,233.00,231.00
234.00,235.00,236.00
236.00,237.00,234.00
238.00,235.00,234.00
239.00,235.00,238.00
240.00,234.00,237.00
238.00,234.00,240.00
238.00,241.00,239.00
240.00,241.00,238.00
236.00,242.00,243.00
235.00,242.00,236.00
243.00,237.00,236.00
244.00,237.00,243.00
235.00,239.00,242.00
242.00,239.00,245.00
237.00,244.00,240.00
244.00,246.00,240.00
247.00,239.00,241.00
247.00,248.00,239.00
248.00,245.00,239.00
241.00,249.00,247.00
241.00,240.00,249.00
240.00,246.00,249.00
247.00,250.00,248.00
249.00,250.00,247.00
243.00,242.00,251.00
243.00,251.00,244.00
251.00,252.00,253.00
251.00,242.00,252.00
242.00,245.00,252.00
253.00,244.00,251.00
253.00,254.00,244.00
254.00,246.00,244.00
245.00,248.00,252.00
252.00,248.00,255.00
246.00,254.00,249.00
254.00,256.00,249.00
257.00,248.00,250.00
257.00,258.00,248.00
258.00,255.00,248.00
250.00,259.00,257.00
250.00,249.00,259.00
249.00,256.00,259.00
257.00,260.00,258.00
259.00,260.00,257.00
253.00,252.00,261.00
253.00,261.00,254.00
261.00,262.00,263.00
261.00,252.00,262.00
252.00,255.00,262.00
263.00,254.00,261.00
263.00,264.00,254.00
264.00,256.00,254.00
255.00,258.00,262.00
262.00,258.00,265.00
256.00,264.00,259.00
264.00,266.00,259.00
258.00,267.00,265.00
260.00,267.00,258.00
266.00,260.00,259.00
267.00,260.00,266.00
263.00,262.00,268.00
263.00,268.00,264.00
268.00,265.00,269.00
262.00,265.00,268.00
264.00,269.00,266.00
268.00,269.00,264.00
265.00,267.00,269.00
266.00,269.00,267.00
