0.00,1.00,2.00
2.00,3.00,0.00
4.00,1.00,0.00
5.00,1.00,4.00
6.00,0.00,3.00
4.00,0.00,6.00
4.00,7.00,5.00
6.00,7.00,4.00
2.00,8.00,9.00
1.00,8.00,2.00
9.00,3.00,2.00
10.00,3.00,9.00
1.00,5.00,8.00
8.00,5.00,11.00
3.00,10.00,6.00
10.00,12.00,6.00
13.00,14.00,15.00
7.00,16.00,13.00
7.00,13.00,11.00
7.00,11.00,5.00
15.00,11.00,13.00
7.00,17.00,16.00
7.00,6.00,17.00
6.00,12.00,17.00
13.00,18.00,14.00
16.00,18.00,13.00
19.00,18.00,16.00
17.00,19.00,16.00
20.00,21.00,22.00
20.00,23.00,24.00
22.00,23.00,20.00
23.00,25.00,24.00
9.00,21.00,20.00
9.00,8.00,21.00
8.00,26.00,21.00
10.00,9.00,20.00
10.00,20.00,27.00
27.00,20.00,24.00
28.00,24.00,25.00
27.00,24.00,28.00
29.00,30.00,31.00
29.00,32.00,33.00
31.00,32.00,29.00
33.00,34.00,35.00
32.00,34.00,33.00
35.00,34.00,26.00
35.00,26.00,11.00
11.00,26.00,8.00
27.00,36.00,12.00
10.00,27.00,12.00
37.00,27.00,28.00
36.00,27.00,37.00
38.00,30.00,29.00
39.00,30.00,38.00
33.00,40.00,29.00
40.00,38.00,29.00
15.00,14.00,40.00
15.00,40.00,35.00
35.00,40.00,33.00
11.00,15.00,35.00
36.00,41.00,42.00
36.00,42.00,12.00
12.00,42.00,17.00
37.00,41.00,36.00
43.00,39.00,38.00
44.00,39.00,43.00
40.00,45.00,38.00
45.00,43.00,38.00
14.00,18.00,46.00
14.00,46.00,40.00
40.00,46.00,45.00
47.00,46.00,18.00
47.00,18.00,48.00
48.00,18.00,19.00
42.00,19.00,17.00
48.00,19.00,42.00
49.00,44.00,43.00
50.00,44.00,49.00
51.00,45.00,52.00
51.00,49.00,45.00
49.00,43.00,45.00
46.00,52.00,45.00
53.00,52.00,46.00
47.00,53.00,46.00
49.00,54.00,50.00
51.00,54.00,49.00
55.00,56.00,57.00
57.00,58.00,55.00
22.00,59.00,60.00
21.00,59.00,22.00
23.00,22.00,61.00
22.00,60.00,61.00
25.00,55.00,62.00
25.00,61.00,55.00
25.00,23.00,61.00
61.00,56.00,55.00
63.00,55.00,58.00
62.00,55.00,63.00
64.00,65.00,66.00
66.00,67.00,64.00
68.00,69.00,70.00
68.00,70.00,59.00
68.00,59.00,26.00
26.00,59.00,21.00
62.00,71.00,28.00
25.00,62.00,28.00
72.00,62.00,63.00
71.00,62.00,72.00
73.00,65.00,64.00
74.00,65.00,73.00
30.00,75.00,31.00
30.00,64.00,75.00
30.00,73.00,64.00
67.00,75.00,64.00
32.00,31.00,76.00
31.00,75.00,76.00
69.00,68.00,34.00
69.00,34.00,76.00
76.00,34.00,32.00
26.00,34.00,68.00
71.00,77.00,78.00
71.00,78.00,28.00
28.00,78.00,37.00
72.00,77.00,71.00
79.00,74.00,73.00
80.00,74.00,79.00
30.00,39.00,79.00
73.00,30.00,79.00
41.00,81.00,82.00
42.00,41.00,82.00
78.00,41.00,37.00
81.00,41.00,78.00
83.00,80.00,79.00
84.00,80.00,83.00
39.00,44.00,83.00
79.00,39.00,83.00
48.00,85.00,86.00
47.00,48.00,86.00
82.00,48.00,42.00
85.00,48.00,82.00
87.00,84.00,83.00
88.00,84.00,87.00
44.00,50.00,87.00
83.00,44.00,87.00
52.00,89.00,51.00
52.00,53.00,90.00
89.00,52.00,90.00
53.00,91.00,90.00
53.00,47.00,91.00
47.00,86.00,91.00
87.00,92.00,88.00
93.00,94.00,92.00
54.00,93.00,92.00
54.00,92.00,87.00
54.00,87.00,50.00
54.00,95.00,93.00
51.00,95.00,54.00
51.00,96.00,95.00
51.00,89.00,96.00
90.00,96.00,89.00
97.00,96.00,90.00
91.00,97.00,90.00
93.00,98.00,94.00
95.00,98.00,93.00
99.00,100.00,101.00
99.00,102.00,103.00
101.00,102.00,99.00
102.00,104.00,103.00
105.00,100.00,99.00
106.00,100.00,105.00
103.00,107.00,99.00
107.00,105.00,99.00
108.00,103.00,104.00
107.00,103.00,108.00
57.00,106.00,105.00
57.00,56.00,106.00
56.00,109.00,106.00
58.00,57.00,105.00
58.00,105.00,110.00
110.00,105.00,107.00
111.00,107.00,108.00
110.00,107.00,111.00
60.00,112.00,113.00
59.00,112.00,60.00
61.00,60.00,114.00
60.00,113.00,114.00
109.00,56.00,61.00
114.00,109.00,61.00
110.00,115.00,116.00
110.00,116.00,58.00
58.00,116.00,63.00
111.00,115.00,110.00
66.00,117.00,118.00
65.00,117.00,66.00
118.00,67.00,66.00
119.00,67.00,118.00
70.00,120.00,121.00
69.00,120.00,70.00
112.00,59.00,70.00
121.00,112.00,70.00
63.00,116.00,72.00
116.00,122.00,72.00
65.00,74.00,117.00
117.00,74.00,123.00
67.00,119.00,124.00
75.00,67.00,124.00
76.00,75.00,125.00
75.00,124.00,125.00
120.00,69.00,76.00
125.00,120.00,76.00
77.00,126.00,127.00
78.00,77.00,127.00
122.00,77.00,72.00
126.00,77.00,122.00
74.00,80.00,123.00
123.00,80.00,128.00
81.00,129.00,130.00
82.00,81.00,130.00
127.00,81.00,78.00
129.00,81.00,127.00
80.00,84.00,128.00
128.00,84.00,131.00
85.00,132.00,86.00
85.00,133.00,132.00
85.00,82.00,133.00
82.00,130.00,133.00
84.00,88.00,131.00
131.00,88.00,134.00
132.00,135.00,136.00
132.00,136.00,86.00
86.00,136.00,91.00
133.00,135.00,132.00
137.00,88.00,92.00
137.00,138.00,88.00
138.00,134.00,88.00
92.00,94.00,137.00
96.00,139.00,95.00
140.00,139.00,96.00
140.00,96.00,141.00
141.00,96.00,97.00
136.00,97.00,91.00
141.00,97.00,136.00
142.00,138.00,137.00
143.00,138.00,142.00
94.00,98.00,144.00
94.00,144.00,137.00
137.00,144.00,142.00
98.00,95.00,139.00
98.00,139.00,144.00
144.00,139.00,145.00
146.00,139.00,140.00
145.00,139.00,146.00
147.00,143.00,142.00
148.00,143.00,147.00
144.00,149.00,142.00
149.00,147.00,142.00
150.00,145.00,151.00
150.00,149.00,145.00
149.00,144.00,145.00
146.00,151.00,145.00
147.00,152.00,148.00
149.00,152.00,147.00
153.00,152.00,149.00
150.00,153.00,149.00
154.00,155.00,156.00
154.00,157.00,158.00
156.00,157.00,154.00
157.00,159.00,158.00
160.00,155.00,154.00
161.00,155.00,160.00
158.00,162.00,154.00
162.00,160.00,154.00
163.00,158.00,159.00
162.00,158.00,163.00
164.00,161.00,160.00
165.00,161.00,164.00
166.00,162.00,167.00
166.00,164.00,162.00
164.00,160.00,162.00
163.00,167.00,162.00
168.00,169.00,170.00
168.00,171.00,172.00
168.00,164.00,171.00
168.00,170.00,165.00
164.00,168.00,165.00
166.00,171.00,164.00
173.00,169.00,168.00
174.00,169.00,173.00
175.00,168.00,172.00
173.00,168.00,175.00
101.00,176.00,177.00
100.00,176.00,101.00
174.00,173.00,102.00
174.00,102.00,177.00
177.00,102.00,101.00
173.00,104.00,102.00
173.00,175.00,104.00
175.00,178.00,104.00
100.00,106.00,176.00
176.00,106.00,179.00
104.00,178.00,108.00
178.00,180.00,108.00
106.00,109.00,179.00
179.00,109.00,181.00
108.00,180.00,111.00
180.00,182.00,111.00
113.00,112.00,183.00
184.00,113.00,183.00
184.00,185.00,113.00
185.00,114.00,113.00
181.00,109.00,114.00
185.00,181.00,114.00
115.00,186.00,187.00
116.00,115.00,187.00
182.00,115.00,111.00
186.00,115.00,182.00
118.00,188.00,189.00
117.00,188.00,118.00
189.00,119.00,118.00
190.00,119.00,189.00
121.00,120.00,191.00
121.00,183.00,112.00
121.00,191.00,183.00
191.00,192.00,183.00
193.00,184.00,183.00
192.00,193.00,183.00
116.00,187.00,122.00
187.00,194.00,122.00
117.00,123.00,188.00
188.00,123.00,195.00
196.00,124.00,119.00
196.00,119.00,197.00
197.00,119.00,190.00
198.00,124.00,196.00
198.00,199.00,124.00
199.00,125.00,124.00
191.00,120.00,125.00
191.00,125.00,200.00
200.00,125.00,199.00
200.00,201.00,202.00
200.00,202.00,191.00
191.00,202.00,192.00
203.00,193.00,192.00
202.00,203.00,192.00
126.00,204.00,205.00
127.00,126.00,205.00
194.00,126.00,122.00
204.00,126.00,194.00
123.00,128.00,195.00
195.00,128.00,206.00
196.00,197.00,207.00
198.00,196.00,207.00
202.00,201.00,208.00
208.00,203.00,202.00
129.00,209.00,130.00
209.00,129.00,210.00
205.00,129.00,127.00
210.00,129.00,205.00
128.00,131.00,206.00
206.00,131.00,211.00
212.00,213.00,214.00
212.00,209.00,213.00
212.00,133.00,209.00
133.00,130.00,209.00
215.00,216.00,217.00
215.00,217.00,211.00
215.00,211.00,134.00
134.00,211.00,131.00
135.00,212.00,214.00
135.00,214.00,136.00
136.00,214.00,218.00
133.00,212.00,135.00
219.00,216.00,215.00
220.00,216.00,219.00
134.00,138.00,219.00
215.00,134.00,219.00
141.00,221.00,140.00
141.00,222.00,221.00
141.00,136.00,222.00
136.00,218.00,222.00
223.00,220.00,219.00
224.00,220.00,223.00
138.00,143.00,223.00
219.00,138.00,223.00
221.00,225.00,226.00
221.00,226.00,140.00
140.00,226.00,146.00
222.00,225.00,221.00
227.00,224.00,223.00
228.00,224.00,227.00
143.00,148.00,227.00
223.00,143.00,227.00
151.00,229.00,150.00
151.00,230.00,229.00
151.00,146.00,230.00
146.00,226.00,230.00
231.00,228.00,227.00
232.00,228.00,231.00
148.00,152.00,233.00
148.00,233.00,227.00
227.00,233.00,231.00
152.00,153.00,234.00
233.00,152.00,234.00
153.00,235.00,234.00
150.00,235.00,153.00
150.00,236.00,235.00
150.00,229.00,236.00
230.00,236.00,229.00
237.00,232.00,231.00
238.00,232.00,237.00
239.00,233.00,240.00
239.00,237.00,233.00
237.00,231.00,233.00
234.00,240.00,233.00
241.00,240.00,234.00
235.00,241.00,234.00
237.00,242.00,238.00
239.00,242.00,237.00
243.00,244.00,245.00
243.00,246.00,247.00
245.00,246.00,243.00
246.00,248.00,247.00
156.00,244.00,243.00
156.00,155.00,244.00
155.00,249.00,244.00
157.00,156.00,243.00
247.00,157.00,243.00
247.00,159.00,157.00
247.00,248.00,159.00
248.00,250.00,159.00
155.00,161.00,249.00
249.00,161.00,251.00
159.00,250.00,163.00
250.00,252.00,163.00
161.00,165.00,251.00
251.00,165.00,253.00
167.00,254.00,255.00
166.00,167.00,255.00
252.00,167.00,163.00
254.00,167.00,252.00
170.00,256.00,257.00
169.00,256.00,170.00
258.00,172.00,171.00
253.00,165.00,257.00
170.00,257.00,165.00
171.00,259.00,258.00
171.00,166.00,259.00
166.00,255.00,259.00
169.00,174.00,256.00
256.00,174.00,260.00
258.00,261.00,175.00
172.00,258.00,175.00
262.00,258.00,259.00
261.00,258.00,262.00
177.00,263.00,264.00
176.00,263.00,177.00
260.00,174.00,177.00
264.00,260.00,177.00
261.00,265.00,266.00
261.00,266.00,175.00
175.00,266.00,178.00
262.00,265.00,261.00
176.00,179.00,263.00
263.00,179.00,267.00
178.00,266.00,180.00
266.00,268.00,180.00
179.00,181.00,267.00
267.00,181.00,269.00
180.00,268.00,182.00
268.00,270.00,182.00
185.00,184.00,271.00
272.00,269.00,181.00
272.00,181.00,271.00
272.00,271.00,273.00
271.00,181.00,185.00
273.00,187.00,186.00
273.00,186.00,272.00
272.00,186.00,274.00
270.00,186.00,182.00
274.00,186.00,270.00
189.00,188.00,275.00
189.00,275.00,190.00
271.00,193.00,276.00
184.00,193.00,271.00
273.00,271.00,277.00
277.00,271.00,276.00
187.00,277.00,194.00
273.00,277.00,187.00
275.00,195.00,278.00
188.00,195.00,275.00
190.00,278.00,197.00
275.00,278.00,190.00
199.00,198.00,279.00
199.00,280.00,200.00
279.00,280.00,199.00
200.00,280.00,201.00
276.00,203.00,281.00
193.00,203.00,276.00
204.00,281.00,205.00
204.00,277.00,281.00
277.00,276.00,281.00
194.00,277.00,204.00
278.00,282.00,283.00
278.00,195.00,282.00
195.00,206.00,282.00
284.00,283.00,285.00
207.00,283.00,284.00
207.00,278.00,283.00
207.00,197.00,278.00
207.00,279.00,198.00
207.00,284.00,279.00
284.00,286.00,279.00
280.00,279.00,287.00
287.00,279.00,286.00
201.00,288.00,208.00
201.00,280.00,288.00
280.00,287.00,288.00
288.00,203.00,208.00
288.00,281.00,203.00
288.00,209.00,210.00
281.00,288.00,210.00
205.00,281.00,210.00
206.00,211.00,282.00
282.00,211.00,289.00
284.00,285.00,290.00
286.00,284.00,290.00
291.00,286.00,290.00
287.00,286.00,291.00
292.00,287.00,291.00
213.00,293.00,214.00
213.00,287.00,293.00
213.00,288.00,287.00
287.00,292.00,293.00
209.00,288.00,213.00
217.00,294.00,295.00
216.00,294.00,217.00
289.00,211.00,217.00
295.00,289.00,217.00
214.00,293.00,218.00
293.00,296.00,218.00
216.00,220.00,294.00
294.00,220.00,297.00
298.00,299.00,300.00
298.00,296.00,299.00
298.00,222.00,296.00
222.00,218.00,296.00
301.00,302.00,303.00
301.00,303.00,297.00
301.00,297.00,224.00
224.00,297.00,220.00
225.00,298.00,300.00
225.00,300.00,226.00
226.00,300.00,304.00
222.00,298.00,225.00
305.00,302.00,301.00
306.00,302.00,305.00
224.00,228.00,305.00
301.00,224.00,305.00
226.00,304.00,230.00
304.00,307.00,230.00
308.00,309.00,310.00
306.00,308.00,310.00
306.00,305.00,308.00
305.00,311.00,308.00
228.00,232.00,311.00
305.00,228.00,311.00
236.00,312.00,313.00
235.00,236.00,313.00
307.00,236.00,230.00
312.00,236.00,307.00
314.00,309.00,308.00
315.00,309.00,314.00
311.00,316.00,308.00
316.00,314.00,308.00
232.00,238.00,316.00
311.00,232.00,316.00
240.00,317.00,239.00
318.00,317.00,240.00
318.00,240.00,319.00
319.00,240.00,241.00
313.00,241.00,235.00
319.00,241.00,313.00
320.00,315.00,314.00
321.00,315.00,320.00
316.00,322.00,314.00
322.00,320.00,314.00
238.00,242.00,323.00
238.00,323.00,316.00
316.00,323.00,322.00
242.00,324.00,323.00
239.00,324.00,242.00
239.00,325.00,324.00
239.00,317.00,325.00
318.00,325.00,317.00
320.00,326.00,321.00
322.00,326.00,320.00
327.00,326.00,322.00
323.00,327.00,322.00
328.00,327.00,323.00
324.00,328.00,323.00
329.00,330.00,331.00
329.00,332.00,333.00
331.00,332.00,329.00
332.00,334.00,333.00
245.00,330.00,329.00
245.00,244.00,330.00
244.00,335.00,330.00
246.00,245.00,329.00
333.00,246.00,329.00
333.00,248.00,246.00
333.00,334.00,248.00
334.00,336.00,248.00
244.00,249.00,335.00
335.00,249.00,337.00
248.00,336.00,250.00
336.00,338.00,250.00
249.00,251.00,337.00
337.00,251.00,339.00
250.00,338.00,252.00
338.00,340.00,252.00
251.00,253.00,339.00
339.00,253.00,341.00
254.00,342.00,343.00
255.00,254.00,343.00
340.00,254.00,252.00
342.00,254.00,340.00
257.00,344.00,345.00
256.00,344.00,257.00
341.00,253.00,257.00
345.00,341.00,257.00
255.00,343.00,259.00
343.00,346.00,259.00
256.00,260.00,344.00
344.00,260.00,347.00
259.00,346.00,262.00
346.00,348.00,262.00
264.00,263.00,349.00
264.00,349.00,350.00
264.00,350.00,260.00
260.00,350.00,347.00
265.00,351.00,352.00
266.00,265.00,352.00
348.00,265.00,262.00
351.00,265.00,348.00
349.00,267.00,353.00
263.00,267.00,349.00
354.00,350.00,349.00
354.00,349.00,355.00
355.00,349.00,353.00
355.00,352.00,354.00
355.00,268.00,352.00
268.00,266.00,352.00
353.00,269.00,356.00
267.00,269.00,353.00
355.00,353.00,357.00
357.00,353.00,356.00
268.00,357.00,270.00
355.00,357.00,268.00
269.00,272.00,356.00
274.00,356.00,272.00
357.00,356.00,274.00
270.00,357.00,274.00
283.00,282.00,358.00
283.00,358.00,285.00
358.00,289.00,359.00
282.00,289.00,358.00
285.00,360.00,290.00
285.00,358.00,360.00
358.00,359.00,360.00
290.00,361.00,291.00
360.00,361.00,290.00
291.00,362.00,292.00
361.00,362.00,291.00
292.00,362.00,293.00
295.00,363.00,364.00
294.00,363.00,295.00
359.00,289.00,295.00
359.00,295.00,365.00
365.00,295.00,364.00
360.00,359.00,365.00
366.00,360.00,365.00
361.00,360.00,366.00
367.00,361.00,366.00
367.00,368.00,369.00
367.00,369.00,361.00
361.00,369.00,362.00
293.00,369.00,296.00
362.00,369.00,293.00
294.00,297.00,363.00
363.00,297.00,370.00
299.00,369.00,368.00
299.00,368.00,300.00
300.00,368.00,371.00
296.00,369.00,299.00
303.00,372.00,373.00
302.00,372.00,303.00
370.00,297.00,303.00
373.00,370.00,303.00
374.00,375.00,376.00
374.00,371.00,375.00
374.00,304.00,371.00
304.00,300.00,371.00
377.00,378.00,379.00
377.00,379.00,372.00
377.00,372.00,306.00
306.00,372.00,302.00
380.00,374.00,376.00
381.00,380.00,376.00
304.00,380.00,307.00
374.00,380.00,304.00
310.00,378.00,377.00
310.00,309.00,378.00
309.00,382.00,378.00
306.00,310.00,377.00
312.00,380.00,381.00
312.00,381.00,313.00
313.00,381.00,383.00
307.00,380.00,312.00
309.00,315.00,382.00
382.00,315.00,384.00
319.00,385.00,318.00
319.00,386.00,385.00
319.00,313.00,386.00
313.00,383.00,386.00
315.00,321.00,384.00
384.00,321.00,387.00
325.00,388.00,389.00
324.00,325.00,389.00
385.00,325.00,318.00
385.00,390.00,325.00
390.00,388.00,325.00
386.00,390.00,385.00
391.00,321.00,326.00
391.00,392.00,321.00
392.00,387.00,321.00
326.00,327.00,393.00
391.00,326.00,393.00
394.00,393.00,327.00
394.00,327.00,395.00
395.00,327.00,328.00
389.00,328.00,324.00
395.00,328.00,389.00
391.00,396.00,392.00
393.00,396.00,391.00
397.00,396.00,393.00
394.00,397.00,393.00
398.00,399.00,400.00
400.00,401.00,398.00
402.00,403.00,404.00
404.00,405.00,402.00
406.00,399.00,398.00
407.00,399.00,406.00
408.00,398.00,401.00
406.00,398.00,408.00
409.00,403.00,402.00
410.00,403.00,409.00
411.00,402.00,405.00
409.00,402.00,411.00
412.00,407.00,406.00
413.00,407.00,412.00
414.00,406.00,408.00
412.00,406.00,414.00
331.00,415.00,416.00
330.00,415.00,331.00
410.00,409.00,332.00
410.00,332.00,416.00
416.00,332.00,331.00
409.00,334.00,332.00
409.00,411.00,334.00
411.00,417.00,334.00
412.00,418.00,413.00
414.00,418.00,412.00
330.00,335.00,415.00
415.00,335.00,419.00
334.00,417.00,336.00
417.00,420.00,336.00
335.00,337.00,419.00
419.00,337.00,421.00
336.00,420.00,338.00
420.00,422.00,338.00
423.00,339.00,424.00
423.00,421.00,339.00
421.00,337.00,339.00
424.00,425.00,426.00
423.00,424.00,426.00
425.00,422.00,426.00
425.00,340.00,422.00
340.00,338.00,422.00
424.00,341.00,427.00
339.00,341.00,424.00
342.00,427.00,343.00
342.00,425.00,427.00
425.00,424.00,427.00
340.00,425.00,342.00
345.00,344.00,428.00
345.00,427.00,341.00
345.00,428.00,427.00
428.00,429.00,427.00
343.00,429.00,346.00
427.00,429.00,343.00
428.00,347.00,430.00
344.00,347.00,428.00
429.00,428.00,431.00
431.00,428.00,430.00
346.00,431.00,348.00
429.00,431.00,346.00
430.00,350.00,432.00
347.00,350.00,430.00
351.00,432.00,352.00
351.00,431.00,432.00
431.00,430.00,432.00
348.00,431.00,351.00
350.00,354.00,432.00
352.00,432.00,354.00
364.00,363.00,433.00
364.00,434.00,365.00
433.00,434.00,364.00
365.00,435.00,366.00
434.00,435.00,365.00
366.00,436.00,367.00
435.00,436.00,366.00
367.00,436.00,368.00
433.00,437.00,438.00
433.00,363.00,437.00
363.00,370.00,437.00
434.00,433.00,438.00
439.00,434.00,438.00
439.00,440.00,441.00
439.00,441.00,434.00
434.00,441.00,435.00
436.00,435.00,442.00
442.00,435.00,441.00
368.00,442.00,371.00
436.00,442.00,368.00
373.00,443.00,444.00
372.00,443.00,373.00
437.00,370.00,373.00
444.00,437.00,373.00
441.00,440.00,445.00
375.00,446.00,376.00
375.00,441.00,446.00
375.00,442.00,441.00
441.00,445.00,446.00
371.00,442.00,375.00
379.00,447.00,448.00
378.00,447.00,379.00
443.00,372.00,379.00
448.00,443.00,379.00
376.00,446.00,381.00
446.00,449.00,381.00
378.00,382.00,447.00
447.00,382.00,450.00
381.00,449.00,383.00
449.00,451.00,383.00
382.00,384.00,450.00
450.00,384.00,452.00
383.00,451.00,386.00
451.00,453.00,386.00
384.00,387.00,452.00
452.00,387.00,454.00
388.00,455.00,389.00
456.00,455.00,388.00
456.00,388.00,457.00
457.00,388.00,390.00
453.00,390.00,386.00
457.00,390.00,453.00
387.00,392.00,454.00
454.00,392.00,458.00
395.00,459.00,394.00
395.00,460.00,459.00
389.00,460.00,395.00
389.00,461.00,460.00
389.00,455.00,461.00
456.00,461.00,455.00
462.00,392.00,396.00
462.00,463.00,392.00
463.00,458.00,392.00
464.00,462.00,396.00
464.00,396.00,465.00
465.00,396.00,397.00
459.00,397.00,394.00
459.00,466.00,397.00
466.00,465.00,397.00
460.00,466.00,459.00
462.00,467.00,463.00
464.00,467.00,462.00
468.00,469.00,470.00
470.00,471.00,468.00
472.00,469.00,468.00
473.00,469.00,472.00
474.00,468.00,471.00
472.00,468.00,474.00
400.00,473.00,472.00
400.00,399.00,473.00
399.00,475.00,473.00
472.00,401.00,400.00
472.00,474.00,401.00
474.00,476.00,401.00
404.00,477.00,478.00
403.00,477.00,404.00
478.00,405.00,404.00
479.00,405.00,478.00
399.00,407.00,475.00
475.00,407.00,480.00
401.00,476.00,408.00
476.00,481.00,408.00
403.00,410.00,477.00
477.00,410.00,482.00
405.00,479.00,411.00
479.00,483.00,411.00
407.00,413.00,480.00
480.00,413.00,484.00
408.00,481.00,414.00
481.00,485.00,414.00
416.00,415.00,486.00
416.00,486.00,487.00
416.00,487.00,410.00
410.00,487.00,482.00
411.00,483.00,417.00
483.00,488.00,417.00
413.00,489.00,484.00
418.00,489.00,413.00
485.00,418.00,414.00
489.00,418.00,485.00
486.00,419.00,490.00
415.00,419.00,486.00
491.00,487.00,486.00
491.00,486.00,492.00
492.00,486.00,490.00
492.00,488.00,491.00
492.00,420.00,488.00
420.00,417.00,488.00
490.00,421.00,493.00
419.00,421.00,490.00
492.00,490.00,494.00
494.00,490.00,493.00
420.00,494.00,422.00
492.00,494.00,420.00
421.00,423.00,493.00
426.00,493.00,423.00
494.00,493.00,426.00
422.00,494.00,426.00
438.00,437.00,495.00
438.00,496.00,439.00
495.00,496.00,438.00
439.00,496.00,440.00
444.00,443.00,497.00
444.00,497.00,498.00
437.00,444.00,498.00
437.00,498.00,499.00
437.00,499.00,495.00
499.00,500.00,501.00
499.00,501.00,495.00
495.00,501.00,496.00
440.00,502.00,445.00
440.00,496.00,502.00
496.00,501.00,502.00
445.00,502.00,446.00
448.00,503.00,504.00
447.00,503.00,448.00
497.00,443.00,448.00
497.00,448.00,505.00
505.00,448.00,504.00
498.00,497.00,505.00
501.00,500.00,506.00
506.00,507.00,508.00
506.00,508.00,501.00
501.00,508.00,502.00
446.00,508.00,449.00
502.00,508.00,446.00
447.00,450.00,503.00
503.00,450.00,509.00
510.00,508.00,507.00
511.00,510.00,507.00
449.00,510.00,451.00
508.00,510.00,449.00
450.00,452.00,509.00
509.00,452.00,512.00
513.00,510.00,511.00
514.00,513.00,511.00
451.00,513.00,453.00
510.00,513.00,451.00
515.00,516.00,517.00
515.00,517.00,512.00
515.00,512.00,454.00
454.00,512.00,452.00
457.00,513.00,514.00
457.00,514.00,456.00
456.00,514.00,518.00
453.00,513.00,457.00
519.00,516.00,515.00
520.00,516.00,519.00
454.00,458.00,519.00
515.00,454.00,519.00
461.00,521.00,522.00
460.00,461.00,522.00
518.00,461.00,456.00
521.00,461.00,518.00
523.00,520.00,519.00
524.00,520.00,523.00
458.00,463.00,523.00
519.00,458.00,523.00
465.00,525.00,464.00
526.00,525.00,465.00
526.00,465.00,527.00
527.00,465.00,466.00
522.00,466.00,460.00
527.00,466.00,522.00
523.00,528.00,524.00
529.00,530.00,528.00
467.00,529.00,528.00
467.00,528.00,523.00
467.00,523.00,463.00
467.00,531.00,529.00
464.00,531.00,467.00
464.00,532.00,531.00
464.00,525.00,532.00
526.00,532.00,525.00
529.00,533.00,530.00
531.00,533.00,529.00
470.00,534.00,535.00
469.00,534.00,470.00
535.00,471.00,470.00
536.00,471.00,535.00
469.00,473.00,534.00
534.00,473.00,537.00
471.00,536.00,474.00
536.00,538.00,474.00
473.00,475.00,537.00
537.00,475.00,539.00
474.00,538.00,476.00
538.00,540.00,476.00
478.00,477.00,541.00
478.00,541.00,479.00
475.00,480.00,539.00
539.00,480.00,542.00
476.00,540.00,481.00
540.00,543.00,481.00
541.00,482.00,544.00
477.00,482.00,541.00
479.00,544.00,483.00
541.00,544.00,479.00
545.00,484.00,546.00
545.00,542.00,484.00
542.00,480.00,484.00
546.00,543.00,545.00
546.00,485.00,543.00
485.00,481.00,543.00
544.00,487.00,547.00
482.00,487.00,544.00
483.00,547.00,488.00
544.00,547.00,483.00
484.00,489.00,546.00
485.00,546.00,489.00
487.00,491.00,547.00
488.00,547.00,491.00
499.00,498.00,548.00
499.00,548.00,500.00
504.00,503.00,549.00
504.00,550.00,505.00
549.00,550.00,504.00
505.00,550.00,551.00
498.00,505.00,551.00
498.00,551.00,552.00
498.00,552.00,548.00
553.00,552.00,554.00
506.00,552.00,553.00
506.00,548.00,552.00
506.00,500.00,548.00
506.00,553.00,507.00
549.00,509.00,555.00
503.00,509.00,549.00
556.00,557.00,550.00
556.00,550.00,555.00
555.00,550.00,549.00
551.00,550.00,557.00
558.00,553.00,554.00
559.00,558.00,554.00
507.00,558.00,511.00
553.00,558.00,507.00
555.00,560.00,561.00
555.00,509.00,560.00
509.00,512.00,560.00
556.00,555.00,561.00
562.00,558.00,559.00
563.00,562.00,559.00
511.00,562.00,514.00
558.00,562.00,511.00
517.00,564.00,565.00
516.00,564.00,517.00
560.00,512.00,517.00
565.00,560.00,517.00
566.00,562.00,563.00
567.00,566.00,563.00
514.00,566.00,518.00
562.00,566.00,514.00
516.00,520.00,564.00
564.00,520.00,568.00
521.00,566.00,567.00
521.00,567.00,522.00
522.00,567.00,569.00
518.00,566.00,521.00
520.00,524.00,568.00
568.00,524.00,570.00
527.00,571.00,572.00
526.00,527.00,572.00
569.00,527.00,522.00
571.00,527.00,569.00
573.00,524.00,528.00
573.00,574.00,524.00
574.00,570.00,524.00
528.00,530.00,573.00
532.00,575.00,531.00
532.00,576.00,575.00
532.00,526.00,576.00
526.00,572.00,576.00
573.00,577.00,574.00
578.00,579.00,577.00
533.00,578.00,577.00
533.00,577.00,573.00
533.00,573.00,530.00
533.00,580.00,578.00
531.00,580.00,533.00
531.00,581.00,580.00
531.00,575.00,581.00
576.00,581.00,575.00
578.00,582.00,579.00
580.00,582.00,578.00
535.00,583.00,584.00
534.00,583.00,535.00
584.00,536.00,535.00
585.00,536.00,584.00
534.00,537.00,583.00
583.00,537.00,586.00
536.00,585.00,538.00
585.00,587.00,538.00
537.00,539.00,586.00
586.00,539.00,588.00
538.00,587.00,540.00
587.00,589.00,540.00
539.00,542.00,588.00
588.00,542.00,590.00
540.00,589.00,543.00
589.00,591.00,543.00
542.00,592.00,590.00
545.00,592.00,542.00
591.00,545.00,543.00
592.00,545.00,591.00
552.00,551.00,593.00
552.00,593.00,554.00
557.00,556.00,594.00
557.00,593.00,551.00
557.00,594.00,593.00
594.00,595.00,593.00
554.00,595.00,559.00
593.00,595.00,554.00
561.00,596.00,597.00
560.00,596.00,561.00
594.00,556.00,561.00
594.00,561.00,598.00
598.00,561.00,597.00
598.00,599.00,600.00
598.00,600.00,594.00
594.00,600.00,595.00
559.00,600.00,563.00
595.00,600.00,559.00
565.00,601.00,602.00
564.00,601.00,565.00
596.00,560.00,565.00
602.00,596.00,565.00
603.00,600.00,599.00
604.00,603.00,599.00
563.00,603.00,567.00
600.00,603.00,563.00
564.00,568.00,601.00
601.00,568.00,605.00
606.00,603.00,604.00
607.00,606.00,604.00
567.00,606.00,569.00
603.00,606.00,567.00
568.00,570.00,605.00
605.00,570.00,608.00
571.00,606.00,607.00
571.00,607.00,572.00
572.00,607.00,609.00
569.00,606.00,571.00
610.00,611.00,612.00
610.00,612.00,608.00
610.00,608.00,574.00
574.00,608.00,570.00
572.00,609.00,576.00
609.00,613.00,576.00
614.00,611.00,610.00
615.00,611.00,614.00
574.00,577.00,616.00
574.00,616.00,610.00
610.00,616.00,614.00
577.00,579.00,616.00
581.00,617.00,580.00
581.00,618.00,617.00
581.00,576.00,618.00
576.00,613.00,618.00
614.00,619.00,615.00
619.00,620.00,621.00
619.00,614.00,620.00
614.00,616.00,620.00
579.00,582.00,622.00
579.00,622.00,616.00
616.00,622.00,620.00
582.00,580.00,617.00
582.00,617.00,622.00
622.00,617.00,623.00
624.00,617.00,618.00
623.00,617.00,624.00
620.00,625.00,621.00
622.00,625.00,620.00
626.00,625.00,622.00
623.00,626.00,622.00
627.00,626.00,623.00
624.00,627.00,623.00
584.00,583.00,628.00
584.00,628.00,585.00
628.00,586.00,629.00
583.00,586.00,628.00
585.00,629.00,587.00
628.00,629.00,585.00
629.00,588.00,630.00
586.00,588.00,629.00
587.00,630.00,589.00
629.00,630.00,587.00
630.00,590.00,631.00
588.00,590.00,630.00
589.00,631.00,591.00
630.00,631.00,589.00
590.00,592.00,631.00
591.00,631.00,592.00
597.00,596.00,632.00
597.00,633.00,598.00
632.00,633.00,597.00
598.00,633.00,599.00
602.00,601.00,634.00
602.00,634.00,635.00
596.00,602.00,635.00
596.00,635.00,636.00
596.00,636.00,632.00
633.00,632.00,636.00
637.00,633.00,636.00
637.00,599.00,633.00
637.00,638.00,599.00
638.00,604.00,599.00
634.00,639.00,640.00
634.00,601.00,639.00
601.00,605.00,639.00
635.00,634.00,640.00
604.00,638.00,607.00
638.00,641.00,607.00
605.00,608.00,639.00
639.00,608.00,642.00
607.00,641.00,609.00
641.00,643.00,609.00
612.00,644.00,645.00
611.00,644.00,612.00
642.00,608.00,612.00
645.00,642.00,612.00
609.00,643.00,613.00
643.00,646.00,613.00
611.00,615.00,644.00
644.00,615.00,647.00
613.00,646.00,618.00
646.00,648.00,618.00
649.00,615.00,619.00
649.00,650.00,615.00
650.00,647.00,615.00
619.00,621.00,649.00
618.00,648.00,624.00
648.00,651.00,624.00
652.00,650.00,649.00
653.00,650.00,652.00
621.00,625.00,654.00
621.00,654.00,649.00
649.00,654.00,652.00
655.00,654.00,625.00
655.00,625.00,656.00
656.00,625.00,626.00
627.00,657.00,626.00
626.00,657.00,656.00
651.00,627.00,624.00
657.00,627.00,651.00
652.00,658.00,653.00
654.00,658.00,652.00
659.00,658.00,654.00
655.00,659.00,654.00
636.00,635.00,660.00
636.00,661.00,637.00
660.00,661.00,636.00
637.00,661.00,638.00
640.00,662.00,663.00
639.00,662.00,640.00
660.00,635.00,640.00
660.00,640.00,664.00
664.00,640.00,663.00
661.00,660.00,664.00
665.00,661.00,664.00
665.00,638.00,661.00
665.00,666.00,638.00
666.00,641.00,638.00
639.00,642.00,662.00
662.00,642.00,667.00
641.00,666.00,643.00
666.00,668.00,643.00
645.00,669.00,670.00
644.00,669.00,645.00
667.00,642.00,645.00
670.00,667.00,645.00
643.00,668.00,646.00
668.00,671.00,646.00
644.00,647.00,669.00
669.00,647.00,672.00
646.00,671.00,648.00
671.00,673.00,648.00
647.00,650.00,672.00
672.00,650.00,674.00
648.00,673.00,651.00
673.00,675.00,651.00
650.00,653.00,674.00
674.00,653.00,676.00
656.00,677.00,655.00
678.00,677.00,656.00
678.00,656.00,679.00
679.00,656.00,657.00
675.00,657.00,651.00
679.00,657.00,675.00
680.00,653.00,658.00
680.00,681.00,653.00
681.00,676.00,653.00
658.00,659.00,682.00
680.00,658.00,682.00
659.00,655.00,677.00
659.00,677.00,682.00
682.00,677.00,683.00
684.00,677.00,678.00
683.00,677.00,684.00
680.00,685.00,681.00
682.00,685.00,680.00
686.00,685.00,682.00
683.00,686.00,682.00
687.00,686.00,683.00
684.00,687.00,683.00
663.00,662.00,688.00
663.00,689.00,664.00
688.00,689.00,663.00
664.00,690.00,665.00
689.00,690.00,664.00
665.00,690.00,666.00
688.00,691.00,692.00
688.00,662.00,691.00
662.00,667.00,691.00
689.00,688.00,692.00
693.00,689.00,692.00
693.00,694.00,695.00
693.00,695.00,689.00
689.00,695.00,690.00
666.00,695.00,668.00
690.00,695.00,666.00
670.00,669.00,696.00
670.00,696.00,697.00
670.00,697.00,667.00
667.00,697.00,691.00
695.00,694.00,698.00
698.00,668.00,695.00
698.00,699.00,668.00
699.00,671.00,668.00
696.00,700.00,701.00
696.00,669.00,700.00
669.00,672.00,700.00
697.00,696.00,701.00
671.00,699.00,673.00
699.00,702.00,673.00
672.00,674.00,700.00
700.00,674.00,703.00
673.00,702.00,675.00
702.00,704.00,675.00
674.00,676.00,703.00
703.00,676.00,705.00
679.00,706.00,707.00
678.00,679.00,707.00
704.00,679.00,675.00
706.00,679.00,704.00
676.00,681.00,705.00
705.00,681.00,708.00
678.00,707.00,684.00
707.00,709.00,684.00
681.00,710.00,708.00
685.00,710.00,681.00
711.00,712.00,710.00
711.00,710.00,686.00
686.00,710.00,685.00
686.00,687.00,713.00
711.00,686.00,713.00
687.00,714.00,713.00
687.00,684.00,714.00
684.00,709.00,714.00
711.00,715.00,712.00
713.00,715.00,711.00
716.00,715.00,713.00
714.00,716.00,713.00
692.00,691.00,717.00
692.00,718.00,693.00
717.00,718.00,692.00
693.00,718.00,694.00
717.00,697.00,719.00
691.00,697.00,717.00
718.00,717.00,720.00
720.00,717.00,719.00
694.00,721.00,698.00
694.00,718.00,721.00
718.00,720.00,721.00
698.00,721.00,699.00
701.00,700.00,722.00
701.00,722.00,723.00
697.00,701.00,723.00
697.00,723.00,724.00
697.00,724.00,719.00
720.00,719.00,724.00
725.00,720.00,724.00
725.00,726.00,727.00
725.00,727.00,720.00
720.00,727.00,721.00
699.00,727.00,702.00
721.00,727.00,699.00
722.00,728.00,729.00
722.00,700.00,728.00
700.00,703.00,728.00
723.00,722.00,729.00
730.00,727.00,726.00
731.00,730.00,726.00
702.00,730.00,704.00
727.00,730.00,702.00
703.00,705.00,728.00
728.00,705.00,732.00
706.00,730.00,731.00
706.00,731.00,707.00
707.00,731.00,733.00
704.00,730.00,706.00
705.00,708.00,732.00
732.00,708.00,734.00
707.00,733.00,709.00
733.00,735.00,709.00
736.00,708.00,710.00
736.00,737.00,708.00
737.00,734.00,708.00
710.00,712.00,736.00
709.00,735.00,714.00
735.00,738.00,714.00
739.00,737.00,736.00
740.00,737.00,739.00
712.00,715.00,741.00
712.00,741.00,736.00
736.00,741.00,739.00
715.00,716.00,742.00
741.00,715.00,742.00
716.00,743.00,742.00
716.00,714.00,743.00
714.00,738.00,743.00
739.00,744.00,740.00
741.00,744.00,739.00
745.00,744.00,741.00
742.00,745.00,741.00
746.00,745.00,742.00
743.00,746.00,742.00
724.00,723.00,747.00
724.00,748.00,725.00
747.00,748.00,724.00
725.00,748.00,726.00
729.00,728.00,749.00
729.00,749.00,750.00
723.00,729.00,750.00
723.00,750.00,751.00
723.00,751.00,747.00
751.00,752.00,753.00
751.00,753.00,747.00
747.00,753.00,748.00
726.00,753.00,731.00
748.00,753.00,726.00
749.00,754.00,755.00
749.00,728.00,754.00
728.00,732.00,754.00
750.00,749.00,755.00
753.00,752.00,756.00
756.00,731.00,753.00
756.00,757.00,731.00
757.00,733.00,731.00
732.00,734.00,754.00
754.00,734.00,758.00
733.00,757.00,735.00
757.00,759.00,735.00
734.00,737.00,758.00
758.00,737.00,760.00
735.00,759.00,738.00
759.00,761.00,738.00
737.00,740.00,760.00
760.00,740.00,762.00
738.00,761.00,743.00
761.00,763.00,743.00
740.00,764.00,762.00
744.00,764.00,740.00
765.00,766.00,764.00
765.00,764.00,745.00
745.00,764.00,744.00
745.00,746.00,767.00
765.00,745.00,767.00
746.00,768.00,767.00
746.00,743.00,768.00
743.00,763.00,768.00
765.00,769.00,766.00
767.00,769.00,765.00
770.00,769.00,767.00
768.00,770.00,767.00
751.00,750.00,771.00
751.00,771.00,752.00
755.00,754.00,772.00
755.00,772.00,773.00
750.00,755.00,773.00
750.00,773.00,774.00
750.00,774.00,771.00
752.00,771.00,774.00
752.00,774.00,756.00
756.00,774.00,775.00
775.00,757.00,756.00
776.00,757.00,775.00
772.00,777.00,778.00
772.00,754.00,777.00
754.00,758.00,777.00
773.00,772.00,778.00
757.00,776.00,759.00
776.00,779.00,759.00
758.00,760.00,777.00
777.00,760.00,780.00
759.00,779.00,761.00
779.00,781.00,761.00
760.00,762.00,780.00
780.00,762.00,782.00
761.00,781.00,763.00
781.00,783.00,763.00
784.00,762.00,764.00
784.00,785.00,762.00
785.00,782.00,762.00
764.00,766.00,784.00
763.00,783.00,768.00
783.00,786.00,768.00
784.00,787.00,785.00
766.00,787.00,784.00
766.00,769.00,787.00
769.00,788.00,787.00
770.00,789.00,769.00
769.00,789.00,788.00
786.00,770.00,768.00
789.00,770.00,786.00
774.00,773.00,790.00
774.00,791.00,775.00
790.00,791.00,774.00
775.00,791.00,776.00
778.00,777.00,792.00
778.00,792.00,793.00
773.00,778.00,793.00
773.00,793.00,794.00
773.00,794.00,790.00
791.00,790.00,794.00
795.00,791.00,794.00
795.00,776.00,791.00
795.00,796.00,776.00
796.00,779.00,776.00
792.00,797.00,798.00
792.00,777.00,797.00
777.00,780.00,797.00
793.00,792.00,798.00
779.00,796.00,781.00
796.00,799.00,781.00
780.00,782.00,797.00
797.00,782.00,800.00
781.00,799.00,783.00
799.00,801.00,783.00
782.00,785.00,800.00
800.00,785.00,802.00
783.00,801.00,786.00
801.00,803.00,786.00
785.00,804.00,802.00
787.00,804.00,785.00
805.00,806.00,804.00
805.00,804.00,788.00
788.00,804.00,787.00
788.00,789.00,807.00
805.00,788.00,807.00
789.00,808.00,807.00
789.00,786.00,808.00
786.00,803.00,808.00
805.00,809.00,806.00
807.00,809.00,805.00
810.00,809.00,807.00
808.00,810.00,807.00
794.00,793.00,811.00
794.00,812.00,795.00
811.00,812.00,794.00
795.00,812.00,796.00
798.00,797.00,813.00
798.00,811.00,793.00
798.00,813.00,811.00
813.00,814.00,811.00
812.00,811.00,815.00
815.00,811.00,814.00
796.00,815.00,799.00
812.00,815.00,796.00
813.00,816.00,817.00
813.00,797.00,816.00
797.00,800.00,816.00
814.00,813.00,817.00
818.00,814.00,817.00
815.00,814.00,818.00
819.00,815.00,818.00
819.00,799.00,815.00
819.00,820.00,799.00
820.00,801.00,799.00
800.00,802.00,816.00
816.00,802.00,821.00
801.00,820.00,803.00
820.00,822.00,803.00
823.00,802.00,804.00
823.00,824.00,802.00
824.00,821.00,802.00
804.00,806.00,823.00
803.00,822.00,808.00
822.00,825.00,808.00
823.00,826.00,824.00
827.00,828.00,826.00
809.00,827.00,826.00
809.00,826.00,823.00
809.00,823.00,806.00
809.00,810.00,829.00
827.00,809.00,829.00
810.00,830.00,829.00
810.00,808.00,830.00
808.00,825.00,830.00
827.00,831.00,828.00
829.00,831.00,827.00
832.00,831.00,829.00
830.00,832.00,829.00
817.00,816.00,833.00
834.00,817.00,833.00
834.00,835.00,817.00
835.00,818.00,817.00
819.00,818.00,836.00
818.00,835.00,836.00
836.00,820.00,819.00
837.00,820.00,836.00
833.00,821.00,838.00
816.00,821.00,833.00
839.00,834.00,833.00
838.00,839.00,833.00
820.00,837.00,822.00
837.00,840.00,822.00
838.00,824.00,841.00
821.00,824.00,838.00
842.00,839.00,838.00
841.00,842.00,838.00
843.00,844.00,825.00
843.00,825.00,840.00
840.00,825.00,822.00
843.00,845.00,844.00
824.00,826.00,841.00
841.00,826.00,828.00
841.00,828.00,842.00
842.00,828.00,846.00
844.00,847.00,830.00
825.00,844.00,830.00
848.00,844.00,845.00
847.00,844.00,848.00
849.00,828.00,831.00
849.00,850.00,828.00
850.00,846.00,828.00
831.00,832.00,851.00
849.00,831.00,851.00
832.00,830.00,847.00
832.00,847.00,851.00
851.00,847.00,852.00
853.00,847.00,848.00
852.00,847.00,853.00
849.00,854.00,850.00
854.00,855.00,856.00
854.00,849.00,855.00
849.00,851.00,855.00
857.00,852.00,858.00
857.00,855.00,852.00
855.00,851.00,852.00
853.00,858.00,852.00
855.00,859.00,856.00
857.00,859.00,855.00
835.00,860.00,861.00
834.00,860.00,835.00
836.00,835.00,862.00
835.00,861.00,862.00
862.00,837.00,836.00
863.00,837.00,862.00
834.00,839.00,860.00
860.00,839.00,864.00
837.00,863.00,840.00
863.00,865.00,840.00
839.00,842.00,864.00
864.00,842.00,866.00
840.00,865.00,867.00
843.00,840.00,867.00
867.00,845.00,843.00
868.00,845.00,867.00
842.00,846.00,866.00
866.00,846.00,869.00
845.00,868.00,848.00
868.00,870.00,848.00
846.00,850.00,869.00
869.00,850.00,871.00
848.00,870.00,853.00
870.00,872.00,853.00
873.00,850.00,854.00
873.00,874.00,850.00
874.00,871.00,850.00
854.00,856.00,873.00
858.00,875.00,857.00
858.00,876.00,875.00
858.00,853.00,876.00
853.00,872.00,876.00
873.00,877.00,874.00
856.00,877.00,873.00
856.00,859.00,877.00
859.00,878.00,877.00
875.00,859.00,857.00
875.00,879.00,859.00
879.00,878.00,859.00
876.00,879.00,875.00
861.00,860.00,880.00
861.00,881.00,862.00
880.00,881.00,861.00
862.00,881.00,863.00
880.00,864.00,882.00
860.00,864.00,880.00
881.00,880.00,883.00
883.00,880.00,882.00
863.00,883.00,865.00
881.00,883.00,863.00
882.00,866.00,884.00
864.00,866.00,882.00
885.00,886.00,883.00
885.00,883.00,884.00
884.00,883.00,882.00
865.00,883.00,886.00
865.00,886.00,867.00
867.00,886.00,887.00
887.00,868.00,867.00
888.00,868.00,887.00
884.00,889.00,890.00
884.00,866.00,889.00
866.00,869.00,889.00
885.00,884.00,890.00
891.00,892.00,870.00
891.00,870.00,888.00
888.00,870.00,868.00
891.00,893.00,892.00
869.00,871.00,889.00
889.00,871.00,894.00
892.00,895.00,872.00
870.00,892.00,872.00
896.00,892.00,893.00
895.00,892.00,896.00
871.00,874.00,894.00
894.00,874.00,897.00
895.00,898.00,876.00
872.00,895.00,876.00
899.00,895.00,896.00
898.00,895.00,899.00
900.00,874.00,877.00
900.00,901.00,874.00
901.00,897.00,874.00
877.00,878.00,902.00
900.00,877.00,902.00
878.00,879.00,903.00
902.00,878.00,903.00
879.00,876.00,898.00
879.00,898.00,903.00
903.00,898.00,904.00
905.00,898.00,899.00
904.00,898.00,905.00
906.00,901.00,900.00
907.00,901.00,906.00
908.00,902.00,909.00
908.00,906.00,902.00
906.00,900.00,902.00
903.00,909.00,902.00
910.00,909.00,903.00
904.00,910.00,903.00
911.00,910.00,904.00
905.00,911.00,904.00
912.00,907.00,906.00
913.00,907.00,912.00
914.00,906.00,908.00
912.00,906.00,914.00
912.00,915.00,913.00
914.00,915.00,912.00
886.00,885.00,916.00
917.00,886.00,916.00
917.00,918.00,886.00
918.00,887.00,886.00
918.00,888.00,887.00
919.00,888.00,918.00
890.00,920.00,921.00
889.00,920.00,890.00
916.00,885.00,890.00
916.00,890.00,922.00
922.00,890.00,921.00
917.00,916.00,922.00
888.00,919.00,923.00
891.00,888.00,923.00
923.00,893.00,891.00
924.00,893.00,923.00
889.00,894.00,920.00
920.00,894.00,925.00
893.00,924.00,896.00
924.00,926.00,896.00
894.00,897.00,925.00
925.00,897.00,927.00
896.00,926.00,899.00
926.00,928.00,899.00
897.00,901.00,927.00
927.00,901.00,929.00
899.00,928.00,905.00
928.00,930.00,905.00
901.00,907.00,929.00
929.00,907.00,931.00
909.00,932.00,908.00
909.00,910.00,933.00
932.00,909.00,933.00
910.00,911.00,934.00
933.00,910.00,934.00
911.00,935.00,934.00
911.00,905.00,935.00
905.00,930.00,935.00
907.00,913.00,931.00
931.00,913.00,936.00
932.00,937.00,914.00
908.00,932.00,914.00
938.00,933.00,939.00
938.00,937.00,933.00
937.00,932.00,933.00
934.00,939.00,933.00
940.00,939.00,934.00
935.00,940.00,934.00
941.00,913.00,915.00
941.00,942.00,913.00
942.00,936.00,913.00
915.00,914.00,937.00
915.00,937.00,941.00
941.00,937.00,943.00
944.00,937.00,938.00
943.00,937.00,944.00
941.00,945.00,942.00
943.00,945.00,941.00
946.00,945.00,943.00
944.00,946.00,943.00
918.00,917.00,947.00
918.00,947.00,919.00
921.00,920.00,948.00
949.00,921.00,948.00
949.00,950.00,921.00
950.00,922.00,921.00
947.00,917.00,922.00
947.00,922.00,951.00
951.00,922.00,950.00
919.00,947.00,951.00
919.00,951.00,923.00
923.00,951.00,952.00
952.00,924.00,923.00
953.00,924.00,952.00
948.00,954.00,955.00
948.00,920.00,954.00
920.00,925.00,954.00
949.00,948.00,955.00
924.00,953.00,926.00
953.00,956.00,926.00
925.00,927.00,954.00
954.00,927.00,957.00
926.00,956.00,928.00
956.00,958.00,928.00
927.00,929.00,957.00
957.00,929.00,959.00
928.00,958.00,930.00
958.00,960.00,930.00
929.00,931.00,959.00
959.00,931.00,961.00
930.00,960.00,935.00
960.00,962.00,935.00
931.00,936.00,961.00
961.00,936.00,963.00
939.00,964.00,938.00
939.00,940.00,965.00
964.00,939.00,965.00
940.00,966.00,965.00
940.00,935.00,966.00
935.00,962.00,966.00
936.00,942.00,963.00
963.00,942.00,967.00
964.00,968.00,944.00
938.00,964.00,944.00
969.00,965.00,970.00
969.00,968.00,965.00
968.00,964.00,965.00
966.00,970.00,965.00
971.00,942.00,945.00
971.00,972.00,942.00
972.00,967.00,942.00
945.00,946.00,973.00
971.00,945.00,973.00
946.00,944.00,968.00
946.00,968.00,973.00
973.00,968.00,974.00
975.00,968.00,969.00
974.00,968.00,975.00
971.00,976.00,972.00
973.00,976.00,971.00
977.00,976.00,973.00
974.00,977.00,973.00
978.00,977.00,974.00
975.00,978.00,974.00
950.00,949.00,979.00
980.00,950.00,979.00
980.00,981.00,950.00
981.00,951.00,950.00
982.00,981.00,983.00
982.00,952.00,981.00
952.00,951.00,981.00
952.00,982.00,953.00
955.00,954.00,984.00
955.00,984.00,985.00
949.00,955.00,985.00
949.00,985.00,986.00
949.00,986.00,979.00
980.00,979.00,986.00
982.00,983.00,987.00
987.00,953.00,982.00
987.00,988.00,953.00
988.00,956.00,953.00
984.00,989.00,990.00
984.00,954.00,989.00
954.00,957.00,989.00
985.00,984.00,990.00
956.00,988.00,958.00
988.00,991.00,958.00
957.00,959.00,989.00
989.00,959.00,992.00
958.00,991.00,960.00
991.00,993.00,960.00
959.00,961.00,992.00
992.00,961.00,994.00
960.00,993.00,962.00
993.00,995.00,962.00
961.00,963.00,994.00
994.00,963.00,996.00
962.00,995.00,966.00
995.00,997.00,966.00
963.00,967.00,996.00
996.00,967.00,998.00
970.00,999.00,969.00
970.00,1000.00,999.00
970.00,966.00,1000.00
966.00,997.00,1000.00
967.00,972.00,998.00
998.00,972.00,1001.00
999.00,1002.00,1003.00
999.00,1003.00,969.00
969.00,1003.00,975.00
1000.00,1002.00,999.00
972.00,1004.00,1001.00
976.00,1004.00,972.00
977.00,1005.00,976.00
976.00,1005.00,1004.00
978.00,1006.00,977.00
977.00,1006.00,1005.00
1003.00,978.00,975.00
1006.00,978.00,1003.00
981.00,980.00,1007.00
981.00,1007.00,983.00
986.00,985.00,1008.00
986.00,1008.00,1009.00
980.00,986.00,1009.00
980.00,1009.00,1010.00
980.00,1010.00,1007.00
983.00,1007.00,1010.00
983.00,1010.00,987.00
987.00,1010.00,1011.00
1011.00,988.00,987.00
1012.00,988.00,1011.00
990.00,989.00,1013.00
990.00,1008.00,985.00
990.00,1013.00,1008.00
1013.00,1014.00,1008.00
1015.00,1009.00,1008.00
1014.00,1015.00,1008.00
988.00,1012.00,991.00
1012.00,1016.00,991.00
1013.00,992.00,1017.00
989.00,992.00,1013.00
1018.00,1019.00,1014.00
1018.00,1014.00,1017.00
1017.00,1014.00,1013.00
1015.00,1014.00,1019.00
1020.00,1021.00,993.00
1020.00,993.00,1016.00
1016.00,993.00,991.00
1020.00,1022.00,1021.00
1017.00,994.00,1023.00
992.00,994.00,1017.00
1024.00,1018.00,1017.00
1023.00,1024.00,1017.00
1021.00,1025.00,995.00
993.00,1021.00,995.00
1026.00,1021.00,1022.00
1025.00,1021.00,1026.00
1023.00,996.00,1027.00
994.00,996.00,1023.00
1028.00,1024.00,1023.00
1027.00,1028.00,1023.00
1025.00,1029.00,997.00
995.00,1025.00,997.00
1030.00,1025.00,1026.00
1029.00,1025.00,1030.00
1027.00,998.00,1031.00
996.00,998.00,1027.00
1032.00,1028.00,1027.00
1031.00,1032.00,1027.00
1029.00,1033.00,1000.00
997.00,1029.00,1000.00
1034.00,1029.00,1030.00
1033.00,1029.00,1034.00
1031.00,1001.00,1035.00
998.00,1001.00,1031.00
1036.00,1032.00,1031.00
1036.00,1031.00,1037.00
1037.00,1031.00,1035.00
1036.00,1037.00,1038.00
1002.00,1039.00,1003.00
1002.00,1000.00,1033.00
1002.00,1033.00,1039.00
1039.00,1033.00,1040.00
1041.00,1033.00,1034.00
1040.00,1033.00,1041.00
1001.00,1004.00,1035.00
1005.00,1035.00,1004.00
1037.00,1035.00,1005.00
1037.00,1042.00,1038.00
1037.00,1005.00,1042.00
1005.00,1006.00,1042.00
1039.00,1006.00,1003.00
1039.00,1043.00,1006.00
1043.00,1042.00,1006.00
1040.00,1043.00,1039.00
1044.00,1043.00,1040.00
1041.00,1044.00,1040.00
1010.00,1009.00,1045.00
1010.00,1046.00,1011.00
1045.00,1046.00,1010.00
1011.00,1046.00,1012.00
1045.00,1047.00,1048.00
1045.00,1009.00,1047.00
1009.00,1015.00,1047.00
1046.00,1045.00,1048.00
1049.00,1046.00,1048.00
1049.00,1012.00,1046.00
1049.00,1050.00,1012.00
1050.00,1016.00,1012.00
1019.00,1018.00,1051.00
1019.00,1051.00,1052.00
1019.00,1052.00,1015.00
1015.00,1052.00,1047.00
1016.00,1050.00,1053.00
1020.00,1016.00,1053.00
1053.00,1022.00,1020.00
1054.00,1022.00,1053.00
1051.00,1055.00,1056.00
1051.00,1018.00,1055.00
1018.00,1024.00,1055.00
1052.00,1051.00,1056.00
1057.00,1058.00,1026.00
1057.00,1026.00,1054.00
1054.00,1026.00,1022.00
1057.00,1059.00,1058.00
1024.00,1028.00,1055.00
1055.00,1028.00,1060.00
1058.00,1061.00,1030.00
1026.00,1058.00,1030.00
1062.00,1058.00,1059.00
1061.00,1058.00,1062.00
1028.00,1032.00,1060.00
1060.00,1032.00,1063.00
1061.00,1064.00,1034.00
1030.00,1061.00,1034.00
1065.00,1061.00,1062.00
1064.00,1061.00,1065.00
1032.00,1066.00,1063.00
1036.00,1066.00,1032.00
1066.00,1036.00,1038.00
1067.00,1066.00,1038.00
1064.00,1068.00,1069.00
1064.00,1069.00,1034.00
1034.00,1069.00,1041.00
1065.00,1068.00,1064.00
1038.00,1070.00,1067.00
1042.00,1070.00,1038.00
1043.00,1071.00,1042.00
1042.00,1071.00,1070.00
1044.00,1072.00,1043.00
1043.00,1072.00,1071.00
1069.00,1044.00,1041.00
1072.00,1044.00,1069.00
1048.00,1047.00,1073.00
1074.00,1048.00,1073.00
1074.00,1075.00,1048.00
1075.00,1049.00,1048.00
1075.00,1050.00,1049.00
1076.00,1050.00,1075.00
1073.00,1077.00,1078.00
1073.00,1047.00,1077.00
1047.00,1052.00,1077.00
1074.00,1073.00,1078.00
1050.00,1076.00,1079.00
1053.00,1050.00,1079.00
1079.00,1054.00,1053.00
1080.00,1054.00,1079.00
1056.00,1055.00,1081.00
1056.00,1081.00,1082.00
1056.00,1082.00,1052.00
1052.00,1082.00,1077.00
1054.00,1080.00,1083.00
1057.00,1054.00,1083.00
1083.00,1059.00,1057.00
1084.00,1059.00,1083.00
1081.00,1060.00,1085.00
1055.00,1060.00,1081.00
1086.00,1082.00,1081.00
1085.00,1086.00,1081.00
1059.00,1084.00,1062.00
1084.00,1087.00,1062.00
1085.00,1063.00,1088.00
1060.00,1063.00,1085.00
1089.00,1086.00,1085.00
1088.00,1089.00,1085.00
1062.00,1087.00,1065.00
1087.00,1090.00,1065.00
1063.00,1066.00,1088.00
1067.00,1091.00,1092.00
1066.00,1067.00,1092.00
1066.00,1092.00,1089.00
1066.00,1089.00,1088.00
1092.00,1091.00,1093.00
1068.00,1094.00,1095.00
1069.00,1068.00,1095.00
1090.00,1068.00,1065.00
1094.00,1068.00,1090.00
1067.00,1070.00,1091.00
1091.00,1096.00,1093.00
1091.00,1070.00,1096.00
1070.00,1071.00,1096.00
1072.00,1097.00,1071.00
1071.00,1097.00,1096.00
1095.00,1072.00,1069.00
1097.00,1072.00,1095.00
1075.00,1074.00,1098.00
1075.00,1098.00,1076.00
1078.00,1099.00,1100.00
1077.00,1099.00,1078.00
1098.00,1074.00,1078.00
1098.00,1078.00,1101.00
1101.00,1078.00,1100.00
1076.00,1098.00,1101.00
1076.00,1101.00,1079.00
1079.00,1101.00,1102.00
1102.00,1080.00,1079.00
1103.00,1080.00,1102.00
1077.00,1082.00,1099.00
1099.00,1082.00,1104.00
1080.00,1103.00,1105.00
1083.00,1080.00,1105.00
1105.00,1084.00,1083.00
1106.00,1084.00,1105.00
1082.00,1086.00,1104.00
1104.00,1086.00,1107.00
1084.00,1106.00,1087.00
1106.00,1108.00,1087.00
1109.00,1089.00,1110.00
1109.00,1107.00,1089.00
1107.00,1086.00,1089.00
1109.00,1110.00,1111.00
1087.00,1108.00,1090.00
1108.00,1112.00,1090.00
1089.00,1092.00,1110.00
1110.00,1092.00,1093.00
1110.00,1093.00,1111.00
1111.00,1093.00,1113.00
1094.00,1114.00,1095.00
1094.00,1115.00,1114.00
1094.00,1090.00,1115.00
1090.00,1112.00,1115.00
1093.00,1116.00,1113.00
1096.00,1116.00,1093.00
1097.00,1117.00,1096.00
1096.00,1117.00,1116.00
1114.00,1097.00,1095.00
1114.00,1118.00,1097.00
1118.00,1117.00,1097.00
1115.00,1118.00,1114.00
1100.00,1099.00,1119.00
1100.00,1120.00,1101.00
1119.00,1120.00,1100.00
1121.00,1101.00,1120.00
1121.00,1122.00,1101.00
1122.00,1102.00,1101.00
1122.00,1103.00,1102.00
1123.00,1103.00,1122.00
1119.00,1124.00,1125.00
1119.00,1099.00,1124.00
1099.00,1104.00,1124.00
1120.00,1119.00,1125.00
1126.00,1120.00,1125.00
1121.00,1120.00,1126.00
1103.00,1123.00,1127.00
1105.00,1103.00,1127.00
1127.00,1106.00,1105.00
1128.00,1106.00,1127.00
1104.00,1107.00,1124.00
1124.00,1107.00,1129.00
1106.00,1128.00,1108.00
1128.00,1130.00,1108.00
1107.00,1131.00,1129.00
1109.00,1131.00,1107.00
1131.00,1109.00,1111.00
1132.00,1131.00,1111.00
1108.00,1130.00,1112.00
1130.00,1133.00,1112.00
1111.00,1113.00,1132.00
1132.00,1113.00,1134.00
1112.00,1133.00,1115.00
1133.00,1135.00,1115.00
1113.00,1136.00,1134.00
1116.00,1136.00,1113.00
1117.00,1137.00,1116.00
1116.00,1137.00,1136.00
1138.00,1139.00,1137.00
1138.00,1137.00,1118.00
1118.00,1137.00,1117.00
1118.00,1140.00,1138.00
1118.00,1115.00,1140.00
1115.00,1135.00,1140.00
1138.00,1141.00,1139.00
1140.00,1141.00,1138.00
1122.00,1121.00,1142.00
1122.00,1142.00,1123.00
1125.00,1124.00,1143.00
1144.00,1125.00,1143.00
1144.00,1145.00,1125.00
1145.00,1126.00,1125.00
1142.00,1121.00,1126.00
1142.00,1126.00,1146.00
1146.00,1126.00,1145.00
1123.00,1142.00,1146.00
1123.00,1146.00,1127.00
1127.00,1146.00,1147.00
1147.00,1128.00,1127.00
1148.00,1128.00,1147.00
1143.00,1129.00,1149.00
1124.00,1129.00,1143.00
1150.00,1144.00,1143.00
1149.00,1150.00,1143.00
1128.00,1148.00,1130.00
1148.00,1151.00,1130.00
1129.00,1131.00,1149.00
1149.00,1131.00,1132.00
1149.00,1132.00,1150.00
1150.00,1132.00,1152.00
1130.00,1151.00,1133.00
1151.00,1153.00,1133.00
1132.00,1134.00,1152.00
1152.00,1134.00,1154.00
1133.00,1153.00,1135.00
1153.00,1155.00,1135.00
1134.00,1156.00,1154.00
1136.00,1156.00,1134.00
1137.00,1157.00,1136.00
1136.00,1157.00,1156.00
1157.00,1137.00,1139.00
1158.00,1157.00,1139.00
1135.00,1155.00,1140.00
1155.00,1159.00,1140.00
1139.00,1160.00,1158.00
1141.00,1160.00,1139.00
1159.00,1141.00,1140.00
1160.00,1141.00,1159.00
1145.00,1144.00,1161.00
1145.00,1162.00,1146.00
1161.00,1162.00,1145.00
1146.00,1163.00,1147.00
1162.00,1163.00,1146.00
1147.00,1163.00,1148.00
1161.00,1150.00,1164.00
1144.00,1150.00,1161.00
1162.00,1161.00,1165.00
1165.00,1161.00,1164.00
1163.00,1162.00,1166.00
1166.00,1162.00,1165.00
1148.00,1166.00,1151.00
1163.00,1166.00,1148.00
1164.00,1152.00,1167.00
1150.00,1152.00,1164.00
1165.00,1164.00,1168.00
1168.00,1164.00,1167.00
1166.00,1165.00,1169.00
1169.00,1165.00,1168.00
1151.00,1169.00,1153.00
1166.00,1169.00,1151.00
1167.00,1154.00,1170.00
1152.00,1154.00,1167.00
1168.00,1167.00,1171.00
1171.00,1167.00,1170.00
1169.00,1168.00,1172.00
1172.00,1168.00,1171.00
1153.00,1172.00,1155.00
1169.00,1172.00,1153.00
1154.00,1156.00,1170.00
1157.00,1170.00,1156.00
1171.00,1170.00,1157.00
1158.00,1171.00,1157.00
1158.00,1173.00,1171.00
1173.00,1172.00,1171.00
1155.00,1173.00,1159.00
1172.00,1173.00,1155.00
1158.00,1160.00,1173.00
1159.00,1173.00,1160.00
