90.11,107.07,88.82
90.13,107.13,88.62
90.23,106.93,88.72
90.25,106.94,88.95
90.08,107.37,88.79
90.16,107.46,88.51
90.20,107.22,89.04
90.12,107.73,88.72
90.26,107.97,88.47
90.23,107.71,89.02
90.22,108.02,88.80
90.41,106.98,88.36
90.49,106.80,88.91
90.48,106.99,89.24
90.35,107.59,88.13
90.45,107.41,89.34
90.45,108.02,88.09
90.55,107.88,89.31
90.38,108.26,88.69
90.55,108.31,88.37
90.44,108.16,88.99
90.68,108.42,88.76
90.86,106.60,87.67
90.99,106.71,87.26
91.16,106.43,87.57
91.09,106.37,88.08
90.77,106.58,88.18
91.02,106.39,88.55
90.74,106.95,87.43
90.91,107.06,87.13
90.62,106.83,87.84
90.79,106.59,88.75
90.95,106.69,89.44
90.76,107.15,89.61
91.04,107.00,89.86
90.73,107.38,87.33
91.04,107.41,87.06
90.53,107.24,87.76
90.74,107.59,89.60
91.03,107.40,89.88
90.85,107.82,87.35
91.21,107.81,87.13
90.57,107.75,87.71
90.83,107.95,89.50
90.98,107.78,89.70
91.05,108.13,87.45
90.76,108.20,87.85
91.16,108.39,87.83
91.11,108.09,89.52
90.83,108.26,89.19
90.98,108.50,88.38
91.03,108.51,88.87
91.26,106.57,87.24
91.46,106.43,87.51
91.51,106.31,88.03
91.39,106.26,88.68
91.14,106.40,89.06
91.44,106.31,89.35
91.24,106.43,89.45
91.36,106.49,89.75
91.25,106.94,87.05
91.57,106.66,87.28
91.27,106.77,90.00
91.25,107.11,90.14
91.47,106.89,90.31
91.44,107.40,87.00
91.29,107.44,90.11
91.47,107.26,90.35
91.59,107.77,87.13
91.55,107.62,90.19
91.29,107.79,89.85
91.42,108.14,87.43
91.49,108.41,87.85
91.51,108.18,89.52
91.27,108.40,89.18
91.41,108.54,88.25
91.37,108.55,88.75
91.87,106.53,87.76
91.97,106.35,88.20
91.77,106.23,88.53
91.80,106.18,89.10
91.66,106.33,89.82
91.49,106.60,90.11
91.67,106.62,90.35
91.69,107.04,87.15
91.90,106.81,87.45
91.68,107.02,90.56
91.82,107.45,87.18
91.74,107.41,90.52
91.87,107.75,87.26
91.96,107.72,90.32
91.72,107.95,89.88
91.74,107.97,87.35
91.71,108.45,88.13
91.79,108.19,87.73
92.09,108.27,88.21
91.93,108.22,89.50
91.69,108.43,89.12
91.82,108.50,88.61
92.05,105.84,90.19
92.27,105.68,89.60
92.25,105.50,89.99
92.23,105.51,90.58
92.09,105.88,90.75
92.22,105.79,91.06
91.99,106.01,89.60
92.19,106.08,89.07
92.38,105.90,89.22
91.85,106.27,90.25
92.00,106.21,90.70
92.22,106.16,91.14
92.11,106.49,88.06
92.32,106.53,88.24
92.25,106.28,88.62
91.90,106.68,90.72
92.14,106.52,91.03
92.07,107.19,87.50
92.17,106.87,87.76
92.26,106.69,88.01
91.95,107.17,90.80
92.21,106.92,91.05
92.06,107.62,87.48
92.31,107.17,87.83
92.28,107.51,87.80
92.48,107.32,88.03
92.03,107.49,90.69
92.28,107.31,90.94
91.94,107.90,87.50
92.12,107.91,87.80
92.44,107.83,88.10
92.39,107.79,90.28
92.16,107.99,89.90
92.32,107.59,90.66
92.50,108.21,88.38
92.35,108.18,89.49
92.12,108.38,89.09
92.29,108.39,88.68
92.39,105.26,90.14
92.56,105.33,89.64
92.63,105.07,89.95
92.55,105.08,90.41
92.37,105.24,90.49
92.47,105.24,90.86
92.66,105.64,89.30
92.41,105.54,91.20
92.42,105.91,91.41
92.71,105.65,91.57
92.62,106.14,88.90
92.80,105.93,89.11
92.50,106.25,91.47
92.73,106.06,91.62
92.66,106.59,88.41
92.73,106.38,88.63
92.78,106.41,91.53
92.48,106.60,91.29
92.39,106.98,87.98
92.57,106.92,88.18
92.61,107.05,91.14
92.74,107.42,88.21
92.64,107.39,90.90
92.79,107.87,88.29
92.67,107.75,90.25
92.61,107.93,89.87
92.67,107.62,90.55
92.83,108.15,88.50
92.64,108.11,89.48
92.56,108.26,89.09
92.61,108.31,88.68
92.82,104.87,90.21
92.96,104.98,89.64
93.07,104.69,89.95
93.03,104.65,90.61
92.76,104.96,90.91
93.01,104.81,91.20
92.92,105.03,91.41
93.13,104.92,91.50
93.00,105.34,89.34
92.69,105.26,91.35
93.05,105.28,91.63
93.16,105.72,89.27
93.08,105.82,91.66
92.99,106.17,89.06
93.15,106.05,89.24
92.98,106.23,91.61
92.96,106.59,88.56
93.06,106.42,88.89
93.02,106.43,91.51
93.00,106.70,91.24
92.97,106.96,88.42
93.19,106.74,88.74
92.98,107.14,90.94
93.07,107.47,88.42
92.98,107.61,90.16
93.31,107.35,89.94
93.23,107.60,89.64
92.93,107.42,90.69
93.21,107.24,90.46
93.08,107.84,88.50
92.95,107.94,89.42
93.25,107.73,89.23
93.12,107.96,88.97
93.06,108.03,88.67
92.88,108.17,88.85
93.28,104.13,90.29
93.41,104.18,89.78
93.36,103.97,90.14
93.40,103.92,90.47
93.36,104.11,90.70
93.59,103.95,90.90
93.21,104.41,90.09
93.40,104.67,89.48
93.24,104.35,90.67
93.52,104.31,91.13
93.32,105.06,89.33
93.26,104.64,91.21
93.45,104.94,91.58
93.47,105.37,89.27
93.47,105.41,91.65
93.62,105.67,89.40
93.43,105.81,91.57
93.66,105.59,91.52
93.65,105.90,91.32
93.32,106.35,89.42
93.55,106.05,89.61
93.28,106.24,91.40
93.62,106.24,90.97
93.38,106.74,89.29
93.55,106.36,89.94
93.47,106.63,90.09
93.41,106.55,90.85
93.61,106.41,90.46
93.31,107.10,88.83
93.45,107.03,89.32
93.42,107.02,89.90
93.30,106.90,90.65
93.27,107.52,88.71
93.38,107.38,89.29
93.25,107.76,88.84
93.53,103.81,90.06
93.67,103.79,89.56
93.71,103.58,89.87
93.74,103.52,90.40
93.60,103.74,90.61
93.91,103.62,90.94
93.63,104.06,89.44
93.82,104.25,88.97
93.77,103.95,89.16
93.99,104.11,91.27
93.66,104.41,89.22
93.92,104.55,88.90
93.78,104.46,91.42
93.57,104.61,91.43
93.80,104.73,91.54
93.87,104.74,89.08
93.79,105.05,89.24
93.78,105.06,91.59
93.94,105.41,89.41
93.79,105.34,91.54
94.01,105.14,91.47
93.96,105.49,91.31
93.98,105.75,89.73
93.92,105.92,90.90
93.87,106.03,90.00
93.72,106.23,90.17
93.77,106.21,90.61
93.93,106.06,90.41
94.21,102.11,88.78
94.28,102.12,88.50
94.31,101.88,88.63
94.39,101.87,88.90
94.13,102.48,88.89
94.29,102.50,88.39
94.32,102.22,89.20
94.05,102.91,88.78
94.30,102.94,88.33
94.20,102.57,89.49
94.01,102.90,89.48
94.19,102.78,89.92
94.09,103.00,90.21
94.38,102.84,90.39
94.03,103.30,88.71
94.29,103.36,88.33
93.91,103.21,89.21
93.87,103.28,89.90
94.25,103.05,90.67
94.00,103.27,90.60
94.28,103.29,90.97
94.04,103.64,88.63
94.28,103.76,88.35
93.84,103.60,89.22
94.33,103.66,91.21
93.99,104.00,88.73
94.31,104.17,88.38
94.44,103.99,91.33
94.09,104.42,88.66
94.44,104.55,88.49
94.02,104.51,91.46
94.36,104.44,91.37
94.25,104.76,88.85
94.18,104.96,89.11
94.30,105.17,89.37
94.07,104.82,91.49
94.34,104.99,91.27
94.39,105.41,89.76
94.31,105.48,90.88
94.30,105.63,90.03
94.11,105.86,90.18
94.14,105.82,90.57
94.36,105.62,90.42
94.48,101.70,88.68
94.52,101.78,88.46
94.72,101.59,88.60
94.72,101.63,88.89
94.60,102.06,88.25
94.69,101.88,89.27
94.67,102.48,88.12
94.68,102.17,89.62
94.42,102.40,89.62
94.65,102.40,89.86
94.68,102.94,88.10
94.47,102.60,89.98
94.82,102.74,90.46
94.65,103.38,88.14
94.56,103.02,90.80
94.68,103.33,91.08
94.63,103.81,88.17
94.75,103.70,91.24
94.67,104.22,88.22
94.77,104.10,91.30
94.84,104.58,88.40
94.78,104.55,91.21
94.71,104.82,88.79
94.63,105.00,89.25
94.71,105.15,89.74
94.74,105.02,90.91
94.72,105.25,90.07
94.56,105.42,90.21
94.58,105.35,90.60
94.80,105.18,90.47
94.90,101.70,88.36
95.08,101.52,88.67
95.16,101.61,89.14
95.07,102.01,88.13
95.02,101.82,89.50
94.84,101.97,89.57
95.12,102.05,89.78
95.14,102.45,88.03
94.95,102.31,89.98
94.81,102.50,90.12
95.15,102.53,90.29
95.13,102.91,88.04
95.34,102.86,90.58
95.07,103.36,88.07
95.00,103.05,90.84
95.14,103.44,91.05
95.04,103.79,88.08
95.07,103.83,91.19
95.09,104.21,88.14
95.14,104.18,91.16
95.24,104.57,88.33
95.17,104.61,90.96
95.12,104.82,88.72
95.09,104.93,89.27
94.97,105.05,90.23
95.06,104.98,89.83
95.03,104.93,90.66
95.29,104.79,90.48
95.38,101.64,88.36
95.56,101.49,88.74
95.72,101.57,89.18
95.56,101.98,88.13
95.42,101.78,89.55
95.66,102.11,89.89
95.62,102.42,88.06
95.36,102.31,90.10
95.58,102.63,90.35
95.58,102.88,88.06
95.65,102.89,90.51
95.52,103.32,88.05
95.36,103.17,90.82
95.70,103.24,90.64
95.49,103.76,88.03
95.50,103.44,90.89
95.43,103.83,91.01
95.54,104.19,88.10
95.47,104.27,90.99
95.65,104.54,88.33
95.47,104.52,90.84
95.61,104.37,90.85
95.61,104.54,90.57
95.44,104.77,88.60
95.52,104.86,89.13
95.49,104.80,89.91
95.85,101.64,88.41
96.03,101.52,88.78
96.19,101.66,89.16
96.01,101.98,88.22
95.89,101.81,89.56
96.11,102.14,89.76
96.05,102.42,88.18
95.72,102.41,90.16
96.05,102.49,90.01
96.02,102.87,88.16
95.88,102.65,90.25
95.89,102.96,90.39
95.96,103.31,88.08
96.02,103.36,90.42
95.95,103.74,88.03
95.70,103.67,90.78
95.96,103.77,90.51
96.01,104.16,88.16
95.74,104.15,90.72
96.00,104.21,90.35
96.05,104.52,88.47
95.84,104.73,89.61
96.13,104.65,89.25
95.86,104.81,89.10
95.83,104.51,90.22
96.14,104.44,89.85
95.76,104.76,88.71
96.24,101.68,88.50
96.33,101.59,88.78
96.45,101.75,88.93
96.35,102.02,88.42
96.22,101.91,89.51
96.43,101.95,89.23
96.39,102.46,88.42
96.37,102.14,89.54
96.39,102.45,89.67
96.44,102.95,88.36
96.10,102.84,90.18
96.40,102.90,89.83
96.31,103.38,88.13
96.21,103.19,90.19
96.49,103.42,89.87
96.40,103.73,88.16
96.24,103.63,90.22
96.47,103.87,89.88
96.47,104.15,88.39
96.21,104.05,90.15
96.40,104.20,89.78
96.33,104.50,88.79
96.04,104.71,88.83
96.47,104.38,89.30
96.46,101.76,88.65
96.53,102.08,88.81
96.61,102.56,88.82
96.55,102.31,89.26
96.72,102.97,88.81
96.62,102.72,89.31
96.69,103.32,88.40
96.87,103.25,88.80
96.91,103.52,88.99
96.73,103.19,89.32
96.76,103.72,88.38
96.73,103.66,89.47
96.87,103.88,89.09
96.81,104.00,88.54
96.65,104.06,89.47
96.75,104.16,89.09
96.67,104.24,88.78
96.91,103.48,88.60
96.93,103.76,88.69
96.87,104.03,88.80
