105.59,106.24,87.54
105.75,106.18,87.14
105.75,105.94,87.39
105.68,106.10,87.78
105.56,106.59,87.48
105.75,106.61,87.05
105.63,106.50,87.94
105.59,106.94,87.38
105.82,107.09,87.08
105.62,106.92,87.86
105.67,107.18,87.57
105.91,105.75,87.72
106.05,105.79,87.15
106.28,105.50,87.54
106.13,105.53,88.06
105.98,105.81,88.26
106.23,105.69,88.47
106.10,106.21,86.88
105.85,106.22,88.22
106.18,106.07,88.61
106.04,106.73,86.84
105.84,106.75,88.31
106.17,106.51,88.62
106.21,107.16,86.86
105.83,107.20,88.12
106.17,106.95,88.61
105.85,107.42,87.51
106.16,107.46,87.12
105.96,107.54,88.02
106.17,107.37,88.50
106.17,107.70,87.67
106.23,107.68,88.23
106.43,105.75,86.99
106.69,105.46,87.42
106.48,105.48,88.13
106.57,105.77,88.60
106.39,106.12,86.74
106.60,106.20,86.49
106.61,105.89,86.67
106.59,106.19,88.76
106.29,106.49,86.68
106.58,106.61,86.41
106.58,106.62,88.76
106.33,106.92,86.67
106.68,107.01,86.49
106.58,107.04,88.75
106.59,107.27,86.84
106.58,107.47,87.10
106.59,107.46,88.60
106.58,107.70,87.49
106.59,107.74,88.12
106.74,105.65,86.84
106.97,105.77,86.46
106.98,105.46,86.85
106.96,105.36,87.38
106.88,105.45,88.09
107.02,105.73,88.63
106.99,106.18,86.27
107.01,106.20,88.76
106.98,106.61,86.26
107.01,106.61,88.77
107.08,106.97,86.48
107.02,107.05,88.76
106.98,107.26,86.83
106.90,107.59,87.51
107.02,107.43,87.34
107.16,107.52,87.83
107.02,107.46,88.51
106.97,107.65,87.99
107.18,105.25,87.00
107.37,105.37,86.47
107.42,105.07,86.76
107.39,105.03,87.43
107.13,105.25,87.68
107.36,105.16,88.05
107.16,105.36,88.26
107.43,105.35,88.52
107.41,105.76,86.27
107.44,105.75,88.74
107.40,106.19,86.25
107.43,106.17,88.77
107.45,106.65,86.39
107.44,106.59,88.76
107.46,106.97,86.79
107.27,107.14,86.85
107.53,107.10,87.17
107.43,107.07,88.56
107.35,107.26,87.31
107.26,107.44,88.26
107.43,107.29,87.95
107.58,104.84,87.03
107.69,105.03,86.44
107.90,104.69,86.80
107.78,104.71,87.41
107.62,104.85,87.61
107.94,104.84,87.90
107.72,105.46,86.25
107.69,105.04,88.14
107.84,105.36,88.60
107.72,105.89,86.24
107.86,105.75,88.73
107.81,106.35,86.26
107.86,106.17,88.75
107.88,106.70,86.47
107.86,106.64,88.63
107.82,106.90,86.84
107.68,107.11,87.72
107.85,107.01,87.44
107.72,107.01,88.27
107.95,106.90,88.16
107.97,104.88,86.22
108.24,104.95,85.87
108.19,104.66,86.22
108.21,104.57,86.85
108.11,104.68,87.48
108.37,104.95,88.00
107.95,105.23,86.08
108.24,105.36,85.80
108.14,105.11,88.30
108.25,105.46,88.52
107.95,105.67,86.07
108.24,105.79,85.80
108.26,105.87,88.58
107.98,106.09,86.08
108.33,106.20,85.87
108.25,106.31,88.59
108.17,106.42,86.13
108.28,106.68,86.40
108.21,106.66,88.46
108.17,106.89,86.76
108.29,106.92,87.32
108.26,106.85,87.99
108.38,104.14,86.41
108.56,104.17,85.89
108.53,103.90,86.25
108.53,103.90,86.72
108.42,104.20,86.95
108.68,104.02,87.25
108.34,104.43,86.24
108.59,104.67,85.73
108.35,104.43,86.87
108.64,104.37,87.37
108.57,105.04,85.66
108.45,104.65,87.51
108.73,104.84,87.97
108.63,105.38,85.63
108.46,105.30,88.26
108.71,105.29,88.15
108.64,105.81,85.65
108.54,105.65,88.31
108.78,105.77,88.11
108.74,106.16,85.84
108.56,106.15,88.23
108.76,106.20,87.89
108.65,106.47,86.19
108.73,106.68,86.56
108.57,106.61,87.80
108.75,106.47,87.63
108.70,106.68,87.35
108.45,106.55,88.27
108.56,106.83,86.87
108.74,103.74,86.28
108.94,103.73,85.80
108.97,103.52,86.17
108.95,103.49,86.74
108.76,103.73,86.98
109.05,103.67,87.30
108.81,104.03,85.61
109.06,104.17,85.22
109.04,103.87,85.42
109.09,104.10,87.50
108.81,104.44,85.45
109.16,104.56,85.24
108.99,104.35,87.63
108.77,104.56,87.70
109.08,104.55,87.89
108.99,104.76,85.49
109.00,105.01,85.60
109.09,104.94,88.09
109.07,105.38,85.62
109.11,105.42,87.99
109.11,105.78,85.81
109.02,105.89,87.86
109.05,106.10,86.03
108.90,106.29,86.07
109.10,106.27,86.37
108.95,106.30,87.54
109.20,106.06,87.50
109.14,106.32,87.20
108.91,106.59,87.02
109.04,106.46,86.70
109.21,102.92,85.75
109.45,102.90,85.22
109.45,102.62,85.51
109.46,102.61,86.21
109.22,102.96,86.43
109.45,102.80,86.70
109.20,103.23,85.50
109.47,103.30,85.16
109.07,103.27,86.18
109.35,103.03,86.91
109.15,103.27,86.89
109.46,103.28,87.30
109.14,103.55,85.60
109.41,103.74,85.14
109.46,103.73,87.48
109.45,104.17,85.04
109.61,104.13,87.51
109.57,104.57,85.17
109.36,104.31,87.68
109.46,104.64,87.89
109.36,104.85,85.45
109.48,105.08,85.63
109.43,105.05,87.91
109.53,105.39,85.84
109.43,105.42,87.61
109.56,105.20,87.65
109.60,105.41,87.28
109.47,105.67,86.13
109.34,105.92,86.37
109.46,105.74,87.05
109.58,105.64,86.68
109.30,105.76,87.54
109.30,106.10,86.96
109.63,102.40,85.76
109.80,102.50,85.20
109.87,102.22,85.52
109.88,102.20,86.21
109.63,102.40,86.23
109.81,102.41,86.65
109.87,102.91,85.03
109.72,102.65,86.88
109.58,102.91,87.07
109.90,102.86,87.31
109.88,103.32,85.03
109.86,103.33,87.48
109.87,103.72,85.01
109.87,103.73,87.49
109.87,104.16,85.00
109.95,104.07,87.47
109.99,104.57,85.16
109.68,104.48,87.62
109.95,104.55,87.38
109.84,104.87,85.53
109.90,105.07,85.88
109.72,104.95,87.57
109.95,105.03,87.20
109.90,105.25,86.17
109.73,105.46,86.37
109.79,105.34,87.01
109.98,105.22,86.71
110.09,101.73,85.77
110.20,101.72,85.28
110.18,101.52,85.60
110.22,101.56,85.93
109.99,101.98,85.62
110.13,102.18,85.12
110.28,101.76,86.36
110.04,101.95,86.14
110.23,102.02,86.66
110.18,102.61,85.00
110.14,102.26,86.90
110.01,102.50,87.08
110.32,102.45,87.32
110.30,103.04,85.01
110.29,102.90,87.49
110.24,103.38,85.04
110.28,103.31,87.51
110.28,103.72,85.00
110.28,103.72,87.49
110.30,104.15,85.00
110.30,104.19,87.36
110.40,104.52,85.23
110.23,104.62,86.99
110.49,104.46,86.88
110.36,104.69,86.60
110.23,104.77,85.50
110.16,104.96,86.46
110.28,104.84,86.02
110.10,104.91,86.98
110.39,101.35,85.67
110.57,101.28,85.15
110.62,101.07,85.52
110.68,100.99,86.24
110.50,101.31,86.34
110.71,101.22,86.69
110.45,101.57,84.98
110.70,101.70,84.60
110.69,101.40,84.78
110.36,101.52,86.23
110.58,101.55,86.70
110.40,101.97,84.83
110.69,102.10,84.54
110.54,101.86,86.90
110.43,102.11,87.08
110.72,102.04,87.32
110.40,102.40,84.81
110.69,102.52,84.55
110.71,102.48,87.49
110.46,102.81,84.85
110.80,102.92,84.63
110.71,102.90,87.50
110.64,103.12,84.92
110.65,103.36,85.03
110.71,103.31,87.49
110.72,103.73,85.02
110.73,103.78,87.37
110.76,104.15,85.18
110.64,104.19,87.21
110.70,104.46,85.51
110.53,104.66,85.75
110.52,104.63,86.33
110.74,104.47,86.20
110.77,104.33,86.81
110.84,100.51,85.71
110.97,100.47,85.15
111.02,100.26,85.52
111.09,100.18,86.25
110.90,100.49,86.34
111.11,100.40,86.70
110.87,100.75,85.07
111.11,100.87,84.60
111.10,100.59,84.77
110.71,100.85,85.61
110.77,100.71,86.15
110.97,100.71,86.69
110.78,101.09,84.98
111.05,101.29,84.51
110.94,101.03,86.89
110.87,101.37,87.05
111.17,101.16,87.29
111.09,101.70,84.40
110.77,101.69,87.10
111.10,101.62,87.38
111.07,102.11,84.37
111.12,102.08,87.47
111.09,102.54,84.38
111.15,102.54,87.37
111.23,102.93,84.53
111.11,103.00,87.33
111.07,103.22,84.92
111.13,103.44,85.17
111.08,103.41,87.27
111.13,103.75,85.24
111.07,103.79,86.99
111.26,103.59,86.88
111.22,103.85,86.58
111.13,104.01,85.48
110.97,104.25,85.73
111.02,104.15,86.48
111.23,103.99,86.03
110.89,104.08,87.03
111.25,99.68,85.73
111.41,99.57,85.22
111.40,99.41,85.63
111.40,99.40,86.08
111.31,99.68,86.35
111.44,99.56,86.59
111.28,99.93,85.06
111.52,100.04,84.58
111.51,99.76,84.78
111.12,100.04,85.61
111.19,99.90,86.18
111.38,99.90,86.70
111.19,100.28,84.96
111.48,100.46,84.47
111.36,100.22,86.91
111.28,100.55,87.06
111.59,100.36,87.29
111.52,100.87,84.37
111.17,100.86,87.11
111.50,100.81,87.39
111.52,101.27,84.35
111.52,101.26,87.47
111.52,101.68,84.34
111.55,101.72,87.36
111.51,102.09,84.35
111.46,102.17,87.27
111.58,102.51,84.49
111.46,102.48,87.08
111.59,102.32,87.02
111.64,102.58,86.77
111.59,102.88,84.66
111.43,102.87,86.96
111.61,102.97,86.56
111.47,103.12,84.86
111.45,103.47,85.72
111.54,103.23,85.37
111.52,103.27,86.44
111.65,103.16,86.06
111.35,103.29,86.92
111.34,103.79,85.68
111.39,103.64,86.32
111.72,98.49,86.22
111.83,98.34,85.85
111.83,98.23,86.23
111.85,98.32,86.52
111.66,98.76,85.76
111.91,98.81,85.23
111.91,98.51,85.41
111.63,98.87,86.42
111.80,98.63,86.69
111.58,99.21,85.50
111.93,99.15,85.07
111.53,99.22,86.33
111.79,98.94,86.88
111.69,99.24,86.89
111.97,99.12,87.24
111.67,99.47,84.96
111.82,99.69,84.59
112.04,99.38,84.84
111.62,99.67,86.97
111.95,99.52,87.32
111.93,100.02,84.40
111.58,100.05,87.11
111.91,99.99,87.39
111.96,100.43,84.36
111.94,100.44,87.48
111.96,100.84,84.36
111.96,100.91,87.37
111.96,101.25,84.37
111.87,101.36,87.28
112.00,101.67,84.50
111.87,101.66,87.09
112.01,101.50,87.02
112.05,101.76,86.77
111.93,102.09,84.60
111.77,102.09,86.94
111.99,102.16,86.56
111.94,102.36,84.85
111.85,102.66,85.05
111.93,102.62,85.81
112.05,102.38,85.42
111.87,102.46,86.44
112.05,102.33,86.08
111.73,102.99,85.07
111.81,102.93,85.62
111.77,102.82,86.26
112.03,98.05,86.32
112.25,97.92,85.84
112.24,97.75,86.24
112.23,97.74,86.69
112.10,98.05,87.06
112.25,97.86,87.24
112.08,98.23,85.59
112.28,98.41,85.17
112.34,98.10,85.41
111.95,98.37,86.89
112.21,98.12,87.52
112.12,98.45,87.41
112.42,98.36,87.86
112.32,98.80,85.02
111.97,98.75,87.11
112.25,98.91,87.43
112.34,98.69,87.68
112.39,99.18,85.00
112.26,99.28,87.45
112.23,99.63,84.62
112.39,99.42,84.89
112.34,99.62,87.49
112.34,100.01,84.53
112.36,100.04,87.49
112.36,100.43,84.52
112.34,100.48,87.30
112.36,100.85,84.53
112.27,100.84,87.09
112.42,100.69,87.02
112.45,100.95,86.76
112.36,101.25,84.61
112.18,101.28,86.94
112.40,101.34,86.57
112.37,101.53,84.87
112.25,101.83,85.06
112.34,101.79,85.82
112.47,101.56,85.43
112.28,101.64,86.44
112.46,101.51,86.09
112.14,102.14,85.06
112.22,102.10,85.62
112.18,102.00,86.25
112.50,97.15,86.40
112.67,97.21,85.93
112.79,96.95,86.12
112.74,96.84,86.62
112.45,97.16,87.06
112.61,96.91,87.32
112.52,97.22,87.59
112.72,97.17,87.86
112.41,97.55,86.13
112.75,97.49,85.69
112.34,97.55,86.96
112.46,97.56,87.55
112.67,97.51,87.91
112.51,97.82,85.58
112.65,98.05,85.23
112.88,97.74,85.46
112.37,97.93,87.60
112.69,97.95,87.99
112.75,98.38,85.04
112.81,98.36,88.11
112.77,98.79,85.02
112.51,98.93,87.62
112.75,98.76,87.95
112.82,99.13,85.04
112.77,99.10,87.69
112.64,99.28,87.50
112.58,99.72,84.82
112.76,99.48,85.01
112.70,99.69,87.47
112.65,100.14,84.81
112.87,99.92,85.00
112.75,100.07,87.29
112.66,100.59,84.97
112.90,100.36,85.19
112.62,100.53,86.95
112.83,100.28,87.01
112.84,100.50,86.67
112.63,100.99,85.00
112.82,100.68,85.51
112.73,100.91,85.68
112.69,100.82,86.41
112.85,100.71,86.09
112.57,101.32,85.06
112.64,101.26,85.61
112.59,101.17,86.24
112.88,96.38,87.60
113.05,96.28,87.08
113.04,96.10,87.47
113.03,96.10,87.94
112.93,96.39,88.21
113.13,96.34,88.50
112.86,96.61,87.00
113.14,96.65,86.47
113.14,96.47,86.68
112.74,96.80,87.67
112.87,96.74,88.15
113.07,96.68,88.54
113.02,97.16,85.81
113.19,96.85,86.14
112.90,97.16,88.15
113.19,97.12,88.53
113.21,97.52,85.62
113.18,97.47,88.32
113.03,97.63,88.13
113.05,98.00,85.26
113.23,97.78,85.50
113.07,98.07,88.14
113.15,98.38,85.18
113.17,98.41,88.14
113.16,98.81,85.17
113.23,98.76,88.10
113.15,99.22,85.18
112.97,99.32,87.61
113.12,99.12,87.86
113.17,99.64,85.18
113.18,99.39,87.65
113.10,99.63,87.36
113.18,100.05,85.25
113.04,100.13,86.95
113.30,99.91,86.90
113.24,100.17,86.59
113.17,100.34,85.52
113.01,100.55,85.78
113.05,100.43,86.40
113.26,100.31,86.06
113.29,95.56,88.22
113.47,95.46,87.71
113.46,95.27,88.11
113.45,95.27,88.57
113.34,95.57,88.83
113.47,95.46,89.08
113.25,95.89,87.48
113.57,95.89,87.01
113.55,95.65,87.30
113.16,95.97,88.29
113.28,95.92,88.78
113.51,95.90,89.24
113.32,96.20,86.84
113.44,96.41,86.49
113.67,96.11,86.70
113.31,96.33,88.78
113.54,96.34,89.11
113.56,96.63,86.27
113.58,96.64,88.97
113.44,96.81,88.76
113.46,97.15,85.81
113.69,96.87,86.07
113.54,97.20,88.69
113.64,97.47,85.67
113.37,97.70,88.23
113.53,97.50,88.45
113.40,98.09,85.45
113.60,97.83,85.62
113.65,97.74,88.21
113.51,97.96,88.12
113.46,98.50,85.43
113.69,98.27,85.62
113.62,98.45,88.00
113.46,98.93,85.45
113.73,98.72,85.75
113.52,98.92,87.90
113.48,99.37,85.60
113.67,99.14,85.86
113.44,99.32,87.59
113.71,99.11,87.53
113.66,99.36,87.23
113.44,99.78,85.62
113.65,99.43,86.13
113.57,99.63,86.23
113.50,99.63,86.97
113.69,99.47,86.69
113.38,100.11,85.69
113.45,99.96,86.31
113.70,94.75,88.86
113.87,94.63,88.35
113.86,94.46,88.76
113.88,94.46,89.23
113.76,94.76,89.48
114.01,94.58,89.76
113.66,95.07,88.12
113.98,95.07,87.63
113.96,94.83,87.92
113.56,95.16,88.92
113.69,95.11,89.42
113.96,94.99,89.84
113.73,95.37,87.48
113.85,95.59,87.12
114.09,95.29,87.32
113.65,95.58,89.45
113.96,95.43,89.82
113.96,95.83,86.89
113.76,96.02,89.51
113.98,95.86,89.75
113.85,96.36,86.43
114.09,96.07,86.69
114.09,96.20,89.56
113.84,96.32,89.36
114.04,96.70,86.24
113.78,96.90,88.89
113.93,96.68,89.15
113.87,97.18,85.86
114.06,96.96,86.11
114.12,97.01,88.90
113.87,97.24,88.63
113.98,97.57,85.79
113.85,97.57,88.31
114.16,97.49,88.27
113.94,97.74,88.12
114.00,97.99,85.80
113.99,98.05,87.91
114.00,98.40,85.88
113.94,98.45,87.61
114.12,98.26,87.53
114.07,98.51,87.22
114.00,98.69,86.12
113.89,98.96,86.33
113.97,98.77,87.06
114.09,98.66,86.67
113.81,98.80,87.56
113.78,99.29,86.35
113.83,99.14,86.97
114.19,88.60,94.46
114.27,88.61,94.06
114.40,88.37,94.28
114.42,88.46,94.68
114.17,88.90,94.30
114.43,89.03,93.96
114.38,88.90,94.78
114.33,89.23,94.44
114.09,94.29,88.76
114.39,94.24,88.29
114.38,94.02,88.65
114.29,94.04,89.20
114.10,94.28,89.46
114.27,94.29,89.77
114.14,94.54,88.12
114.26,94.77,87.74
114.49,94.46,87.96
114.27,94.70,90.01
114.38,95.01,87.51
114.33,95.19,90.01
114.26,95.53,87.07
114.51,95.24,87.31
114.29,95.62,89.95
114.44,95.86,86.91
114.38,95.94,89.81
114.34,96.40,86.46
114.46,96.13,86.75
114.51,96.25,89.56
114.26,96.48,89.36
114.41,96.73,86.29
114.38,96.77,89.12
114.23,97.29,86.07
114.46,97.05,86.35
114.40,97.00,88.89
114.36,97.20,88.57
114.31,97.73,86.22
114.50,97.49,86.48
114.47,97.44,88.13
114.32,97.72,87.90
114.26,98.13,86.26
114.49,97.78,86.76
114.40,97.99,86.86
114.30,98.03,87.51
114.50,97.83,87.32
114.19,98.46,86.32
114.25,98.31,86.95
114.65,88.53,93.91
114.78,88.32,94.36
114.79,88.52,94.84
114.84,88.89,93.74
114.83,88.89,95.03
114.53,89.44,94.28
114.83,89.38,93.96
114.70,89.33,94.80
114.83,89.58,94.46
114.54,93.51,89.46
114.71,93.41,88.95
114.69,93.23,89.34
114.68,93.22,89.81
114.58,93.52,90.07
114.70,93.40,90.32
114.52,93.75,88.87
114.73,93.89,88.33
114.80,93.60,88.53
114.41,93.93,89.55
114.52,93.87,90.02
114.74,93.83,90.48
114.78,94.20,88.12
114.49,94.34,90.09
114.72,94.22,90.40
114.67,94.71,87.69
114.90,94.43,87.96
114.52,94.83,90.18
114.80,94.61,90.44
114.86,95.04,87.54
114.60,95.19,90.11
114.83,95.02,90.36
114.69,95.53,87.14
114.87,95.32,87.39
114.92,95.36,90.17
114.65,95.56,89.99
114.86,95.84,87.09
114.80,95.94,89.81
114.69,96.36,86.67
114.83,96.17,86.98
114.93,96.23,89.55
114.71,96.51,89.25
114.72,96.71,86.52
114.94,96.49,86.86
114.66,96.88,88.83
115.00,96.68,88.75
114.87,96.89,88.49
114.82,97.03,86.75
114.72,97.32,86.95
114.81,97.24,87.61
114.93,97.06,87.31
114.71,97.18,88.21
114.92,97.01,87.97
114.62,97.64,86.98
114.65,97.51,87.59
115.10,88.51,93.92
115.23,88.32,94.42
115.25,88.54,94.88
115.17,89.00,93.73
115.21,88.99,95.03
115.19,89.51,93.92
115.19,89.42,94.86
115.18,89.61,94.41
114.93,92.69,90.11
115.11,92.59,89.61
115.11,92.39,90.02
115.11,92.39,90.48
114.99,92.71,90.73
115.24,92.52,91.00
114.89,93.02,89.37
115.12,93.02,88.93
115.11,92.82,89.24
114.79,93.11,90.17
114.91,93.06,90.67
115.19,92.95,91.09
114.96,93.33,88.70
115.16,93.51,88.30
115.21,93.20,88.54
114.88,93.52,90.70
115.19,93.38,91.07
115.20,93.88,88.14
114.98,93.97,90.75
115.25,93.86,91.03
115.26,94.25,88.12
115.21,94.20,90.83
115.07,94.36,90.63
115.09,94.71,87.77
115.26,94.51,88.02
115.11,94.79,90.57
115.26,95.02,87.72
115.22,95.12,90.43
115.05,95.63,87.34
115.22,95.38,87.63
115.34,95.41,90.18
115.10,95.64,89.98
115.12,96.04,87.33
115.32,95.85,87.64
115.21,95.95,89.75
115.13,96.49,87.44
115.33,96.27,87.75
115.22,96.18,89.53
115.18,96.39,89.19
115.02,96.78,87.02
115.07,96.82,87.59
115.23,96.59,88.15
115.06,96.76,88.13
115.29,96.56,88.65
115.50,88.51,93.98
115.58,88.36,94.50
115.69,88.62,94.82
115.42,88.88,93.63
115.52,89.06,93.34
115.75,88.64,93.69
115.58,89.06,95.02
115.31,89.29,93.57
115.51,89.50,93.26
115.66,89.44,94.88
115.42,89.73,93.74
115.61,89.86,93.32
115.50,89.75,94.37
115.53,89.91,94.11
115.69,90.04,93.84
115.32,92.23,90.02
115.54,92.18,89.61
115.54,91.98,90.02
115.53,91.97,90.49
115.33,92.22,90.71
115.51,92.22,91.03
115.32,92.61,89.25
115.62,92.62,88.88
115.61,92.38,89.18
115.55,92.71,91.24
115.37,92.92,88.72
115.51,93.13,88.36
115.73,92.82,88.58
115.51,93.15,91.23
115.62,93.46,88.16
115.60,93.50,91.23
115.64,93.88,88.13
115.68,93.84,91.23
115.69,94.22,88.18
115.40,94.44,90.76
115.58,94.21,91.04
115.44,94.81,87.98
115.65,94.59,88.25
115.75,94.54,90.80
115.49,94.75,90.61
115.51,95.22,87.95
115.71,95.03,88.27
115.63,95.12,90.37
115.53,95.65,87.96
115.73,95.44,88.28
115.64,95.36,90.15
115.59,95.62,89.84
115.54,96.10,88.13
115.73,95.85,88.37
115.50,96.06,89.44
115.76,95.84,89.38
115.71,96.08,89.08
115.42,96.43,88.24
115.70,96.11,88.64
115.52,96.30,88.79
115.79,88.45,94.30
115.74,88.89,93.11
115.92,89.05,92.70
116.08,88.65,93.10
116.11,88.55,93.86
115.99,88.57,94.38
116.02,88.91,94.90
115.71,89.27,92.95
115.93,89.48,92.63
116.12,89.30,95.04
115.77,89.70,92.95
115.96,89.86,92.79
115.71,89.95,94.37
115.98,89.72,94.83
115.88,90.07,93.27
116.06,90.20,93.94
116.03,90.05,94.42
115.75,91.83,90.03
115.93,91.84,89.54
115.97,91.63,89.90
115.93,91.54,90.47
115.73,91.83,90.88
115.92,91.58,91.12
115.83,91.89,91.39
116.02,91.85,91.64
115.78,92.10,89.37
115.97,92.27,88.93
116.04,91.97,89.16
115.73,92.29,91.36
115.95,92.18,91.67
116.07,92.61,88.76
115.83,92.73,91.36
116.03,92.55,91.62
115.92,93.07,88.36
116.09,92.85,88.63
116.15,92.90,91.41
115.88,93.09,91.26
116.03,93.46,88.28
116.03,93.49,91.25
116.03,93.90,88.29
116.04,93.90,91.22
116.02,94.30,88.38
116.03,94.29,91.02
116.12,94.57,88.67
115.93,94.88,88.60
116.16,94.80,88.93
116.04,94.53,90.79
116.00,94.79,90.47
115.94,95.26,88.74
116.12,95.04,89.01
115.91,95.23,90.05
116.17,95.01,90.01
116.12,95.24,89.70
115.89,95.62,88.68
116.10,95.27,89.27
115.95,95.51,89.36
115.84,95.89,88.91
116.15,88.88,92.47
116.37,88.99,92.16
116.49,88.67,92.54
116.52,88.54,93.20
116.45,88.54,93.78
116.35,88.64,94.42
116.48,88.96,94.89
116.13,89.31,92.28
116.38,89.31,91.94
116.48,89.39,95.04
116.15,89.79,91.93
116.34,89.74,91.46
116.35,89.55,91.75
116.04,89.80,92.48
116.44,89.81,94.86
116.16,90.16,91.37
116.42,90.22,90.86
116.42,89.91,91.05
116.03,90.27,91.96
116.04,90.21,92.48
116.03,90.16,92.96
116.16,90.36,93.60
116.37,90.29,94.10
116.48,90.11,94.47
116.23,90.67,90.14
116.34,90.67,89.67
116.53,90.40,89.98
116.43,90.48,90.39
116.12,90.66,91.18
116.37,90.56,90.71
116.03,90.55,91.75
116.11,90.66,92.36
116.17,90.57,93.05
116.37,90.62,93.56
116.53,90.47,93.93
116.13,91.04,89.92
116.42,90.94,89.41
116.30,90.66,90.52
116.11,90.95,90.68
116.04,91.10,91.38
116.11,90.99,91.92
116.37,91.09,92.43
116.44,90.92,92.80
116.48,90.81,93.26
116.21,91.31,89.41
116.39,91.48,89.03
116.55,91.18,89.17
116.04,91.42,89.96
116.02,91.32,90.61
116.03,91.44,91.35
116.14,91.45,91.90
116.34,91.38,92.28
116.13,91.66,89.36
116.39,91.84,88.89
116.20,91.85,91.91
116.44,91.74,92.25
116.44,92.25,88.78
116.56,92.10,92.09
116.27,92.27,91.87
116.54,92.59,88.92
116.43,92.67,91.69
116.28,93.15,88.59
116.42,92.92,88.88
116.57,92.94,91.41
116.34,93.17,91.24
116.35,93.57,88.57
116.54,93.36,88.90
116.49,93.54,91.10
116.33,94.01,88.58
116.57,93.79,88.91
116.40,94.00,91.02
116.28,94.31,88.61
116.49,94.26,88.94
116.32,94.40,90.72
116.59,94.17,90.66
116.55,94.41,90.36
116.33,94.82,89.40
116.41,94.60,89.20
116.36,94.72,90.08
116.56,94.56,89.81
116.24,95.06,89.56
116.72,88.94,92.01
116.92,88.66,92.39
116.90,88.63,93.02
116.85,88.64,93.76
116.76,88.71,94.41
116.88,89.06,94.80
116.58,89.36,91.65
116.82,89.36,91.41
116.97,89.09,91.72
116.87,89.50,94.88
116.60,89.62,91.21
116.74,89.85,90.84
116.97,89.53,91.08
116.80,89.86,94.77
116.79,90.19,90.66
116.92,90.01,94.54
116.82,90.25,94.28
116.71,90.57,89.55
116.96,90.30,90.00
116.81,90.28,90.45
116.54,90.47,90.60
116.97,90.51,93.95
116.73,90.72,93.62
116.91,90.94,89.36
116.63,91.16,92.61
116.80,91.09,92.82
116.89,90.94,93.18
116.74,91.44,88.97
116.92,91.22,89.22
116.98,91.28,92.64
116.70,91.45,92.47
116.84,91.84,88.90
116.86,91.86,92.31
116.86,92.24,88.98
116.99,92.14,92.06
116.74,92.39,91.88
116.94,92.50,89.30
116.73,92.81,89.21
116.97,92.72,89.55
116.85,92.67,91.62
116.73,93.18,89.22
116.94,93.00,89.54
116.86,92.89,91.39
116.82,93.14,91.09
116.78,93.62,89.37
116.95,93.38,89.62
116.82,93.54,90.70
116.98,93.37,90.63
116.94,93.61,90.32
116.74,94.02,89.42
116.93,93.64,89.89
116.84,93.82,90.06
116.70,93.87,90.67
116.66,94.36,89.48
116.73,94.20,90.09
117.17,88.84,92.10
117.22,88.73,92.62
117.22,88.81,93.10
117.41,88.95,92.90
117.18,88.89,93.71
117.07,88.87,94.31
117.17,89.27,91.46
117.33,89.06,91.86
117.39,89.06,93.37
117.36,89.17,93.88
117.39,89.49,94.17
117.19,89.23,94.42
117.22,89.83,90.81
117.33,89.49,91.19
117.13,89.68,94.59
117.28,89.95,94.26
117.27,90.17,90.64
117.22,90.29,94.12
117.16,90.57,89.65
117.32,90.37,90.08
117.28,90.29,90.44
117.34,90.49,93.79
117.17,90.73,93.54
117.33,90.91,89.59
117.32,90.91,93.13
117.17,91.11,92.87
117.11,91.52,89.19
117.28,91.27,89.50
117.27,91.27,92.63
117.25,91.52,92.38
117.16,91.94,89.20
117.37,91.73,89.52
117.21,91.91,92.19
117.10,92.24,89.23
117.30,92.20,89.56
117.27,92.08,92.00
117.22,92.34,91.71
117.18,92.84,90.01
117.22,92.55,89.76
117.38,92.65,90.20
117.14,92.76,91.31
117.40,92.55,91.26
117.35,92.77,90.96
117.11,93.15,89.94
117.34,92.81,90.53
117.17,93.05,90.62
117.05,93.42,90.16
117.50,89.03,92.40
117.55,89.39,91.83
117.67,89.43,92.59
117.59,89.31,93.12
117.50,89.33,93.68
117.58,89.71,91.21
117.67,89.77,91.85
117.68,89.78,92.50
117.68,89.78,93.16
117.57,89.69,93.76
117.64,90.06,90.88
117.78,89.94,91.38
117.75,89.98,91.95
117.79,90.30,92.24
117.67,90.15,92.51
117.66,90.14,93.06
117.54,90.17,93.72
117.46,90.65,89.90
117.59,90.60,90.33
117.78,90.48,90.80
117.67,90.56,92.63
117.78,90.72,92.32
117.54,90.57,93.18
117.57,91.04,89.93
117.74,90.95,90.29
117.82,90.78,90.54
117.53,91.04,92.63
117.74,91.07,92.22
117.57,91.53,89.85
117.76,91.33,90.16
117.61,91.38,92.15
117.82,91.21,91.98
117.81,91.48,91.90
117.58,92.00,90.01
117.77,91.77,90.23
117.50,91.85,91.94
117.80,91.86,91.72
117.49,92.38,90.09
117.79,92.10,90.63
117.64,92.28,90.64
117.58,92.25,91.35
117.81,92.15,91.25
117.50,92.57,90.71
117.92,90.27,91.26
117.89,90.14,91.74
118.02,90.59,91.38
117.96,90.48,91.85
117.94,91.13,90.48
118.06,90.91,90.80
118.10,90.82,91.27
118.11,91.16,91.65
117.97,90.87,91.86
117.99,91.56,90.47
118.21,91.32,90.80
118.11,91.57,91.70
117.97,91.93,90.63
118.20,91.75,90.91
118.04,91.92,91.58
118.04,92.05,91.11
118.26,91.09,91.16
118.31,91.43,91.29
118.25,91.79,91.39
