0.00,1.00,2.00
2.00,3.00,0.00
4.00,1.00,0.00
5.00,1.00,4.00
6.00,0.00,3.00
4.00,0.00,6.00
7.00,5.00,4.00
8.00,5.00,7.00
9.00,4.00,6.00
7.00,4.00,9.00
7.00,10.00,8.00
9.00,10.00,7.00
2.00,11.00,12.00
1.00,11.00,2.00
12.00,3.00,2.00
13.00,3.00,12.00
1.00,5.00,11.00
11.00,5.00,14.00
3.00,13.00,6.00
13.00,15.00,6.00
5.00,8.00,14.00
14.00,8.00,16.00
6.00,15.00,9.00
15.00,17.00,9.00
18.00,8.00,10.00
18.00,19.00,8.00
19.00,16.00,8.00
10.00,20.00,18.00
10.00,9.00,20.00
9.00,17.00,20.00
18.00,21.00,19.00
20.00,21.00,18.00
22.00,23.00,24.00
22.00,25.00,26.00
24.00,25.00,22.00
25.00,27.00,26.00
28.00,23.00,22.00
29.00,23.00,28.00
26.00,30.00,22.00
30.00,28.00,22.00
11.00,31.00,12.00
11.00,26.00,31.00
11.00,30.00,26.00
27.00,31.00,26.00
13.00,32.00,33.00
13.00,12.00,32.00
12.00,31.00,32.00
32.00,34.00,33.00
35.00,29.00,28.00
36.00,29.00,35.00
30.00,37.00,28.00
37.00,35.00,28.00
11.00,14.00,37.00
30.00,11.00,37.00
33.00,38.00,15.00
13.00,33.00,15.00
39.00,33.00,34.00
38.00,33.00,39.00
40.00,36.00,35.00
41.00,36.00,40.00
37.00,42.00,35.00
42.00,40.00,35.00
14.00,16.00,42.00
37.00,14.00,42.00
38.00,43.00,17.00
15.00,38.00,17.00
44.00,38.00,39.00
43.00,38.00,44.00
40.00,45.00,41.00
45.00,46.00,47.00
45.00,40.00,46.00
40.00,42.00,46.00
16.00,19.00,46.00
42.00,16.00,46.00
43.00,48.00,49.00
43.00,49.00,17.00
17.00,49.00,20.00
44.00,48.00,43.00
46.00,50.00,47.00
19.00,50.00,46.00
19.00,21.00,50.00
21.00,51.00,50.00
49.00,21.00,20.00
51.00,21.00,49.00
24.00,23.00,52.00
53.00,24.00,52.00
53.00,54.00,24.00
54.00,25.00,24.00
27.00,55.00,56.00
27.00,25.00,55.00
25.00,54.00,55.00
56.00,57.00,58.00
55.00,57.00,56.00
57.00,59.00,58.00
52.00,60.00,61.00
52.00,23.00,60.00
23.00,29.00,60.00
53.00,52.00,61.00
27.00,56.00,31.00
32.00,31.00,56.00
58.00,32.00,56.00
34.00,62.00,63.00
32.00,62.00,34.00
32.00,59.00,62.00
32.00,58.00,59.00
62.00,64.00,63.00
29.00,36.00,60.00
60.00,36.00,65.00
63.00,66.00,39.00
34.00,63.00,39.00
67.00,63.00,64.00
66.00,63.00,67.00
36.00,41.00,65.00
65.00,41.00,68.00
66.00,69.00,70.00
66.00,70.00,39.00
39.00,70.00,44.00
67.00,69.00,66.00
41.00,71.00,68.00
45.00,71.00,41.00
71.00,45.00,47.00
72.00,71.00,47.00
48.00,73.00,74.00
49.00,48.00,74.00
70.00,48.00,44.00
73.00,48.00,70.00
47.00,75.00,72.00
50.00,75.00,47.00
51.00,76.00,50.00
50.00,76.00,75.00
74.00,51.00,49.00
76.00,51.00,74.00
54.00,77.00,78.00
53.00,77.00,54.00
55.00,54.00,79.00
54.00,78.00,79.00
57.00,55.00,80.00
55.00,79.00,80.00
59.00,81.00,82.00
59.00,57.00,81.00
57.00,80.00,81.00
81.00,83.00,82.00
61.00,84.00,85.00
60.00,84.00,61.00
77.00,53.00,61.00
85.00,77.00,61.00
59.00,82.00,62.00
82.00,64.00,62.00
82.00,83.00,64.00
83.00,86.00,64.00
60.00,65.00,84.00
84.00,65.00,87.00
64.00,86.00,67.00
86.00,88.00,67.00
65.00,68.00,87.00
87.00,68.00,89.00
69.00,90.00,91.00
70.00,69.00,91.00
88.00,69.00,67.00
90.00,69.00,88.00
68.00,92.00,89.00
71.00,92.00,68.00
72.00,93.00,94.00
72.00,94.00,71.00
71.00,94.00,92.00
94.00,93.00,95.00
73.00,96.00,97.00
74.00,73.00,97.00
91.00,73.00,70.00
96.00,73.00,91.00
72.00,75.00,93.00
93.00,98.00,95.00
93.00,75.00,98.00
75.00,76.00,98.00
97.00,76.00,74.00
98.00,76.00,97.00
99.00,100.00,101.00
99.00,102.00,103.00
101.00,102.00,99.00
102.00,104.00,103.00
105.00,106.00,107.00
100.00,105.00,107.00
100.00,99.00,105.00
99.00,108.00,105.00
103.00,109.00,99.00
109.00,108.00,99.00
110.00,103.00,104.00
109.00,103.00,110.00
78.00,77.00,111.00
112.00,78.00,111.00
112.00,113.00,78.00
113.00,79.00,78.00
106.00,105.00,80.00
106.00,80.00,113.00
113.00,80.00,79.00
81.00,80.00,105.00
108.00,81.00,105.00
83.00,81.00,108.00
83.00,108.00,114.00
114.00,108.00,109.00
115.00,109.00,110.00
114.00,109.00,115.00
85.00,84.00,116.00
85.00,116.00,117.00
77.00,85.00,117.00
77.00,117.00,118.00
77.00,118.00,111.00
112.00,111.00,118.00
114.00,119.00,86.00
83.00,114.00,86.00
120.00,114.00,115.00
119.00,114.00,120.00
116.00,87.00,121.00
84.00,87.00,116.00
122.00,117.00,116.00
122.00,116.00,123.00
123.00,116.00,121.00
122.00,123.00,124.00
119.00,125.00,88.00
86.00,119.00,88.00
126.00,119.00,120.00
125.00,119.00,126.00
121.00,89.00,127.00
87.00,89.00,121.00
123.00,121.00,128.00
128.00,121.00,127.00
129.00,124.00,123.00
128.00,129.00,123.00
90.00,130.00,131.00
91.00,90.00,131.00
125.00,90.00,88.00
125.00,132.00,90.00
132.00,130.00,90.00
126.00,132.00,125.00
89.00,92.00,127.00
94.00,127.00,92.00
128.00,127.00,94.00
128.00,94.00,95.00
128.00,95.00,129.00
129.00,95.00,133.00
96.00,134.00,135.00
97.00,96.00,135.00
131.00,96.00,91.00
134.00,96.00,131.00
95.00,136.00,133.00
98.00,136.00,95.00
135.00,98.00,97.00
136.00,98.00,135.00
137.00,138.00,139.00
137.00,140.00,141.00
139.00,140.00,137.00
140.00,142.00,141.00
101.00,138.00,137.00
101.00,100.00,138.00
100.00,143.00,138.00
102.00,101.00,137.00
141.00,102.00,137.00
104.00,144.00,145.00
102.00,144.00,104.00
102.00,142.00,144.00
102.00,141.00,142.00
144.00,146.00,145.00
107.00,147.00,148.00
106.00,147.00,107.00
143.00,100.00,107.00
148.00,143.00,107.00
145.00,149.00,110.00
104.00,145.00,110.00
150.00,145.00,146.00
149.00,145.00,150.00
113.00,151.00,152.00
112.00,151.00,113.00
147.00,106.00,113.00
152.00,147.00,113.00
149.00,153.00,154.00
149.00,154.00,110.00
110.00,154.00,115.00
150.00,153.00,149.00
118.00,117.00,155.00
118.00,155.00,156.00
118.00,156.00,112.00
112.00,156.00,151.00
115.00,154.00,120.00
154.00,157.00,120.00
117.00,122.00,155.00
155.00,122.00,124.00
155.00,124.00,156.00
156.00,124.00,158.00
120.00,157.00,126.00
157.00,159.00,126.00
124.00,129.00,158.00
158.00,129.00,160.00
130.00,161.00,162.00
131.00,130.00,162.00
132.00,163.00,130.00
130.00,163.00,161.00
159.00,132.00,126.00
163.00,132.00,159.00
129.00,133.00,160.00
160.00,133.00,164.00
134.00,165.00,166.00
135.00,134.00,166.00
162.00,134.00,131.00
165.00,134.00,162.00
133.00,167.00,164.00
136.00,167.00,133.00
166.00,136.00,135.00
167.00,136.00,166.00
168.00,169.00,170.00
168.00,171.00,172.00
170.00,171.00,168.00
172.00,173.00,174.00
171.00,173.00,172.00
173.00,175.00,174.00
139.00,169.00,168.00
139.00,138.00,169.00
138.00,176.00,169.00
140.00,139.00,168.00
172.00,140.00,168.00
142.00,140.00,172.00
142.00,172.00,177.00
177.00,172.00,174.00
178.00,174.00,175.00
177.00,174.00,178.00
138.00,143.00,176.00
176.00,143.00,179.00
142.00,177.00,144.00
177.00,146.00,144.00
177.00,178.00,146.00
178.00,180.00,146.00
148.00,181.00,182.00
147.00,181.00,148.00
179.00,143.00,148.00
182.00,179.00,148.00
146.00,180.00,150.00
180.00,183.00,150.00
152.00,151.00,184.00
152.00,184.00,185.00
152.00,185.00,147.00
147.00,185.00,181.00
153.00,186.00,187.00
154.00,153.00,187.00
183.00,153.00,150.00
186.00,153.00,183.00
184.00,188.00,189.00
184.00,151.00,188.00
151.00,156.00,188.00
185.00,184.00,189.00
154.00,187.00,157.00
187.00,190.00,157.00
156.00,158.00,188.00
188.00,158.00,191.00
192.00,193.00,194.00
192.00,195.00,196.00
193.00,192.00,196.00
195.00,190.00,196.00
195.00,159.00,190.00
159.00,157.00,190.00
158.00,160.00,191.00
191.00,160.00,197.00
198.00,199.00,200.00
194.00,199.00,198.00
192.00,194.00,198.00
192.00,198.00,162.00
192.00,162.00,161.00
163.00,192.00,161.00
195.00,192.00,163.00
159.00,195.00,163.00
201.00,164.00,202.00
201.00,197.00,164.00
197.00,160.00,164.00
200.00,201.00,202.00
198.00,200.00,202.00
198.00,202.00,166.00
198.00,166.00,165.00
162.00,198.00,165.00
164.00,167.00,202.00
166.00,202.00,167.00
203.00,204.00,205.00
203.00,206.00,207.00
205.00,206.00,203.00
206.00,208.00,207.00
209.00,204.00,203.00
210.00,204.00,209.00
207.00,211.00,203.00
211.00,209.00,203.00
212.00,207.00,208.00
211.00,207.00,212.00
170.00,210.00,209.00
170.00,169.00,210.00
169.00,213.00,210.00
171.00,170.00,209.00
211.00,171.00,209.00
211.00,212.00,214.00
211.00,214.00,171.00
171.00,214.00,173.00
214.00,175.00,173.00
215.00,175.00,214.00
169.00,176.00,213.00
213.00,176.00,216.00
175.00,215.00,178.00
215.00,217.00,178.00
176.00,179.00,216.00
216.00,179.00,218.00
219.00,220.00,221.00
219.00,217.00,220.00
219.00,180.00,217.00
180.00,178.00,217.00
182.00,181.00,222.00
182.00,222.00,223.00
182.00,223.00,179.00
179.00,223.00,218.00
224.00,219.00,221.00
225.00,224.00,221.00
180.00,224.00,183.00
219.00,224.00,180.00
222.00,185.00,226.00
181.00,185.00,222.00
227.00,223.00,222.00
227.00,222.00,228.00
228.00,222.00,226.00
228.00,229.00,230.00
227.00,228.00,230.00
225.00,230.00,229.00
224.00,225.00,229.00
224.00,229.00,187.00
224.00,187.00,186.00
183.00,224.00,186.00
189.00,188.00,231.00
189.00,226.00,185.00
189.00,231.00,226.00
231.00,232.00,226.00
228.00,226.00,233.00
233.00,226.00,232.00
229.00,228.00,234.00
234.00,228.00,233.00
187.00,234.00,190.00
229.00,234.00,187.00
231.00,191.00,235.00
188.00,191.00,231.00
232.00,231.00,236.00
236.00,231.00,235.00
193.00,236.00,194.00
193.00,233.00,236.00
233.00,232.00,236.00
196.00,233.00,193.00
234.00,233.00,196.00
190.00,234.00,196.00
235.00,197.00,237.00
191.00,197.00,235.00
199.00,237.00,200.00
199.00,236.00,237.00
236.00,235.00,237.00
194.00,236.00,199.00
197.00,201.00,237.00
200.00,237.00,201.00
238.00,239.00,240.00
238.00,241.00,242.00
240.00,241.00,238.00
241.00,243.00,242.00
244.00,245.00,246.00
239.00,244.00,246.00
238.00,244.00,239.00
238.00,204.00,244.00
238.00,205.00,204.00
206.00,205.00,238.00
242.00,206.00,238.00
242.00,208.00,206.00
242.00,243.00,208.00
243.00,247.00,208.00
248.00,245.00,244.00
249.00,245.00,248.00
204.00,210.00,248.00
244.00,204.00,248.00
250.00,251.00,212.00
250.00,212.00,247.00
247.00,212.00,208.00
250.00,252.00,251.00
248.00,253.00,249.00
253.00,248.00,210.00
253.00,210.00,254.00
254.00,210.00,213.00
212.00,251.00,214.00
251.00,215.00,214.00
251.00,252.00,215.00
252.00,255.00,215.00
213.00,216.00,254.00
254.00,216.00,256.00
257.00,258.00,259.00
257.00,255.00,258.00
257.00,217.00,255.00
217.00,215.00,255.00
216.00,218.00,256.00
256.00,218.00,260.00
220.00,257.00,259.00
220.00,259.00,221.00
221.00,259.00,261.00
217.00,257.00,220.00
262.00,223.00,263.00
262.00,260.00,223.00
260.00,218.00,223.00
263.00,264.00,265.00
262.00,263.00,265.00
264.00,261.00,265.00
264.00,225.00,261.00
225.00,221.00,261.00
223.00,227.00,263.00
230.00,263.00,227.00
264.00,263.00,230.00
225.00,264.00,230.00
266.00,267.00,268.00
268.00,269.00,266.00
270.00,267.00,266.00
271.00,267.00,270.00
272.00,266.00,269.00
270.00,266.00,272.00
273.00,271.00,270.00
274.00,271.00,273.00
275.00,270.00,272.00
275.00,276.00,270.00
276.00,273.00,270.00
276.00,277.00,278.00
275.00,277.00,276.00
277.00,279.00,278.00
280.00,274.00,273.00
281.00,274.00,280.00
276.00,282.00,273.00
282.00,280.00,273.00
278.00,283.00,276.00
283.00,282.00,276.00
284.00,278.00,279.00
284.00,285.00,278.00
285.00,283.00,278.00
284.00,286.00,285.00
287.00,281.00,280.00
288.00,281.00,287.00
282.00,289.00,280.00
289.00,287.00,280.00
240.00,239.00,289.00
240.00,289.00,283.00
283.00,289.00,282.00
241.00,240.00,283.00
285.00,241.00,283.00
285.00,243.00,241.00
285.00,286.00,243.00
286.00,290.00,243.00
291.00,288.00,287.00
292.00,288.00,291.00
246.00,245.00,291.00
246.00,291.00,289.00
289.00,291.00,287.00
239.00,246.00,289.00
243.00,290.00,247.00
290.00,293.00,247.00
294.00,292.00,291.00
295.00,292.00,294.00
245.00,249.00,294.00
291.00,245.00,294.00
296.00,250.00,247.00
296.00,247.00,297.00
297.00,247.00,293.00
250.00,296.00,252.00
294.00,298.00,295.00
249.00,298.00,294.00
249.00,253.00,298.00
253.00,299.00,298.00
299.00,253.00,254.00
300.00,299.00,254.00
301.00,296.00,297.00
302.00,301.00,297.00
252.00,301.00,255.00
296.00,301.00,252.00
254.00,256.00,300.00
300.00,256.00,303.00
258.00,301.00,302.00
258.00,302.00,259.00
259.00,302.00,304.00
255.00,301.00,258.00
305.00,260.00,306.00
305.00,303.00,260.00
303.00,256.00,260.00
306.00,307.00,308.00
305.00,306.00,308.00
307.00,304.00,308.00
307.00,261.00,304.00
261.00,259.00,304.00
260.00,262.00,306.00
265.00,306.00,262.00
307.00,306.00,265.00
261.00,307.00,265.00
309.00,310.00,311.00
311.00,312.00,309.00
268.00,310.00,309.00
268.00,267.00,310.00
267.00,313.00,310.00
309.00,269.00,268.00
309.00,312.00,269.00
312.00,314.00,269.00
267.00,271.00,313.00
313.00,271.00,315.00
316.00,317.00,272.00
316.00,272.00,314.00
314.00,272.00,269.00
316.00,318.00,317.00
271.00,274.00,315.00
315.00,274.00,319.00
272.00,317.00,275.00
317.00,318.00,320.00
317.00,320.00,275.00
275.00,320.00,277.00
320.00,279.00,277.00
321.00,279.00,320.00
274.00,281.00,319.00
319.00,281.00,322.00
279.00,321.00,323.00
284.00,279.00,323.00
323.00,286.00,284.00
324.00,286.00,323.00
281.00,288.00,322.00
322.00,288.00,325.00
286.00,324.00,290.00
324.00,326.00,290.00
288.00,292.00,325.00
325.00,292.00,327.00
290.00,326.00,293.00
326.00,328.00,293.00
292.00,295.00,327.00
327.00,295.00,329.00
293.00,328.00,297.00
328.00,330.00,297.00
295.00,331.00,329.00
298.00,331.00,295.00
299.00,332.00,298.00
298.00,332.00,331.00
332.00,299.00,300.00
333.00,332.00,300.00
297.00,330.00,302.00
330.00,334.00,302.00
335.00,303.00,336.00
335.00,333.00,303.00
333.00,300.00,303.00
336.00,337.00,338.00
335.00,336.00,338.00
337.00,334.00,338.00
337.00,304.00,334.00
304.00,302.00,334.00
303.00,305.00,336.00
308.00,336.00,305.00
337.00,336.00,308.00
304.00,337.00,308.00
311.00,339.00,340.00
310.00,339.00,311.00
340.00,312.00,311.00
341.00,312.00,340.00
310.00,313.00,339.00
339.00,313.00,342.00
343.00,344.00,314.00
343.00,314.00,341.00
341.00,314.00,312.00
343.00,345.00,344.00
313.00,315.00,342.00
342.00,315.00,346.00
314.00,344.00,316.00
318.00,347.00,348.00
316.00,347.00,318.00
316.00,345.00,347.00
316.00,344.00,345.00
347.00,349.00,348.00
315.00,319.00,346.00
346.00,319.00,350.00
318.00,348.00,320.00
348.00,321.00,320.00
348.00,349.00,321.00
349.00,351.00,321.00
319.00,322.00,350.00
350.00,322.00,352.00
321.00,351.00,353.00
323.00,321.00,353.00
353.00,324.00,323.00
354.00,324.00,353.00
322.00,325.00,352.00
352.00,325.00,355.00
324.00,354.00,326.00
354.00,356.00,326.00
325.00,327.00,355.00
355.00,327.00,357.00
326.00,356.00,328.00
356.00,358.00,328.00
327.00,329.00,357.00
357.00,329.00,359.00
328.00,358.00,330.00
358.00,360.00,330.00
329.00,361.00,359.00
331.00,361.00,329.00
332.00,362.00,331.00
331.00,362.00,361.00
333.00,363.00,364.00
333.00,364.00,332.00
332.00,364.00,362.00
363.00,365.00,366.00
364.00,363.00,366.00
365.00,360.00,366.00
365.00,334.00,360.00
334.00,330.00,360.00
333.00,335.00,363.00
338.00,363.00,335.00
365.00,363.00,338.00
334.00,365.00,338.00
340.00,367.00,368.00
339.00,367.00,340.00
368.00,341.00,340.00
369.00,341.00,368.00
339.00,342.00,367.00
367.00,342.00,370.00
341.00,369.00,371.00
343.00,341.00,371.00
371.00,345.00,343.00
372.00,345.00,371.00
342.00,346.00,370.00
370.00,346.00,373.00
345.00,372.00,374.00
347.00,345.00,374.00
374.00,349.00,347.00
375.00,349.00,374.00
346.00,350.00,373.00
373.00,350.00,376.00
349.00,375.00,351.00
375.00,377.00,351.00
350.00,352.00,376.00
376.00,352.00,378.00
379.00,353.00,351.00
379.00,351.00,380.00
380.00,351.00,377.00
353.00,379.00,354.00
352.00,355.00,378.00
378.00,355.00,381.00
379.00,380.00,382.00
382.00,354.00,379.00
382.00,383.00,354.00
383.00,356.00,354.00
355.00,357.00,381.00
381.00,357.00,384.00
356.00,383.00,358.00
383.00,385.00,358.00
357.00,359.00,384.00
384.00,359.00,386.00
387.00,388.00,389.00
387.00,385.00,388.00
387.00,360.00,385.00
360.00,358.00,385.00
359.00,390.00,386.00
361.00,390.00,359.00
362.00,391.00,361.00
361.00,391.00,390.00
364.00,392.00,362.00
362.00,392.00,391.00
389.00,366.00,387.00
389.00,392.00,366.00
392.00,364.00,366.00
360.00,387.00,366.00
368.00,393.00,394.00
367.00,393.00,368.00
394.00,369.00,368.00
395.00,369.00,394.00
367.00,370.00,393.00
393.00,370.00,396.00
369.00,395.00,397.00
371.00,369.00,397.00
397.00,372.00,371.00
398.00,372.00,397.00
370.00,373.00,396.00
396.00,373.00,399.00
400.00,374.00,372.00
400.00,372.00,401.00
401.00,372.00,398.00
374.00,400.00,375.00
373.00,376.00,399.00
399.00,376.00,402.00
400.00,401.00,403.00
403.00,375.00,400.00
403.00,404.00,375.00
404.00,377.00,375.00
376.00,378.00,402.00
402.00,378.00,405.00
377.00,404.00,380.00
404.00,406.00,380.00
378.00,381.00,405.00
405.00,381.00,407.00
408.00,382.00,380.00
408.00,380.00,409.00
409.00,380.00,406.00
382.00,408.00,383.00
381.00,384.00,407.00
407.00,384.00,410.00
411.00,408.00,409.00
412.00,411.00,409.00
383.00,411.00,385.00
408.00,411.00,383.00
384.00,386.00,410.00
410.00,386.00,413.00
414.00,415.00,416.00
414.00,417.00,418.00
415.00,414.00,418.00
412.00,418.00,417.00
411.00,412.00,417.00
411.00,417.00,389.00
411.00,389.00,388.00
385.00,411.00,388.00
386.00,419.00,413.00
390.00,419.00,386.00
416.00,391.00,414.00
416.00,419.00,391.00
419.00,390.00,391.00
392.00,414.00,391.00
417.00,414.00,392.00
389.00,417.00,392.00
394.00,420.00,421.00
393.00,420.00,394.00
421.00,395.00,394.00
422.00,395.00,421.00
393.00,396.00,420.00
420.00,396.00,423.00
424.00,397.00,395.00
424.00,395.00,425.00
425.00,395.00,422.00
397.00,424.00,398.00
396.00,399.00,423.00
423.00,399.00,426.00
424.00,425.00,427.00
427.00,398.00,424.00
427.00,428.00,398.00
428.00,401.00,398.00
399.00,402.00,426.00
426.00,402.00,429.00
430.00,403.00,401.00
430.00,401.00,431.00
431.00,401.00,428.00
403.00,430.00,404.00
402.00,405.00,429.00
429.00,405.00,432.00
433.00,430.00,431.00
434.00,433.00,431.00
404.00,433.00,406.00
430.00,433.00,404.00
405.00,407.00,432.00
432.00,407.00,435.00
436.00,433.00,434.00
437.00,436.00,434.00
406.00,436.00,409.00
433.00,436.00,406.00
407.00,410.00,435.00
435.00,410.00,438.00
439.00,436.00,437.00
440.00,439.00,437.00
409.00,439.00,412.00
436.00,439.00,409.00
441.00,413.00,442.00
441.00,438.00,413.00
438.00,410.00,413.00
442.00,416.00,415.00
442.00,415.00,441.00
441.00,415.00,443.00
440.00,418.00,439.00
440.00,443.00,418.00
443.00,415.00,418.00
412.00,439.00,418.00
413.00,419.00,442.00
416.00,442.00,419.00
421.00,420.00,444.00
421.00,444.00,422.00
444.00,423.00,445.00
420.00,423.00,444.00
422.00,445.00,425.00
444.00,445.00,422.00
445.00,426.00,446.00
423.00,426.00,445.00
425.00,447.00,427.00
425.00,445.00,447.00
445.00,446.00,447.00
427.00,447.00,428.00
446.00,429.00,448.00
426.00,429.00,446.00
447.00,446.00,449.00
449.00,446.00,448.00
428.00,449.00,431.00
447.00,449.00,428.00
448.00,450.00,451.00
448.00,429.00,450.00
429.00,432.00,450.00
451.00,452.00,453.00
451.00,453.00,448.00
448.00,453.00,449.00
431.00,453.00,434.00
449.00,453.00,431.00
432.00,435.00,450.00
450.00,435.00,454.00
455.00,453.00,452.00
456.00,455.00,452.00
434.00,455.00,437.00
453.00,455.00,434.00
435.00,438.00,454.00
454.00,438.00,457.00
458.00,455.00,456.00
459.00,458.00,456.00
437.00,458.00,440.00
455.00,458.00,437.00
438.00,460.00,457.00
441.00,460.00,438.00
459.00,443.00,458.00
459.00,460.00,443.00
460.00,441.00,443.00
440.00,458.00,443.00
451.00,450.00,461.00
451.00,461.00,452.00
461.00,454.00,462.00
450.00,454.00,461.00
452.00,462.00,456.00
461.00,462.00,452.00
462.00,457.00,463.00
454.00,457.00,462.00
456.00,463.00,459.00
462.00,463.00,456.00
457.00,460.00,463.00
459.00,463.00,460.00
