0.00,1.00,2.00
2.00,3.00,0.00
4.00,1.00,0.00
5.00,1.00,4.00
6.00,0.00,3.00
4.00,0.00,6.00
4.00,7.00,5.00
6.00,7.00,4.00
2.00,8.00,9.00
1.00,8.00,2.00
9.00,3.00,2.00
10.00,3.00,9.00
1.00,5.00,8.00
8.00,5.00,11.00
3.00,10.00,6.00
10.00,12.00,6.00
13.00,5.00,7.00
13.00,14.00,5.00
14.00,11.00,5.00
7.00,15.00,13.00
7.00,6.00,15.00
6.00,12.00,15.00
13.00,16.00,14.00
15.00,16.00,13.00
17.00,18.00,19.00
19.00,20.00,17.00
9.00,18.00,17.00
9.00,8.00,18.00
8.00,21.00,18.00
17.00,10.00,9.00
17.00,20.00,10.00
20.00,22.00,10.00
8.00,11.00,21.00
21.00,11.00,23.00
10.00,22.00,12.00
22.00,24.00,12.00
11.00,14.00,23.00
23.00,14.00,25.00
12.00,24.00,15.00
24.00,26.00,15.00
14.00,27.00,25.00
16.00,27.00,14.00
26.00,16.00,15.00
27.00,16.00,26.00
28.00,29.00,30.00
30.00,31.00,28.00
32.00,29.00,28.00
33.00,29.00,32.00
34.00,28.00,31.00
32.00,28.00,34.00
35.00,36.00,37.00
33.00,35.00,37.00
32.00,35.00,33.00
32.00,18.00,35.00
32.00,19.00,18.00
32.00,20.00,19.00
32.00,34.00,20.00
34.00,38.00,20.00
39.00,36.00,35.00
40.00,36.00,39.00
18.00,21.00,39.00
35.00,18.00,39.00
20.00,38.00,22.00
38.00,41.00,22.00
42.00,40.00,39.00
43.00,40.00,42.00
21.00,23.00,42.00
39.00,21.00,42.00
22.00,41.00,24.00
41.00,44.00,24.00
45.00,43.00,42.00
46.00,43.00,45.00
23.00,25.00,45.00
42.00,23.00,45.00
24.00,44.00,26.00
44.00,47.00,26.00
45.00,48.00,46.00
25.00,48.00,45.00
25.00,27.00,48.00
27.00,49.00,48.00
47.00,27.00,26.00
49.00,27.00,47.00
30.00,50.00,51.00
29.00,50.00,30.00
51.00,31.00,30.00
52.00,31.00,51.00
53.00,54.00,55.00
53.00,55.00,50.00
53.00,50.00,33.00
33.00,50.00,29.00
31.00,52.00,34.00
52.00,56.00,34.00
37.00,54.00,53.00
37.00,36.00,54.00
36.00,57.00,54.00
33.00,37.00,53.00
34.00,56.00,38.00
56.00,58.00,38.00
36.00,40.00,57.00
57.00,40.00,59.00
38.00,58.00,41.00
58.00,60.00,41.00
40.00,43.00,59.00
59.00,43.00,61.00
41.00,60.00,44.00
60.00,62.00,44.00
43.00,46.00,61.00
61.00,46.00,63.00
44.00,62.00,47.00
62.00,64.00,47.00
65.00,46.00,48.00
65.00,66.00,46.00
66.00,63.00,46.00
67.00,65.00,48.00
67.00,48.00,68.00
68.00,48.00,49.00
64.00,49.00,47.00
68.00,49.00,64.00
65.00,69.00,66.00
67.00,69.00,65.00
70.00,71.00,72.00
70.00,51.00,50.00
70.00,72.00,51.00
72.00,73.00,51.00
73.00,52.00,51.00
74.00,52.00,73.00
55.00,71.00,70.00
55.00,54.00,71.00
54.00,75.00,71.00
50.00,55.00,70.00
52.00,74.00,56.00
74.00,76.00,56.00
54.00,57.00,75.00
75.00,57.00,77.00
56.00,76.00,58.00
76.00,78.00,58.00
57.00,59.00,77.00
77.00,59.00,79.00
58.00,78.00,60.00
78.00,80.00,60.00
59.00,61.00,79.00
79.00,61.00,81.00
60.00,80.00,62.00
80.00,82.00,62.00
61.00,63.00,81.00
81.00,63.00,83.00
62.00,82.00,64.00
82.00,84.00,64.00
63.00,66.00,83.00
83.00,66.00,85.00
68.00,86.00,87.00
67.00,68.00,87.00
84.00,68.00,64.00
86.00,68.00,84.00
66.00,88.00,85.00
69.00,88.00,66.00
87.00,69.00,67.00
88.00,69.00,87.00
72.00,89.00,90.00
71.00,89.00,72.00
73.00,72.00,91.00
72.00,90.00,91.00
91.00,74.00,73.00
92.00,74.00,91.00
71.00,75.00,89.00
89.00,75.00,93.00
74.00,92.00,76.00
92.00,94.00,76.00
75.00,77.00,93.00
93.00,77.00,95.00
76.00,94.00,78.00
94.00,96.00,78.00
77.00,79.00,95.00
95.00,79.00,97.00
78.00,96.00,80.00
96.00,98.00,80.00
79.00,81.00,97.00
97.00,81.00,99.00
80.00,98.00,82.00
98.00,100.00,82.00
81.00,83.00,99.00
99.00,83.00,101.00
82.00,100.00,84.00
100.00,102.00,84.00
83.00,85.00,101.00
101.00,85.00,103.00
86.00,104.00,105.00
87.00,86.00,105.00
102.00,86.00,84.00
104.00,86.00,102.00
85.00,106.00,103.00
88.00,106.00,85.00
105.00,88.00,87.00
106.00,88.00,105.00
90.00,107.00,108.00
89.00,107.00,90.00
109.00,108.00,110.00
109.00,91.00,108.00
91.00,90.00,108.00
91.00,109.00,92.00
89.00,93.00,107.00
107.00,93.00,111.00
109.00,110.00,112.00
112.00,92.00,109.00
112.00,113.00,92.00
113.00,94.00,92.00
93.00,95.00,111.00
111.00,95.00,114.00
94.00,113.00,96.00
113.00,115.00,96.00
95.00,97.00,114.00
114.00,97.00,116.00
96.00,115.00,98.00
115.00,117.00,98.00
97.00,99.00,116.00
116.00,99.00,118.00
98.00,117.00,100.00
117.00,119.00,100.00
99.00,101.00,118.00
118.00,101.00,120.00
100.00,119.00,102.00
119.00,121.00,102.00
101.00,103.00,120.00
120.00,103.00,122.00
104.00,123.00,124.00
105.00,104.00,124.00
121.00,104.00,102.00
123.00,104.00,121.00
103.00,125.00,122.00
106.00,125.00,103.00
124.00,106.00,105.00
125.00,106.00,124.00
108.00,126.00,127.00
107.00,126.00,108.00
110.00,128.00,129.00
110.00,108.00,128.00
108.00,127.00,128.00
128.00,130.00,129.00
107.00,111.00,126.00
126.00,111.00,131.00
110.00,129.00,112.00
129.00,113.00,112.00
129.00,130.00,113.00
130.00,132.00,113.00
111.00,114.00,131.00
131.00,114.00,133.00
134.00,135.00,115.00
134.00,115.00,132.00
132.00,115.00,113.00
134.00,136.00,135.00
114.00,116.00,133.00
133.00,116.00,137.00
135.00,138.00,117.00
115.00,135.00,117.00
139.00,135.00,136.00
138.00,135.00,139.00
116.00,118.00,137.00
137.00,118.00,140.00
138.00,141.00,142.00
138.00,142.00,117.00
117.00,142.00,119.00
139.00,141.00,138.00
118.00,120.00,140.00
140.00,120.00,143.00
119.00,142.00,121.00
142.00,144.00,121.00
120.00,122.00,143.00
143.00,122.00,145.00
123.00,146.00,147.00
124.00,123.00,147.00
144.00,123.00,121.00
146.00,123.00,144.00
122.00,148.00,145.00
125.00,148.00,122.00
147.00,125.00,124.00
148.00,125.00,147.00
127.00,149.00,150.00
126.00,149.00,127.00
128.00,127.00,151.00
127.00,150.00,151.00
151.00,130.00,128.00
152.00,130.00,151.00
126.00,131.00,149.00
149.00,131.00,153.00
130.00,152.00,132.00
152.00,154.00,132.00
131.00,133.00,153.00
153.00,133.00,155.00
132.00,154.00,156.00
134.00,132.00,156.00
156.00,136.00,134.00
157.00,136.00,156.00
133.00,137.00,155.00
155.00,137.00,158.00
136.00,157.00,139.00
157.00,159.00,139.00
137.00,140.00,158.00
158.00,140.00,160.00
141.00,161.00,142.00
141.00,162.00,161.00
141.00,139.00,162.00
139.00,159.00,162.00
140.00,143.00,160.00
160.00,143.00,163.00
161.00,164.00,165.00
161.00,165.00,142.00
142.00,165.00,144.00
162.00,164.00,161.00
143.00,145.00,163.00
163.00,145.00,166.00
146.00,167.00,168.00
147.00,146.00,168.00
165.00,146.00,144.00
167.00,146.00,165.00
145.00,169.00,166.00
148.00,169.00,145.00
168.00,148.00,147.00
169.00,148.00,168.00
150.00,170.00,171.00
149.00,170.00,150.00
151.00,150.00,172.00
150.00,171.00,172.00
172.00,152.00,151.00
173.00,152.00,172.00
149.00,153.00,170.00
170.00,153.00,174.00
175.00,176.00,154.00
175.00,154.00,173.00
173.00,154.00,152.00
175.00,177.00,176.00
153.00,155.00,174.00
174.00,155.00,178.00
154.00,176.00,156.00
176.00,157.00,156.00
176.00,177.00,157.00
177.00,179.00,157.00
155.00,158.00,178.00
178.00,158.00,180.00
157.00,179.00,159.00
179.00,181.00,159.00
158.00,160.00,180.00
180.00,160.00,182.00
159.00,181.00,162.00
181.00,183.00,162.00
160.00,163.00,182.00
182.00,163.00,184.00
164.00,185.00,165.00
164.00,186.00,185.00
164.00,162.00,186.00
162.00,183.00,186.00
187.00,166.00,188.00
187.00,184.00,166.00
184.00,163.00,166.00
188.00,168.00,167.00
188.00,167.00,187.00
187.00,167.00,189.00
185.00,167.00,165.00
185.00,190.00,167.00
190.00,189.00,167.00
186.00,190.00,185.00
166.00,169.00,188.00
168.00,188.00,169.00
171.00,170.00,191.00
192.00,171.00,191.00
192.00,193.00,171.00
193.00,172.00,171.00
193.00,173.00,172.00
194.00,173.00,193.00
191.00,195.00,196.00
191.00,170.00,195.00
170.00,174.00,195.00
192.00,191.00,196.00
173.00,194.00,197.00
175.00,173.00,197.00
197.00,177.00,175.00
198.00,177.00,197.00
174.00,178.00,195.00
195.00,178.00,199.00
200.00,201.00,179.00
200.00,179.00,198.00
198.00,179.00,177.00
200.00,202.00,201.00
178.00,180.00,199.00
199.00,180.00,203.00
201.00,204.00,181.00
179.00,201.00,181.00
205.00,201.00,202.00
204.00,201.00,205.00
180.00,182.00,203.00
203.00,182.00,206.00
204.00,207.00,183.00
181.00,204.00,183.00
208.00,204.00,205.00
207.00,204.00,208.00
182.00,184.00,206.00
206.00,184.00,209.00
207.00,210.00,211.00
207.00,211.00,183.00
183.00,211.00,186.00
208.00,210.00,207.00
184.00,212.00,209.00
187.00,212.00,184.00
189.00,213.00,187.00
187.00,213.00,212.00
190.00,214.00,189.00
189.00,214.00,213.00
211.00,190.00,186.00
214.00,190.00,211.00
193.00,215.00,216.00
192.00,215.00,193.00
216.00,194.00,193.00
217.00,194.00,216.00
196.00,218.00,219.00
195.00,218.00,196.00
215.00,192.00,196.00
219.00,215.00,196.00
194.00,217.00,220.00
197.00,194.00,220.00
220.00,198.00,197.00
221.00,198.00,220.00
195.00,199.00,218.00
218.00,199.00,222.00
198.00,221.00,223.00
200.00,198.00,223.00
223.00,202.00,200.00
224.00,202.00,223.00
199.00,203.00,222.00
222.00,203.00,225.00
202.00,224.00,205.00
224.00,226.00,205.00
203.00,206.00,225.00
225.00,206.00,227.00
205.00,226.00,208.00
226.00,228.00,208.00
206.00,209.00,227.00
227.00,209.00,229.00
210.00,230.00,211.00
210.00,231.00,230.00
210.00,208.00,231.00
208.00,228.00,231.00
209.00,232.00,229.00
212.00,232.00,209.00
213.00,233.00,212.00
212.00,233.00,232.00
214.00,234.00,213.00
213.00,234.00,233.00
230.00,214.00,211.00
230.00,235.00,214.00
235.00,234.00,214.00
231.00,235.00,230.00
216.00,236.00,237.00
215.00,236.00,216.00
237.00,217.00,216.00
238.00,217.00,237.00
219.00,239.00,240.00
218.00,239.00,219.00
236.00,215.00,219.00
240.00,236.00,219.00
217.00,238.00,241.00
220.00,217.00,241.00
221.00,242.00,243.00
221.00,220.00,242.00
220.00,241.00,242.00
242.00,244.00,243.00
218.00,222.00,239.00
239.00,222.00,245.00
221.00,243.00,223.00
243.00,224.00,223.00
243.00,244.00,224.00
244.00,246.00,224.00
222.00,225.00,245.00
245.00,225.00,247.00
224.00,246.00,226.00
246.00,248.00,226.00
225.00,227.00,247.00
247.00,227.00,249.00
226.00,248.00,228.00
248.00,250.00,228.00
227.00,229.00,249.00
249.00,229.00,251.00
228.00,250.00,231.00
250.00,252.00,231.00
229.00,253.00,251.00
232.00,253.00,229.00
233.00,254.00,232.00
232.00,254.00,253.00
234.00,255.00,233.00
233.00,255.00,254.00
235.00,256.00,234.00
234.00,256.00,255.00
252.00,235.00,231.00
256.00,235.00,252.00
237.00,236.00,257.00
237.00,257.00,238.00
240.00,258.00,259.00
239.00,258.00,240.00
257.00,236.00,240.00
257.00,240.00,260.00
260.00,240.00,259.00
238.00,257.00,260.00
238.00,260.00,241.00
241.00,260.00,261.00
242.00,241.00,262.00
241.00,261.00,262.00
262.00,244.00,242.00
263.00,244.00,262.00
239.00,245.00,258.00
258.00,245.00,264.00
244.00,263.00,246.00
263.00,265.00,246.00
245.00,247.00,264.00
264.00,247.00,266.00
267.00,268.00,248.00
267.00,248.00,265.00
265.00,248.00,246.00
267.00,269.00,268.00
247.00,249.00,266.00
266.00,249.00,270.00
268.00,271.00,250.00
248.00,268.00,250.00
272.00,268.00,269.00
271.00,268.00,272.00
249.00,251.00,270.00
270.00,251.00,273.00
271.00,274.00,275.00
271.00,275.00,250.00
250.00,275.00,252.00
272.00,274.00,271.00
251.00,276.00,273.00
253.00,276.00,251.00
254.00,277.00,253.00
253.00,277.00,276.00
255.00,278.00,254.00
254.00,278.00,277.00
256.00,279.00,255.00
255.00,279.00,278.00
275.00,256.00,252.00
279.00,256.00,275.00
259.00,280.00,281.00
258.00,280.00,259.00
260.00,259.00,282.00
259.00,281.00,282.00
261.00,260.00,283.00
260.00,282.00,283.00
262.00,261.00,284.00
261.00,283.00,284.00
284.00,263.00,262.00
285.00,263.00,284.00
258.00,264.00,280.00
280.00,264.00,286.00
287.00,288.00,265.00
287.00,265.00,285.00
285.00,265.00,263.00
287.00,289.00,288.00
264.00,266.00,286.00
286.00,266.00,290.00
265.00,288.00,267.00
288.00,269.00,267.00
288.00,289.00,269.00
289.00,291.00,269.00
266.00,270.00,290.00
290.00,270.00,292.00
269.00,291.00,272.00
291.00,293.00,272.00
270.00,273.00,292.00
292.00,273.00,294.00
274.00,295.00,296.00
275.00,274.00,296.00
293.00,274.00,272.00
295.00,274.00,293.00
273.00,297.00,294.00
276.00,297.00,273.00
277.00,298.00,276.00
276.00,298.00,297.00
278.00,299.00,277.00
277.00,299.00,298.00
279.00,300.00,278.00
278.00,300.00,299.00
296.00,279.00,275.00
300.00,279.00,296.00
281.00,301.00,302.00
280.00,301.00,281.00
282.00,281.00,303.00
281.00,302.00,303.00
283.00,282.00,304.00
282.00,303.00,304.00
284.00,283.00,305.00
283.00,304.00,305.00
305.00,285.00,284.00
306.00,285.00,305.00
280.00,286.00,301.00
301.00,286.00,307.00
285.00,306.00,308.00
287.00,285.00,308.00
308.00,289.00,287.00
309.00,289.00,308.00
286.00,290.00,307.00
307.00,290.00,310.00
289.00,309.00,291.00
309.00,311.00,291.00
290.00,292.00,310.00
310.00,292.00,312.00
291.00,311.00,293.00
311.00,313.00,293.00
314.00,294.00,315.00
314.00,312.00,294.00
312.00,292.00,294.00
314.00,315.00,316.00
295.00,317.00,296.00
295.00,318.00,317.00
295.00,293.00,318.00
293.00,313.00,318.00
294.00,297.00,315.00
315.00,319.00,316.00
315.00,297.00,319.00
297.00,298.00,319.00
299.00,320.00,298.00
298.00,320.00,319.00
300.00,321.00,299.00
299.00,321.00,320.00
317.00,300.00,296.00
317.00,322.00,300.00
322.00,321.00,300.00
318.00,322.00,317.00
302.00,323.00,324.00
301.00,323.00,302.00
303.00,302.00,325.00
302.00,324.00,325.00
304.00,303.00,326.00
303.00,325.00,326.00
305.00,304.00,327.00
304.00,326.00,327.00
327.00,306.00,305.00
328.00,306.00,327.00
301.00,307.00,323.00
323.00,307.00,329.00
306.00,328.00,330.00
308.00,306.00,330.00
330.00,309.00,308.00
331.00,309.00,330.00
307.00,310.00,329.00
329.00,310.00,332.00
309.00,331.00,311.00
331.00,333.00,311.00
310.00,312.00,332.00
332.00,312.00,334.00
311.00,333.00,313.00
333.00,335.00,313.00
312.00,336.00,334.00
314.00,336.00,312.00
336.00,314.00,316.00
337.00,336.00,316.00
313.00,335.00,318.00
335.00,338.00,318.00
316.00,339.00,337.00
319.00,339.00,316.00
320.00,340.00,319.00
319.00,340.00,339.00
321.00,341.00,320.00
320.00,341.00,340.00
322.00,342.00,321.00
321.00,342.00,341.00
338.00,322.00,318.00
342.00,322.00,338.00
324.00,323.00,343.00
324.00,344.00,325.00
343.00,344.00,324.00
345.00,325.00,344.00
345.00,346.00,325.00
346.00,326.00,325.00
327.00,326.00,347.00
326.00,346.00,347.00
347.00,328.00,327.00
348.00,328.00,347.00
343.00,329.00,349.00
323.00,329.00,343.00
350.00,351.00,344.00
350.00,344.00,349.00
349.00,344.00,343.00
345.00,344.00,351.00
328.00,348.00,352.00
330.00,328.00,352.00
352.00,331.00,330.00
353.00,331.00,352.00
349.00,332.00,354.00
329.00,332.00,349.00
355.00,350.00,349.00
354.00,355.00,349.00
331.00,353.00,333.00
353.00,356.00,333.00
354.00,334.00,357.00
332.00,334.00,354.00
358.00,355.00,354.00
357.00,358.00,354.00
333.00,356.00,335.00
356.00,359.00,335.00
334.00,336.00,357.00
357.00,336.00,337.00
357.00,337.00,358.00
358.00,337.00,360.00
335.00,359.00,338.00
359.00,361.00,338.00
337.00,362.00,360.00
339.00,362.00,337.00
340.00,363.00,339.00
339.00,363.00,362.00
341.00,364.00,340.00
340.00,364.00,363.00
342.00,365.00,341.00
341.00,365.00,364.00
361.00,342.00,338.00
365.00,342.00,361.00
346.00,345.00,366.00
346.00,367.00,347.00
366.00,367.00,346.00
347.00,367.00,348.00
351.00,350.00,368.00
351.00,368.00,369.00
345.00,351.00,369.00
345.00,369.00,370.00
345.00,370.00,366.00
367.00,366.00,370.00
371.00,367.00,370.00
348.00,367.00,371.00
348.00,371.00,352.00
352.00,371.00,372.00
372.00,353.00,352.00
373.00,353.00,372.00
368.00,374.00,375.00
368.00,350.00,374.00
350.00,355.00,374.00
369.00,368.00,375.00
376.00,377.00,356.00
376.00,356.00,373.00
373.00,356.00,353.00
376.00,378.00,377.00
355.00,358.00,374.00
374.00,358.00,379.00
377.00,380.00,359.00
356.00,377.00,359.00
381.00,377.00,378.00
380.00,377.00,381.00
358.00,360.00,379.00
379.00,360.00,382.00
380.00,383.00,361.00
359.00,380.00,361.00
384.00,380.00,381.00
383.00,380.00,384.00
360.00,385.00,382.00
362.00,385.00,360.00
363.00,386.00,362.00
362.00,386.00,385.00
387.00,388.00,386.00
387.00,386.00,364.00
364.00,386.00,363.00
364.00,365.00,389.00
387.00,364.00,389.00
365.00,390.00,389.00
361.00,390.00,365.00
361.00,391.00,390.00
361.00,383.00,391.00
384.00,391.00,383.00
387.00,392.00,388.00
389.00,392.00,387.00
393.00,392.00,389.00
390.00,393.00,389.00
370.00,394.00,395.00
369.00,394.00,370.00
371.00,370.00,396.00
370.00,395.00,396.00
372.00,371.00,397.00
371.00,396.00,397.00
397.00,373.00,372.00
398.00,373.00,397.00
375.00,399.00,400.00
374.00,399.00,375.00
394.00,369.00,375.00
400.00,394.00,375.00
373.00,398.00,401.00
376.00,373.00,401.00
401.00,378.00,376.00
402.00,378.00,401.00
374.00,379.00,399.00
399.00,379.00,403.00
378.00,402.00,381.00
402.00,404.00,381.00
379.00,382.00,403.00
403.00,382.00,405.00
381.00,404.00,384.00
404.00,406.00,384.00
382.00,407.00,405.00
385.00,407.00,382.00
386.00,408.00,385.00
385.00,408.00,407.00
408.00,386.00,388.00
409.00,408.00,388.00
391.00,410.00,411.00
390.00,391.00,411.00
406.00,391.00,384.00
410.00,391.00,406.00
388.00,412.00,409.00
392.00,412.00,388.00
393.00,413.00,392.00
392.00,413.00,412.00
411.00,393.00,390.00
413.00,393.00,411.00
395.00,414.00,415.00
394.00,414.00,395.00
396.00,395.00,416.00
395.00,415.00,416.00
397.00,396.00,417.00
396.00,416.00,417.00
417.00,398.00,397.00
418.00,398.00,417.00
400.00,419.00,420.00
399.00,419.00,400.00
414.00,394.00,400.00
420.00,414.00,400.00
398.00,418.00,421.00
401.00,398.00,421.00
421.00,402.00,401.00
422.00,402.00,421.00
399.00,403.00,419.00
419.00,403.00,423.00
402.00,422.00,404.00
422.00,424.00,404.00
425.00,405.00,426.00
425.00,423.00,405.00
423.00,403.00,405.00
425.00,426.00,427.00
404.00,424.00,406.00
424.00,428.00,406.00
405.00,407.00,426.00
426.00,429.00,427.00
426.00,407.00,429.00
407.00,408.00,429.00
429.00,408.00,409.00
430.00,429.00,409.00
410.00,431.00,432.00
411.00,410.00,432.00
428.00,410.00,406.00
431.00,410.00,428.00
409.00,433.00,430.00
412.00,433.00,409.00
413.00,434.00,412.00
412.00,434.00,433.00
432.00,413.00,411.00
434.00,413.00,432.00
415.00,414.00,435.00
436.00,415.00,435.00
436.00,437.00,415.00
437.00,416.00,415.00
417.00,416.00,438.00
416.00,437.00,438.00
438.00,418.00,417.00
439.00,418.00,438.00
420.00,440.00,441.00
419.00,440.00,420.00
435.00,414.00,420.00
435.00,420.00,442.00
442.00,420.00,441.00
436.00,435.00,442.00
418.00,439.00,443.00
421.00,418.00,443.00
443.00,422.00,421.00
444.00,422.00,443.00
419.00,423.00,440.00
440.00,423.00,445.00
422.00,444.00,424.00
444.00,446.00,424.00
423.00,447.00,445.00
425.00,447.00,423.00
447.00,425.00,427.00
448.00,447.00,427.00
424.00,446.00,428.00
446.00,449.00,428.00
427.00,450.00,448.00
429.00,450.00,427.00
450.00,429.00,430.00
451.00,450.00,430.00
431.00,452.00,432.00
431.00,453.00,452.00
431.00,428.00,453.00
428.00,449.00,453.00
430.00,454.00,451.00
433.00,454.00,430.00
434.00,455.00,433.00
433.00,455.00,454.00
452.00,434.00,432.00
452.00,456.00,434.00
456.00,455.00,434.00
453.00,456.00,452.00
437.00,457.00,458.00
436.00,457.00,437.00
438.00,437.00,459.00
437.00,458.00,459.00
459.00,439.00,438.00
460.00,439.00,459.00
441.00,440.00,461.00
441.00,462.00,442.00
461.00,462.00,441.00
442.00,462.00,463.00
442.00,463.00,436.00
436.00,463.00,457.00
439.00,460.00,464.00
443.00,439.00,464.00
464.00,444.00,443.00
465.00,444.00,464.00
461.00,445.00,466.00
440.00,445.00,461.00
462.00,461.00,467.00
467.00,461.00,466.00
468.00,463.00,462.00
467.00,468.00,462.00
444.00,465.00,446.00
465.00,469.00,446.00
445.00,447.00,466.00
448.00,466.00,447.00
448.00,470.00,466.00
470.00,467.00,466.00
471.00,468.00,467.00
470.00,471.00,467.00
472.00,473.00,449.00
472.00,449.00,469.00
469.00,449.00,446.00
472.00,474.00,473.00
448.00,450.00,470.00
470.00,450.00,451.00
470.00,451.00,471.00
471.00,451.00,475.00
473.00,476.00,477.00
473.00,477.00,449.00
449.00,477.00,453.00
474.00,476.00,473.00
451.00,478.00,475.00
454.00,478.00,451.00
455.00,479.00,454.00
454.00,479.00,478.00
456.00,480.00,455.00
455.00,480.00,479.00
477.00,456.00,453.00
480.00,456.00,477.00
458.00,457.00,481.00
482.00,458.00,481.00
482.00,483.00,458.00
483.00,459.00,458.00
483.00,460.00,459.00
484.00,460.00,483.00
481.00,485.00,486.00
481.00,457.00,485.00
457.00,463.00,485.00
482.00,481.00,486.00
460.00,484.00,487.00
464.00,460.00,487.00
487.00,465.00,464.00
488.00,465.00,487.00
463.00,468.00,485.00
485.00,468.00,489.00
490.00,491.00,469.00
490.00,469.00,488.00
488.00,469.00,465.00
490.00,492.00,491.00
468.00,471.00,489.00
489.00,471.00,493.00
469.00,491.00,472.00
491.00,474.00,472.00
491.00,492.00,474.00
492.00,494.00,474.00
471.00,475.00,493.00
493.00,475.00,495.00
476.00,496.00,477.00
476.00,497.00,496.00
476.00,474.00,497.00
474.00,494.00,497.00
475.00,498.00,495.00
478.00,498.00,475.00
499.00,500.00,498.00
499.00,498.00,479.00
479.00,498.00,478.00
479.00,480.00,501.00
499.00,479.00,501.00
480.00,502.00,501.00
477.00,502.00,480.00
477.00,503.00,502.00
477.00,496.00,503.00
497.00,503.00,496.00
499.00,504.00,500.00
501.00,504.00,499.00
505.00,504.00,501.00
502.00,505.00,501.00
483.00,482.00,506.00
483.00,506.00,484.00
486.00,507.00,508.00
485.00,507.00,486.00
506.00,482.00,486.00
506.00,486.00,509.00
509.00,486.00,508.00
484.00,506.00,509.00
484.00,509.00,487.00
487.00,509.00,510.00
488.00,511.00,512.00
488.00,487.00,511.00
487.00,510.00,511.00
511.00,513.00,512.00
485.00,489.00,507.00
507.00,489.00,514.00
488.00,512.00,490.00
512.00,492.00,490.00
512.00,513.00,492.00
513.00,515.00,492.00
489.00,493.00,514.00
514.00,493.00,516.00
492.00,515.00,494.00
515.00,517.00,494.00
493.00,495.00,516.00
516.00,495.00,518.00
494.00,517.00,497.00
517.00,519.00,497.00
495.00,520.00,518.00
498.00,520.00,495.00
520.00,498.00,500.00
521.00,520.00,500.00
503.00,522.00,523.00
502.00,503.00,523.00
519.00,503.00,497.00
522.00,503.00,519.00
500.00,524.00,521.00
504.00,524.00,500.00
505.00,525.00,504.00
504.00,525.00,524.00
523.00,505.00,502.00
525.00,505.00,523.00
508.00,507.00,526.00
527.00,508.00,526.00
527.00,528.00,508.00
528.00,509.00,508.00
510.00,509.00,529.00
509.00,528.00,529.00
511.00,510.00,530.00
510.00,529.00,530.00
530.00,513.00,511.00
531.00,513.00,530.00
526.00,532.00,533.00
526.00,507.00,532.00
507.00,514.00,532.00
527.00,526.00,533.00
513.00,531.00,515.00
531.00,534.00,515.00
514.00,516.00,532.00
532.00,516.00,535.00
515.00,534.00,517.00
534.00,536.00,517.00
516.00,518.00,535.00
535.00,518.00,537.00
517.00,536.00,519.00
536.00,538.00,519.00
518.00,539.00,537.00
520.00,539.00,518.00
539.00,520.00,521.00
540.00,539.00,521.00
522.00,541.00,523.00
522.00,542.00,541.00
522.00,519.00,542.00
519.00,538.00,542.00
521.00,543.00,540.00
524.00,543.00,521.00
525.00,544.00,524.00
524.00,544.00,543.00
541.00,525.00,523.00
541.00,545.00,525.00
545.00,544.00,525.00
542.00,545.00,541.00
528.00,546.00,547.00
527.00,546.00,528.00
529.00,528.00,548.00
528.00,547.00,548.00
530.00,529.00,549.00
529.00,548.00,549.00
549.00,531.00,530.00
550.00,531.00,549.00
533.00,551.00,552.00
532.00,551.00,533.00
546.00,527.00,533.00
552.00,546.00,533.00
531.00,550.00,534.00
550.00,553.00,534.00
532.00,535.00,551.00
551.00,535.00,554.00
534.00,553.00,536.00
553.00,555.00,536.00
535.00,537.00,554.00
554.00,537.00,556.00
536.00,555.00,538.00
555.00,557.00,538.00
537.00,558.00,556.00
539.00,558.00,537.00
558.00,539.00,540.00
559.00,558.00,540.00
538.00,557.00,542.00
557.00,560.00,542.00
561.00,540.00,543.00
561.00,562.00,540.00
562.00,559.00,540.00
543.00,544.00,563.00
561.00,543.00,563.00
564.00,563.00,544.00
564.00,544.00,565.00
565.00,544.00,545.00
560.00,545.00,542.00
565.00,545.00,560.00
561.00,566.00,562.00
563.00,566.00,561.00
567.00,566.00,563.00
564.00,567.00,563.00
547.00,546.00,568.00
569.00,547.00,568.00
569.00,570.00,547.00
570.00,548.00,547.00
571.00,570.00,572.00
571.00,549.00,570.00
549.00,548.00,570.00
549.00,571.00,550.00
552.00,551.00,573.00
552.00,573.00,574.00
546.00,552.00,574.00
546.00,574.00,575.00
546.00,575.00,568.00
569.00,568.00,575.00
571.00,572.00,576.00
576.00,550.00,571.00
576.00,577.00,550.00
577.00,553.00,550.00
573.00,578.00,579.00
573.00,551.00,578.00
551.00,554.00,578.00
574.00,573.00,579.00
553.00,577.00,555.00
577.00,580.00,555.00
554.00,556.00,578.00
578.00,556.00,581.00
555.00,580.00,557.00
580.00,582.00,557.00
556.00,583.00,581.00
558.00,583.00,556.00
583.00,558.00,559.00
584.00,583.00,559.00
557.00,582.00,560.00
582.00,585.00,560.00
559.00,562.00,584.00
584.00,562.00,586.00
565.00,587.00,564.00
565.00,588.00,587.00
565.00,560.00,588.00
560.00,585.00,588.00
562.00,589.00,586.00
566.00,589.00,562.00
567.00,590.00,566.00
566.00,590.00,589.00
587.00,567.00,564.00
587.00,591.00,567.00
591.00,590.00,567.00
588.00,591.00,587.00
570.00,569.00,592.00
570.00,592.00,572.00
575.00,593.00,594.00
574.00,593.00,575.00
592.00,569.00,575.00
592.00,575.00,595.00
595.00,575.00,594.00
572.00,592.00,595.00
572.00,595.00,576.00
576.00,595.00,596.00
596.00,577.00,576.00
597.00,577.00,596.00
579.00,578.00,598.00
579.00,598.00,599.00
579.00,599.00,574.00
574.00,599.00,593.00
577.00,597.00,580.00
597.00,600.00,580.00
598.00,581.00,601.00
578.00,581.00,598.00
602.00,599.00,598.00
601.00,602.00,598.00
580.00,600.00,582.00
600.00,603.00,582.00
581.00,583.00,601.00
601.00,583.00,584.00
601.00,584.00,602.00
602.00,584.00,604.00
582.00,603.00,585.00
603.00,605.00,585.00
584.00,586.00,604.00
604.00,586.00,606.00
585.00,605.00,588.00
605.00,607.00,588.00
586.00,608.00,606.00
589.00,608.00,586.00
609.00,610.00,608.00
609.00,608.00,590.00
590.00,608.00,589.00
590.00,591.00,611.00
609.00,590.00,611.00
591.00,612.00,611.00
591.00,588.00,612.00
588.00,607.00,612.00
609.00,613.00,610.00
611.00,613.00,609.00
614.00,613.00,611.00
612.00,614.00,611.00
594.00,593.00,615.00
616.00,594.00,615.00
616.00,617.00,594.00
617.00,595.00,594.00
596.00,595.00,618.00
595.00,617.00,618.00
618.00,597.00,596.00
619.00,597.00,618.00
615.00,620.00,621.00
615.00,593.00,620.00
593.00,599.00,620.00
616.00,615.00,621.00
597.00,619.00,600.00
619.00,622.00,600.00
599.00,602.00,620.00
620.00,602.00,623.00
600.00,622.00,603.00
622.00,624.00,603.00
602.00,604.00,623.00
623.00,604.00,625.00
603.00,624.00,605.00
624.00,626.00,605.00
604.00,606.00,625.00
625.00,606.00,627.00
605.00,626.00,607.00
626.00,628.00,607.00
629.00,606.00,608.00
629.00,630.00,606.00
630.00,627.00,606.00
608.00,610.00,629.00
607.00,628.00,612.00
628.00,631.00,612.00
629.00,632.00,630.00
610.00,632.00,629.00
610.00,613.00,632.00
613.00,633.00,632.00
614.00,634.00,613.00
613.00,634.00,633.00
631.00,614.00,612.00
634.00,614.00,631.00
617.00,616.00,635.00
617.00,636.00,618.00
635.00,636.00,617.00
618.00,636.00,619.00
621.00,637.00,638.00
620.00,637.00,621.00
635.00,616.00,621.00
635.00,621.00,639.00
639.00,621.00,638.00
636.00,635.00,639.00
640.00,636.00,639.00
640.00,619.00,636.00
640.00,641.00,619.00
641.00,622.00,619.00
620.00,623.00,637.00
637.00,623.00,642.00
622.00,641.00,624.00
641.00,643.00,624.00
623.00,625.00,642.00
642.00,625.00,644.00
624.00,643.00,626.00
643.00,645.00,626.00
625.00,627.00,644.00
644.00,627.00,646.00
626.00,645.00,628.00
645.00,647.00,628.00
627.00,630.00,646.00
646.00,630.00,648.00
628.00,647.00,631.00
647.00,649.00,631.00
630.00,650.00,648.00
632.00,650.00,630.00
651.00,652.00,650.00
651.00,650.00,633.00
633.00,650.00,632.00
633.00,634.00,653.00
651.00,633.00,653.00
634.00,654.00,653.00
634.00,631.00,654.00
631.00,649.00,654.00
651.00,655.00,652.00
653.00,655.00,651.00
656.00,655.00,653.00
654.00,656.00,653.00
638.00,637.00,657.00
658.00,638.00,657.00
658.00,659.00,638.00
659.00,639.00,638.00
660.00,659.00,661.00
660.00,640.00,659.00
640.00,639.00,659.00
640.00,660.00,641.00
657.00,662.00,663.00
657.00,637.00,662.00
637.00,642.00,662.00
658.00,657.00,663.00
660.00,661.00,664.00
664.00,641.00,660.00
664.00,665.00,641.00
665.00,643.00,641.00
642.00,644.00,662.00
662.00,644.00,666.00
643.00,665.00,645.00
665.00,667.00,645.00
644.00,646.00,666.00
666.00,646.00,668.00
645.00,667.00,647.00
667.00,669.00,647.00
646.00,648.00,668.00
668.00,648.00,670.00
671.00,672.00,649.00
671.00,649.00,669.00
669.00,649.00,647.00
671.00,673.00,672.00
674.00,648.00,650.00
674.00,675.00,648.00
675.00,670.00,648.00
650.00,652.00,674.00
672.00,676.00,677.00
672.00,677.00,649.00
649.00,677.00,654.00
673.00,676.00,672.00
674.00,678.00,675.00
679.00,680.00,678.00
655.00,679.00,678.00
655.00,678.00,674.00
655.00,674.00,652.00
655.00,656.00,681.00
679.00,655.00,681.00
656.00,682.00,681.00
656.00,654.00,682.00
654.00,677.00,682.00
679.00,683.00,680.00
681.00,683.00,679.00
684.00,683.00,681.00
682.00,684.00,681.00
659.00,658.00,685.00
659.00,685.00,661.00
663.00,662.00,686.00
663.00,686.00,687.00
658.00,663.00,687.00
658.00,687.00,688.00
658.00,688.00,685.00
661.00,685.00,688.00
661.00,688.00,664.00
664.00,688.00,689.00
689.00,665.00,664.00
690.00,665.00,689.00
686.00,691.00,692.00
686.00,662.00,691.00
662.00,666.00,691.00
687.00,686.00,692.00
665.00,690.00,667.00
690.00,693.00,667.00
666.00,668.00,691.00
691.00,668.00,694.00
667.00,693.00,669.00
693.00,695.00,669.00
668.00,670.00,694.00
694.00,670.00,696.00
669.00,695.00,697.00
671.00,669.00,697.00
697.00,673.00,671.00
698.00,673.00,697.00
670.00,675.00,696.00
696.00,675.00,699.00
676.00,700.00,677.00
676.00,701.00,700.00
676.00,673.00,701.00
673.00,698.00,701.00
702.00,675.00,678.00
702.00,703.00,675.00
703.00,699.00,675.00
678.00,680.00,702.00
700.00,704.00,705.00
700.00,705.00,677.00
677.00,705.00,682.00
701.00,704.00,700.00
702.00,706.00,703.00
680.00,706.00,702.00
680.00,683.00,706.00
683.00,707.00,706.00
684.00,708.00,683.00
683.00,708.00,707.00
705.00,684.00,682.00
708.00,684.00,705.00
688.00,687.00,709.00
710.00,688.00,709.00
710.00,711.00,688.00
711.00,689.00,688.00
711.00,690.00,689.00
712.00,690.00,711.00
692.00,713.00,714.00
691.00,713.00,692.00
709.00,687.00,692.00
709.00,692.00,715.00
715.00,692.00,714.00
710.00,709.00,715.00
690.00,712.00,693.00
712.00,716.00,693.00
691.00,694.00,713.00
713.00,694.00,717.00
693.00,716.00,695.00
716.00,718.00,695.00
694.00,696.00,717.00
717.00,696.00,719.00
695.00,718.00,720.00
697.00,695.00,720.00
720.00,698.00,697.00
721.00,698.00,720.00
696.00,699.00,719.00
719.00,699.00,722.00
698.00,721.00,701.00
721.00,723.00,701.00
699.00,703.00,722.00
722.00,703.00,724.00
704.00,725.00,705.00
704.00,726.00,725.00
704.00,701.00,726.00
701.00,723.00,726.00
703.00,727.00,724.00
706.00,727.00,703.00
728.00,729.00,727.00
728.00,727.00,707.00
707.00,727.00,706.00
707.00,708.00,730.00
728.00,707.00,730.00
708.00,731.00,730.00
705.00,731.00,708.00
705.00,732.00,731.00
705.00,725.00,732.00
726.00,732.00,725.00
728.00,733.00,729.00
730.00,733.00,728.00
734.00,733.00,730.00
731.00,734.00,730.00
711.00,710.00,735.00
711.00,735.00,712.00
714.00,713.00,736.00
737.00,714.00,736.00
737.00,738.00,714.00
738.00,715.00,714.00
735.00,710.00,715.00
735.00,715.00,739.00
739.00,715.00,738.00
739.00,712.00,735.00
739.00,740.00,712.00
740.00,716.00,712.00
736.00,741.00,742.00
736.00,713.00,741.00
713.00,717.00,741.00
737.00,736.00,742.00
716.00,740.00,718.00
740.00,743.00,718.00
717.00,719.00,741.00
741.00,719.00,744.00
718.00,743.00,745.00
720.00,718.00,745.00
745.00,721.00,720.00
746.00,721.00,745.00
719.00,722.00,744.00
744.00,722.00,747.00
721.00,746.00,723.00
746.00,748.00,723.00
722.00,724.00,747.00
747.00,724.00,749.00
723.00,748.00,726.00
748.00,750.00,726.00
751.00,724.00,727.00
751.00,752.00,724.00
752.00,749.00,724.00
727.00,729.00,751.00
732.00,753.00,731.00
732.00,754.00,753.00
732.00,726.00,754.00
726.00,750.00,754.00
755.00,752.00,751.00
756.00,752.00,755.00
729.00,733.00,757.00
729.00,757.00,751.00
751.00,757.00,755.00
733.00,734.00,758.00
757.00,733.00,758.00
734.00,759.00,758.00
731.00,759.00,734.00
731.00,760.00,759.00
731.00,753.00,760.00
754.00,760.00,753.00
755.00,761.00,756.00
757.00,761.00,755.00
762.00,761.00,757.00
758.00,762.00,757.00
763.00,762.00,758.00
759.00,763.00,758.00
738.00,737.00,764.00
738.00,765.00,739.00
764.00,765.00,738.00
739.00,765.00,740.00
742.00,741.00,766.00
742.00,766.00,767.00
737.00,742.00,767.00
737.00,767.00,768.00
737.00,768.00,764.00
765.00,764.00,768.00
769.00,765.00,768.00
769.00,740.00,765.00
769.00,770.00,740.00
770.00,743.00,740.00
766.00,771.00,772.00
766.00,741.00,771.00
741.00,744.00,771.00
767.00,766.00,772.00
773.00,745.00,743.00
773.00,743.00,774.00
774.00,743.00,770.00
745.00,773.00,746.00
744.00,747.00,771.00
771.00,747.00,775.00
773.00,774.00,776.00
776.00,746.00,773.00
776.00,777.00,746.00
777.00,748.00,746.00
747.00,749.00,775.00
775.00,749.00,778.00
748.00,777.00,750.00
777.00,779.00,750.00
749.00,752.00,778.00
778.00,752.00,780.00
750.00,779.00,754.00
779.00,781.00,754.00
752.00,756.00,780.00
780.00,756.00,782.00
760.00,783.00,784.00
759.00,760.00,784.00
781.00,760.00,754.00
783.00,760.00,781.00
785.00,756.00,761.00
785.00,786.00,756.00
786.00,782.00,756.00
761.00,762.00,787.00
785.00,761.00,787.00
762.00,763.00,788.00
787.00,762.00,788.00
763.00,789.00,788.00
763.00,759.00,789.00
759.00,784.00,789.00
785.00,790.00,786.00
787.00,790.00,785.00
791.00,790.00,787.00
788.00,791.00,787.00
792.00,791.00,788.00
789.00,792.00,788.00
768.00,767.00,793.00
768.00,794.00,769.00
793.00,794.00,768.00
769.00,794.00,770.00
772.00,771.00,795.00
772.00,795.00,796.00
767.00,772.00,796.00
767.00,796.00,797.00
767.00,797.00,793.00
794.00,793.00,797.00
798.00,794.00,797.00
798.00,770.00,794.00
798.00,799.00,770.00
799.00,774.00,770.00
795.00,800.00,801.00
795.00,771.00,800.00
771.00,775.00,800.00
796.00,795.00,801.00
802.00,776.00,774.00
802.00,774.00,803.00
803.00,774.00,799.00
776.00,802.00,777.00
775.00,778.00,800.00
800.00,778.00,804.00
802.00,803.00,805.00
805.00,777.00,802.00
805.00,806.00,777.00
806.00,779.00,777.00
778.00,780.00,804.00
804.00,780.00,807.00
779.00,806.00,781.00
806.00,808.00,781.00
780.00,782.00,807.00
807.00,782.00,809.00
783.00,810.00,784.00
783.00,811.00,810.00
783.00,781.00,811.00
781.00,808.00,811.00
782.00,786.00,809.00
809.00,786.00,812.00
810.00,813.00,814.00
810.00,814.00,784.00
784.00,814.00,789.00
811.00,813.00,810.00
815.00,786.00,790.00
815.00,816.00,786.00
816.00,812.00,786.00
790.00,791.00,817.00
815.00,790.00,817.00
791.00,792.00,818.00
817.00,791.00,818.00
792.00,819.00,818.00
792.00,789.00,819.00
789.00,814.00,819.00
815.00,820.00,816.00
817.00,820.00,815.00
821.00,820.00,817.00
818.00,821.00,817.00
822.00,821.00,818.00
819.00,822.00,818.00
797.00,796.00,823.00
797.00,824.00,798.00
823.00,824.00,797.00
798.00,824.00,799.00
801.00,800.00,825.00
801.00,825.00,826.00
796.00,801.00,826.00
796.00,826.00,827.00
796.00,827.00,823.00
824.00,823.00,827.00
828.00,824.00,827.00
828.00,799.00,824.00
828.00,829.00,799.00
829.00,803.00,799.00
825.00,830.00,831.00
825.00,800.00,830.00
800.00,804.00,830.00
826.00,825.00,831.00
832.00,805.00,803.00
832.00,803.00,833.00
833.00,803.00,829.00
805.00,832.00,806.00
804.00,807.00,830.00
830.00,807.00,834.00
835.00,832.00,833.00
836.00,835.00,833.00
806.00,835.00,808.00
832.00,835.00,806.00
807.00,809.00,834.00
834.00,809.00,837.00
838.00,835.00,836.00
839.00,838.00,836.00
808.00,838.00,811.00
835.00,838.00,808.00
809.00,812.00,837.00
837.00,812.00,840.00
813.00,838.00,839.00
813.00,839.00,814.00
814.00,839.00,841.00
811.00,838.00,813.00
812.00,816.00,840.00
840.00,816.00,842.00
814.00,841.00,819.00
841.00,843.00,819.00
844.00,816.00,820.00
844.00,845.00,816.00
845.00,842.00,816.00
820.00,821.00,846.00
844.00,820.00,846.00
821.00,822.00,847.00
846.00,821.00,847.00
822.00,848.00,847.00
822.00,819.00,848.00
819.00,843.00,848.00
849.00,845.00,844.00
850.00,845.00,849.00
851.00,846.00,852.00
851.00,849.00,846.00
849.00,844.00,846.00
847.00,852.00,846.00
853.00,852.00,847.00
848.00,853.00,847.00
849.00,854.00,850.00
851.00,854.00,849.00
827.00,826.00,855.00
827.00,856.00,828.00
855.00,856.00,827.00
828.00,856.00,829.00
831.00,830.00,857.00
831.00,855.00,826.00
831.00,857.00,855.00
857.00,858.00,855.00
856.00,855.00,859.00
859.00,855.00,858.00
829.00,859.00,833.00
856.00,859.00,829.00
857.00,860.00,861.00
857.00,830.00,860.00
830.00,834.00,860.00
858.00,857.00,861.00
862.00,858.00,861.00
859.00,858.00,862.00
863.00,859.00,862.00
863.00,833.00,859.00
863.00,864.00,833.00
864.00,836.00,833.00
834.00,837.00,860.00
860.00,837.00,865.00
836.00,864.00,839.00
864.00,866.00,839.00
837.00,840.00,865.00
865.00,840.00,867.00
839.00,866.00,841.00
866.00,868.00,841.00
840.00,842.00,867.00
867.00,842.00,869.00
841.00,868.00,843.00
868.00,870.00,843.00
842.00,845.00,869.00
869.00,845.00,871.00
843.00,870.00,848.00
870.00,872.00,848.00
845.00,850.00,871.00
871.00,850.00,873.00
852.00,874.00,851.00
852.00,853.00,875.00
874.00,852.00,875.00
853.00,876.00,875.00
853.00,848.00,876.00
848.00,872.00,876.00
850.00,877.00,873.00
854.00,877.00,850.00
874.00,854.00,851.00
874.00,878.00,854.00
878.00,877.00,854.00
875.00,878.00,874.00
879.00,878.00,875.00
876.00,879.00,875.00
861.00,860.00,880.00
881.00,861.00,880.00
881.00,882.00,861.00
882.00,862.00,861.00
863.00,862.00,883.00
862.00,882.00,883.00
883.00,864.00,863.00
884.00,864.00,883.00
880.00,885.00,886.00
880.00,860.00,885.00
860.00,865.00,885.00
881.00,880.00,886.00
864.00,884.00,866.00
884.00,887.00,866.00
865.00,867.00,885.00
885.00,867.00,888.00
866.00,887.00,868.00
887.00,889.00,868.00
867.00,869.00,888.00
888.00,869.00,890.00
891.00,892.00,870.00
891.00,870.00,889.00
889.00,870.00,868.00
891.00,893.00,892.00
869.00,871.00,890.00
890.00,871.00,894.00
892.00,895.00,872.00
870.00,892.00,872.00
896.00,892.00,893.00
895.00,892.00,896.00
871.00,873.00,894.00
894.00,873.00,897.00
895.00,898.00,899.00
895.00,899.00,872.00
872.00,899.00,876.00
896.00,898.00,895.00
873.00,900.00,897.00
877.00,900.00,873.00
878.00,901.00,877.00
877.00,901.00,900.00
879.00,902.00,878.00
878.00,902.00,901.00
899.00,879.00,876.00
902.00,879.00,899.00
882.00,881.00,903.00
882.00,904.00,883.00
903.00,904.00,882.00
883.00,904.00,884.00
886.00,885.00,905.00
886.00,905.00,906.00
881.00,886.00,906.00
881.00,906.00,907.00
881.00,907.00,903.00
904.00,903.00,907.00
908.00,904.00,907.00
908.00,884.00,904.00
908.00,909.00,884.00
909.00,887.00,884.00
905.00,910.00,911.00
905.00,885.00,910.00
885.00,888.00,910.00
906.00,905.00,911.00
887.00,909.00,889.00
909.00,912.00,889.00
888.00,890.00,910.00
910.00,890.00,913.00
889.00,912.00,914.00
891.00,889.00,914.00
914.00,893.00,891.00
915.00,893.00,914.00
890.00,894.00,913.00
913.00,894.00,916.00
893.00,915.00,896.00
915.00,917.00,896.00
894.00,897.00,916.00
916.00,897.00,918.00
898.00,919.00,899.00
898.00,920.00,919.00
898.00,896.00,920.00
896.00,917.00,920.00
897.00,921.00,918.00
900.00,921.00,897.00
901.00,922.00,900.00
900.00,922.00,921.00
923.00,924.00,922.00
923.00,922.00,902.00
902.00,922.00,901.00
902.00,925.00,923.00
899.00,925.00,902.00
899.00,926.00,925.00
899.00,919.00,926.00
920.00,926.00,919.00
923.00,927.00,924.00
925.00,927.00,923.00
907.00,906.00,928.00
907.00,929.00,908.00
928.00,929.00,907.00
908.00,929.00,909.00
911.00,930.00,931.00
910.00,930.00,911.00
928.00,906.00,911.00
928.00,911.00,932.00
932.00,911.00,931.00
929.00,928.00,932.00
933.00,929.00,932.00
933.00,909.00,929.00
933.00,934.00,909.00
934.00,912.00,909.00
910.00,913.00,930.00
930.00,913.00,935.00
912.00,934.00,936.00
914.00,912.00,936.00
936.00,915.00,914.00
937.00,915.00,936.00
913.00,916.00,935.00
935.00,916.00,938.00
915.00,937.00,917.00
937.00,939.00,917.00
940.00,918.00,941.00
940.00,938.00,918.00
938.00,916.00,918.00
940.00,941.00,942.00
917.00,939.00,920.00
939.00,943.00,920.00
918.00,921.00,941.00
941.00,921.00,922.00
941.00,922.00,944.00
941.00,944.00,942.00
944.00,922.00,945.00
922.00,924.00,945.00
926.00,946.00,947.00
925.00,926.00,947.00
943.00,926.00,920.00
946.00,926.00,943.00
945.00,948.00,944.00
924.00,948.00,945.00
924.00,927.00,948.00
927.00,949.00,948.00
947.00,927.00,925.00
949.00,927.00,947.00
931.00,930.00,950.00
931.00,951.00,932.00
950.00,951.00,931.00
932.00,952.00,933.00
951.00,952.00,932.00
933.00,952.00,934.00
950.00,935.00,953.00
930.00,935.00,950.00
954.00,955.00,951.00
954.00,951.00,953.00
953.00,951.00,950.00
952.00,951.00,955.00
956.00,952.00,955.00
957.00,956.00,958.00
936.00,956.00,957.00
936.00,952.00,956.00
936.00,934.00,952.00
936.00,957.00,937.00
953.00,938.00,959.00
935.00,938.00,953.00
960.00,954.00,953.00
959.00,960.00,953.00
957.00,958.00,961.00
961.00,937.00,957.00
961.00,962.00,937.00
962.00,939.00,937.00
938.00,940.00,959.00
959.00,940.00,942.00
959.00,942.00,960.00
960.00,942.00,963.00
939.00,962.00,943.00
962.00,964.00,943.00
942.00,944.00,963.00
963.00,944.00,965.00
946.00,966.00,947.00
946.00,967.00,966.00
946.00,943.00,967.00
943.00,964.00,967.00
944.00,968.00,965.00
948.00,968.00,944.00
969.00,970.00,968.00
969.00,968.00,949.00
949.00,968.00,948.00
949.00,971.00,969.00
947.00,971.00,949.00
947.00,972.00,971.00
947.00,966.00,972.00
967.00,972.00,966.00
969.00,973.00,970.00
971.00,973.00,969.00
955.00,954.00,974.00
975.00,955.00,974.00
975.00,976.00,955.00
976.00,956.00,955.00
976.00,958.00,956.00
977.00,958.00,976.00
974.00,978.00,979.00
974.00,954.00,978.00
954.00,960.00,978.00
975.00,974.00,979.00
958.00,977.00,980.00
961.00,958.00,980.00
980.00,962.00,961.00
981.00,962.00,980.00
960.00,963.00,978.00
978.00,963.00,982.00
962.00,981.00,964.00
981.00,983.00,964.00
963.00,965.00,982.00
982.00,965.00,984.00
964.00,983.00,967.00
983.00,985.00,967.00
986.00,965.00,968.00
986.00,987.00,965.00
987.00,984.00,965.00
968.00,970.00,986.00
972.00,988.00,971.00
972.00,989.00,988.00
972.00,967.00,989.00
967.00,985.00,989.00
986.00,990.00,987.00
991.00,992.00,990.00
973.00,991.00,990.00
973.00,990.00,986.00
973.00,986.00,970.00
973.00,993.00,991.00
971.00,993.00,973.00
971.00,994.00,993.00
971.00,988.00,994.00
989.00,994.00,988.00
991.00,995.00,992.00
993.00,995.00,991.00
976.00,975.00,996.00
976.00,996.00,977.00
979.00,978.00,997.00
979.00,997.00,998.00
975.00,979.00,998.00
975.00,998.00,999.00
975.00,999.00,996.00
1000.00,999.00,1001.00
980.00,999.00,1000.00
980.00,996.00,999.00
980.00,977.00,996.00
980.00,1000.00,981.00
997.00,1002.00,1003.00
997.00,978.00,1002.00
978.00,982.00,1002.00
998.00,997.00,1003.00
1000.00,1001.00,1004.00
1004.00,981.00,1000.00
1004.00,1005.00,981.00
1005.00,983.00,981.00
982.00,984.00,1002.00
1002.00,984.00,1006.00
983.00,1005.00,985.00
1005.00,1007.00,985.00
1008.00,987.00,1009.00
1008.00,1006.00,987.00
1006.00,984.00,987.00
1008.00,1009.00,1010.00
985.00,1007.00,989.00
1007.00,1011.00,989.00
987.00,990.00,1009.00
1009.00,990.00,992.00
1009.00,992.00,1010.00
1010.00,992.00,1012.00
994.00,1013.00,993.00
994.00,1014.00,1013.00
994.00,989.00,1014.00
989.00,1011.00,1014.00
992.00,1015.00,1012.00
995.00,1015.00,992.00
1013.00,995.00,993.00
1013.00,1016.00,995.00
1016.00,1015.00,995.00
1014.00,1016.00,1013.00
999.00,1017.00,1018.00
998.00,1017.00,999.00
1018.00,1001.00,999.00
1019.00,1001.00,1018.00
1003.00,1002.00,1020.00
1003.00,1020.00,1021.00
1003.00,1021.00,998.00
998.00,1021.00,1017.00
1022.00,1004.00,1001.00
1022.00,1001.00,1023.00
1023.00,1001.00,1019.00
1004.00,1022.00,1005.00
1020.00,1006.00,1024.00
1002.00,1006.00,1020.00
1025.00,1021.00,1020.00
1024.00,1025.00,1020.00
1022.00,1023.00,1026.00
1026.00,1005.00,1022.00
1026.00,1027.00,1005.00
1027.00,1007.00,1005.00
1006.00,1008.00,1024.00
1024.00,1008.00,1010.00
1024.00,1010.00,1025.00
1025.00,1010.00,1028.00
1007.00,1027.00,1011.00
1027.00,1029.00,1011.00
1010.00,1012.00,1028.00
1028.00,1012.00,1030.00
1011.00,1029.00,1014.00
1029.00,1031.00,1014.00
1032.00,1012.00,1015.00
1032.00,1033.00,1012.00
1033.00,1030.00,1012.00
1034.00,1032.00,1015.00
1034.00,1015.00,1035.00
1035.00,1015.00,1016.00
1031.00,1016.00,1014.00
1035.00,1016.00,1031.00
1032.00,1036.00,1033.00
1034.00,1036.00,1032.00
1018.00,1037.00,1038.00
1017.00,1037.00,1018.00
1038.00,1019.00,1018.00
1039.00,1019.00,1038.00
1017.00,1021.00,1037.00
1037.00,1021.00,1040.00
1019.00,1039.00,1023.00
1039.00,1041.00,1023.00
1021.00,1025.00,1040.00
1040.00,1025.00,1042.00
1023.00,1041.00,1043.00
1026.00,1023.00,1043.00
1043.00,1027.00,1026.00
1044.00,1027.00,1043.00
1025.00,1028.00,1042.00
1042.00,1028.00,1045.00
1027.00,1044.00,1029.00
1044.00,1046.00,1029.00
1028.00,1030.00,1045.00
1045.00,1030.00,1047.00
1029.00,1046.00,1031.00
1046.00,1048.00,1031.00
1030.00,1033.00,1047.00
1047.00,1033.00,1049.00
1035.00,1050.00,1034.00
1035.00,1051.00,1050.00
1035.00,1031.00,1051.00
1031.00,1048.00,1051.00
1033.00,1052.00,1049.00
1036.00,1052.00,1033.00
1050.00,1036.00,1034.00
1050.00,1053.00,1036.00
1053.00,1052.00,1036.00
1051.00,1053.00,1050.00
1038.00,1037.00,1054.00
1038.00,1054.00,1039.00
1054.00,1055.00,1056.00
1054.00,1037.00,1055.00
1037.00,1040.00,1055.00
1056.00,1039.00,1054.00
1056.00,1057.00,1039.00
1057.00,1041.00,1039.00
1040.00,1042.00,1055.00
1055.00,1042.00,1058.00
1041.00,1057.00,1059.00
1043.00,1041.00,1059.00
1059.00,1044.00,1043.00
1060.00,1044.00,1059.00
1042.00,1045.00,1058.00
1058.00,1045.00,1061.00
1044.00,1060.00,1046.00
1060.00,1062.00,1046.00
1045.00,1047.00,1061.00
1061.00,1047.00,1063.00
1046.00,1062.00,1048.00
1062.00,1064.00,1048.00
1047.00,1049.00,1063.00
1063.00,1049.00,1065.00
1048.00,1064.00,1051.00
1064.00,1066.00,1051.00
1049.00,1067.00,1065.00
1052.00,1067.00,1049.00
1053.00,1068.00,1052.00
1052.00,1068.00,1067.00
1066.00,1053.00,1051.00
1068.00,1053.00,1066.00
1056.00,1069.00,1070.00
1055.00,1069.00,1056.00
1070.00,1057.00,1056.00
1071.00,1057.00,1070.00
1055.00,1058.00,1069.00
1069.00,1058.00,1072.00
1057.00,1071.00,1073.00
1059.00,1057.00,1073.00
1073.00,1060.00,1059.00
1074.00,1060.00,1073.00
1058.00,1061.00,1072.00
1072.00,1061.00,1075.00
1060.00,1074.00,1062.00
1074.00,1076.00,1062.00
1061.00,1063.00,1075.00
1075.00,1063.00,1077.00
1062.00,1076.00,1064.00
1076.00,1078.00,1064.00
1063.00,1065.00,1077.00
1077.00,1065.00,1079.00
1064.00,1078.00,1066.00
1078.00,1080.00,1066.00
1065.00,1081.00,1079.00
1067.00,1081.00,1065.00
1068.00,1082.00,1067.00
1067.00,1082.00,1081.00
1080.00,1068.00,1066.00
1082.00,1068.00,1080.00
1070.00,1069.00,1083.00
1070.00,1083.00,1071.00
1083.00,1072.00,1084.00
1069.00,1072.00,1083.00
1071.00,1083.00,1084.00
1071.00,1084.00,1085.00
1071.00,1085.00,1073.00
1085.00,1084.00,1086.00
1085.00,1074.00,1073.00
1087.00,1074.00,1085.00
1084.00,1088.00,1089.00
1084.00,1072.00,1088.00
1072.00,1075.00,1088.00
1086.00,1084.00,1089.00
1074.00,1087.00,1076.00
1087.00,1090.00,1076.00
1075.00,1077.00,1088.00
1088.00,1077.00,1091.00
1076.00,1090.00,1078.00
1090.00,1092.00,1078.00
1093.00,1079.00,1094.00
1093.00,1091.00,1079.00
1091.00,1077.00,1079.00
1094.00,1095.00,1096.00
1093.00,1094.00,1096.00
1095.00,1092.00,1096.00
1095.00,1080.00,1092.00
1080.00,1078.00,1092.00
1079.00,1081.00,1094.00
1082.00,1094.00,1081.00
1095.00,1094.00,1082.00
1080.00,1095.00,1082.00
1085.00,1086.00,1097.00
1085.00,1097.00,1087.00
1089.00,1088.00,1098.00
1089.00,1097.00,1086.00
1089.00,1098.00,1097.00
1098.00,1099.00,1097.00
1087.00,1099.00,1090.00
1097.00,1099.00,1087.00
1098.00,1091.00,1100.00
1088.00,1091.00,1098.00
1099.00,1098.00,1101.00
1101.00,1098.00,1100.00
1090.00,1101.00,1092.00
1099.00,1101.00,1090.00
1091.00,1093.00,1100.00
1096.00,1100.00,1093.00
1101.00,1100.00,1096.00
1092.00,1101.00,1096.00
