0.00,1.00,2.00
2.00,3.00,0.00
4.00,1.00,0.00
5.00,1.00,4.00
6.00,0.00,3.00
4.00,0.00,6.00
4.00,7.00,5.00
6.00,7.00,4.00
2.00,8.00,9.00
1.00,8.00,2.00
3.00,10.00,11.00
3.00,2.00,10.00
2.00,9.00,10.00
10.00,12.00,11.00
1.00,5.00,8.00
8.00,5.00,13.00
11.00,14.00,6.00
3.00,11.00,6.00
15.00,11.00,12.00
14.00,11.00,15.00
5.00,16.00,13.00
7.00,16.00,5.00
6.00,16.00,7.00
6.00,17.00,16.00
6.00,14.00,17.00
18.00,16.00,17.00
19.00,14.00,15.00
17.00,14.00,19.00
17.00,20.00,18.00
19.00,20.00,17.00
21.00,22.00,23.00
21.00,24.00,25.00
23.00,24.00,21.00
24.00,26.00,25.00
21.00,27.00,22.00
27.00,28.00,29.00
27.00,21.00,28.00
21.00,25.00,28.00
30.00,25.00,26.00
28.00,25.00,30.00
31.00,29.00,28.00
32.00,29.00,31.00
33.00,28.00,30.00
31.00,28.00,33.00
34.00,35.00,36.00
34.00,9.00,8.00
34.00,36.00,9.00
36.00,37.00,9.00
32.00,31.00,10.00
32.00,10.00,37.00
37.00,10.00,9.00
31.00,12.00,10.00
31.00,33.00,12.00
33.00,38.00,12.00
39.00,35.00,34.00
40.00,35.00,39.00
8.00,13.00,39.00
34.00,8.00,39.00
12.00,38.00,15.00
38.00,41.00,15.00
39.00,42.00,40.00
13.00,42.00,39.00
13.00,16.00,42.00
16.00,43.00,42.00
43.00,16.00,18.00
44.00,43.00,18.00
15.00,41.00,19.00
41.00,45.00,19.00
18.00,46.00,44.00
20.00,46.00,18.00
45.00,20.00,19.00
46.00,20.00,45.00
47.00,48.00,49.00
47.00,50.00,51.00
49.00,50.00,47.00
50.00,52.00,51.00
23.00,48.00,47.00
23.00,22.00,48.00
22.00,53.00,48.00
24.00,23.00,47.00
51.00,24.00,47.00
26.00,54.00,55.00
24.00,54.00,26.00
24.00,52.00,54.00
24.00,51.00,52.00
54.00,56.00,55.00
57.00,22.00,27.00
57.00,58.00,22.00
58.00,53.00,22.00
27.00,29.00,57.00
55.00,59.00,30.00
26.00,55.00,30.00
60.00,55.00,56.00
59.00,55.00,60.00
61.00,58.00,57.00
62.00,58.00,61.00
29.00,32.00,61.00
57.00,29.00,61.00
59.00,63.00,33.00
30.00,59.00,33.00
64.00,59.00,60.00
63.00,59.00,64.00
36.00,65.00,66.00
35.00,65.00,36.00
62.00,61.00,37.00
62.00,37.00,66.00
66.00,37.00,36.00
32.00,37.00,61.00
63.00,67.00,68.00
63.00,68.00,33.00
33.00,68.00,38.00
64.00,67.00,63.00
35.00,40.00,65.00
65.00,40.00,69.00
38.00,68.00,41.00
68.00,70.00,41.00
40.00,71.00,69.00
42.00,71.00,40.00
43.00,72.00,42.00
42.00,72.00,71.00
44.00,73.00,74.00
44.00,74.00,43.00
43.00,74.00,72.00
73.00,70.00,74.00
73.00,45.00,70.00
45.00,41.00,70.00
44.00,46.00,73.00
45.00,73.00,46.00
75.00,76.00,77.00
75.00,78.00,79.00
77.00,78.00,75.00
79.00,80.00,81.00
78.00,80.00,79.00
81.00,82.00,83.00
80.00,82.00,81.00
82.00,84.00,83.00
85.00,76.00,75.00
86.00,76.00,85.00
49.00,48.00,85.00
49.00,85.00,79.00
79.00,85.00,75.00
50.00,49.00,79.00
81.00,50.00,79.00
52.00,50.00,81.00
52.00,81.00,87.00
87.00,81.00,83.00
88.00,83.00,84.00
87.00,83.00,88.00
89.00,86.00,85.00
90.00,86.00,89.00
48.00,53.00,89.00
85.00,48.00,89.00
52.00,87.00,54.00
87.00,56.00,54.00
87.00,88.00,56.00
88.00,91.00,56.00
92.00,90.00,89.00
93.00,90.00,92.00
53.00,58.00,92.00
89.00,53.00,92.00
56.00,91.00,60.00
91.00,94.00,60.00
95.00,93.00,92.00
96.00,93.00,95.00
58.00,62.00,95.00
92.00,58.00,95.00
60.00,94.00,64.00
94.00,97.00,64.00
96.00,98.00,99.00
96.00,65.00,98.00
96.00,95.00,66.00
65.00,96.00,66.00
95.00,62.00,66.00
100.00,99.00,98.00
67.00,101.00,102.00
68.00,67.00,102.00
97.00,67.00,64.00
101.00,67.00,97.00
98.00,69.00,103.00
65.00,69.00,98.00
104.00,100.00,98.00
104.00,98.00,105.00
105.00,98.00,103.00
105.00,106.00,107.00
104.00,105.00,107.00
106.00,102.00,107.00
106.00,70.00,102.00
70.00,68.00,102.00
69.00,71.00,103.00
72.00,103.00,71.00
105.00,103.00,72.00
74.00,105.00,72.00
106.00,105.00,74.00
70.00,106.00,74.00
108.00,109.00,110.00
108.00,111.00,112.00
110.00,111.00,108.00
111.00,113.00,112.00
114.00,115.00,116.00
109.00,114.00,116.00
109.00,108.00,114.00
108.00,117.00,114.00
112.00,118.00,108.00
118.00,117.00,108.00
119.00,112.00,113.00
118.00,112.00,119.00
77.00,120.00,121.00
76.00,120.00,77.00
115.00,114.00,78.00
115.00,78.00,121.00
121.00,78.00,77.00
80.00,78.00,114.00
117.00,80.00,114.00
82.00,80.00,117.00
118.00,82.00,117.00
118.00,84.00,82.00
118.00,119.00,84.00
119.00,122.00,84.00
76.00,86.00,120.00
120.00,86.00,123.00
84.00,122.00,88.00
122.00,124.00,88.00
86.00,90.00,123.00
123.00,90.00,125.00
88.00,124.00,91.00
124.00,126.00,91.00
90.00,93.00,125.00
125.00,93.00,127.00
91.00,126.00,94.00
126.00,128.00,94.00
93.00,96.00,127.00
127.00,96.00,129.00
130.00,131.00,132.00
130.00,128.00,131.00
130.00,97.00,128.00
97.00,94.00,128.00
96.00,133.00,129.00
99.00,133.00,96.00
100.00,134.00,135.00
100.00,135.00,99.00
99.00,135.00,133.00
134.00,136.00,137.00
135.00,134.00,137.00
132.00,137.00,136.00
130.00,132.00,136.00
130.00,136.00,102.00
130.00,102.00,101.00
97.00,130.00,101.00
100.00,104.00,134.00
107.00,134.00,104.00
136.00,134.00,107.00
102.00,136.00,107.00
138.00,139.00,140.00
138.00,141.00,142.00
140.00,141.00,138.00
141.00,143.00,142.00
144.00,145.00,146.00
139.00,144.00,146.00
139.00,138.00,144.00
138.00,147.00,144.00
142.00,148.00,138.00
148.00,147.00,138.00
149.00,142.00,143.00
148.00,142.00,149.00
150.00,145.00,144.00
151.00,145.00,150.00
147.00,152.00,144.00
152.00,150.00,144.00
148.00,153.00,147.00
153.00,152.00,147.00
154.00,148.00,149.00
154.00,155.00,148.00
155.00,153.00,148.00
154.00,156.00,155.00
157.00,151.00,150.00
158.00,151.00,157.00
110.00,109.00,157.00
110.00,157.00,152.00
152.00,157.00,150.00
111.00,110.00,152.00
153.00,111.00,152.00
113.00,111.00,153.00
113.00,153.00,159.00
159.00,153.00,155.00
160.00,155.00,156.00
159.00,155.00,160.00
116.00,158.00,157.00
116.00,115.00,158.00
115.00,161.00,158.00
109.00,116.00,157.00
159.00,162.00,163.00
159.00,163.00,113.00
113.00,163.00,119.00
160.00,162.00,159.00
121.00,120.00,164.00
121.00,164.00,165.00
121.00,165.00,115.00
115.00,165.00,161.00
119.00,163.00,122.00
163.00,166.00,122.00
164.00,123.00,167.00
120.00,123.00,164.00
168.00,165.00,164.00
167.00,168.00,164.00
122.00,166.00,124.00
166.00,169.00,124.00
167.00,125.00,170.00
123.00,125.00,167.00
171.00,168.00,167.00
170.00,171.00,167.00
172.00,173.00,174.00
172.00,169.00,173.00
172.00,126.00,169.00
126.00,124.00,169.00
170.00,127.00,175.00
125.00,127.00,170.00
176.00,171.00,170.00
176.00,170.00,177.00
177.00,170.00,175.00
176.00,177.00,178.00
179.00,172.00,174.00
180.00,179.00,174.00
126.00,179.00,128.00
172.00,179.00,126.00
175.00,129.00,181.00
127.00,129.00,175.00
177.00,175.00,182.00
182.00,175.00,181.00
183.00,178.00,177.00
183.00,177.00,184.00
184.00,177.00,182.00
180.00,183.00,184.00
179.00,180.00,184.00
179.00,184.00,132.00
179.00,132.00,131.00
128.00,179.00,131.00
129.00,133.00,181.00
135.00,181.00,133.00
182.00,181.00,135.00
137.00,182.00,135.00
184.00,182.00,137.00
132.00,184.00,137.00
185.00,186.00,187.00
185.00,188.00,189.00
187.00,188.00,185.00
188.00,190.00,189.00
191.00,192.00,193.00
186.00,191.00,193.00
185.00,191.00,186.00
185.00,139.00,191.00
185.00,140.00,139.00
141.00,140.00,185.00
189.00,141.00,185.00
143.00,194.00,195.00
141.00,194.00,143.00
141.00,190.00,194.00
141.00,189.00,190.00
194.00,196.00,195.00
146.00,192.00,191.00
146.00,145.00,192.00
145.00,197.00,192.00
139.00,146.00,191.00
195.00,198.00,149.00
143.00,195.00,149.00
199.00,195.00,196.00
198.00,195.00,199.00
145.00,151.00,197.00
197.00,151.00,200.00
149.00,198.00,154.00
198.00,156.00,154.00
198.00,199.00,156.00
199.00,201.00,156.00
151.00,158.00,200.00
200.00,158.00,202.00
156.00,201.00,160.00
201.00,203.00,160.00
158.00,161.00,202.00
202.00,161.00,204.00
162.00,205.00,206.00
163.00,162.00,206.00
203.00,162.00,160.00
205.00,162.00,203.00
161.00,165.00,204.00
204.00,165.00,207.00
163.00,206.00,166.00
206.00,208.00,166.00
209.00,168.00,210.00
209.00,207.00,168.00
207.00,165.00,168.00
210.00,211.00,212.00
209.00,210.00,212.00
211.00,213.00,214.00
212.00,211.00,214.00
213.00,208.00,214.00
213.00,169.00,208.00
169.00,166.00,208.00
210.00,171.00,215.00
168.00,171.00,210.00
211.00,210.00,216.00
216.00,210.00,215.00
173.00,216.00,174.00
173.00,213.00,216.00
213.00,211.00,216.00
169.00,213.00,173.00
171.00,176.00,215.00
178.00,215.00,176.00
178.00,217.00,215.00
217.00,216.00,215.00
174.00,217.00,180.00
216.00,217.00,174.00
178.00,183.00,217.00
180.00,217.00,183.00
218.00,219.00,220.00
218.00,221.00,222.00
220.00,221.00,218.00
222.00,223.00,224.00
221.00,223.00,222.00
224.00,225.00,226.00
223.00,225.00,224.00
225.00,227.00,226.00
228.00,219.00,218.00
229.00,219.00,228.00
187.00,186.00,228.00
187.00,228.00,222.00
222.00,228.00,218.00
188.00,187.00,222.00
224.00,188.00,222.00
190.00,188.00,224.00
190.00,224.00,230.00
230.00,224.00,226.00
231.00,226.00,227.00
230.00,226.00,231.00
193.00,229.00,228.00
193.00,192.00,229.00
192.00,232.00,229.00
186.00,193.00,228.00
190.00,230.00,194.00
230.00,196.00,194.00
230.00,231.00,196.00
231.00,233.00,196.00
192.00,197.00,232.00
232.00,197.00,234.00
196.00,233.00,199.00
233.00,235.00,199.00
197.00,200.00,234.00
234.00,200.00,236.00
199.00,235.00,201.00
235.00,237.00,201.00
200.00,202.00,236.00
236.00,202.00,238.00
239.00,240.00,241.00
239.00,237.00,240.00
239.00,203.00,237.00
203.00,201.00,237.00
242.00,204.00,243.00
242.00,238.00,204.00
238.00,202.00,204.00
243.00,244.00,245.00
242.00,243.00,245.00
244.00,246.00,247.00
245.00,244.00,247.00
241.00,247.00,246.00
239.00,241.00,246.00
239.00,246.00,206.00
239.00,206.00,205.00
203.00,239.00,205.00
243.00,207.00,248.00
204.00,207.00,243.00
244.00,243.00,249.00
249.00,243.00,248.00
246.00,244.00,250.00
250.00,244.00,249.00
206.00,250.00,208.00
246.00,250.00,206.00
207.00,209.00,248.00
212.00,248.00,209.00
249.00,248.00,212.00
214.00,249.00,212.00
250.00,249.00,214.00
208.00,250.00,214.00
251.00,252.00,253.00
251.00,254.00,255.00
253.00,254.00,251.00
255.00,256.00,257.00
254.00,256.00,255.00
256.00,258.00,257.00
220.00,259.00,260.00
219.00,259.00,220.00
252.00,251.00,221.00
252.00,221.00,260.00
260.00,221.00,220.00
223.00,221.00,251.00
255.00,223.00,251.00
225.00,223.00,255.00
257.00,225.00,255.00
257.00,227.00,225.00
257.00,258.00,227.00
258.00,261.00,227.00
219.00,229.00,259.00
259.00,229.00,262.00
227.00,261.00,231.00
261.00,263.00,231.00
229.00,232.00,262.00
262.00,232.00,264.00
231.00,263.00,233.00
263.00,265.00,233.00
232.00,234.00,264.00
264.00,234.00,266.00
233.00,265.00,235.00
265.00,267.00,235.00
234.00,236.00,266.00
266.00,236.00,268.00
269.00,270.00,271.00
269.00,267.00,270.00
269.00,237.00,267.00
237.00,235.00,267.00
272.00,238.00,273.00
272.00,268.00,238.00
268.00,236.00,238.00
273.00,274.00,275.00
272.00,273.00,275.00
274.00,276.00,277.00
275.00,274.00,277.00
271.00,277.00,276.00
269.00,271.00,276.00
269.00,276.00,241.00
269.00,241.00,240.00
237.00,269.00,240.00
238.00,242.00,273.00
245.00,273.00,242.00
274.00,273.00,245.00
247.00,274.00,245.00
276.00,274.00,247.00
241.00,276.00,247.00
278.00,279.00,280.00
278.00,281.00,282.00
280.00,281.00,278.00
282.00,283.00,284.00
281.00,283.00,282.00
283.00,285.00,284.00
253.00,279.00,278.00
253.00,252.00,279.00
252.00,286.00,279.00
254.00,253.00,278.00
282.00,254.00,278.00
256.00,254.00,282.00
284.00,256.00,282.00
284.00,258.00,256.00
284.00,285.00,258.00
285.00,287.00,258.00
260.00,288.00,289.00
259.00,288.00,260.00
286.00,252.00,260.00
289.00,286.00,260.00
258.00,287.00,261.00
287.00,290.00,261.00
259.00,262.00,288.00
288.00,262.00,291.00
261.00,290.00,263.00
290.00,292.00,263.00
262.00,264.00,291.00
291.00,264.00,293.00
263.00,292.00,265.00
292.00,294.00,265.00
295.00,266.00,296.00
295.00,293.00,266.00
293.00,264.00,266.00
295.00,296.00,297.00
265.00,294.00,267.00
294.00,298.00,267.00
296.00,268.00,299.00
266.00,268.00,296.00
300.00,297.00,296.00
300.00,296.00,301.00
301.00,296.00,299.00
301.00,302.00,303.00
300.00,301.00,303.00
302.00,271.00,270.00
302.00,270.00,303.00
303.00,270.00,304.00
298.00,270.00,267.00
304.00,270.00,298.00
268.00,272.00,299.00
275.00,299.00,272.00
301.00,299.00,275.00
277.00,301.00,275.00
302.00,301.00,277.00
271.00,302.00,277.00
305.00,306.00,307.00
305.00,308.00,309.00
307.00,308.00,305.00
309.00,310.00,311.00
308.00,310.00,309.00
310.00,312.00,311.00
280.00,306.00,305.00
280.00,279.00,306.00
279.00,313.00,306.00
281.00,280.00,305.00
309.00,281.00,305.00
283.00,281.00,309.00
311.00,283.00,309.00
311.00,285.00,283.00
311.00,312.00,285.00
312.00,314.00,285.00
279.00,286.00,313.00
313.00,286.00,315.00
285.00,314.00,287.00
314.00,316.00,287.00
289.00,288.00,317.00
289.00,317.00,318.00
289.00,318.00,286.00
286.00,318.00,315.00
287.00,316.00,290.00
316.00,319.00,290.00
317.00,291.00,320.00
288.00,291.00,317.00
321.00,318.00,317.00
320.00,321.00,317.00
290.00,319.00,292.00
319.00,322.00,292.00
320.00,293.00,323.00
291.00,293.00,320.00
324.00,321.00,320.00
323.00,324.00,320.00
292.00,322.00,294.00
322.00,325.00,294.00
293.00,295.00,323.00
297.00,326.00,327.00
295.00,297.00,327.00
295.00,327.00,324.00
295.00,324.00,323.00
326.00,328.00,329.00
327.00,326.00,329.00
328.00,330.00,331.00
329.00,328.00,331.00
330.00,325.00,331.00
330.00,298.00,325.00
298.00,294.00,325.00
297.00,300.00,326.00
303.00,326.00,300.00
328.00,326.00,303.00
304.00,328.00,303.00
330.00,328.00,304.00
298.00,330.00,304.00
332.00,333.00,334.00
332.00,335.00,336.00
334.00,335.00,332.00
336.00,337.00,338.00
335.00,337.00,336.00
337.00,339.00,338.00
307.00,333.00,332.00
307.00,306.00,333.00
306.00,340.00,333.00
308.00,307.00,332.00
336.00,308.00,332.00
310.00,308.00,336.00
338.00,310.00,336.00
338.00,312.00,310.00
338.00,339.00,312.00
339.00,341.00,312.00
306.00,313.00,340.00
340.00,313.00,342.00
343.00,344.00,314.00
343.00,314.00,341.00
341.00,314.00,312.00
343.00,345.00,344.00
313.00,315.00,342.00
342.00,315.00,346.00
344.00,347.00,316.00
314.00,344.00,316.00
348.00,344.00,345.00
347.00,344.00,348.00
315.00,318.00,346.00
346.00,318.00,349.00
347.00,350.00,351.00
347.00,351.00,316.00
316.00,351.00,319.00
348.00,350.00,347.00
318.00,321.00,349.00
349.00,321.00,352.00
319.00,351.00,322.00
351.00,353.00,322.00
354.00,324.00,355.00
354.00,352.00,324.00
352.00,321.00,324.00
355.00,356.00,357.00
354.00,355.00,357.00
356.00,358.00,359.00
357.00,356.00,359.00
358.00,353.00,359.00
358.00,325.00,353.00
325.00,322.00,353.00
324.00,327.00,355.00
329.00,355.00,327.00
356.00,355.00,329.00
331.00,356.00,329.00
358.00,356.00,331.00
325.00,358.00,331.00
360.00,361.00,362.00
360.00,363.00,364.00
362.00,363.00,360.00
363.00,365.00,364.00
334.00,366.00,367.00
333.00,366.00,334.00
361.00,360.00,335.00
361.00,335.00,367.00
367.00,335.00,334.00
337.00,335.00,360.00
364.00,337.00,360.00
339.00,368.00,369.00
337.00,368.00,339.00
337.00,365.00,368.00
337.00,364.00,365.00
368.00,370.00,369.00
333.00,340.00,366.00
366.00,340.00,371.00
369.00,372.00,341.00
339.00,369.00,341.00
373.00,369.00,370.00
372.00,369.00,373.00
340.00,342.00,371.00
371.00,342.00,374.00
341.00,372.00,343.00
372.00,345.00,343.00
372.00,373.00,345.00
373.00,375.00,345.00
342.00,346.00,374.00
374.00,346.00,376.00
377.00,378.00,379.00
377.00,375.00,378.00
377.00,348.00,375.00
348.00,345.00,375.00
346.00,349.00,376.00
376.00,349.00,380.00
350.00,377.00,379.00
350.00,379.00,351.00
351.00,379.00,381.00
348.00,377.00,350.00
382.00,352.00,383.00
382.00,380.00,352.00
380.00,349.00,352.00
383.00,384.00,385.00
382.00,383.00,385.00
384.00,386.00,387.00
385.00,384.00,387.00
386.00,381.00,387.00
386.00,353.00,381.00
353.00,351.00,381.00
352.00,354.00,383.00
357.00,383.00,354.00
384.00,383.00,357.00
359.00,384.00,357.00
386.00,384.00,359.00
353.00,386.00,359.00
388.00,389.00,390.00
388.00,391.00,392.00
390.00,391.00,388.00
391.00,393.00,392.00
394.00,395.00,396.00
389.00,394.00,396.00
388.00,394.00,389.00
388.00,361.00,394.00
388.00,362.00,361.00
363.00,362.00,388.00
392.00,363.00,388.00
365.00,397.00,398.00
363.00,397.00,365.00
363.00,393.00,397.00
363.00,392.00,393.00
397.00,399.00,398.00
367.00,395.00,394.00
367.00,366.00,395.00
366.00,400.00,395.00
361.00,367.00,394.00
365.00,398.00,368.00
398.00,370.00,368.00
398.00,399.00,370.00
399.00,401.00,370.00
366.00,371.00,400.00
400.00,371.00,402.00
370.00,401.00,373.00
401.00,403.00,373.00
371.00,374.00,402.00
402.00,374.00,404.00
373.00,403.00,375.00
403.00,405.00,375.00
374.00,376.00,404.00
404.00,376.00,406.00
378.00,407.00,408.00
379.00,378.00,408.00
405.00,378.00,375.00
407.00,378.00,405.00
409.00,380.00,410.00
409.00,406.00,380.00
406.00,376.00,380.00
410.00,411.00,412.00
409.00,410.00,412.00
411.00,413.00,414.00
412.00,411.00,414.00
413.00,408.00,414.00
413.00,381.00,408.00
381.00,379.00,408.00
380.00,382.00,410.00
385.00,410.00,382.00
411.00,410.00,385.00
387.00,411.00,385.00
413.00,411.00,387.00
381.00,413.00,387.00
390.00,415.00,416.00
389.00,415.00,390.00
391.00,390.00,417.00
390.00,416.00,417.00
393.00,418.00,419.00
393.00,391.00,418.00
391.00,417.00,418.00
418.00,420.00,419.00
396.00,421.00,422.00
395.00,421.00,396.00
415.00,389.00,396.00
422.00,415.00,396.00
393.00,419.00,397.00
419.00,399.00,397.00
419.00,420.00,399.00
420.00,423.00,399.00
395.00,400.00,421.00
421.00,400.00,424.00
399.00,423.00,401.00
423.00,425.00,401.00
400.00,402.00,424.00
424.00,402.00,426.00
401.00,425.00,403.00
425.00,427.00,403.00
402.00,404.00,426.00
426.00,404.00,428.00
403.00,427.00,405.00
427.00,429.00,405.00
430.00,406.00,431.00
430.00,428.00,406.00
428.00,404.00,406.00
431.00,432.00,433.00
430.00,431.00,433.00
432.00,434.00,435.00
433.00,432.00,435.00
434.00,408.00,407.00
434.00,407.00,435.00
435.00,407.00,436.00
429.00,407.00,405.00
436.00,407.00,429.00
406.00,409.00,431.00
412.00,431.00,409.00
432.00,431.00,412.00
414.00,432.00,412.00
434.00,432.00,414.00
408.00,434.00,414.00
437.00,438.00,439.00
437.00,440.00,441.00
439.00,440.00,437.00
440.00,442.00,441.00
443.00,444.00,445.00
438.00,443.00,445.00
437.00,443.00,438.00
437.00,415.00,443.00
437.00,416.00,415.00
417.00,416.00,437.00
441.00,417.00,437.00
441.00,442.00,446.00
441.00,446.00,417.00
417.00,446.00,418.00
446.00,420.00,418.00
447.00,420.00,446.00
422.00,444.00,443.00
422.00,421.00,444.00
421.00,448.00,444.00
415.00,422.00,443.00
420.00,447.00,423.00
447.00,449.00,423.00
421.00,424.00,448.00
448.00,424.00,450.00
423.00,449.00,425.00
449.00,451.00,425.00
424.00,426.00,450.00
450.00,426.00,452.00
425.00,451.00,427.00
451.00,453.00,427.00
454.00,428.00,455.00
454.00,452.00,428.00
452.00,426.00,428.00
454.00,455.00,456.00
457.00,458.00,459.00
457.00,453.00,458.00
457.00,429.00,453.00
429.00,427.00,453.00
428.00,430.00,455.00
455.00,460.00,456.00
455.00,430.00,460.00
430.00,433.00,460.00
435.00,461.00,433.00
433.00,461.00,460.00
459.00,436.00,457.00
459.00,461.00,436.00
461.00,435.00,436.00
429.00,457.00,436.00
439.00,462.00,463.00
438.00,462.00,439.00
440.00,439.00,464.00
439.00,463.00,464.00
442.00,465.00,466.00
442.00,440.00,465.00
440.00,464.00,465.00
465.00,467.00,466.00
445.00,468.00,469.00
444.00,468.00,445.00
462.00,438.00,445.00
469.00,462.00,445.00
442.00,466.00,446.00
466.00,447.00,446.00
466.00,467.00,447.00
467.00,470.00,447.00
444.00,448.00,468.00
468.00,448.00,471.00
447.00,470.00,449.00
470.00,472.00,449.00
448.00,450.00,471.00
471.00,450.00,473.00
449.00,472.00,451.00
472.00,474.00,451.00
475.00,452.00,476.00
475.00,473.00,452.00
473.00,450.00,452.00
475.00,476.00,477.00
451.00,474.00,453.00
474.00,478.00,453.00
452.00,454.00,476.00
456.00,479.00,480.00
454.00,456.00,480.00
454.00,480.00,477.00
454.00,477.00,476.00
479.00,481.00,482.00
480.00,479.00,482.00
481.00,459.00,458.00
481.00,458.00,482.00
482.00,458.00,483.00
478.00,458.00,453.00
483.00,458.00,478.00
456.00,460.00,479.00
461.00,479.00,460.00
481.00,479.00,461.00
459.00,481.00,461.00
463.00,484.00,485.00
462.00,484.00,463.00
464.00,463.00,486.00
463.00,485.00,486.00
465.00,464.00,487.00
464.00,486.00,487.00
487.00,467.00,465.00
488.00,467.00,487.00
469.00,489.00,490.00
468.00,489.00,469.00
484.00,462.00,469.00
490.00,484.00,469.00
467.00,488.00,470.00
488.00,491.00,470.00
468.00,471.00,489.00
489.00,471.00,492.00
470.00,491.00,472.00
491.00,493.00,472.00
471.00,473.00,492.00
492.00,473.00,494.00
472.00,493.00,474.00
493.00,495.00,474.00
473.00,496.00,494.00
475.00,496.00,473.00
496.00,475.00,477.00
497.00,496.00,477.00
474.00,495.00,478.00
495.00,498.00,478.00
477.00,499.00,497.00
480.00,499.00,477.00
482.00,500.00,480.00
480.00,500.00,499.00
483.00,501.00,482.00
482.00,501.00,500.00
498.00,483.00,478.00
501.00,483.00,498.00
502.00,503.00,504.00
502.00,505.00,506.00
504.00,505.00,502.00
505.00,507.00,506.00
485.00,508.00,509.00
484.00,508.00,485.00
503.00,502.00,486.00
503.00,486.00,509.00
509.00,486.00,485.00
487.00,486.00,502.00
506.00,487.00,502.00
506.00,488.00,487.00
506.00,507.00,488.00
507.00,510.00,488.00
490.00,511.00,512.00
489.00,511.00,490.00
508.00,484.00,490.00
512.00,508.00,490.00
488.00,510.00,491.00
510.00,513.00,491.00
489.00,492.00,511.00
511.00,492.00,514.00
491.00,513.00,493.00
513.00,515.00,493.00
516.00,494.00,517.00
516.00,514.00,494.00
514.00,492.00,494.00
516.00,517.00,518.00
493.00,515.00,495.00
515.00,519.00,495.00
494.00,496.00,517.00
497.00,520.00,521.00
496.00,497.00,521.00
496.00,521.00,518.00
496.00,518.00,517.00
520.00,522.00,523.00
521.00,520.00,523.00
522.00,524.00,525.00
523.00,522.00,525.00
524.00,519.00,525.00
524.00,498.00,519.00
498.00,495.00,519.00
497.00,499.00,520.00
500.00,520.00,499.00
522.00,520.00,500.00
501.00,522.00,500.00
524.00,522.00,501.00
498.00,524.00,501.00
526.00,527.00,528.00
526.00,504.00,503.00
526.00,528.00,504.00
528.00,529.00,504.00
505.00,504.00,530.00
504.00,529.00,530.00
530.00,507.00,505.00
531.00,507.00,530.00
509.00,527.00,526.00
509.00,508.00,527.00
508.00,532.00,527.00
503.00,509.00,526.00
507.00,531.00,510.00
531.00,533.00,510.00
512.00,534.00,535.00
511.00,534.00,512.00
532.00,508.00,512.00
535.00,532.00,512.00
510.00,533.00,513.00
533.00,536.00,513.00
537.00,514.00,538.00
537.00,534.00,514.00
534.00,511.00,514.00
537.00,538.00,539.00
513.00,536.00,515.00
536.00,540.00,515.00
514.00,516.00,538.00
538.00,516.00,518.00
538.00,518.00,539.00
539.00,518.00,541.00
542.00,543.00,544.00
542.00,540.00,543.00
542.00,519.00,540.00
519.00,515.00,540.00
518.00,545.00,541.00
521.00,545.00,518.00
523.00,546.00,521.00
521.00,546.00,545.00
544.00,525.00,542.00
544.00,546.00,525.00
546.00,523.00,525.00
519.00,542.00,525.00
547.00,548.00,549.00
549.00,550.00,547.00
528.00,551.00,552.00
527.00,551.00,528.00
529.00,528.00,553.00
528.00,552.00,553.00
548.00,547.00,530.00
548.00,530.00,553.00
553.00,530.00,529.00
547.00,531.00,530.00
547.00,550.00,531.00
550.00,554.00,531.00
527.00,532.00,551.00
551.00,532.00,555.00
531.00,554.00,533.00
554.00,556.00,533.00
535.00,534.00,557.00
535.00,557.00,558.00
535.00,558.00,532.00
532.00,558.00,555.00
533.00,556.00,536.00
556.00,559.00,536.00
534.00,537.00,557.00
557.00,537.00,539.00
557.00,539.00,558.00
558.00,539.00,560.00
536.00,559.00,540.00
559.00,561.00,540.00
562.00,541.00,563.00
562.00,560.00,541.00
560.00,539.00,541.00
562.00,563.00,564.00
543.00,565.00,566.00
544.00,543.00,566.00
561.00,543.00,540.00
565.00,543.00,561.00
541.00,545.00,563.00
563.00,567.00,564.00
563.00,545.00,567.00
545.00,546.00,567.00
566.00,546.00,544.00
567.00,546.00,566.00
568.00,569.00,570.00
568.00,549.00,548.00
568.00,570.00,549.00
570.00,571.00,549.00
571.00,550.00,549.00
572.00,550.00,571.00
552.00,573.00,574.00
551.00,573.00,552.00
569.00,568.00,553.00
569.00,553.00,574.00
574.00,553.00,552.00
548.00,553.00,568.00
550.00,572.00,554.00
572.00,575.00,554.00
551.00,555.00,573.00
573.00,555.00,576.00
554.00,575.00,556.00
575.00,577.00,556.00
555.00,558.00,576.00
576.00,558.00,578.00
556.00,577.00,559.00
577.00,579.00,559.00
558.00,560.00,578.00
578.00,560.00,580.00
559.00,579.00,561.00
579.00,581.00,561.00
560.00,582.00,580.00
562.00,582.00,560.00
564.00,583.00,584.00
564.00,584.00,562.00
562.00,584.00,582.00
583.00,566.00,565.00
583.00,565.00,584.00
584.00,565.00,585.00
581.00,565.00,561.00
585.00,565.00,581.00
564.00,567.00,583.00
566.00,583.00,567.00
586.00,587.00,588.00
586.00,570.00,569.00
586.00,588.00,570.00
588.00,589.00,570.00
571.00,570.00,590.00
570.00,589.00,590.00
590.00,572.00,571.00
591.00,572.00,590.00
574.00,587.00,586.00
574.00,573.00,587.00
573.00,592.00,587.00
569.00,574.00,586.00
572.00,591.00,575.00
591.00,593.00,575.00
573.00,576.00,592.00
592.00,576.00,594.00
575.00,593.00,577.00
593.00,595.00,577.00
576.00,578.00,594.00
594.00,578.00,596.00
577.00,595.00,579.00
595.00,597.00,579.00
598.00,580.00,599.00
598.00,596.00,580.00
596.00,578.00,580.00
598.00,599.00,600.00
601.00,602.00,603.00
601.00,597.00,602.00
601.00,581.00,597.00
581.00,579.00,597.00
580.00,582.00,599.00
599.00,604.00,600.00
599.00,582.00,604.00
582.00,584.00,604.00
603.00,585.00,601.00
603.00,604.00,585.00
604.00,584.00,585.00
581.00,601.00,585.00
605.00,606.00,607.00
607.00,608.00,605.00
588.00,609.00,610.00
587.00,609.00,588.00
606.00,605.00,589.00
606.00,589.00,610.00
610.00,589.00,588.00
605.00,608.00,611.00
605.00,611.00,589.00
589.00,611.00,590.00
611.00,591.00,590.00
612.00,591.00,611.00
587.00,592.00,609.00
609.00,592.00,613.00
591.00,612.00,593.00
612.00,614.00,593.00
592.00,594.00,613.00
613.00,594.00,615.00
593.00,614.00,595.00
614.00,616.00,595.00
594.00,596.00,615.00
615.00,596.00,617.00
595.00,616.00,597.00
616.00,618.00,597.00
596.00,619.00,617.00
598.00,619.00,596.00
600.00,620.00,621.00
600.00,621.00,598.00
598.00,621.00,619.00
620.00,603.00,602.00
620.00,602.00,621.00
621.00,602.00,622.00
618.00,602.00,597.00
622.00,602.00,618.00
600.00,604.00,620.00
603.00,620.00,604.00
623.00,624.00,625.00
625.00,626.00,623.00
627.00,628.00,629.00
624.00,627.00,629.00
623.00,627.00,624.00
623.00,606.00,627.00
623.00,607.00,606.00
608.00,630.00,631.00
607.00,630.00,608.00
607.00,626.00,630.00
607.00,623.00,626.00
630.00,632.00,631.00
610.00,628.00,627.00
610.00,609.00,628.00
609.00,633.00,628.00
606.00,610.00,627.00
608.00,631.00,611.00
631.00,612.00,611.00
631.00,632.00,612.00
632.00,634.00,612.00
609.00,613.00,633.00
633.00,613.00,635.00
612.00,634.00,614.00
634.00,636.00,614.00
613.00,615.00,635.00
635.00,615.00,637.00
614.00,636.00,616.00
636.00,638.00,616.00
639.00,617.00,640.00
639.00,637.00,617.00
637.00,615.00,617.00
640.00,641.00,642.00
639.00,640.00,642.00
641.00,643.00,644.00
642.00,641.00,644.00
643.00,638.00,644.00
643.00,618.00,638.00
618.00,616.00,638.00
617.00,619.00,640.00
621.00,640.00,619.00
641.00,640.00,621.00
622.00,641.00,621.00
643.00,641.00,622.00
618.00,643.00,622.00
645.00,646.00,647.00
645.00,625.00,624.00
645.00,647.00,625.00
647.00,648.00,625.00
626.00,649.00,650.00
626.00,625.00,649.00
625.00,648.00,649.00
649.00,651.00,650.00
629.00,646.00,645.00
629.00,628.00,646.00
628.00,652.00,646.00
624.00,629.00,645.00
626.00,650.00,630.00
650.00,632.00,630.00
650.00,651.00,632.00
651.00,653.00,632.00
628.00,633.00,652.00
652.00,633.00,654.00
632.00,653.00,634.00
653.00,655.00,634.00
633.00,635.00,654.00
654.00,635.00,656.00
634.00,655.00,636.00
655.00,657.00,636.00
635.00,637.00,656.00
656.00,637.00,658.00
636.00,657.00,638.00
657.00,659.00,638.00
637.00,660.00,658.00
639.00,660.00,637.00
642.00,661.00,639.00
639.00,661.00,660.00
644.00,662.00,642.00
642.00,662.00,661.00
659.00,644.00,638.00
662.00,644.00,659.00
663.00,664.00,665.00
665.00,666.00,663.00
647.00,667.00,668.00
646.00,667.00,647.00
664.00,663.00,648.00
664.00,648.00,668.00
668.00,648.00,647.00
663.00,666.00,669.00
663.00,669.00,648.00
648.00,669.00,649.00
669.00,651.00,649.00
670.00,651.00,669.00
646.00,652.00,667.00
667.00,652.00,671.00
651.00,670.00,653.00
670.00,672.00,653.00
652.00,654.00,671.00
671.00,654.00,673.00
653.00,672.00,655.00
672.00,674.00,655.00
654.00,656.00,673.00
673.00,656.00,675.00
655.00,674.00,657.00
674.00,676.00,657.00
677.00,658.00,678.00
677.00,675.00,658.00
675.00,656.00,658.00
677.00,678.00,679.00
680.00,681.00,682.00
680.00,676.00,681.00
680.00,659.00,676.00
659.00,657.00,676.00
658.00,660.00,678.00
678.00,683.00,679.00
678.00,660.00,683.00
660.00,661.00,683.00
682.00,662.00,680.00
682.00,683.00,662.00
683.00,661.00,662.00
659.00,680.00,662.00
684.00,685.00,686.00
684.00,665.00,664.00
684.00,686.00,665.00
686.00,687.00,665.00
687.00,666.00,665.00
688.00,666.00,687.00
668.00,685.00,684.00
668.00,667.00,685.00
667.00,689.00,685.00
664.00,668.00,684.00
666.00,688.00,690.00
669.00,666.00,690.00
690.00,670.00,669.00
691.00,670.00,690.00
667.00,671.00,689.00
689.00,671.00,692.00
670.00,691.00,672.00
691.00,693.00,672.00
671.00,673.00,692.00
692.00,673.00,694.00
672.00,693.00,674.00
693.00,695.00,674.00
673.00,675.00,694.00
694.00,675.00,696.00
674.00,695.00,676.00
695.00,697.00,676.00
675.00,698.00,696.00
677.00,698.00,675.00
679.00,699.00,700.00
679.00,700.00,677.00
677.00,700.00,698.00
699.00,682.00,681.00
699.00,681.00,700.00
700.00,681.00,701.00
697.00,681.00,676.00
701.00,681.00,697.00
679.00,683.00,699.00
682.00,699.00,683.00
686.00,702.00,703.00
685.00,702.00,686.00
687.00,686.00,704.00
686.00,703.00,704.00
704.00,688.00,687.00
705.00,688.00,704.00
685.00,689.00,702.00
702.00,689.00,706.00
688.00,705.00,707.00
690.00,688.00,707.00
707.00,691.00,690.00
708.00,691.00,707.00
689.00,692.00,706.00
706.00,692.00,709.00
691.00,708.00,693.00
708.00,710.00,693.00
692.00,694.00,709.00
709.00,694.00,711.00
693.00,710.00,695.00
710.00,712.00,695.00
694.00,696.00,711.00
711.00,696.00,713.00
695.00,712.00,697.00
712.00,714.00,697.00
696.00,715.00,713.00
698.00,715.00,696.00
700.00,716.00,698.00
698.00,716.00,715.00
701.00,717.00,700.00
700.00,717.00,716.00
714.00,701.00,697.00
717.00,701.00,714.00
703.00,718.00,719.00
702.00,718.00,703.00
704.00,703.00,720.00
703.00,719.00,720.00
720.00,705.00,704.00
721.00,705.00,720.00
702.00,706.00,718.00
718.00,706.00,722.00
705.00,721.00,723.00
707.00,705.00,723.00
723.00,708.00,707.00
724.00,708.00,723.00
706.00,709.00,722.00
722.00,709.00,725.00
708.00,724.00,710.00
724.00,726.00,710.00
709.00,711.00,725.00
725.00,711.00,727.00
710.00,726.00,712.00
726.00,728.00,712.00
711.00,713.00,727.00
727.00,713.00,729.00
712.00,728.00,714.00
728.00,730.00,714.00
713.00,731.00,729.00
715.00,731.00,713.00
716.00,732.00,715.00
715.00,732.00,731.00
717.00,733.00,716.00
716.00,733.00,732.00
730.00,717.00,714.00
733.00,717.00,730.00
719.00,734.00,735.00
718.00,734.00,719.00
720.00,719.00,736.00
719.00,735.00,736.00
736.00,721.00,720.00
737.00,721.00,736.00
718.00,722.00,734.00
734.00,722.00,738.00
739.00,723.00,721.00
739.00,721.00,740.00
740.00,721.00,737.00
723.00,739.00,724.00
722.00,725.00,738.00
738.00,725.00,741.00
739.00,740.00,742.00
742.00,724.00,739.00
742.00,743.00,724.00
743.00,726.00,724.00
725.00,727.00,741.00
741.00,727.00,744.00
726.00,743.00,728.00
743.00,745.00,728.00
727.00,729.00,744.00
744.00,729.00,746.00
747.00,748.00,749.00
747.00,745.00,748.00
747.00,730.00,745.00
730.00,728.00,745.00
729.00,750.00,746.00
731.00,750.00,729.00
732.00,751.00,731.00
731.00,751.00,750.00
749.00,733.00,747.00
749.00,751.00,733.00
751.00,732.00,733.00
730.00,747.00,733.00
735.00,752.00,753.00
734.00,752.00,735.00
754.00,753.00,755.00
754.00,736.00,753.00
736.00,735.00,753.00
736.00,754.00,737.00
734.00,738.00,752.00
752.00,738.00,756.00
754.00,755.00,757.00
757.00,737.00,754.00
757.00,758.00,737.00
758.00,740.00,737.00
738.00,741.00,756.00
756.00,741.00,759.00
760.00,742.00,740.00
760.00,740.00,761.00
761.00,740.00,758.00
742.00,760.00,743.00
741.00,744.00,759.00
759.00,744.00,762.00
763.00,760.00,761.00
764.00,763.00,761.00
743.00,763.00,745.00
760.00,763.00,743.00
744.00,746.00,762.00
762.00,746.00,765.00
766.00,767.00,768.00
764.00,767.00,766.00
763.00,764.00,766.00
763.00,766.00,749.00
763.00,749.00,748.00
745.00,763.00,748.00
746.00,769.00,765.00
750.00,769.00,746.00
768.00,751.00,766.00
768.00,769.00,751.00
769.00,750.00,751.00
749.00,766.00,751.00
753.00,752.00,770.00
753.00,770.00,755.00
770.00,771.00,772.00
770.00,752.00,771.00
752.00,756.00,771.00
773.00,772.00,774.00
757.00,772.00,773.00
757.00,770.00,772.00
757.00,755.00,770.00
757.00,773.00,758.00
756.00,759.00,771.00
771.00,759.00,775.00
776.00,773.00,774.00
777.00,776.00,774.00
758.00,776.00,761.00
773.00,776.00,758.00
759.00,762.00,775.00
775.00,762.00,778.00
779.00,776.00,777.00
780.00,779.00,777.00
761.00,779.00,764.00
776.00,779.00,761.00
781.00,765.00,782.00
781.00,778.00,765.00
778.00,762.00,765.00
780.00,781.00,782.00
779.00,780.00,782.00
779.00,782.00,768.00
779.00,768.00,767.00
764.00,779.00,767.00
765.00,769.00,782.00
768.00,782.00,769.00
772.00,771.00,783.00
772.00,783.00,774.00
783.00,775.00,784.00
771.00,775.00,783.00
774.00,784.00,777.00
783.00,784.00,774.00
784.00,785.00,786.00
784.00,775.00,785.00
775.00,778.00,785.00
786.00,777.00,784.00
786.00,787.00,777.00
787.00,780.00,777.00
778.00,788.00,785.00
781.00,788.00,778.00
787.00,781.00,780.00
788.00,781.00,787.00
786.00,785.00,789.00
786.00,789.00,787.00
785.00,788.00,789.00
787.00,789.00,788.00
