96.60,101.69,88.83
96.72,101.73,88.46
96.73,101.54,88.72
96.86,101.67,88.99
96.51,102.06,88.83
96.65,102.11,88.31
96.74,101.93,89.21
96.43,102.50,88.73
96.74,102.48,88.25
96.65,102.22,89.41
96.48,102.51,89.38
96.78,102.46,89.75
96.48,102.92,88.75
96.84,102.95,88.32
96.43,102.93,89.38
96.73,102.80,89.86
96.59,103.21,88.75
96.49,103.35,89.31
96.61,103.52,88.92
96.71,103.24,89.86
96.57,103.71,89.33
96.73,103.86,89.04
96.74,103.65,89.75
96.78,103.90,89.50
96.94,101.63,88.62
97.05,101.99,88.25
97.24,101.79,88.73
97.23,101.92,89.23
97.18,102.48,88.10
97.03,102.19,89.58
97.16,102.52,89.87
97.25,102.85,88.11
97.15,102.92,90.03
96.77,103.33,88.54
97.12,103.28,88.25
97.14,103.36,90.02
96.84,103.66,88.59
97.15,103.75,88.29
97.19,103.79,89.87
96.96,104.06,88.74
97.23,104.21,88.34
97.04,104.09,89.39
97.05,104.24,89.10
97.08,104.33,88.82
97.56,102.11,88.34
97.56,101.90,88.84
97.61,101.97,89.12
97.55,102.54,88.10
97.59,102.19,89.39
97.62,102.59,89.82
97.60,102.90,88.11
97.51,102.99,90.02
97.57,103.33,88.13
97.58,103.33,90.02
97.55,103.76,88.13
97.65,103.68,90.00
97.61,104.11,88.13
97.22,104.37,89.34
97.52,104.08,89.86
97.24,104.55,88.75
97.58,104.54,88.33
97.35,104.67,89.27
97.57,104.50,89.75
97.54,104.84,88.92
97.61,104.80,89.48
97.81,102.07,88.76
97.94,102.42,88.27
98.07,102.25,88.82
97.89,102.35,89.39
98.18,102.36,89.20
98.03,102.89,88.12
98.00,102.53,89.58
97.95,102.87,89.87
98.01,103.32,88.12
98.00,103.31,90.00
97.98,103.73,88.13
97.99,103.73,90.02
97.96,104.17,88.15
97.98,104.16,90.00
98.06,104.60,88.29
97.97,104.59,89.84
97.95,104.88,88.75
97.95,104.89,89.38
98.40,102.52,88.35
98.38,102.32,88.80
98.43,102.38,89.07
98.39,102.94,88.14
98.42,102.59,89.37
98.45,102.98,89.79
98.43,103.30,88.16
98.34,103.37,89.99
98.38,103.73,88.17
98.40,103.72,90.02
98.34,104.21,88.14
98.41,104.16,90.01
98.38,104.64,88.21
98.39,104.59,89.83
98.43,104.89,88.68
98.38,104.88,89.35
98.62,102.48,88.76
98.74,102.83,88.36
98.82,102.68,88.91
98.72,102.77,89.38
98.96,102.81,89.07
98.84,103.29,88.19
98.89,102.93,89.46
98.78,103.26,89.85
98.65,103.78,88.14
98.82,103.71,90.00
98.59,104.09,88.02
98.81,104.15,87.73
98.80,103.86,87.93
98.81,104.15,90.01
98.56,104.45,87.96
98.90,104.55,87.74
98.81,104.58,89.84
98.73,104.82,88.25
98.85,104.96,88.87
98.81,104.87,89.39
99.04,102.89,88.58
99.04,103.29,88.00
99.23,103.40,87.80
99.28,103.10,88.24
99.19,102.92,88.91
99.23,103.06,89.41
99.28,103.38,89.79
98.93,103.55,87.96
99.09,103.77,87.67
99.16,103.78,90.00
99.20,104.15,87.51
99.22,104.14,90.01
99.30,104.61,87.61
99.26,104.61,89.87
99.08,104.87,88.09
99.09,104.98,88.74
99.16,104.93,89.39
99.52,103.30,87.90
99.64,103.18,88.28
99.54,103.08,88.83
99.53,103.18,89.37
99.76,103.22,89.07
99.53,103.67,87.61
99.83,103.38,88.09
99.71,103.34,89.46
99.60,103.67,89.87
99.62,104.13,87.47
99.64,104.12,90.01
99.69,104.50,87.47
99.69,104.49,90.01
99.34,104.99,88.00
99.67,104.93,87.70
99.32,105.09,88.56
99.38,105.09,89.23
99.58,104.89,89.80
99.61,105.22,88.28
99.62,105.27,88.96
99.68,105.19,89.52
99.81,103.22,88.62
100.00,103.77,87.68
100.18,103.48,88.20
100.04,103.33,88.88
99.99,103.44,89.52
100.06,103.71,89.84
99.96,104.20,87.48
100.06,104.13,90.01
100.04,104.56,87.48
100.03,104.56,90.01
100.14,104.97,87.64
100.06,105.02,89.87
99.93,105.24,88.02
99.96,105.39,88.67
99.96,105.34,89.40
100.33,103.71,87.91
100.46,103.59,88.28
100.45,103.46,88.77
100.36,103.47,89.39
100.52,103.79,89.79
100.34,104.08,87.61
100.64,103.79,88.11
100.40,104.19,90.01
100.45,104.55,87.49
100.45,104.55,90.02
100.56,104.95,87.63
100.51,104.91,90.01
100.29,105.29,88.09
100.23,105.48,88.65
100.54,105.49,88.39
100.19,105.51,89.21
100.39,105.32,89.79
100.44,105.64,88.95
100.48,105.61,89.49
100.68,103.62,88.65
100.71,103.60,89.22
100.80,104.17,87.68
100.99,103.89,88.20
100.93,103.72,88.83
100.89,103.76,89.50
100.84,104.08,89.87
100.80,104.61,87.51
100.88,104.54,90.01
100.96,104.94,87.64
100.85,104.98,90.01
100.74,105.25,87.95
100.95,105.49,88.29
100.84,105.40,89.85
100.84,105.68,88.80
100.82,105.68,89.41
101.13,104.13,87.91
101.36,104.08,88.33
101.27,103.88,88.77
101.19,103.88,89.39
101.34,104.20,89.79
101.21,104.55,87.66
101.37,104.31,88.00
101.22,104.61,90.01
101.35,105.06,87.66
101.27,104.98,90.01
101.12,105.28,87.93
101.28,105.51,88.20
101.29,105.45,89.87
101.25,105.68,88.61
101.24,105.75,89.30
101.51,104.02,88.76
101.52,104.02,89.21
101.54,104.54,87.89
101.64,104.38,88.20
101.76,104.18,88.79
101.70,104.18,89.48
101.65,104.48,89.88
101.63,104.86,87.67
101.84,104.65,87.94
101.69,104.94,90.02
101.42,105.38,87.90
101.76,105.31,87.72
101.73,105.32,90.02
101.58,105.61,88.19
101.58,105.80,88.74
101.51,105.88,89.32
101.68,105.94,88.98
101.62,105.71,89.79
101.75,106.00,89.42
102.08,104.49,88.27
102.23,104.25,88.79
102.01,104.24,89.39
102.10,104.52,89.84
102.02,104.98,87.74
102.17,104.76,87.99
102.11,104.95,90.02
102.16,105.31,87.78
102.07,105.39,90.02
101.98,105.64,88.11
101.87,105.88,88.57
102.23,105.80,88.33
102.10,105.85,89.87
101.96,106.04,88.87
102.10,106.15,89.38
102.51,104.51,88.40
102.58,104.31,88.85
102.41,104.28,89.36
102.56,104.60,89.79
102.35,105.09,87.93
102.45,104.84,88.13
102.44,105.01,90.01
102.32,105.45,88.00
102.51,105.37,88.11
102.49,105.38,90.02
102.43,105.79,88.26
102.54,105.74,90.00
102.38,106.10,88.66
102.32,106.29,89.31
102.50,106.34,88.97
102.43,106.14,89.79
102.57,106.41,89.42
102.78,104.51,88.66
102.77,104.41,89.20
102.79,104.89,88.24
103.05,104.61,88.83
102.94,104.58,89.48
102.88,104.89,89.87
102.72,105.31,87.99
102.85,105.44,87.77
103.00,105.11,87.93
102.92,105.35,90.01
102.63,105.73,88.04
103.00,105.81,87.69
102.89,105.80,90.00
102.76,106.09,88.16
102.66,106.27,88.57
102.83,106.28,88.33
102.92,106.25,89.87
102.84,106.47,88.76
102.88,106.55,89.49
103.23,104.83,88.28
103.45,104.65,88.79
103.24,104.64,89.39
103.33,104.92,89.83
103.20,105.37,87.64
103.42,105.06,87.94
103.33,105.35,90.01
103.38,105.70,87.50
103.31,105.78,90.01
103.00,106.23,88.03
103.38,106.19,87.64
103.37,106.14,89.99
103.16,106.50,88.17
103.09,106.67,88.66
103.23,106.68,88.36
103.05,106.72,89.24
103.29,106.59,89.83
103.28,106.87,88.75
103.29,106.92,89.48
103.75,104.90,88.37
103.80,104.71,88.87
103.64,104.69,89.37
103.79,105.01,89.78
103.67,105.41,87.68
103.80,105.14,88.01
103.68,105.41,90.00
103.67,105.82,87.50
103.72,105.77,90.01
103.79,106.12,87.51
103.73,106.19,90.01
103.40,106.64,88.04
103.77,106.60,87.66
103.78,106.55,90.00
103.56,106.90,88.16
103.49,107.10,88.64
103.70,107.14,88.28
103.46,107.14,89.23
103.66,106.95,89.80
103.76,107.31,88.83
103.76,107.26,89.48
103.99,104.84,88.75
103.99,104.83,89.20
104.02,105.37,87.91
104.11,105.20,88.20
104.20,105.02,88.71
104.22,105.06,89.38
104.16,105.39,89.82
104.03,105.73,87.64
104.31,105.46,87.96
104.08,105.83,89.98
104.09,106.22,87.51
104.15,106.20,90.01
104.16,106.72,87.50
104.14,106.62,90.01
103.82,107.00,87.91
104.13,107.08,87.70
104.12,107.04,89.85
104.07,107.31,88.26
104.17,107.41,88.88
104.12,107.32,89.39
104.47,105.27,88.38
104.51,105.17,88.94
104.47,105.24,89.39
104.64,105.28,89.13
104.42,105.78,87.64
104.69,105.46,88.13
104.65,105.43,89.36
104.56,105.81,89.81
104.32,106.12,87.39
104.48,106.26,87.17
104.63,105.93,87.32
104.50,106.25,90.00
104.28,106.48,87.34
104.63,106.64,87.09
104.56,106.61,90.01
104.41,106.83,87.37
104.52,107.14,87.50
104.55,107.03,89.85
104.31,107.42,87.99
104.54,107.46,87.76
104.41,107.50,88.40
104.53,107.44,88.88
104.55,107.32,89.41
104.60,107.63,88.25
104.71,105.33,88.76
104.86,105.66,87.64
105.07,105.47,88.12
104.91,105.46,88.80
104.85,105.64,89.39
105.12,105.66,89.22
104.84,106.20,87.04
105.06,105.87,87.30
104.97,105.82,89.58
104.94,106.15,89.87
105.02,106.53,86.91
105.00,106.61,89.98
104.66,107.02,87.29
105.03,106.97,87.08
104.98,107.03,89.83
104.89,107.26,87.36
104.99,107.51,87.63
104.67,107.57,88.72
104.90,107.52,89.09
105.01,107.34,89.46
104.94,107.74,88.15
104.95,107.69,88.74
105.34,105.69,87.64
105.48,105.45,88.13
105.27,105.47,88.71
105.51,105.74,89.22
105.27,106.19,87.07
105.45,105.96,87.36
105.28,105.94,89.54
105.38,106.30,89.76
105.38,106.60,87.03
105.38,106.73,89.82
105.43,106.96,87.14
105.32,107.08,89.72
105.26,107.28,87.32
105.52,107.45,87.64
105.44,107.23,89.50
105.33,107.49,89.24
105.38,107.77,88.14
105.36,107.76,88.75
105.72,105.66,87.81
105.89,105.51,88.22
105.67,105.45,88.73
105.86,105.67,89.14
105.63,106.28,87.32
105.78,106.02,87.64
105.58,106.12,89.49
105.84,106.10,89.36
105.68,106.71,87.33
105.89,106.48,87.66
105.67,106.48,89.55
105.89,106.59,89.39
105.59,107.10,87.37
105.82,106.99,87.65
105.63,106.91,89.55
105.80,107.07,89.39
105.84,107.40,87.81
105.79,107.47,89.22
105.78,107.71,88.14
105.79,107.75,88.74
106.04,105.85,87.97
106.26,105.74,88.31
106.09,105.54,88.75
106.26,105.83,89.14
106.08,106.28,87.96
106.27,106.10,88.14
106.16,106.22,89.34
106.07,106.72,87.96
106.31,106.49,88.12
106.22,106.58,89.38
106.06,107.17,87.97
106.31,106.94,88.13
106.22,107.03,89.39
106.04,107.53,88.12
106.33,107.37,88.36
106.21,107.46,89.14
106.13,107.66,88.61
106.42,105.74,88.68
106.59,106.15,88.35
106.63,105.92,88.83
106.65,106.21,89.17
106.58,106.67,88.17
106.59,106.65,89.37
106.70,107.02,88.38
106.63,107.08,89.18
106.63,107.27,88.71
106.43,107.45,88.87
106.88,106.17,88.69
106.97,106.55,88.43
107.07,106.37,88.83
106.98,106.64,89.07
107.06,106.81,88.66
106.88,107.02,88.83
107.18,106.59,88.74
