102.22,109.48,85.77
102.38,109.51,85.30
102.51,109.25,85.51
102.48,109.19,86.05
102.24,109.54,86.35
102.51,109.35,86.66
102.23,109.81,85.54
102.45,109.87,85.25
102.22,109.89,86.11
102.46,109.79,86.67
102.47,110.16,85.84
102.53,110.11,86.38
102.66,109.03,86.34
102.95,108.99,85.83
102.88,108.80,86.18
102.84,109.09,86.69
102.73,109.45,85.19
102.88,109.20,85.60
102.79,109.55,86.87
102.62,109.92,84.90
102.83,109.85,84.53
103.04,109.59,84.98
102.88,109.91,86.69
102.63,110.18,84.38
102.80,110.36,83.97
102.97,110.02,84.16
102.58,110.42,84.85
102.61,110.31,85.42
102.91,110.34,85.99
102.90,110.17,86.31
102.66,110.60,84.31
102.97,110.71,83.98
102.73,110.75,84.76
102.88,110.65,85.30
102.97,110.52,85.76
102.92,110.91,84.50
103.03,108.62,86.46
103.20,108.65,85.85
103.37,108.40,86.09
103.31,108.34,86.64
103.08,108.69,87.00
103.27,108.65,87.26
103.41,108.94,85.63
103.08,109.04,86.93
103.24,108.99,87.24
103.13,109.39,85.38
103.42,109.34,85.72
103.47,109.34,86.89
103.21,109.54,86.74
103.22,109.76,84.59
103.40,109.66,85.09
103.36,109.54,85.39
103.34,110.09,86.13
103.23,109.91,86.49
103.47,109.78,86.30
103.17,110.30,83.85
103.46,109.95,84.31
103.27,110.39,85.97
103.37,110.76,83.88
102.99,110.87,84.99
103.32,110.73,85.42
103.32,110.53,85.69
103.29,111.04,84.44
103.30,110.97,85.02
103.44,108.22,87.09
103.72,108.19,86.48
103.78,108.00,86.77
103.77,107.92,87.43
103.47,108.28,87.61
103.67,108.19,87.95
103.64,108.63,85.80
103.73,108.38,86.17
103.44,108.65,87.53
103.60,108.56,87.93
103.77,109.06,85.84
103.84,108.97,87.60
103.58,109.07,87.30
103.73,109.37,86.27
103.55,109.57,86.28
103.82,109.30,86.78
103.57,109.85,85.01
103.56,109.77,85.70
103.61,110.26,83.87
103.88,109.97,84.37
103.77,109.97,85.00
103.76,110.34,85.51
103.60,110.15,85.64
103.70,110.68,83.71
103.75,110.73,85.47
103.48,111.15,84.26
103.58,111.06,83.93
103.70,111.25,84.75
103.76,111.03,85.12
103.74,111.36,84.28
103.95,107.70,87.47
104.13,107.80,87.10
104.24,107.59,87.49
104.06,107.69,87.89
104.06,108.15,86.50
104.11,108.00,86.80
103.94,107.97,88.18
103.85,108.36,88.33
104.21,108.12,88.60
104.02,108.80,86.21
104.15,108.50,86.41
103.84,108.74,88.20
104.15,108.57,88.57
103.97,109.16,86.32
104.21,108.95,86.92
103.98,109.10,86.86
104.23,109.08,87.62
104.15,108.94,88.18
104.02,110.25,83.92
104.23,110.03,84.49
104.09,110.03,85.02
104.16,110.39,85.41
103.93,110.61,83.58
104.09,110.75,83.36
104.29,110.41,83.72
104.10,110.75,85.40
103.83,111.05,83.65
104.20,111.16,83.27
104.23,110.90,85.18
104.14,111.13,85.06
103.95,111.45,83.79
103.95,111.62,84.30
104.11,111.70,83.94
104.08,111.46,84.81
104.25,111.76,84.43
104.49,107.72,87.06
104.69,107.51,87.52
104.45,107.54,88.07
104.24,107.77,88.38
104.58,107.79,88.57
104.40,108.36,86.64
104.56,108.09,86.84
104.61,108.28,88.65
104.45,108.74,86.81
104.72,108.59,87.04
104.47,108.74,88.50
104.52,108.95,87.33
104.54,108.94,88.00
104.40,110.24,84.39
104.38,110.18,84.94
104.49,110.72,83.28
104.62,110.44,83.79
104.58,110.42,84.36
104.62,110.80,84.87
104.43,110.52,85.04
104.54,111.09,83.07
104.49,111.20,85.04
104.23,111.56,83.52
104.59,111.49,83.28
104.56,111.55,84.88
104.49,111.82,83.90
104.62,111.82,84.52
104.90,107.80,87.10
105.07,107.59,87.59
104.89,107.55,88.14
104.95,107.89,88.47
105.01,108.23,87.10
104.94,108.31,88.28
105.14,108.09,88.14
105.07,108.38,87.85
105.02,108.49,87.40
104.85,108.68,87.72
104.76,108.63,88.31
104.84,110.64,83.61
104.84,110.56,84.20
104.92,111.09,83.26
105.09,110.81,83.90
105.01,110.80,84.50
104.94,111.17,84.83
105.01,111.66,83.27
104.91,111.62,84.74
104.94,111.82,83.82
104.88,111.82,84.32
105.20,107.88,87.40
105.19,107.79,87.98
105.20,108.17,87.63
105.28,111.14,83.75
105.21,111.03,84.32
105.30,111.41,83.28
105.48,111.31,83.75
105.52,111.45,84.18
105.23,111.48,84.32
105.14,111.98,83.66
105.35,111.94,83.31
105.37,111.83,84.17
105.41,112.11,83.88
105.64,111.50,83.25
105.81,111.30,83.80
105.81,111.52,84.22
105.54,111.87,82.97
105.69,112.02,82.74
105.87,111.65,82.89
105.78,111.95,84.23
105.57,112.29,83.10
105.84,112.37,82.75
105.76,112.27,83.78
105.74,112.49,83.47
105.80,112.55,83.19
106.21,111.43,83.39
106.16,111.34,83.91
106.21,111.62,84.15
106.04,111.95,82.61
106.27,111.62,82.85
106.14,112.00,84.13
106.26,112.37,82.65
106.26,112.15,83.90
106.11,112.43,83.61
106.15,112.58,83.12
106.38,111.46,83.83
106.48,111.93,82.61
106.63,111.67,83.10
106.45,111.74,83.79
106.63,111.97,83.62
106.71,112.36,82.65
106.59,112.36,83.58
106.59,112.57,83.13
106.93,111.93,82.64
107.06,111.71,83.12
107.07,111.93,83.59
107.17,112.34,82.66
107.04,112.36,83.58
107.04,112.57,83.11
107.37,111.91,82.75
107.42,111.75,83.22
107.47,112.05,83.50
107.54,112.26,82.81
107.39,112.43,83.44
107.41,112.51,83.03
107.63,111.98,83.05
107.62,112.28,83.21
108.45,113.18,82.58
108.54,113.20,82.18
108.67,112.96,82.42
108.69,113.05,82.82
108.43,113.48,82.43
108.69,113.61,82.07
108.65,113.48,82.92
108.59,113.79,82.58
108.97,113.16,82.08
108.97,112.94,82.57
109.10,113.20,82.93
109.04,113.55,81.85
109.04,113.55,83.15
108.78,114.01,82.42
109.09,114.02,82.02
109.02,113.95,82.98
109.03,114.26,82.58
109.28,113.10,82.42
109.44,113.53,82.02
109.50,113.29,82.58
109.51,113.60,82.98
109.49,114.00,81.85
109.49,114.00,83.15
109.25,114.45,82.42
109.56,114.39,82.08
109.43,114.35,82.93
109.56,114.61,82.57
109.75,113.54,82.42
109.84,113.94,82.07
109.94,113.76,82.58
109.88,114.07,82.92
109.99,114.35,82.18
109.84,114.50,82.82
109.86,114.59,82.42
110.10,114.07,82.43
110.08,114.37,82.58
