0.00,1.00,2.00
2.00,3.00,0.00
4.00,1.00,0.00
5.00,1.00,4.00
6.00,0.00,3.00
4.00,0.00,6.00
4.00,7.00,5.00
6.00,7.00,4.00
8.00,9.00,10.00
10.00,11.00,8.00
12.00,9.00,8.00
13.00,9.00,12.00
14.00,8.00,11.00
12.00,8.00,14.00
15.00,13.00,12.00
16.00,13.00,15.00
17.00,12.00,14.00
15.00,12.00,17.00
2.00,18.00,19.00
1.00,18.00,2.00
19.00,3.00,2.00
20.00,3.00,19.00
21.00,16.00,15.00
22.00,16.00,21.00
23.00,15.00,17.00
21.00,15.00,23.00
1.00,5.00,18.00
18.00,5.00,24.00
3.00,20.00,6.00
20.00,25.00,6.00
26.00,22.00,21.00
27.00,22.00,26.00
28.00,21.00,23.00
26.00,21.00,28.00
29.00,5.00,7.00
29.00,30.00,5.00
30.00,24.00,5.00
7.00,31.00,29.00
7.00,6.00,31.00
6.00,25.00,31.00
26.00,32.00,27.00
28.00,32.00,26.00
29.00,33.00,30.00
31.00,33.00,29.00
10.00,9.00,34.00
10.00,34.00,11.00
34.00,35.00,36.00
34.00,9.00,35.00
9.00,13.00,35.00
34.00,14.00,11.00
34.00,37.00,14.00
34.00,36.00,37.00
38.00,14.00,37.00
38.00,39.00,40.00
37.00,39.00,38.00
39.00,41.00,40.00
13.00,16.00,35.00
35.00,16.00,42.00
38.00,43.00,17.00
14.00,38.00,17.00
19.00,18.00,43.00
19.00,43.00,40.00
40.00,43.00,38.00
40.00,20.00,19.00
40.00,41.00,20.00
41.00,44.00,20.00
16.00,22.00,42.00
42.00,22.00,45.00
43.00,46.00,23.00
17.00,43.00,23.00
18.00,24.00,46.00
43.00,18.00,46.00
20.00,44.00,25.00
44.00,47.00,25.00
22.00,27.00,45.00
45.00,27.00,48.00
46.00,49.00,28.00
23.00,46.00,28.00
24.00,30.00,49.00
46.00,24.00,49.00
25.00,47.00,31.00
47.00,50.00,31.00
27.00,51.00,48.00
32.00,51.00,27.00
49.00,32.00,28.00
49.00,52.00,32.00
52.00,51.00,32.00
30.00,52.00,49.00
30.00,33.00,52.00
33.00,53.00,52.00
50.00,33.00,31.00
53.00,33.00,50.00
36.00,54.00,55.00
35.00,54.00,36.00
37.00,36.00,56.00
36.00,55.00,56.00
39.00,37.00,57.00
37.00,56.00,57.00
57.00,41.00,39.00
58.00,41.00,57.00
35.00,42.00,54.00
54.00,42.00,59.00
60.00,61.00,44.00
60.00,44.00,58.00
58.00,44.00,41.00
60.00,62.00,61.00
42.00,45.00,59.00
59.00,45.00,63.00
61.00,64.00,47.00
44.00,61.00,47.00
65.00,61.00,62.00
64.00,61.00,65.00
45.00,48.00,63.00
63.00,48.00,66.00
64.00,67.00,68.00
64.00,68.00,47.00
47.00,68.00,50.00
65.00,67.00,64.00
48.00,69.00,66.00
51.00,69.00,48.00
52.00,70.00,51.00
51.00,70.00,69.00
71.00,72.00,70.00
71.00,70.00,53.00
53.00,70.00,52.00
53.00,73.00,71.00
53.00,50.00,73.00
50.00,68.00,73.00
71.00,74.00,72.00
73.00,74.00,71.00
55.00,75.00,76.00
54.00,75.00,55.00
77.00,76.00,78.00
77.00,56.00,76.00
56.00,55.00,76.00
79.00,56.00,77.00
79.00,80.00,56.00
80.00,57.00,56.00
80.00,58.00,57.00
81.00,58.00,80.00
54.00,59.00,75.00
75.00,59.00,82.00
77.00,78.00,83.00
79.00,77.00,83.00
58.00,81.00,84.00
60.00,58.00,84.00
84.00,62.00,60.00
85.00,62.00,84.00
59.00,63.00,82.00
82.00,63.00,86.00
62.00,85.00,65.00
85.00,87.00,65.00
63.00,66.00,86.00
86.00,66.00,88.00
67.00,89.00,90.00
68.00,67.00,90.00
87.00,67.00,65.00
89.00,67.00,87.00
91.00,66.00,69.00
91.00,92.00,66.00
92.00,88.00,66.00
69.00,70.00,93.00
91.00,69.00,93.00
70.00,72.00,93.00
68.00,90.00,73.00
90.00,94.00,73.00
91.00,95.00,92.00
93.00,95.00,91.00
96.00,95.00,93.00
72.00,96.00,93.00
72.00,74.00,96.00
74.00,97.00,96.00
94.00,74.00,73.00
97.00,74.00,94.00
76.00,98.00,99.00
75.00,98.00,76.00
99.00,78.00,76.00
100.00,78.00,99.00
80.00,101.00,102.00
79.00,101.00,80.00
102.00,81.00,80.00
103.00,81.00,102.00
75.00,82.00,98.00
98.00,82.00,104.00
78.00,100.00,105.00
83.00,78.00,105.00
101.00,79.00,83.00
105.00,101.00,83.00
81.00,103.00,106.00
84.00,81.00,106.00
106.00,85.00,84.00
107.00,85.00,106.00
82.00,86.00,104.00
104.00,86.00,108.00
85.00,107.00,87.00
107.00,109.00,87.00
86.00,88.00,108.00
108.00,88.00,110.00
89.00,111.00,112.00
90.00,89.00,112.00
109.00,89.00,87.00
111.00,89.00,109.00
88.00,92.00,110.00
110.00,92.00,113.00
90.00,112.00,94.00
112.00,114.00,94.00
92.00,115.00,113.00
95.00,115.00,92.00
96.00,116.00,95.00
95.00,116.00,115.00
97.00,117.00,96.00
96.00,117.00,116.00
114.00,97.00,94.00
117.00,97.00,114.00
99.00,118.00,119.00
98.00,118.00,99.00
119.00,100.00,99.00
120.00,100.00,119.00
102.00,121.00,122.00
101.00,121.00,102.00
122.00,103.00,102.00
123.00,103.00,122.00
98.00,104.00,118.00
118.00,104.00,124.00
100.00,120.00,125.00
105.00,100.00,125.00
121.00,101.00,105.00
125.00,121.00,105.00
103.00,123.00,126.00
106.00,103.00,126.00
126.00,107.00,106.00
127.00,107.00,126.00
104.00,108.00,124.00
124.00,108.00,128.00
107.00,127.00,109.00
127.00,129.00,109.00
108.00,110.00,128.00
128.00,110.00,130.00
111.00,131.00,112.00
111.00,132.00,131.00
111.00,109.00,132.00
109.00,129.00,132.00
110.00,113.00,130.00
130.00,113.00,133.00
131.00,134.00,135.00
131.00,135.00,112.00
112.00,135.00,114.00
132.00,134.00,131.00
113.00,136.00,133.00
115.00,136.00,113.00
116.00,137.00,115.00
115.00,137.00,136.00
117.00,138.00,116.00
116.00,138.00,137.00
135.00,117.00,114.00
138.00,117.00,135.00
119.00,139.00,140.00
118.00,139.00,119.00
120.00,141.00,142.00
120.00,119.00,141.00
119.00,140.00,141.00
142.00,122.00,121.00
142.00,141.00,122.00
141.00,143.00,122.00
143.00,123.00,122.00
144.00,123.00,143.00
118.00,124.00,139.00
139.00,124.00,145.00
120.00,142.00,125.00
121.00,125.00,142.00
123.00,144.00,146.00
126.00,123.00,146.00
146.00,127.00,126.00
147.00,127.00,146.00
124.00,128.00,145.00
145.00,128.00,148.00
127.00,147.00,129.00
147.00,149.00,129.00
128.00,130.00,148.00
148.00,130.00,150.00
129.00,149.00,132.00
149.00,151.00,132.00
152.00,133.00,153.00
152.00,150.00,133.00
150.00,130.00,133.00
152.00,153.00,154.00
134.00,155.00,156.00
135.00,134.00,156.00
151.00,134.00,132.00
155.00,134.00,151.00
133.00,136.00,153.00
153.00,157.00,154.00
153.00,136.00,157.00
136.00,137.00,157.00
138.00,158.00,137.00
137.00,158.00,157.00
156.00,138.00,135.00
158.00,138.00,156.00
159.00,160.00,161.00
161.00,162.00,159.00
140.00,163.00,164.00
139.00,163.00,140.00
141.00,140.00,165.00
140.00,164.00,165.00
160.00,159.00,143.00
160.00,143.00,165.00
165.00,143.00,141.00
144.00,166.00,167.00
143.00,166.00,144.00
143.00,162.00,166.00
143.00,159.00,162.00
166.00,168.00,167.00
139.00,145.00,163.00
163.00,145.00,169.00
144.00,167.00,146.00
167.00,147.00,146.00
167.00,168.00,147.00
168.00,170.00,147.00
145.00,148.00,169.00
169.00,148.00,171.00
147.00,170.00,149.00
170.00,172.00,149.00
148.00,150.00,171.00
171.00,150.00,173.00
149.00,172.00,151.00
172.00,174.00,151.00
150.00,175.00,173.00
152.00,175.00,150.00
154.00,176.00,177.00
154.00,177.00,152.00
152.00,177.00,175.00
177.00,176.00,178.00
155.00,179.00,180.00
156.00,155.00,180.00
174.00,155.00,151.00
179.00,155.00,174.00
154.00,157.00,176.00
176.00,181.00,178.00
176.00,157.00,181.00
157.00,158.00,181.00
180.00,158.00,156.00
181.00,158.00,180.00
182.00,183.00,184.00
184.00,185.00,182.00
161.00,186.00,187.00
160.00,186.00,161.00
187.00,162.00,161.00
188.00,162.00,187.00
164.00,183.00,182.00
164.00,163.00,183.00
163.00,189.00,183.00
182.00,185.00,190.00
182.00,190.00,164.00
164.00,190.00,165.00
186.00,160.00,165.00
190.00,186.00,165.00
162.00,188.00,191.00
166.00,162.00,191.00
191.00,168.00,166.00
192.00,168.00,191.00
163.00,169.00,189.00
189.00,169.00,193.00
168.00,192.00,170.00
192.00,194.00,170.00
169.00,171.00,193.00
193.00,171.00,195.00
170.00,194.00,172.00
194.00,196.00,172.00
171.00,173.00,195.00
195.00,173.00,197.00
172.00,196.00,174.00
196.00,198.00,174.00
173.00,199.00,197.00
175.00,199.00,173.00
177.00,200.00,175.00
175.00,200.00,199.00
178.00,201.00,202.00
178.00,202.00,177.00
177.00,202.00,200.00
201.00,180.00,179.00
201.00,179.00,202.00
202.00,179.00,203.00
198.00,179.00,174.00
203.00,179.00,198.00
178.00,181.00,201.00
180.00,201.00,181.00
184.00,204.00,205.00
183.00,204.00,184.00
185.00,206.00,207.00
185.00,184.00,206.00
184.00,205.00,206.00
207.00,187.00,186.00
207.00,206.00,187.00
206.00,208.00,187.00
208.00,188.00,187.00
209.00,188.00,208.00
183.00,189.00,204.00
204.00,189.00,210.00
185.00,207.00,190.00
186.00,190.00,207.00
188.00,209.00,211.00
191.00,188.00,211.00
211.00,192.00,191.00
212.00,192.00,211.00
189.00,193.00,210.00
210.00,193.00,213.00
192.00,212.00,194.00
212.00,214.00,194.00
193.00,195.00,213.00
213.00,195.00,215.00
194.00,214.00,196.00
214.00,216.00,196.00
217.00,197.00,218.00
217.00,215.00,197.00
215.00,195.00,197.00
217.00,218.00,219.00
196.00,216.00,198.00
216.00,220.00,198.00
197.00,199.00,218.00
218.00,221.00,219.00
218.00,199.00,221.00
199.00,200.00,221.00
202.00,222.00,200.00
200.00,222.00,221.00
203.00,223.00,202.00
202.00,223.00,222.00
220.00,203.00,198.00
223.00,203.00,220.00
224.00,225.00,226.00
226.00,227.00,224.00
205.00,228.00,229.00
204.00,228.00,205.00
206.00,205.00,230.00
205.00,229.00,230.00
225.00,224.00,208.00
225.00,208.00,230.00
230.00,208.00,206.00
209.00,231.00,232.00
208.00,231.00,209.00
208.00,227.00,231.00
208.00,224.00,227.00
231.00,233.00,232.00
204.00,210.00,228.00
228.00,210.00,234.00
209.00,232.00,211.00
232.00,212.00,211.00
232.00,233.00,212.00
233.00,235.00,212.00
210.00,213.00,234.00
234.00,213.00,236.00
212.00,235.00,214.00
235.00,237.00,214.00
238.00,215.00,239.00
238.00,236.00,215.00
236.00,213.00,215.00
238.00,239.00,240.00
214.00,237.00,216.00
237.00,241.00,216.00
215.00,217.00,239.00
239.00,217.00,219.00
239.00,219.00,240.00
240.00,219.00,242.00
243.00,244.00,245.00
243.00,241.00,244.00
243.00,220.00,241.00
220.00,216.00,241.00
219.00,246.00,242.00
221.00,246.00,219.00
222.00,247.00,221.00
221.00,247.00,246.00
245.00,223.00,243.00
245.00,247.00,223.00
247.00,222.00,223.00
220.00,243.00,223.00
248.00,249.00,250.00
250.00,251.00,248.00
252.00,253.00,254.00
249.00,252.00,254.00
248.00,252.00,249.00
248.00,225.00,252.00
248.00,226.00,225.00
248.00,227.00,226.00
248.00,251.00,227.00
251.00,255.00,227.00
229.00,256.00,257.00
228.00,256.00,229.00
253.00,252.00,230.00
253.00,230.00,257.00
257.00,230.00,229.00
225.00,230.00,252.00
227.00,255.00,258.00
231.00,227.00,258.00
258.00,233.00,231.00
259.00,233.00,258.00
228.00,234.00,256.00
256.00,234.00,260.00
233.00,259.00,235.00
259.00,261.00,235.00
234.00,236.00,260.00
260.00,236.00,262.00
235.00,261.00,237.00
261.00,263.00,237.00
236.00,264.00,262.00
238.00,264.00,236.00
264.00,238.00,240.00
265.00,264.00,240.00
266.00,267.00,268.00
266.00,263.00,267.00
266.00,241.00,263.00
241.00,237.00,263.00
269.00,242.00,270.00
269.00,265.00,242.00
265.00,240.00,242.00
270.00,271.00,272.00
269.00,270.00,272.00
268.00,272.00,271.00
266.00,268.00,271.00
266.00,271.00,245.00
266.00,245.00,244.00
241.00,266.00,244.00
242.00,246.00,270.00
247.00,270.00,246.00
271.00,270.00,247.00
245.00,271.00,247.00
250.00,273.00,274.00
249.00,273.00,250.00
274.00,251.00,250.00
275.00,251.00,274.00
254.00,276.00,277.00
253.00,276.00,254.00
273.00,249.00,254.00
277.00,273.00,254.00
278.00,279.00,255.00
278.00,255.00,275.00
275.00,255.00,251.00
278.00,280.00,279.00
257.00,281.00,282.00
256.00,281.00,257.00
276.00,253.00,257.00
282.00,276.00,257.00
255.00,279.00,258.00
279.00,259.00,258.00
279.00,280.00,259.00
280.00,283.00,259.00
256.00,260.00,281.00
281.00,260.00,284.00
259.00,283.00,261.00
283.00,285.00,261.00
260.00,262.00,284.00
284.00,262.00,286.00
261.00,285.00,263.00
285.00,287.00,263.00
262.00,288.00,286.00
264.00,288.00,262.00
288.00,264.00,265.00
289.00,288.00,265.00
267.00,290.00,291.00
268.00,267.00,291.00
287.00,267.00,263.00
290.00,267.00,287.00
265.00,292.00,289.00
269.00,292.00,265.00
272.00,293.00,269.00
269.00,293.00,292.00
291.00,272.00,268.00
293.00,272.00,291.00
294.00,295.00,296.00
294.00,274.00,273.00
294.00,296.00,274.00
296.00,297.00,274.00
275.00,298.00,299.00
275.00,274.00,298.00
274.00,297.00,298.00
298.00,300.00,299.00
277.00,295.00,294.00
277.00,276.00,295.00
276.00,301.00,295.00
273.00,277.00,294.00
275.00,299.00,278.00
299.00,280.00,278.00
299.00,300.00,280.00
300.00,302.00,280.00
282.00,303.00,304.00
281.00,303.00,282.00
301.00,276.00,282.00
304.00,301.00,282.00
280.00,302.00,283.00
302.00,305.00,283.00
281.00,284.00,303.00
303.00,284.00,306.00
283.00,305.00,285.00
305.00,307.00,285.00
284.00,286.00,306.00
306.00,286.00,308.00
285.00,307.00,287.00
307.00,309.00,287.00
286.00,310.00,308.00
288.00,310.00,286.00
289.00,311.00,312.00
289.00,312.00,288.00
288.00,312.00,310.00
311.00,313.00,314.00
312.00,311.00,314.00
313.00,291.00,290.00
313.00,290.00,314.00
314.00,290.00,315.00
309.00,290.00,287.00
315.00,290.00,309.00
289.00,292.00,311.00
293.00,311.00,292.00
313.00,311.00,293.00
291.00,313.00,293.00
316.00,317.00,318.00
316.00,319.00,320.00
318.00,319.00,316.00
319.00,321.00,320.00
296.00,322.00,323.00
295.00,322.00,296.00
317.00,316.00,297.00
317.00,297.00,323.00
323.00,297.00,296.00
298.00,297.00,316.00
320.00,298.00,316.00
320.00,300.00,298.00
320.00,321.00,300.00
321.00,324.00,300.00
295.00,301.00,322.00
322.00,301.00,325.00
300.00,324.00,302.00
324.00,326.00,302.00
304.00,327.00,328.00
303.00,327.00,304.00
325.00,301.00,304.00
328.00,325.00,304.00
302.00,326.00,305.00
326.00,329.00,305.00
303.00,306.00,327.00
327.00,306.00,330.00
305.00,329.00,307.00
329.00,331.00,307.00
332.00,308.00,333.00
332.00,330.00,308.00
330.00,306.00,308.00
333.00,334.00,335.00
332.00,333.00,335.00
335.00,334.00,336.00
337.00,338.00,339.00
337.00,331.00,338.00
337.00,309.00,331.00
309.00,307.00,331.00
308.00,310.00,333.00
312.00,333.00,310.00
334.00,333.00,312.00
334.00,340.00,336.00
334.00,312.00,340.00
312.00,314.00,340.00
339.00,315.00,337.00
339.00,340.00,315.00
340.00,314.00,315.00
309.00,337.00,315.00
341.00,342.00,343.00
341.00,344.00,345.00
343.00,344.00,341.00
344.00,346.00,345.00
347.00,348.00,349.00
342.00,347.00,349.00
341.00,347.00,342.00
341.00,317.00,347.00
341.00,318.00,317.00
319.00,318.00,341.00
345.00,319.00,341.00
345.00,321.00,319.00
345.00,346.00,321.00
346.00,350.00,321.00
323.00,348.00,347.00
323.00,322.00,348.00
322.00,351.00,348.00
317.00,323.00,347.00
321.00,350.00,324.00
350.00,352.00,324.00
322.00,325.00,351.00
351.00,325.00,353.00
324.00,352.00,326.00
352.00,354.00,326.00
328.00,327.00,355.00
328.00,355.00,356.00
328.00,356.00,325.00
325.00,356.00,353.00
326.00,354.00,329.00
354.00,357.00,329.00
355.00,330.00,358.00
327.00,330.00,355.00
359.00,356.00,355.00
358.00,359.00,355.00
329.00,357.00,331.00
357.00,360.00,331.00
330.00,332.00,358.00
358.00,361.00,359.00
358.00,332.00,361.00
332.00,335.00,361.00
336.00,362.00,363.00
336.00,363.00,335.00
335.00,363.00,361.00
362.00,339.00,338.00
362.00,338.00,363.00
363.00,338.00,364.00
360.00,338.00,331.00
364.00,338.00,360.00
336.00,340.00,362.00
339.00,362.00,340.00
365.00,366.00,367.00
365.00,368.00,369.00
367.00,368.00,365.00
369.00,370.00,371.00
368.00,370.00,369.00
370.00,372.00,371.00
343.00,366.00,365.00
343.00,342.00,366.00
342.00,373.00,366.00
344.00,343.00,365.00
369.00,344.00,365.00
346.00,344.00,369.00
346.00,369.00,374.00
374.00,369.00,371.00
375.00,371.00,372.00
374.00,371.00,375.00
349.00,376.00,377.00
348.00,376.00,349.00
373.00,342.00,349.00
377.00,373.00,349.00
374.00,378.00,350.00
346.00,374.00,350.00
379.00,374.00,375.00
378.00,374.00,379.00
348.00,351.00,376.00
376.00,351.00,380.00
378.00,381.00,352.00
350.00,378.00,352.00
382.00,378.00,379.00
381.00,378.00,382.00
351.00,353.00,380.00
380.00,353.00,383.00
381.00,384.00,385.00
381.00,385.00,352.00
352.00,385.00,354.00
382.00,384.00,381.00
353.00,356.00,383.00
383.00,356.00,386.00
354.00,385.00,357.00
385.00,387.00,357.00
388.00,359.00,389.00
388.00,386.00,359.00
386.00,356.00,359.00
389.00,390.00,391.00
388.00,389.00,391.00
390.00,392.00,393.00
391.00,390.00,393.00
392.00,387.00,393.00
392.00,360.00,387.00
360.00,357.00,387.00
359.00,361.00,389.00
363.00,389.00,361.00
390.00,389.00,363.00
364.00,390.00,363.00
392.00,390.00,364.00
360.00,392.00,364.00
367.00,394.00,395.00
366.00,394.00,367.00
368.00,367.00,396.00
367.00,395.00,396.00
370.00,368.00,397.00
368.00,396.00,397.00
397.00,372.00,370.00
398.00,372.00,397.00
399.00,400.00,401.00
399.00,401.00,394.00
399.00,394.00,373.00
373.00,394.00,366.00
402.00,403.00,375.00
402.00,375.00,398.00
398.00,375.00,372.00
402.00,404.00,403.00
377.00,400.00,399.00
377.00,376.00,400.00
376.00,405.00,400.00
373.00,377.00,399.00
403.00,406.00,379.00
375.00,403.00,379.00
407.00,403.00,404.00
406.00,403.00,407.00
376.00,380.00,405.00
405.00,380.00,408.00
406.00,409.00,410.00
406.00,410.00,379.00
379.00,410.00,382.00
407.00,409.00,406.00
380.00,383.00,408.00
408.00,383.00,411.00
384.00,412.00,413.00
385.00,384.00,413.00
410.00,384.00,382.00
412.00,384.00,410.00
414.00,386.00,415.00
414.00,411.00,386.00
411.00,383.00,386.00
414.00,415.00,416.00
417.00,418.00,419.00
417.00,413.00,418.00
417.00,387.00,413.00
387.00,385.00,413.00
386.00,388.00,415.00
415.00,420.00,416.00
415.00,388.00,420.00
388.00,391.00,420.00
419.00,393.00,417.00
419.00,420.00,393.00
420.00,391.00,393.00
387.00,417.00,393.00
421.00,422.00,423.00
423.00,424.00,421.00
425.00,426.00,427.00
422.00,425.00,427.00
422.00,421.00,425.00
421.00,428.00,425.00
429.00,421.00,424.00
429.00,430.00,421.00
430.00,428.00,421.00
429.00,431.00,430.00
432.00,433.00,434.00
426.00,432.00,434.00
425.00,432.00,426.00
425.00,394.00,432.00
425.00,395.00,394.00
396.00,395.00,425.00
428.00,396.00,425.00
397.00,396.00,428.00
430.00,397.00,428.00
430.00,398.00,397.00
430.00,431.00,398.00
431.00,435.00,398.00
401.00,433.00,432.00
401.00,400.00,433.00
400.00,436.00,433.00
394.00,401.00,432.00
398.00,435.00,437.00
402.00,398.00,437.00
437.00,404.00,402.00
438.00,404.00,437.00
400.00,405.00,436.00
436.00,405.00,439.00
404.00,438.00,407.00
438.00,440.00,407.00
405.00,408.00,439.00
439.00,408.00,441.00
409.00,442.00,443.00
410.00,409.00,443.00
440.00,409.00,407.00
442.00,409.00,440.00
444.00,411.00,445.00
444.00,441.00,411.00
441.00,408.00,411.00
444.00,445.00,446.00
412.00,447.00,448.00
413.00,412.00,448.00
443.00,412.00,410.00
447.00,412.00,443.00
411.00,414.00,445.00
416.00,449.00,450.00
414.00,416.00,450.00
414.00,450.00,446.00
414.00,446.00,445.00
449.00,419.00,418.00
449.00,418.00,450.00
450.00,418.00,451.00
448.00,418.00,413.00
451.00,418.00,448.00
416.00,420.00,449.00
419.00,449.00,420.00
452.00,453.00,454.00
452.00,455.00,456.00
454.00,455.00,452.00
455.00,457.00,456.00
458.00,453.00,452.00
459.00,453.00,458.00
423.00,422.00,458.00
423.00,458.00,456.00
456.00,458.00,452.00
424.00,460.00,461.00
423.00,460.00,424.00
423.00,457.00,460.00
423.00,456.00,457.00
460.00,462.00,461.00
427.00,459.00,458.00
427.00,426.00,459.00
426.00,463.00,459.00
422.00,427.00,458.00
424.00,461.00,429.00
461.00,431.00,429.00
461.00,462.00,431.00
462.00,464.00,431.00
434.00,465.00,466.00
433.00,465.00,434.00
463.00,426.00,434.00
466.00,463.00,434.00
467.00,468.00,435.00
467.00,435.00,464.00
464.00,435.00,431.00
467.00,469.00,468.00
433.00,436.00,465.00
465.00,436.00,470.00
435.00,468.00,437.00
468.00,438.00,437.00
468.00,469.00,438.00
469.00,471.00,438.00
436.00,439.00,470.00
470.00,439.00,472.00
438.00,471.00,440.00
471.00,473.00,440.00
474.00,441.00,475.00
474.00,472.00,441.00
472.00,439.00,441.00
474.00,475.00,476.00
442.00,477.00,478.00
443.00,442.00,478.00
473.00,442.00,440.00
477.00,442.00,473.00
441.00,444.00,475.00
446.00,479.00,480.00
444.00,446.00,480.00
444.00,480.00,476.00
444.00,476.00,475.00
479.00,481.00,482.00
480.00,479.00,482.00
481.00,448.00,447.00
481.00,447.00,482.00
482.00,447.00,483.00
478.00,447.00,443.00
483.00,447.00,478.00
446.00,450.00,479.00
451.00,479.00,450.00
481.00,479.00,451.00
448.00,481.00,451.00
484.00,485.00,486.00
484.00,487.00,488.00
486.00,487.00,484.00
487.00,489.00,488.00
454.00,485.00,484.00
454.00,453.00,485.00
453.00,490.00,485.00
455.00,454.00,484.00
488.00,455.00,484.00
457.00,491.00,492.00
455.00,491.00,457.00
455.00,489.00,491.00
455.00,488.00,489.00
492.00,493.00,494.00
491.00,493.00,492.00
493.00,495.00,494.00
453.00,459.00,490.00
490.00,459.00,496.00
457.00,492.00,460.00
462.00,460.00,492.00
462.00,492.00,497.00
497.00,492.00,494.00
498.00,494.00,495.00
497.00,494.00,498.00
459.00,463.00,496.00
496.00,463.00,499.00
497.00,500.00,464.00
462.00,497.00,464.00
501.00,497.00,498.00
500.00,497.00,501.00
466.00,465.00,502.00
466.00,502.00,503.00
466.00,503.00,463.00
463.00,503.00,499.00
464.00,500.00,467.00
500.00,469.00,467.00
500.00,501.00,469.00
501.00,504.00,469.00
502.00,470.00,505.00
465.00,470.00,502.00
506.00,503.00,502.00
505.00,506.00,502.00
469.00,504.00,471.00
504.00,507.00,471.00
505.00,472.00,508.00
470.00,472.00,505.00
509.00,506.00,505.00
508.00,509.00,505.00
510.00,511.00,512.00
510.00,507.00,511.00
510.00,473.00,507.00
473.00,471.00,507.00
472.00,474.00,508.00
508.00,474.00,476.00
508.00,476.00,509.00
509.00,476.00,513.00
514.00,515.00,516.00
512.00,515.00,514.00
510.00,512.00,514.00
510.00,514.00,478.00
510.00,478.00,477.00
473.00,510.00,477.00
476.00,517.00,513.00
480.00,517.00,476.00
482.00,518.00,480.00
480.00,518.00,517.00
516.00,483.00,514.00
516.00,518.00,483.00
518.00,482.00,483.00
478.00,514.00,483.00
519.00,520.00,521.00
519.00,522.00,523.00
521.00,522.00,519.00
523.00,524.00,525.00
522.00,524.00,523.00
524.00,526.00,525.00
486.00,520.00,519.00
486.00,485.00,520.00
485.00,527.00,520.00
487.00,486.00,519.00
523.00,487.00,519.00
489.00,487.00,523.00
489.00,523.00,528.00
528.00,523.00,525.00
529.00,525.00,526.00
529.00,530.00,525.00
530.00,528.00,525.00
529.00,531.00,530.00
485.00,490.00,527.00
527.00,490.00,532.00
489.00,528.00,491.00
493.00,491.00,528.00
530.00,493.00,528.00
530.00,495.00,493.00
530.00,531.00,495.00
531.00,533.00,495.00
490.00,496.00,532.00
532.00,496.00,534.00
495.00,533.00,498.00
533.00,535.00,498.00
496.00,499.00,534.00
534.00,499.00,536.00
498.00,535.00,501.00
535.00,537.00,501.00
499.00,503.00,536.00
536.00,503.00,538.00
501.00,537.00,504.00
537.00,539.00,504.00
503.00,506.00,538.00
538.00,506.00,540.00
504.00,539.00,507.00
539.00,541.00,507.00
506.00,509.00,540.00
540.00,509.00,542.00
543.00,544.00,545.00
543.00,512.00,511.00
543.00,511.00,544.00
544.00,511.00,546.00
541.00,511.00,507.00
546.00,511.00,541.00
547.00,513.00,548.00
547.00,542.00,513.00
542.00,509.00,513.00
548.00,549.00,550.00
547.00,548.00,550.00
545.00,550.00,549.00
543.00,545.00,549.00
543.00,549.00,516.00
543.00,516.00,515.00
512.00,543.00,515.00
513.00,517.00,548.00
518.00,548.00,517.00
549.00,548.00,518.00
516.00,549.00,518.00
551.00,552.00,553.00
551.00,554.00,555.00
553.00,554.00,551.00
554.00,556.00,555.00
557.00,552.00,551.00
558.00,552.00,557.00
555.00,559.00,551.00
559.00,557.00,551.00
560.00,555.00,556.00
560.00,561.00,555.00
561.00,559.00,555.00
561.00,562.00,563.00
560.00,562.00,561.00
562.00,564.00,563.00
521.00,558.00,557.00
521.00,520.00,558.00
520.00,565.00,558.00
522.00,521.00,557.00
559.00,522.00,557.00
524.00,522.00,559.00
561.00,524.00,559.00
526.00,524.00,561.00
526.00,561.00,566.00
566.00,561.00,563.00
567.00,563.00,564.00
566.00,563.00,567.00
520.00,527.00,565.00
565.00,527.00,568.00
526.00,566.00,529.00
566.00,531.00,529.00
566.00,567.00,531.00
567.00,569.00,531.00
527.00,532.00,568.00
568.00,532.00,570.00
531.00,569.00,533.00
569.00,571.00,533.00
532.00,534.00,570.00
570.00,534.00,572.00
533.00,571.00,535.00
571.00,573.00,535.00
534.00,536.00,572.00
572.00,536.00,574.00
535.00,573.00,537.00
573.00,575.00,537.00
576.00,538.00,577.00
576.00,574.00,538.00
574.00,536.00,538.00
577.00,578.00,579.00
576.00,577.00,579.00
578.00,580.00,581.00
579.00,578.00,581.00
580.00,582.00,583.00
581.00,580.00,583.00
582.00,575.00,583.00
582.00,539.00,575.00
539.00,537.00,575.00
577.00,540.00,584.00
538.00,540.00,577.00
578.00,577.00,585.00
585.00,577.00,584.00
580.00,578.00,586.00
586.00,578.00,585.00
582.00,580.00,587.00
587.00,580.00,586.00
539.00,587.00,541.00
582.00,587.00,539.00
584.00,542.00,588.00
540.00,542.00,584.00
585.00,584.00,589.00
589.00,584.00,588.00
544.00,589.00,545.00
544.00,586.00,589.00
586.00,585.00,589.00
546.00,586.00,544.00
587.00,586.00,546.00
541.00,587.00,546.00
542.00,547.00,588.00
550.00,588.00,547.00
589.00,588.00,550.00
545.00,589.00,550.00
590.00,591.00,592.00
592.00,593.00,590.00
553.00,594.00,595.00
552.00,594.00,553.00
591.00,590.00,554.00
591.00,554.00,595.00
595.00,554.00,553.00
556.00,596.00,597.00
554.00,596.00,556.00
554.00,593.00,596.00
554.00,590.00,593.00
597.00,598.00,599.00
596.00,598.00,597.00
598.00,600.00,599.00
552.00,558.00,594.00
594.00,558.00,601.00
556.00,597.00,560.00
562.00,560.00,597.00
599.00,562.00,597.00
599.00,564.00,562.00
599.00,600.00,564.00
600.00,602.00,564.00
558.00,565.00,601.00
601.00,565.00,603.00
564.00,602.00,567.00
602.00,604.00,567.00
565.00,568.00,603.00
603.00,568.00,605.00
567.00,604.00,569.00
604.00,606.00,569.00
568.00,570.00,605.00
605.00,570.00,607.00
569.00,606.00,571.00
606.00,608.00,571.00
570.00,572.00,607.00
607.00,572.00,609.00
571.00,608.00,573.00
608.00,610.00,573.00
572.00,574.00,609.00
609.00,574.00,611.00
612.00,613.00,614.00
612.00,610.00,613.00
612.00,575.00,610.00
575.00,573.00,610.00
574.00,615.00,611.00
576.00,615.00,574.00
579.00,616.00,576.00
576.00,616.00,615.00
581.00,617.00,579.00
579.00,617.00,616.00
614.00,583.00,612.00
614.00,617.00,583.00
617.00,581.00,583.00
575.00,612.00,583.00
618.00,619.00,620.00
618.00,592.00,591.00
618.00,620.00,592.00
620.00,621.00,592.00
593.00,622.00,623.00
593.00,592.00,622.00
592.00,621.00,622.00
622.00,624.00,623.00
595.00,619.00,618.00
595.00,594.00,619.00
594.00,625.00,619.00
591.00,595.00,618.00
593.00,623.00,596.00
623.00,624.00,626.00
623.00,626.00,596.00
596.00,626.00,598.00
626.00,600.00,598.00
627.00,600.00,626.00
594.00,601.00,625.00
625.00,601.00,628.00
600.00,627.00,602.00
627.00,629.00,602.00
601.00,603.00,628.00
628.00,603.00,630.00
602.00,629.00,604.00
629.00,631.00,604.00
603.00,605.00,630.00
630.00,605.00,632.00
604.00,631.00,606.00
631.00,633.00,606.00
605.00,607.00,632.00
632.00,607.00,634.00
606.00,633.00,608.00
633.00,635.00,608.00
607.00,609.00,634.00
634.00,609.00,636.00
637.00,638.00,639.00
637.00,635.00,638.00
637.00,610.00,635.00
610.00,608.00,635.00
640.00,611.00,641.00
640.00,636.00,611.00
636.00,609.00,611.00
641.00,642.00,643.00
640.00,641.00,643.00
642.00,644.00,645.00
643.00,642.00,645.00
639.00,645.00,644.00
637.00,639.00,644.00
637.00,644.00,614.00
637.00,614.00,613.00
610.00,637.00,613.00
611.00,615.00,641.00
616.00,641.00,615.00
642.00,641.00,616.00
617.00,642.00,616.00
644.00,642.00,617.00
614.00,644.00,617.00
646.00,647.00,648.00
646.00,649.00,650.00
648.00,649.00,646.00
650.00,651.00,652.00
649.00,651.00,650.00
651.00,653.00,652.00
620.00,647.00,646.00
620.00,619.00,647.00
619.00,654.00,647.00
621.00,620.00,646.00
650.00,621.00,646.00
622.00,621.00,650.00
652.00,622.00,650.00
624.00,655.00,656.00
622.00,655.00,624.00
622.00,653.00,655.00
622.00,652.00,653.00
655.00,657.00,656.00
619.00,625.00,654.00
654.00,625.00,658.00
624.00,656.00,626.00
656.00,627.00,626.00
656.00,657.00,627.00
657.00,659.00,627.00
625.00,628.00,658.00
658.00,628.00,660.00
627.00,659.00,629.00
659.00,661.00,629.00
628.00,630.00,660.00
660.00,630.00,662.00
629.00,661.00,631.00
661.00,663.00,631.00
630.00,632.00,662.00
662.00,632.00,664.00
631.00,663.00,633.00
663.00,665.00,633.00
632.00,634.00,664.00
664.00,634.00,666.00
667.00,668.00,669.00
667.00,665.00,668.00
667.00,635.00,665.00
635.00,633.00,665.00
670.00,636.00,671.00
670.00,666.00,636.00
666.00,634.00,636.00
671.00,672.00,673.00
670.00,671.00,673.00
672.00,674.00,675.00
673.00,672.00,675.00
669.00,675.00,674.00
667.00,669.00,674.00
667.00,674.00,639.00
667.00,639.00,638.00
635.00,667.00,638.00
636.00,640.00,671.00
643.00,671.00,640.00
672.00,671.00,643.00
645.00,672.00,643.00
674.00,672.00,645.00
639.00,674.00,645.00
676.00,677.00,678.00
676.00,679.00,680.00
678.00,679.00,676.00
680.00,681.00,682.00
679.00,681.00,680.00
681.00,683.00,682.00
648.00,677.00,676.00
648.00,647.00,677.00
647.00,684.00,677.00
649.00,648.00,676.00
680.00,649.00,676.00
651.00,649.00,680.00
682.00,651.00,680.00
653.00,685.00,686.00
651.00,685.00,653.00
651.00,683.00,685.00
651.00,682.00,683.00
685.00,687.00,686.00
647.00,654.00,684.00
684.00,654.00,688.00
653.00,686.00,655.00
686.00,657.00,655.00
686.00,687.00,657.00
687.00,689.00,657.00
654.00,658.00,688.00
688.00,658.00,690.00
657.00,689.00,659.00
689.00,691.00,659.00
658.00,660.00,690.00
690.00,660.00,692.00
659.00,691.00,661.00
691.00,693.00,661.00
660.00,662.00,692.00
692.00,662.00,694.00
661.00,693.00,663.00
693.00,695.00,663.00
662.00,664.00,694.00
694.00,664.00,696.00
663.00,695.00,665.00
695.00,697.00,665.00
698.00,666.00,699.00
698.00,696.00,666.00
696.00,664.00,666.00
699.00,700.00,701.00
698.00,699.00,701.00
700.00,702.00,703.00
701.00,700.00,703.00
702.00,669.00,668.00
702.00,668.00,703.00
703.00,668.00,704.00
697.00,668.00,665.00
704.00,668.00,697.00
666.00,670.00,699.00
673.00,699.00,670.00
700.00,699.00,673.00
675.00,700.00,673.00
702.00,700.00,675.00
669.00,702.00,675.00
705.00,706.00,707.00
707.00,708.00,705.00
678.00,709.00,710.00
677.00,709.00,678.00
706.00,705.00,679.00
706.00,679.00,710.00
710.00,679.00,678.00
705.00,708.00,711.00
705.00,711.00,679.00
679.00,711.00,681.00
711.00,683.00,681.00
712.00,683.00,711.00
677.00,684.00,709.00
709.00,684.00,713.00
683.00,712.00,714.00
685.00,683.00,714.00
714.00,687.00,685.00
715.00,687.00,714.00
684.00,688.00,713.00
713.00,688.00,716.00
687.00,715.00,689.00
715.00,717.00,689.00
688.00,690.00,716.00
716.00,690.00,718.00
689.00,717.00,691.00
717.00,719.00,691.00
690.00,692.00,718.00
718.00,692.00,720.00
691.00,719.00,693.00
719.00,721.00,693.00
692.00,694.00,720.00
720.00,694.00,722.00
693.00,721.00,695.00
721.00,723.00,695.00
724.00,696.00,725.00
724.00,722.00,696.00
722.00,694.00,696.00
724.00,725.00,726.00
695.00,723.00,697.00
723.00,727.00,697.00
696.00,698.00,725.00
725.00,728.00,726.00
725.00,698.00,728.00
698.00,701.00,728.00
703.00,729.00,701.00
701.00,729.00,728.00
704.00,730.00,703.00
703.00,730.00,729.00
727.00,704.00,697.00
730.00,704.00,727.00
731.00,732.00,733.00
731.00,707.00,706.00
731.00,733.00,707.00
733.00,734.00,707.00
708.00,735.00,736.00
708.00,707.00,735.00
707.00,734.00,735.00
735.00,737.00,736.00
710.00,732.00,731.00
710.00,709.00,732.00
709.00,738.00,732.00
706.00,710.00,731.00
708.00,736.00,711.00
736.00,712.00,711.00
736.00,737.00,712.00
737.00,739.00,712.00
709.00,713.00,738.00
738.00,713.00,740.00
712.00,739.00,741.00
714.00,712.00,741.00
741.00,715.00,714.00
742.00,715.00,741.00
713.00,716.00,740.00
740.00,716.00,743.00
715.00,742.00,717.00
742.00,744.00,717.00
716.00,718.00,743.00
743.00,718.00,745.00
717.00,744.00,719.00
744.00,746.00,719.00
718.00,720.00,745.00
745.00,720.00,747.00
719.00,746.00,721.00
746.00,748.00,721.00
749.00,722.00,750.00
749.00,747.00,722.00
747.00,720.00,722.00
749.00,750.00,751.00
752.00,753.00,754.00
752.00,748.00,753.00
752.00,723.00,748.00
723.00,721.00,748.00
722.00,724.00,750.00
726.00,755.00,756.00
724.00,726.00,756.00
724.00,756.00,751.00
724.00,751.00,750.00
755.00,757.00,758.00
756.00,755.00,758.00
754.00,758.00,757.00
754.00,757.00,752.00
752.00,757.00,759.00
723.00,759.00,727.00
752.00,759.00,723.00
726.00,728.00,755.00
729.00,755.00,728.00
757.00,755.00,729.00
730.00,757.00,729.00
759.00,757.00,730.00
727.00,759.00,730.00
760.00,761.00,762.00
762.00,763.00,760.00
733.00,764.00,765.00
732.00,764.00,733.00
761.00,760.00,734.00
761.00,734.00,765.00
765.00,734.00,733.00
760.00,763.00,766.00
760.00,766.00,734.00
734.00,766.00,735.00
766.00,737.00,735.00
767.00,737.00,766.00
768.00,769.00,770.00
768.00,770.00,764.00
768.00,764.00,738.00
738.00,764.00,732.00
771.00,772.00,739.00
771.00,739.00,767.00
767.00,739.00,737.00
771.00,773.00,772.00
774.00,769.00,768.00
775.00,769.00,774.00
738.00,740.00,774.00
768.00,738.00,774.00
739.00,772.00,741.00
772.00,742.00,741.00
772.00,773.00,742.00
773.00,776.00,742.00
774.00,777.00,775.00
777.00,774.00,740.00
777.00,740.00,778.00
778.00,740.00,743.00
742.00,776.00,744.00
776.00,779.00,744.00
743.00,745.00,778.00
778.00,745.00,780.00
744.00,779.00,746.00
779.00,781.00,746.00
745.00,747.00,780.00
780.00,747.00,782.00
746.00,781.00,748.00
781.00,783.00,748.00
747.00,784.00,782.00
749.00,784.00,747.00
751.00,785.00,786.00
751.00,786.00,749.00
749.00,786.00,784.00
785.00,787.00,788.00
786.00,785.00,788.00
787.00,754.00,753.00
787.00,753.00,788.00
788.00,753.00,789.00
783.00,753.00,748.00
789.00,753.00,783.00
751.00,756.00,785.00
758.00,785.00,756.00
787.00,785.00,758.00
754.00,787.00,758.00
790.00,791.00,792.00
790.00,762.00,761.00
790.00,792.00,762.00
792.00,793.00,762.00
763.00,794.00,795.00
763.00,762.00,794.00
762.00,793.00,794.00
795.00,796.00,797.00
794.00,796.00,795.00
796.00,798.00,797.00
799.00,800.00,801.00
791.00,799.00,801.00
790.00,799.00,791.00
790.00,764.00,799.00
790.00,765.00,764.00
761.00,765.00,790.00
763.00,795.00,766.00
767.00,766.00,795.00
767.00,795.00,802.00
802.00,795.00,797.00
803.00,797.00,798.00
802.00,797.00,803.00
770.00,800.00,799.00
770.00,769.00,800.00
769.00,804.00,800.00
764.00,770.00,799.00
767.00,802.00,771.00
802.00,773.00,771.00
802.00,803.00,773.00
803.00,805.00,773.00
769.00,775.00,804.00
804.00,775.00,806.00
773.00,805.00,776.00
805.00,807.00,776.00
775.00,808.00,806.00
777.00,808.00,775.00
808.00,777.00,778.00
809.00,808.00,778.00
776.00,807.00,779.00
807.00,810.00,779.00
778.00,780.00,809.00
809.00,780.00,811.00
812.00,813.00,814.00
812.00,810.00,813.00
812.00,781.00,810.00
781.00,779.00,810.00
815.00,782.00,816.00
815.00,811.00,782.00
811.00,780.00,782.00
816.00,817.00,818.00
815.00,816.00,818.00
817.00,819.00,820.00
818.00,817.00,820.00
814.00,820.00,819.00
814.00,819.00,812.00
812.00,819.00,821.00
781.00,821.00,783.00
812.00,821.00,781.00
782.00,784.00,816.00
786.00,816.00,784.00
817.00,816.00,786.00
788.00,817.00,786.00
819.00,817.00,788.00
789.00,819.00,788.00
821.00,819.00,789.00
783.00,821.00,789.00
822.00,823.00,824.00
822.00,825.00,826.00
824.00,825.00,822.00
825.00,827.00,826.00
828.00,829.00,830.00
830.00,831.00,828.00
832.00,833.00,834.00
823.00,832.00,834.00
822.00,832.00,823.00
822.00,791.00,832.00
822.00,792.00,791.00
793.00,792.00,822.00
826.00,793.00,822.00
826.00,827.00,835.00
826.00,835.00,793.00
793.00,835.00,794.00
829.00,828.00,796.00
829.00,796.00,835.00
835.00,796.00,794.00
828.00,798.00,796.00
828.00,831.00,798.00
831.00,836.00,798.00
801.00,833.00,832.00
801.00,800.00,833.00
800.00,837.00,833.00
791.00,801.00,832.00
798.00,836.00,803.00
836.00,838.00,803.00
800.00,804.00,837.00
837.00,804.00,839.00
803.00,838.00,805.00
838.00,840.00,805.00
804.00,806.00,839.00
839.00,806.00,841.00
842.00,843.00,844.00
842.00,840.00,843.00
842.00,807.00,840.00
807.00,805.00,840.00
806.00,845.00,841.00
808.00,845.00,806.00
845.00,808.00,809.00
846.00,845.00,809.00
847.00,842.00,844.00
848.00,847.00,844.00
807.00,847.00,810.00
842.00,847.00,807.00
809.00,811.00,846.00
846.00,811.00,849.00
850.00,851.00,852.00
848.00,851.00,850.00
847.00,848.00,850.00
847.00,850.00,814.00
847.00,814.00,813.00
810.00,847.00,813.00
811.00,853.00,849.00
815.00,853.00,811.00
818.00,854.00,815.00
815.00,854.00,853.00
852.00,820.00,850.00
852.00,854.00,820.00
854.00,818.00,820.00
814.00,850.00,820.00
824.00,855.00,856.00
823.00,855.00,824.00
825.00,824.00,857.00
824.00,856.00,857.00
827.00,858.00,859.00
827.00,825.00,858.00
825.00,857.00,858.00
859.00,830.00,829.00
859.00,858.00,830.00
858.00,860.00,830.00
860.00,831.00,830.00
861.00,831.00,860.00
834.00,862.00,863.00
833.00,862.00,834.00
855.00,823.00,834.00
863.00,855.00,834.00
827.00,859.00,835.00
829.00,835.00,859.00
831.00,861.00,836.00
861.00,864.00,836.00
833.00,837.00,862.00
862.00,837.00,865.00
836.00,864.00,838.00
864.00,866.00,838.00
837.00,839.00,865.00
865.00,839.00,867.00
868.00,869.00,870.00
868.00,866.00,869.00
868.00,840.00,866.00
840.00,838.00,866.00
871.00,841.00,872.00
871.00,867.00,841.00
867.00,839.00,841.00
871.00,872.00,873.00
843.00,868.00,870.00
843.00,870.00,844.00
844.00,870.00,874.00
840.00,868.00,843.00
841.00,845.00,872.00
872.00,845.00,846.00
872.00,846.00,873.00
873.00,846.00,875.00
844.00,874.00,848.00
874.00,876.00,848.00
877.00,849.00,878.00
877.00,875.00,849.00
875.00,846.00,849.00
878.00,879.00,880.00
877.00,878.00,880.00
879.00,852.00,851.00
879.00,851.00,880.00
880.00,851.00,881.00
876.00,851.00,848.00
881.00,851.00,876.00
849.00,853.00,878.00
854.00,878.00,853.00
879.00,878.00,854.00
852.00,879.00,854.00
882.00,883.00,884.00
882.00,885.00,886.00
884.00,885.00,882.00
885.00,887.00,886.00
888.00,889.00,890.00
883.00,888.00,890.00
882.00,888.00,883.00
882.00,855.00,888.00
882.00,856.00,855.00
857.00,856.00,882.00
886.00,857.00,882.00
886.00,887.00,891.00
886.00,891.00,857.00
857.00,891.00,858.00
860.00,858.00,892.00
858.00,891.00,892.00
892.00,861.00,860.00
893.00,861.00,892.00
863.00,889.00,888.00
863.00,862.00,889.00
862.00,894.00,889.00
855.00,863.00,888.00
861.00,893.00,864.00
893.00,895.00,864.00
862.00,865.00,894.00
894.00,865.00,896.00
897.00,898.00,899.00
897.00,895.00,898.00
897.00,866.00,895.00
866.00,864.00,895.00
865.00,867.00,896.00
896.00,867.00,900.00
869.00,897.00,899.00
869.00,899.00,870.00
870.00,899.00,901.00
866.00,897.00,869.00
867.00,902.00,900.00
871.00,902.00,867.00
902.00,871.00,873.00
903.00,902.00,873.00
870.00,901.00,874.00
901.00,904.00,874.00
873.00,875.00,903.00
903.00,875.00,905.00
906.00,907.00,908.00
906.00,904.00,907.00
906.00,876.00,904.00
876.00,874.00,904.00
875.00,909.00,905.00
877.00,909.00,875.00
880.00,910.00,877.00
877.00,910.00,909.00
908.00,881.00,906.00
908.00,910.00,881.00
910.00,880.00,881.00
876.00,906.00,881.00
884.00,911.00,912.00
883.00,911.00,884.00
885.00,884.00,913.00
884.00,912.00,913.00
887.00,914.00,915.00
887.00,885.00,914.00
885.00,913.00,914.00
914.00,916.00,915.00
890.00,917.00,918.00
889.00,917.00,890.00
911.00,883.00,890.00
918.00,911.00,890.00
887.00,915.00,891.00
915.00,892.00,891.00
915.00,919.00,892.00
915.00,916.00,919.00
919.00,920.00,892.00
892.00,920.00,893.00
889.00,894.00,917.00
917.00,894.00,921.00
922.00,920.00,919.00
923.00,922.00,919.00
893.00,922.00,895.00
920.00,922.00,893.00
894.00,896.00,921.00
921.00,896.00,924.00
898.00,922.00,923.00
898.00,923.00,899.00
899.00,923.00,925.00
895.00,922.00,898.00
896.00,900.00,924.00
924.00,900.00,926.00
899.00,925.00,901.00
925.00,927.00,901.00
900.00,928.00,926.00
902.00,928.00,900.00
928.00,902.00,903.00
929.00,928.00,903.00
901.00,927.00,904.00
927.00,930.00,904.00
931.00,905.00,932.00
931.00,929.00,905.00
929.00,903.00,905.00
932.00,933.00,934.00
931.00,932.00,934.00
933.00,908.00,907.00
933.00,907.00,934.00
934.00,907.00,935.00
930.00,907.00,904.00
935.00,907.00,930.00
905.00,909.00,932.00
910.00,932.00,909.00
933.00,932.00,910.00
908.00,933.00,910.00
936.00,937.00,938.00
936.00,939.00,940.00
938.00,939.00,936.00
939.00,941.00,940.00
942.00,943.00,944.00
937.00,942.00,944.00
936.00,942.00,937.00
936.00,911.00,942.00
936.00,912.00,911.00
913.00,912.00,936.00
940.00,913.00,936.00
940.00,941.00,945.00
940.00,945.00,913.00
913.00,945.00,914.00
945.00,916.00,914.00
946.00,916.00,945.00
918.00,943.00,942.00
918.00,917.00,943.00
917.00,947.00,943.00
911.00,918.00,942.00
916.00,946.00,919.00
946.00,948.00,919.00
917.00,921.00,947.00
947.00,921.00,949.00
919.00,948.00,923.00
948.00,950.00,923.00
921.00,924.00,949.00
949.00,924.00,951.00
923.00,950.00,925.00
950.00,952.00,925.00
924.00,926.00,951.00
951.00,926.00,953.00
925.00,952.00,927.00
952.00,954.00,927.00
926.00,955.00,953.00
928.00,955.00,926.00
955.00,928.00,929.00
956.00,955.00,929.00
957.00,958.00,959.00
957.00,954.00,958.00
957.00,930.00,954.00
930.00,927.00,954.00
929.00,960.00,956.00
931.00,960.00,929.00
934.00,961.00,931.00
931.00,961.00,960.00
959.00,935.00,957.00
959.00,961.00,935.00
961.00,934.00,935.00
930.00,957.00,935.00
962.00,963.00,964.00
962.00,938.00,937.00
962.00,964.00,938.00
964.00,965.00,938.00
939.00,938.00,966.00
938.00,965.00,966.00
966.00,941.00,939.00
967.00,941.00,966.00
944.00,963.00,962.00
944.00,943.00,963.00
943.00,968.00,963.00
937.00,944.00,962.00
941.00,967.00,969.00
945.00,941.00,969.00
969.00,946.00,945.00
970.00,946.00,969.00
943.00,947.00,968.00
968.00,947.00,971.00
946.00,970.00,948.00
970.00,972.00,948.00
947.00,949.00,971.00
971.00,949.00,973.00
948.00,972.00,950.00
972.00,974.00,950.00
949.00,951.00,973.00
973.00,951.00,975.00
950.00,974.00,952.00
974.00,976.00,952.00
951.00,953.00,975.00
975.00,953.00,977.00
978.00,979.00,980.00
978.00,976.00,979.00
978.00,954.00,976.00
954.00,952.00,976.00
953.00,981.00,977.00
955.00,981.00,953.00
956.00,982.00,983.00
956.00,983.00,955.00
955.00,983.00,981.00
982.00,984.00,985.00
983.00,982.00,985.00
980.00,985.00,984.00
978.00,980.00,984.00
978.00,984.00,959.00
978.00,959.00,958.00
954.00,978.00,958.00
956.00,960.00,982.00
961.00,982.00,960.00
984.00,982.00,961.00
959.00,984.00,961.00
986.00,987.00,988.00
986.00,989.00,990.00
988.00,989.00,986.00
989.00,991.00,990.00
964.00,992.00,993.00
963.00,992.00,964.00
987.00,986.00,965.00
987.00,965.00,993.00
993.00,965.00,964.00
966.00,965.00,986.00
990.00,966.00,986.00
990.00,967.00,966.00
990.00,991.00,967.00
991.00,994.00,967.00
963.00,968.00,992.00
992.00,968.00,995.00
967.00,994.00,996.00
969.00,967.00,996.00
996.00,970.00,969.00
997.00,970.00,996.00
968.00,971.00,995.00
995.00,971.00,998.00
970.00,997.00,972.00
997.00,999.00,972.00
971.00,973.00,998.00
998.00,973.00,1000.00
972.00,999.00,974.00
999.00,1001.00,974.00
973.00,975.00,1000.00
1000.00,975.00,1002.00
1003.00,1004.00,1005.00
1003.00,1001.00,1004.00
1003.00,976.00,1001.00
976.00,974.00,1001.00
1006.00,977.00,1007.00
1006.00,1002.00,977.00
1002.00,975.00,977.00
1006.00,1007.00,1008.00
979.00,1003.00,1005.00
979.00,1005.00,980.00
980.00,1005.00,1009.00
976.00,1003.00,979.00
977.00,981.00,1007.00
1007.00,1010.00,1008.00
1007.00,981.00,1010.00
981.00,983.00,1010.00
985.00,1011.00,983.00
983.00,1011.00,1010.00
1009.00,985.00,980.00
1011.00,985.00,1009.00
1012.00,1013.00,1014.00
1012.00,988.00,987.00
1012.00,1014.00,988.00
1014.00,1015.00,988.00
989.00,988.00,1016.00
988.00,1015.00,1016.00
1016.00,991.00,989.00
1017.00,991.00,1016.00
993.00,1013.00,1012.00
993.00,992.00,1013.00
992.00,1018.00,1013.00
987.00,993.00,1012.00
991.00,1017.00,994.00
1017.00,1019.00,994.00
992.00,995.00,1018.00
1018.00,995.00,1020.00
994.00,1019.00,1021.00
996.00,994.00,1021.00
1021.00,997.00,996.00
1022.00,997.00,1021.00
995.00,998.00,1020.00
1020.00,998.00,1023.00
997.00,1022.00,999.00
1022.00,1024.00,999.00
998.00,1000.00,1023.00
1023.00,1000.00,1025.00
999.00,1024.00,1001.00
1024.00,1026.00,1001.00
1000.00,1002.00,1025.00
1025.00,1002.00,1027.00
1004.00,1028.00,1029.00
1005.00,1004.00,1029.00
1026.00,1004.00,1001.00
1028.00,1004.00,1026.00
1002.00,1030.00,1027.00
1006.00,1030.00,1002.00
1008.00,1031.00,1032.00
1008.00,1032.00,1006.00
1006.00,1032.00,1030.00
1031.00,1033.00,1034.00
1032.00,1031.00,1034.00
1033.00,1029.00,1034.00
1033.00,1009.00,1029.00
1009.00,1005.00,1029.00
1008.00,1010.00,1031.00
1011.00,1031.00,1010.00
1033.00,1031.00,1011.00
1009.00,1033.00,1011.00
1014.00,1035.00,1036.00
1013.00,1035.00,1014.00
1015.00,1014.00,1037.00
1014.00,1036.00,1037.00
1016.00,1015.00,1038.00
1015.00,1037.00,1038.00
1038.00,1017.00,1016.00
1039.00,1017.00,1038.00
1040.00,1041.00,1042.00
1040.00,1042.00,1035.00
1040.00,1035.00,1018.00
1018.00,1035.00,1013.00
1017.00,1039.00,1019.00
1039.00,1043.00,1019.00
1044.00,1041.00,1040.00
1045.00,1041.00,1044.00
1018.00,1020.00,1044.00
1040.00,1018.00,1044.00
1046.00,1021.00,1019.00
1046.00,1019.00,1047.00
1047.00,1019.00,1043.00
1021.00,1046.00,1022.00
1048.00,1045.00,1044.00
1049.00,1045.00,1048.00
1020.00,1023.00,1048.00
1044.00,1020.00,1048.00
1050.00,1046.00,1047.00
1051.00,1050.00,1047.00
1022.00,1050.00,1024.00
1046.00,1050.00,1022.00
1048.00,1052.00,1049.00
1052.00,1048.00,1023.00
1052.00,1023.00,1053.00
1053.00,1023.00,1025.00
1054.00,1050.00,1051.00
1055.00,1054.00,1051.00
1024.00,1054.00,1026.00
1050.00,1054.00,1024.00
1025.00,1027.00,1053.00
1053.00,1027.00,1056.00
1028.00,1054.00,1055.00
1028.00,1055.00,1029.00
1029.00,1055.00,1057.00
1026.00,1054.00,1028.00
1027.00,1058.00,1056.00
1030.00,1058.00,1027.00
1032.00,1059.00,1030.00
1030.00,1059.00,1058.00
1034.00,1060.00,1032.00
1032.00,1060.00,1059.00
1057.00,1034.00,1029.00
1060.00,1034.00,1057.00
1061.00,1062.00,1063.00
1061.00,1064.00,1065.00
1063.00,1064.00,1061.00
1064.00,1066.00,1065.00
1067.00,1068.00,1069.00
1062.00,1067.00,1069.00
1061.00,1067.00,1062.00
1061.00,1035.00,1067.00
1061.00,1036.00,1035.00
1037.00,1036.00,1061.00
1065.00,1037.00,1061.00
1065.00,1066.00,1070.00
1065.00,1070.00,1037.00
1037.00,1070.00,1038.00
1070.00,1039.00,1038.00
1071.00,1039.00,1070.00
1042.00,1068.00,1067.00
1042.00,1041.00,1068.00
1041.00,1072.00,1068.00
1035.00,1042.00,1067.00
1039.00,1071.00,1043.00
1071.00,1073.00,1043.00
1041.00,1045.00,1072.00
1072.00,1045.00,1074.00
1043.00,1073.00,1047.00
1073.00,1075.00,1047.00
1045.00,1049.00,1074.00
1074.00,1049.00,1076.00
1047.00,1075.00,1051.00
1075.00,1077.00,1051.00
1049.00,1078.00,1076.00
1052.00,1078.00,1049.00
1078.00,1052.00,1053.00
1079.00,1078.00,1053.00
1051.00,1077.00,1055.00
1077.00,1080.00,1055.00
1081.00,1056.00,1082.00
1081.00,1079.00,1056.00
1079.00,1053.00,1056.00
1081.00,1082.00,1083.00
1055.00,1080.00,1057.00
1080.00,1084.00,1057.00
1056.00,1058.00,1082.00
1082.00,1085.00,1083.00
1082.00,1058.00,1085.00
1058.00,1059.00,1085.00
1060.00,1086.00,1059.00
1059.00,1086.00,1085.00
1084.00,1060.00,1057.00
1086.00,1060.00,1084.00
1063.00,1087.00,1088.00
1062.00,1087.00,1063.00
1064.00,1063.00,1089.00
1063.00,1088.00,1089.00
1089.00,1066.00,1064.00
1090.00,1066.00,1089.00
1069.00,1091.00,1092.00
1068.00,1091.00,1069.00
1087.00,1062.00,1069.00
1092.00,1087.00,1069.00
1066.00,1090.00,1093.00
1070.00,1066.00,1093.00
1093.00,1071.00,1070.00
1094.00,1071.00,1093.00
1068.00,1072.00,1091.00
1091.00,1072.00,1095.00
1071.00,1094.00,1073.00
1094.00,1096.00,1073.00
1072.00,1074.00,1095.00
1095.00,1074.00,1097.00
1073.00,1096.00,1075.00
1096.00,1098.00,1075.00
1074.00,1076.00,1097.00
1097.00,1076.00,1099.00
1075.00,1098.00,1077.00
1098.00,1100.00,1077.00
1076.00,1101.00,1099.00
1078.00,1101.00,1076.00
1101.00,1078.00,1079.00
1102.00,1101.00,1079.00
1077.00,1100.00,1080.00
1100.00,1103.00,1080.00
1079.00,1104.00,1102.00
1081.00,1104.00,1079.00
1083.00,1105.00,1106.00
1083.00,1106.00,1081.00
1081.00,1106.00,1104.00
1105.00,1107.00,1108.00
1106.00,1105.00,1108.00
1107.00,1103.00,1108.00
1107.00,1084.00,1103.00
1084.00,1080.00,1103.00
1083.00,1085.00,1105.00
1086.00,1105.00,1085.00
1107.00,1105.00,1086.00
1084.00,1107.00,1086.00
1109.00,1110.00,1111.00
1109.00,1088.00,1087.00
1109.00,1111.00,1088.00
1111.00,1112.00,1088.00
1089.00,1088.00,1113.00
1088.00,1112.00,1113.00
1090.00,1114.00,1115.00
1090.00,1089.00,1114.00
1089.00,1113.00,1114.00
1114.00,1116.00,1115.00
1092.00,1110.00,1109.00
1092.00,1091.00,1110.00
1091.00,1117.00,1110.00
1087.00,1092.00,1109.00
1090.00,1115.00,1093.00
1115.00,1094.00,1093.00
1115.00,1116.00,1094.00
1116.00,1118.00,1094.00
1091.00,1095.00,1117.00
1117.00,1095.00,1119.00
1094.00,1118.00,1096.00
1118.00,1120.00,1096.00
1095.00,1097.00,1119.00
1119.00,1097.00,1121.00
1096.00,1120.00,1098.00
1120.00,1122.00,1098.00
1097.00,1099.00,1121.00
1121.00,1099.00,1123.00
1098.00,1122.00,1100.00
1122.00,1124.00,1100.00
1099.00,1125.00,1123.00
1101.00,1125.00,1099.00
1125.00,1101.00,1102.00
1126.00,1125.00,1102.00
1100.00,1124.00,1103.00
1124.00,1127.00,1103.00
1102.00,1128.00,1126.00
1104.00,1128.00,1102.00
1106.00,1129.00,1104.00
1104.00,1129.00,1128.00
1108.00,1130.00,1106.00
1106.00,1130.00,1129.00
1127.00,1108.00,1103.00
1130.00,1108.00,1127.00
1131.00,1132.00,1133.00
1133.00,1134.00,1131.00
1111.00,1135.00,1136.00
1110.00,1135.00,1111.00
1132.00,1131.00,1112.00
1132.00,1112.00,1136.00
1136.00,1112.00,1111.00
1131.00,1134.00,1137.00
1131.00,1137.00,1112.00
1112.00,1137.00,1113.00
1114.00,1113.00,1138.00
1113.00,1137.00,1138.00
1138.00,1116.00,1114.00
1139.00,1116.00,1138.00
1110.00,1117.00,1135.00
1135.00,1117.00,1140.00
1116.00,1139.00,1118.00
1139.00,1141.00,1118.00
1117.00,1119.00,1140.00
1140.00,1119.00,1142.00
1118.00,1141.00,1120.00
1141.00,1143.00,1120.00
1119.00,1121.00,1142.00
1142.00,1121.00,1144.00
1120.00,1143.00,1122.00
1143.00,1145.00,1122.00
1121.00,1123.00,1144.00
1144.00,1123.00,1146.00
1122.00,1145.00,1124.00
1145.00,1147.00,1124.00
1123.00,1148.00,1146.00
1125.00,1148.00,1123.00
1148.00,1125.00,1126.00
1149.00,1148.00,1126.00
1150.00,1151.00,1152.00
1150.00,1147.00,1151.00
1150.00,1127.00,1147.00
1127.00,1124.00,1147.00
1126.00,1153.00,1149.00
1128.00,1153.00,1126.00
1129.00,1154.00,1128.00
1128.00,1154.00,1153.00
1152.00,1130.00,1150.00
1152.00,1154.00,1130.00
1154.00,1129.00,1130.00
1127.00,1150.00,1130.00
1155.00,1156.00,1157.00
1155.00,1133.00,1132.00
1155.00,1157.00,1133.00
1157.00,1158.00,1133.00
1134.00,1159.00,1160.00
1134.00,1133.00,1159.00
1133.00,1158.00,1159.00
1159.00,1161.00,1160.00
1136.00,1156.00,1155.00
1136.00,1135.00,1156.00
1135.00,1162.00,1156.00
1132.00,1136.00,1155.00
1134.00,1160.00,1137.00
1160.00,1161.00,1163.00
1160.00,1163.00,1137.00
1137.00,1163.00,1138.00
1163.00,1139.00,1138.00
1164.00,1139.00,1163.00
1135.00,1140.00,1162.00
1162.00,1140.00,1165.00
1139.00,1164.00,1141.00
1164.00,1166.00,1141.00
1140.00,1142.00,1165.00
1165.00,1142.00,1167.00
1141.00,1166.00,1143.00
1166.00,1168.00,1143.00
1142.00,1144.00,1167.00
1167.00,1144.00,1169.00
1143.00,1168.00,1145.00
1168.00,1170.00,1145.00
1144.00,1146.00,1169.00
1169.00,1146.00,1171.00
1145.00,1170.00,1147.00
1170.00,1172.00,1147.00
1146.00,1173.00,1171.00
1148.00,1173.00,1146.00
1149.00,1174.00,1175.00
1149.00,1175.00,1148.00
1148.00,1175.00,1173.00
1174.00,1176.00,1177.00
1175.00,1174.00,1177.00
1176.00,1152.00,1151.00
1176.00,1151.00,1177.00
1177.00,1151.00,1178.00
1172.00,1151.00,1147.00
1178.00,1151.00,1172.00
1149.00,1153.00,1174.00
1154.00,1174.00,1153.00
1176.00,1174.00,1154.00
1152.00,1176.00,1154.00
1157.00,1179.00,1180.00
1156.00,1179.00,1157.00
1158.00,1157.00,1181.00
1157.00,1180.00,1181.00
1159.00,1158.00,1182.00
1158.00,1181.00,1182.00
1182.00,1161.00,1159.00
1183.00,1161.00,1182.00
1156.00,1162.00,1179.00
1179.00,1162.00,1184.00
1161.00,1183.00,1185.00
1163.00,1161.00,1185.00
1185.00,1164.00,1163.00
1186.00,1164.00,1185.00
1162.00,1165.00,1184.00
1184.00,1165.00,1187.00
1164.00,1186.00,1166.00
1186.00,1188.00,1166.00
1165.00,1167.00,1187.00
1187.00,1167.00,1189.00
1166.00,1188.00,1168.00
1188.00,1190.00,1168.00
1167.00,1169.00,1189.00
1189.00,1169.00,1191.00
1168.00,1190.00,1170.00
1190.00,1192.00,1170.00
1169.00,1171.00,1191.00
1191.00,1171.00,1193.00
1194.00,1195.00,1196.00
1194.00,1192.00,1195.00
1194.00,1172.00,1192.00
1172.00,1170.00,1192.00
1171.00,1197.00,1193.00
1173.00,1197.00,1171.00
1175.00,1198.00,1173.00
1173.00,1198.00,1197.00
1177.00,1199.00,1175.00
1175.00,1199.00,1198.00
1196.00,1178.00,1194.00
1196.00,1199.00,1178.00
1199.00,1177.00,1178.00
1172.00,1194.00,1178.00
1200.00,1201.00,1202.00
1202.00,1203.00,1200.00
1180.00,1204.00,1205.00
1179.00,1204.00,1180.00
1201.00,1200.00,1181.00
1201.00,1181.00,1205.00
1205.00,1181.00,1180.00
1200.00,1203.00,1206.00
1200.00,1206.00,1181.00
1181.00,1206.00,1182.00
1206.00,1183.00,1182.00
1207.00,1183.00,1206.00
1179.00,1184.00,1204.00
1204.00,1184.00,1208.00
1183.00,1207.00,1209.00
1185.00,1183.00,1209.00
1209.00,1186.00,1185.00
1210.00,1186.00,1209.00
1184.00,1187.00,1208.00
1208.00,1187.00,1211.00
1186.00,1210.00,1188.00
1210.00,1212.00,1188.00
1187.00,1189.00,1211.00
1211.00,1189.00,1213.00
1188.00,1212.00,1190.00
1212.00,1214.00,1190.00
1189.00,1191.00,1213.00
1213.00,1191.00,1215.00
1190.00,1214.00,1192.00
1214.00,1216.00,1192.00
1191.00,1193.00,1215.00
1215.00,1193.00,1217.00
1195.00,1218.00,1219.00
1196.00,1195.00,1219.00
1216.00,1195.00,1192.00
1218.00,1195.00,1216.00
1193.00,1220.00,1217.00
1197.00,1220.00,1193.00
1198.00,1221.00,1197.00
1197.00,1221.00,1220.00
1199.00,1222.00,1198.00
1198.00,1222.00,1221.00
1219.00,1199.00,1196.00
1222.00,1199.00,1219.00
1223.00,1224.00,1225.00
1223.00,1202.00,1201.00
1223.00,1225.00,1202.00
1225.00,1226.00,1202.00
1226.00,1203.00,1202.00
1227.00,1203.00,1226.00
1205.00,1224.00,1223.00
1205.00,1204.00,1224.00
1204.00,1228.00,1224.00
1201.00,1205.00,1223.00
1203.00,1227.00,1229.00
1206.00,1203.00,1229.00
1207.00,1230.00,1231.00
1207.00,1206.00,1230.00
1206.00,1229.00,1230.00
1230.00,1232.00,1231.00
1204.00,1208.00,1228.00
1228.00,1208.00,1233.00
1207.00,1231.00,1209.00
1231.00,1210.00,1209.00
1231.00,1232.00,1210.00
1232.00,1234.00,1210.00
1208.00,1211.00,1233.00
1233.00,1211.00,1235.00
1210.00,1234.00,1212.00
1234.00,1236.00,1212.00
1211.00,1213.00,1235.00
1235.00,1213.00,1237.00
1212.00,1236.00,1214.00
1236.00,1238.00,1214.00
1213.00,1215.00,1237.00
1237.00,1215.00,1239.00
1240.00,1241.00,1242.00
1240.00,1238.00,1241.00
1240.00,1216.00,1238.00
1216.00,1214.00,1238.00
1243.00,1217.00,1244.00
1243.00,1239.00,1217.00
1239.00,1215.00,1217.00
1243.00,1244.00,1245.00
1246.00,1247.00,1248.00
1242.00,1247.00,1246.00
1240.00,1242.00,1246.00
1240.00,1246.00,1219.00
1240.00,1219.00,1218.00
1216.00,1240.00,1218.00
1217.00,1220.00,1244.00
1244.00,1249.00,1245.00
1244.00,1220.00,1249.00
1220.00,1221.00,1249.00
1248.00,1222.00,1246.00
1248.00,1249.00,1222.00
1249.00,1221.00,1222.00
1219.00,1246.00,1222.00
1225.00,1250.00,1251.00
1224.00,1250.00,1225.00
1226.00,1225.00,1252.00
1225.00,1251.00,1252.00
1252.00,1227.00,1226.00
1253.00,1227.00,1252.00
1224.00,1228.00,1250.00
1250.00,1228.00,1254.00
1227.00,1253.00,1255.00
1229.00,1227.00,1255.00
1230.00,1229.00,1256.00
1229.00,1255.00,1256.00
1256.00,1232.00,1230.00
1257.00,1232.00,1256.00
1228.00,1233.00,1254.00
1254.00,1233.00,1258.00
1232.00,1257.00,1234.00
1257.00,1259.00,1234.00
1233.00,1235.00,1258.00
1258.00,1235.00,1260.00
1234.00,1259.00,1236.00
1259.00,1261.00,1236.00
1235.00,1237.00,1260.00
1260.00,1237.00,1262.00
1263.00,1264.00,1265.00
1263.00,1261.00,1264.00
1263.00,1238.00,1261.00
1238.00,1236.00,1261.00
1237.00,1239.00,1262.00
1262.00,1239.00,1266.00
1267.00,1268.00,1269.00
1265.00,1268.00,1267.00
1263.00,1265.00,1267.00
1263.00,1267.00,1242.00
1263.00,1242.00,1241.00
1238.00,1263.00,1241.00
1239.00,1270.00,1266.00
1243.00,1270.00,1239.00
1245.00,1271.00,1272.00
1245.00,1272.00,1243.00
1243.00,1272.00,1270.00
1269.00,1272.00,1271.00
1267.00,1269.00,1271.00
1267.00,1271.00,1248.00
1267.00,1248.00,1247.00
1242.00,1267.00,1247.00
1245.00,1249.00,1271.00
1248.00,1271.00,1249.00
1251.00,1273.00,1274.00
1250.00,1273.00,1251.00
1252.00,1251.00,1275.00
1251.00,1274.00,1275.00
1275.00,1253.00,1252.00
1276.00,1253.00,1275.00
1277.00,1278.00,1279.00
1277.00,1279.00,1273.00
1277.00,1273.00,1254.00
1254.00,1273.00,1250.00
1253.00,1276.00,1280.00
1255.00,1253.00,1280.00
1281.00,1280.00,1282.00
1281.00,1256.00,1280.00
1256.00,1255.00,1280.00
1256.00,1281.00,1257.00
1277.00,1283.00,1278.00
1283.00,1277.00,1254.00
1283.00,1254.00,1284.00
1284.00,1254.00,1258.00
1285.00,1281.00,1282.00
1286.00,1285.00,1282.00
1257.00,1285.00,1259.00
1281.00,1285.00,1257.00
1258.00,1260.00,1284.00
1284.00,1260.00,1287.00
1288.00,1285.00,1286.00
1289.00,1288.00,1286.00
1259.00,1288.00,1261.00
1285.00,1288.00,1259.00
1260.00,1262.00,1287.00
1287.00,1262.00,1290.00
1264.00,1288.00,1289.00
1264.00,1289.00,1265.00
1265.00,1289.00,1291.00
1261.00,1288.00,1264.00
1262.00,1266.00,1290.00
1290.00,1266.00,1292.00
1268.00,1293.00,1294.00
1269.00,1268.00,1294.00
1291.00,1268.00,1265.00
1293.00,1268.00,1291.00
1266.00,1295.00,1292.00
1270.00,1295.00,1266.00
1272.00,1296.00,1270.00
1270.00,1296.00,1295.00
1294.00,1272.00,1269.00
1296.00,1272.00,1294.00
1297.00,1298.00,1299.00
1297.00,1274.00,1273.00
1297.00,1299.00,1274.00
1299.00,1300.00,1274.00
1275.00,1274.00,1301.00
1274.00,1300.00,1301.00
1301.00,1276.00,1275.00
1302.00,1276.00,1301.00
1279.00,1298.00,1297.00
1279.00,1278.00,1298.00
1278.00,1303.00,1298.00
1273.00,1279.00,1297.00
1304.00,1280.00,1276.00
1304.00,1276.00,1305.00
1305.00,1276.00,1302.00
1280.00,1304.00,1282.00
1306.00,1278.00,1283.00
1306.00,1307.00,1278.00
1307.00,1303.00,1278.00
1283.00,1284.00,1306.00
1304.00,1305.00,1308.00
1308.00,1282.00,1304.00
1308.00,1309.00,1282.00
1309.00,1286.00,1282.00
1310.00,1307.00,1306.00
1311.00,1307.00,1310.00
1284.00,1287.00,1310.00
1306.00,1284.00,1310.00
1286.00,1309.00,1289.00
1309.00,1312.00,1289.00
1313.00,1311.00,1310.00
1314.00,1311.00,1313.00
1287.00,1290.00,1313.00
1310.00,1287.00,1313.00
1315.00,1316.00,1317.00
1315.00,1312.00,1316.00
1315.00,1291.00,1312.00
1291.00,1289.00,1312.00
1313.00,1318.00,1314.00
1318.00,1313.00,1290.00
1318.00,1290.00,1319.00
1319.00,1290.00,1292.00
1320.00,1321.00,1322.00
1317.00,1321.00,1320.00
1315.00,1317.00,1320.00
1315.00,1320.00,1294.00
1315.00,1294.00,1293.00
1291.00,1315.00,1293.00
1292.00,1323.00,1319.00
1295.00,1323.00,1292.00
1322.00,1296.00,1320.00
1322.00,1323.00,1296.00
1323.00,1295.00,1296.00
1294.00,1320.00,1296.00
1299.00,1324.00,1325.00
1298.00,1324.00,1299.00
1300.00,1299.00,1326.00
1299.00,1325.00,1326.00
1327.00,1326.00,1328.00
1327.00,1301.00,1326.00
1301.00,1300.00,1326.00
1301.00,1327.00,1302.00
1298.00,1303.00,1324.00
1324.00,1303.00,1329.00
1327.00,1328.00,1330.00
1330.00,1302.00,1327.00
1330.00,1331.00,1302.00
1331.00,1305.00,1302.00
1303.00,1307.00,1329.00
1329.00,1307.00,1332.00
1333.00,1308.00,1305.00
1333.00,1305.00,1334.00
1334.00,1305.00,1331.00
1308.00,1333.00,1309.00
1307.00,1311.00,1332.00
1332.00,1311.00,1335.00
1336.00,1333.00,1334.00
1337.00,1336.00,1334.00
1309.00,1336.00,1312.00
1333.00,1336.00,1309.00
1311.00,1314.00,1335.00
1335.00,1314.00,1338.00
1316.00,1336.00,1337.00
1316.00,1337.00,1317.00
1317.00,1337.00,1339.00
1312.00,1336.00,1316.00
1340.00,1314.00,1318.00
1340.00,1341.00,1314.00
1341.00,1338.00,1314.00
1318.00,1319.00,1340.00
1321.00,1342.00,1343.00
1322.00,1321.00,1343.00
1339.00,1321.00,1317.00
1342.00,1321.00,1339.00
1340.00,1344.00,1341.00
1319.00,1344.00,1340.00
1319.00,1323.00,1344.00
1323.00,1345.00,1344.00
1343.00,1323.00,1322.00
1345.00,1323.00,1343.00
1325.00,1346.00,1347.00
1324.00,1346.00,1325.00
1326.00,1325.00,1348.00
1325.00,1347.00,1348.00
1348.00,1328.00,1326.00
1349.00,1328.00,1348.00
1324.00,1329.00,1346.00
1346.00,1329.00,1350.00
1351.00,1330.00,1328.00
1351.00,1328.00,1352.00
1352.00,1328.00,1349.00
1330.00,1351.00,1331.00
1329.00,1332.00,1350.00
1350.00,1332.00,1353.00
1351.00,1352.00,1354.00
1354.00,1331.00,1351.00
1354.00,1355.00,1331.00
1355.00,1334.00,1331.00
1332.00,1335.00,1353.00
1353.00,1335.00,1356.00
1357.00,1358.00,1359.00
1357.00,1355.00,1358.00
1357.00,1337.00,1355.00
1337.00,1334.00,1355.00
1335.00,1338.00,1356.00
1356.00,1338.00,1360.00
1361.00,1357.00,1359.00
1362.00,1361.00,1359.00
1337.00,1361.00,1339.00
1357.00,1361.00,1337.00
1338.00,1341.00,1360.00
1360.00,1341.00,1363.00
1342.00,1361.00,1362.00
1342.00,1362.00,1343.00
1343.00,1362.00,1364.00
1339.00,1361.00,1342.00
1341.00,1365.00,1363.00
1344.00,1365.00,1341.00
1345.00,1366.00,1344.00
1344.00,1366.00,1365.00
1364.00,1345.00,1343.00
1366.00,1345.00,1364.00
1347.00,1367.00,1368.00
1346.00,1367.00,1347.00
1348.00,1347.00,1369.00
1347.00,1368.00,1369.00
1369.00,1349.00,1348.00
1370.00,1349.00,1369.00
1346.00,1350.00,1367.00
1367.00,1350.00,1371.00
1349.00,1370.00,1352.00
1370.00,1372.00,1352.00
1350.00,1353.00,1371.00
1371.00,1353.00,1373.00
1374.00,1354.00,1352.00
1374.00,1352.00,1375.00
1375.00,1352.00,1372.00
1354.00,1374.00,1355.00
1353.00,1356.00,1373.00
1373.00,1356.00,1376.00
1358.00,1374.00,1375.00
1358.00,1375.00,1359.00
1359.00,1375.00,1377.00
1355.00,1374.00,1358.00
1356.00,1360.00,1376.00
1376.00,1360.00,1378.00
1359.00,1377.00,1362.00
1377.00,1379.00,1362.00
1360.00,1363.00,1378.00
1378.00,1363.00,1380.00
1362.00,1379.00,1364.00
1379.00,1381.00,1364.00
1382.00,1363.00,1365.00
1382.00,1383.00,1363.00
1383.00,1380.00,1363.00
1384.00,1382.00,1365.00
1384.00,1365.00,1385.00
1385.00,1365.00,1366.00
1381.00,1366.00,1364.00
1385.00,1366.00,1381.00
1382.00,1386.00,1383.00
1384.00,1386.00,1382.00
1368.00,1387.00,1388.00
1367.00,1387.00,1368.00
1389.00,1388.00,1390.00
1389.00,1369.00,1388.00
1369.00,1368.00,1388.00
1369.00,1389.00,1370.00
1367.00,1371.00,1387.00
1387.00,1371.00,1391.00
1392.00,1389.00,1390.00
1393.00,1392.00,1390.00
1370.00,1392.00,1372.00
1389.00,1392.00,1370.00
1371.00,1373.00,1391.00
1391.00,1373.00,1394.00
1395.00,1392.00,1393.00
1396.00,1395.00,1393.00
1372.00,1395.00,1375.00
1392.00,1395.00,1372.00
1373.00,1376.00,1394.00
1394.00,1376.00,1397.00
1398.00,1395.00,1396.00
1399.00,1398.00,1396.00
1375.00,1398.00,1377.00
1395.00,1398.00,1375.00
1376.00,1378.00,1397.00
1397.00,1378.00,1400.00
1401.00,1398.00,1399.00
1402.00,1401.00,1399.00
1377.00,1401.00,1379.00
1398.00,1401.00,1377.00
1378.00,1380.00,1400.00
1400.00,1380.00,1403.00
1401.00,1402.00,1404.00
1404.00,1379.00,1401.00
1404.00,1405.00,1379.00
1405.00,1381.00,1379.00
1380.00,1383.00,1403.00
1403.00,1383.00,1406.00
1385.00,1407.00,1408.00
1384.00,1385.00,1408.00
1405.00,1385.00,1381.00
1407.00,1385.00,1405.00
1383.00,1409.00,1406.00
1386.00,1409.00,1383.00
1408.00,1386.00,1384.00
1409.00,1386.00,1408.00
1388.00,1410.00,1411.00
1387.00,1410.00,1388.00
1411.00,1390.00,1388.00
1412.00,1390.00,1411.00
1387.00,1391.00,1410.00
1410.00,1391.00,1413.00
1390.00,1412.00,1393.00
1412.00,1414.00,1393.00
1391.00,1394.00,1413.00
1413.00,1394.00,1415.00
1393.00,1414.00,1396.00
1414.00,1416.00,1396.00
1394.00,1397.00,1415.00
1415.00,1397.00,1417.00
1396.00,1416.00,1399.00
1416.00,1418.00,1399.00
1397.00,1400.00,1417.00
1417.00,1400.00,1419.00
1399.00,1418.00,1402.00
1418.00,1420.00,1402.00
1400.00,1403.00,1419.00
1419.00,1403.00,1421.00
1422.00,1404.00,1402.00
1422.00,1402.00,1423.00
1423.00,1402.00,1420.00
1404.00,1422.00,1405.00
1403.00,1406.00,1421.00
1421.00,1406.00,1424.00
1407.00,1422.00,1423.00
1407.00,1423.00,1408.00
1408.00,1423.00,1425.00
1405.00,1422.00,1407.00
1406.00,1426.00,1424.00
1409.00,1426.00,1406.00
1425.00,1409.00,1408.00
1426.00,1409.00,1425.00
1411.00,1427.00,1428.00
1410.00,1427.00,1411.00
1428.00,1412.00,1411.00
1429.00,1412.00,1428.00
1410.00,1413.00,1427.00
1427.00,1413.00,1430.00
1412.00,1429.00,1414.00
1429.00,1431.00,1414.00
1413.00,1415.00,1430.00
1430.00,1415.00,1432.00
1414.00,1431.00,1416.00
1431.00,1433.00,1416.00
1415.00,1417.00,1432.00
1432.00,1417.00,1434.00
1416.00,1433.00,1418.00
1433.00,1435.00,1418.00
1417.00,1419.00,1434.00
1434.00,1419.00,1436.00
1418.00,1435.00,1420.00
1435.00,1437.00,1420.00
1419.00,1421.00,1436.00
1436.00,1421.00,1438.00
1420.00,1437.00,1423.00
1437.00,1439.00,1423.00
1421.00,1424.00,1438.00
1438.00,1424.00,1440.00
1423.00,1439.00,1425.00
1439.00,1441.00,1425.00
1424.00,1442.00,1440.00
1426.00,1442.00,1424.00
1441.00,1426.00,1425.00
1442.00,1426.00,1441.00
1428.00,1443.00,1444.00
1427.00,1443.00,1428.00
1444.00,1429.00,1428.00
1445.00,1429.00,1444.00
1427.00,1430.00,1443.00
1443.00,1430.00,1446.00
1429.00,1445.00,1431.00
1445.00,1447.00,1431.00
1430.00,1432.00,1446.00
1446.00,1432.00,1448.00
1431.00,1447.00,1433.00
1447.00,1449.00,1433.00
1432.00,1434.00,1448.00
1448.00,1434.00,1450.00
1433.00,1449.00,1435.00
1449.00,1451.00,1435.00
1434.00,1436.00,1450.00
1450.00,1436.00,1452.00
1435.00,1451.00,1437.00
1451.00,1453.00,1437.00
1436.00,1438.00,1452.00
1452.00,1438.00,1454.00
1437.00,1453.00,1439.00
1453.00,1455.00,1439.00
1456.00,1440.00,1457.00
1456.00,1454.00,1440.00
1454.00,1438.00,1440.00
1457.00,1455.00,1456.00
1457.00,1441.00,1455.00
1441.00,1439.00,1455.00
1440.00,1442.00,1457.00
1441.00,1457.00,1442.00
1444.00,1458.00,1459.00
1443.00,1458.00,1444.00
1459.00,1445.00,1444.00
1460.00,1445.00,1459.00
1443.00,1446.00,1458.00
1458.00,1446.00,1461.00
1445.00,1460.00,1447.00
1460.00,1462.00,1447.00
1446.00,1448.00,1461.00
1461.00,1448.00,1463.00
1447.00,1462.00,1449.00
1462.00,1464.00,1449.00
1448.00,1450.00,1463.00
1463.00,1450.00,1465.00
1449.00,1464.00,1451.00
1464.00,1466.00,1451.00
1450.00,1452.00,1465.00
1465.00,1452.00,1467.00
1451.00,1466.00,1453.00
1466.00,1468.00,1453.00
1452.00,1454.00,1467.00
1467.00,1454.00,1469.00
1453.00,1468.00,1455.00
1468.00,1470.00,1455.00
1454.00,1471.00,1469.00
1456.00,1471.00,1454.00
1470.00,1456.00,1455.00
1471.00,1456.00,1470.00
1459.00,1458.00,1472.00
1459.00,1472.00,1460.00
1472.00,1461.00,1473.00
1458.00,1461.00,1472.00
1460.00,1473.00,1462.00
1472.00,1473.00,1460.00
1473.00,1474.00,1475.00
1473.00,1461.00,1474.00
1461.00,1463.00,1474.00
1475.00,1462.00,1473.00
1475.00,1476.00,1462.00
1476.00,1464.00,1462.00
1463.00,1465.00,1474.00
1474.00,1465.00,1477.00
1464.00,1476.00,1466.00
1476.00,1478.00,1466.00
1465.00,1467.00,1477.00
1477.00,1467.00,1479.00
1466.00,1478.00,1468.00
1478.00,1480.00,1468.00
1481.00,1469.00,1482.00
1481.00,1479.00,1469.00
1479.00,1467.00,1469.00
1482.00,1480.00,1481.00
1482.00,1470.00,1480.00
1470.00,1468.00,1480.00
1469.00,1471.00,1482.00
1470.00,1482.00,1471.00
1475.00,1474.00,1483.00
1475.00,1483.00,1476.00
1483.00,1477.00,1484.00
1474.00,1477.00,1483.00
1476.00,1484.00,1478.00
1483.00,1484.00,1476.00
1484.00,1479.00,1485.00
1477.00,1479.00,1484.00
1478.00,1485.00,1480.00
1484.00,1485.00,1478.00
1479.00,1481.00,1485.00
1480.00,1485.00,1481.00
