0.00,1.00,2.00
2.00,3.00,0.00
4.00,1.00,0.00
5.00,1.00,4.00
6.00,0.00,3.00
4.00,0.00,6.00
7.00,5.00,4.00
8.00,5.00,7.00
9.00,4.00,6.00
7.00,4.00,9.00
7.00,10.00,8.00
9.00,10.00,7.00
11.00,12.00,13.00
11.00,14.00,15.00
13.00,14.00,11.00
14.00,16.00,15.00
2.00,12.00,11.00
2.00,1.00,12.00
1.00,17.00,12.00
3.00,2.00,11.00
3.00,11.00,18.00
18.00,11.00,15.00
19.00,15.00,16.00
18.00,15.00,19.00
1.00,5.00,17.00
17.00,5.00,20.00
18.00,21.00,6.00
3.00,18.00,6.00
22.00,18.00,19.00
21.00,18.00,22.00
5.00,8.00,20.00
20.00,8.00,23.00
21.00,24.00,9.00
6.00,21.00,9.00
25.00,21.00,22.00
24.00,21.00,25.00
26.00,8.00,10.00
26.00,27.00,8.00
27.00,23.00,8.00
10.00,9.00,24.00
10.00,24.00,26.00
26.00,24.00,28.00
29.00,24.00,25.00
28.00,24.00,29.00
26.00,30.00,27.00
28.00,30.00,26.00
31.00,30.00,28.00
29.00,31.00,28.00
13.00,32.00,33.00
12.00,32.00,13.00
14.00,13.00,34.00
13.00,33.00,34.00
34.00,16.00,14.00
35.00,16.00,34.00
36.00,37.00,38.00
36.00,38.00,32.00
36.00,32.00,17.00
17.00,32.00,12.00
16.00,35.00,19.00
35.00,39.00,19.00
40.00,37.00,36.00
41.00,37.00,40.00
17.00,20.00,40.00
36.00,17.00,40.00
19.00,39.00,22.00
39.00,42.00,22.00
43.00,41.00,40.00
44.00,41.00,43.00
20.00,23.00,43.00
40.00,20.00,43.00
22.00,42.00,25.00
42.00,45.00,25.00
43.00,46.00,44.00
46.00,43.00,23.00
46.00,23.00,47.00
47.00,23.00,27.00
25.00,45.00,29.00
45.00,48.00,29.00
27.00,49.00,47.00
30.00,49.00,27.00
31.00,50.00,30.00
30.00,50.00,49.00
48.00,31.00,29.00
50.00,31.00,48.00
51.00,52.00,53.00
51.00,33.00,32.00
51.00,53.00,33.00
53.00,54.00,33.00
34.00,33.00,55.00
33.00,54.00,55.00
55.00,35.00,34.00
56.00,35.00,55.00
38.00,52.00,51.00
38.00,37.00,52.00
37.00,57.00,52.00
32.00,38.00,51.00
35.00,56.00,39.00
56.00,58.00,39.00
37.00,41.00,57.00
57.00,41.00,59.00
39.00,58.00,42.00
58.00,60.00,42.00
41.00,44.00,59.00
59.00,44.00,61.00
42.00,60.00,45.00
60.00,62.00,45.00
44.00,63.00,61.00
46.00,63.00,44.00
47.00,64.00,65.00
47.00,65.00,46.00
46.00,65.00,63.00
65.00,64.00,66.00
45.00,62.00,48.00
62.00,67.00,48.00
47.00,49.00,64.00
64.00,68.00,66.00
64.00,49.00,68.00
49.00,50.00,68.00
67.00,50.00,48.00
68.00,50.00,67.00
69.00,70.00,71.00
69.00,72.00,73.00
71.00,72.00,69.00
73.00,74.00,75.00
72.00,74.00,73.00
74.00,76.00,75.00
53.00,70.00,69.00
53.00,52.00,70.00
52.00,77.00,70.00
54.00,53.00,69.00
73.00,54.00,69.00
55.00,54.00,73.00
75.00,55.00,73.00
75.00,56.00,55.00
75.00,76.00,56.00
76.00,78.00,56.00
52.00,57.00,77.00
77.00,57.00,79.00
56.00,78.00,58.00
78.00,80.00,58.00
57.00,59.00,79.00
79.00,59.00,81.00
58.00,80.00,60.00
80.00,82.00,60.00
83.00,61.00,84.00
83.00,81.00,61.00
81.00,59.00,61.00
83.00,84.00,85.00
60.00,82.00,62.00
82.00,86.00,62.00
61.00,63.00,84.00
84.00,87.00,85.00
84.00,63.00,87.00
63.00,65.00,87.00
66.00,88.00,89.00
66.00,89.00,65.00
65.00,89.00,87.00
88.00,86.00,89.00
88.00,67.00,86.00
67.00,62.00,86.00
66.00,68.00,88.00
67.00,88.00,68.00
90.00,91.00,92.00
90.00,93.00,94.00
92.00,93.00,90.00
93.00,95.00,94.00
71.00,91.00,90.00
71.00,70.00,91.00
70.00,96.00,91.00
72.00,71.00,90.00
94.00,72.00,90.00
94.00,95.00,97.00
94.00,97.00,72.00
72.00,97.00,74.00
97.00,76.00,74.00
98.00,76.00,97.00
70.00,77.00,96.00
96.00,77.00,99.00
76.00,98.00,78.00
98.00,100.00,78.00
77.00,79.00,99.00
99.00,79.00,101.00
78.00,100.00,80.00
100.00,102.00,80.00
79.00,81.00,101.00
101.00,81.00,103.00
80.00,102.00,82.00
102.00,104.00,82.00
81.00,105.00,103.00
83.00,105.00,81.00
85.00,106.00,107.00
85.00,107.00,83.00
83.00,107.00,105.00
106.00,108.00,109.00
107.00,106.00,109.00
108.00,104.00,109.00
108.00,86.00,104.00
86.00,82.00,104.00
85.00,87.00,106.00
89.00,106.00,87.00
108.00,106.00,89.00
86.00,108.00,89.00
110.00,111.00,112.00
110.00,92.00,91.00
110.00,112.00,92.00
112.00,113.00,92.00
93.00,92.00,114.00
92.00,113.00,114.00
114.00,95.00,93.00
115.00,95.00,114.00
116.00,111.00,110.00
117.00,111.00,116.00
91.00,96.00,116.00
110.00,91.00,116.00
95.00,115.00,118.00
97.00,95.00,118.00
118.00,98.00,97.00
119.00,98.00,118.00
120.00,117.00,116.00
121.00,117.00,120.00
96.00,99.00,120.00
116.00,96.00,120.00
98.00,119.00,100.00
119.00,122.00,100.00
123.00,121.00,120.00
124.00,121.00,123.00
99.00,101.00,123.00
120.00,99.00,123.00
100.00,122.00,102.00
122.00,125.00,102.00
123.00,126.00,124.00
126.00,123.00,101.00
126.00,101.00,127.00
127.00,101.00,103.00
102.00,125.00,104.00
125.00,128.00,104.00
103.00,129.00,127.00
105.00,129.00,103.00
107.00,130.00,105.00
105.00,130.00,129.00
109.00,131.00,107.00
107.00,131.00,130.00
128.00,109.00,104.00
131.00,109.00,128.00
132.00,133.00,134.00
132.00,135.00,136.00
134.00,135.00,132.00
135.00,137.00,136.00
138.00,133.00,132.00
139.00,133.00,138.00
136.00,140.00,132.00
140.00,138.00,132.00
141.00,136.00,137.00
140.00,136.00,141.00
112.00,139.00,138.00
112.00,111.00,139.00
111.00,142.00,139.00
113.00,112.00,138.00
140.00,113.00,138.00
140.00,141.00,143.00
140.00,143.00,113.00
113.00,143.00,114.00
143.00,115.00,114.00
144.00,115.00,143.00
111.00,117.00,142.00
142.00,117.00,145.00
146.00,118.00,115.00
146.00,115.00,147.00
147.00,115.00,144.00
118.00,146.00,119.00
117.00,121.00,145.00
145.00,121.00,148.00
149.00,146.00,147.00
150.00,149.00,147.00
119.00,149.00,122.00
146.00,149.00,119.00
121.00,124.00,148.00
148.00,124.00,151.00
152.00,149.00,150.00
153.00,152.00,150.00
122.00,152.00,125.00
149.00,152.00,122.00
124.00,154.00,151.00
126.00,154.00,124.00
154.00,126.00,127.00
155.00,154.00,127.00
156.00,157.00,158.00
153.00,157.00,156.00
153.00,156.00,152.00
152.00,156.00,159.00
125.00,159.00,128.00
152.00,159.00,125.00
127.00,160.00,155.00
129.00,160.00,127.00
158.00,130.00,156.00
158.00,160.00,130.00
160.00,129.00,130.00
131.00,156.00,130.00
159.00,156.00,131.00
128.00,159.00,131.00
161.00,162.00,163.00
161.00,164.00,165.00
163.00,164.00,161.00
164.00,166.00,165.00
167.00,168.00,169.00
162.00,167.00,169.00
161.00,167.00,162.00
161.00,133.00,167.00
161.00,134.00,133.00
135.00,134.00,161.00
165.00,135.00,161.00
165.00,137.00,135.00
165.00,166.00,137.00
166.00,170.00,137.00
171.00,168.00,167.00
172.00,168.00,171.00
133.00,139.00,171.00
167.00,133.00,171.00
173.00,174.00,141.00
173.00,141.00,170.00
170.00,141.00,137.00
173.00,175.00,174.00
171.00,176.00,172.00
176.00,171.00,139.00
176.00,139.00,177.00
177.00,139.00,142.00
141.00,174.00,143.00
174.00,144.00,143.00
174.00,175.00,144.00
175.00,178.00,144.00
142.00,145.00,177.00
177.00,145.00,179.00
144.00,178.00,147.00
178.00,180.00,147.00
145.00,148.00,179.00
179.00,148.00,181.00
147.00,180.00,150.00
180.00,182.00,150.00
183.00,151.00,184.00
183.00,181.00,151.00
181.00,148.00,151.00
183.00,184.00,185.00
186.00,187.00,188.00
186.00,182.00,187.00
186.00,153.00,182.00
153.00,150.00,182.00
151.00,154.00,184.00
155.00,189.00,190.00
154.00,155.00,190.00
154.00,190.00,185.00
154.00,185.00,184.00
188.00,190.00,189.00
186.00,188.00,189.00
186.00,189.00,158.00
186.00,158.00,157.00
153.00,186.00,157.00
155.00,160.00,189.00
158.00,189.00,160.00
191.00,192.00,193.00
191.00,194.00,195.00
193.00,194.00,191.00
194.00,196.00,195.00
197.00,192.00,191.00
198.00,192.00,197.00
195.00,199.00,191.00
199.00,197.00,191.00
200.00,195.00,196.00
200.00,201.00,195.00
201.00,199.00,195.00
200.00,202.00,201.00
203.00,198.00,197.00
204.00,198.00,203.00
163.00,162.00,203.00
163.00,203.00,199.00
199.00,203.00,197.00
164.00,163.00,199.00
201.00,164.00,199.00
201.00,166.00,164.00
201.00,202.00,166.00
202.00,205.00,166.00
169.00,204.00,203.00
169.00,168.00,204.00
168.00,206.00,204.00
162.00,169.00,203.00
166.00,205.00,170.00
205.00,207.00,170.00
168.00,172.00,206.00
206.00,172.00,208.00
170.00,207.00,209.00
173.00,170.00,209.00
209.00,175.00,173.00
210.00,175.00,209.00
172.00,211.00,208.00
176.00,211.00,172.00
211.00,176.00,177.00
212.00,211.00,177.00
175.00,210.00,178.00
210.00,213.00,178.00
177.00,179.00,212.00
212.00,179.00,214.00
215.00,216.00,217.00
215.00,213.00,216.00
215.00,180.00,213.00
180.00,178.00,213.00
218.00,181.00,219.00
218.00,214.00,181.00
214.00,179.00,181.00
219.00,220.00,221.00
218.00,219.00,221.00
217.00,221.00,220.00
217.00,220.00,215.00
215.00,220.00,222.00
180.00,222.00,182.00
215.00,222.00,180.00
181.00,183.00,219.00
185.00,219.00,183.00
185.00,223.00,219.00
223.00,220.00,219.00
187.00,223.00,188.00
187.00,222.00,223.00
222.00,220.00,223.00
182.00,222.00,187.00
185.00,190.00,223.00
188.00,223.00,190.00
224.00,225.00,226.00
224.00,227.00,228.00
226.00,227.00,224.00
227.00,229.00,228.00
193.00,225.00,224.00
193.00,192.00,225.00
192.00,230.00,225.00
194.00,193.00,224.00
228.00,194.00,224.00
196.00,231.00,232.00
194.00,231.00,196.00
194.00,229.00,231.00
194.00,228.00,229.00
231.00,233.00,232.00
192.00,198.00,230.00
230.00,198.00,234.00
196.00,232.00,200.00
232.00,202.00,200.00
232.00,233.00,202.00
233.00,235.00,202.00
198.00,204.00,234.00
234.00,204.00,236.00
202.00,235.00,205.00
235.00,237.00,205.00
204.00,206.00,236.00
236.00,206.00,238.00
205.00,237.00,207.00
237.00,239.00,207.00
206.00,208.00,238.00
238.00,208.00,240.00
241.00,209.00,207.00
241.00,207.00,242.00
242.00,207.00,239.00
209.00,241.00,210.00
208.00,243.00,240.00
211.00,243.00,208.00
243.00,211.00,212.00
244.00,243.00,212.00
245.00,241.00,242.00
246.00,245.00,242.00
210.00,245.00,213.00
241.00,245.00,210.00
247.00,214.00,248.00
247.00,244.00,214.00
244.00,212.00,214.00
248.00,249.00,250.00
247.00,248.00,250.00
246.00,250.00,249.00
245.00,246.00,249.00
245.00,249.00,217.00
245.00,217.00,216.00
213.00,245.00,216.00
214.00,218.00,248.00
221.00,248.00,218.00
249.00,248.00,221.00
217.00,249.00,221.00
251.00,252.00,253.00
253.00,254.00,251.00
255.00,252.00,251.00
256.00,252.00,255.00
257.00,251.00,254.00
257.00,258.00,251.00
258.00,255.00,251.00
257.00,259.00,258.00
226.00,256.00,255.00
226.00,225.00,256.00
225.00,260.00,256.00
227.00,226.00,255.00
258.00,227.00,255.00
229.00,261.00,262.00
227.00,261.00,229.00
227.00,259.00,261.00
227.00,258.00,259.00
261.00,263.00,262.00
225.00,230.00,260.00
260.00,230.00,264.00
229.00,262.00,231.00
262.00,233.00,231.00
262.00,263.00,233.00
263.00,265.00,233.00
230.00,234.00,264.00
264.00,234.00,266.00
233.00,265.00,235.00
265.00,267.00,235.00
234.00,236.00,266.00
266.00,236.00,268.00
235.00,267.00,237.00
267.00,269.00,237.00
236.00,238.00,268.00
268.00,238.00,270.00
237.00,269.00,239.00
269.00,271.00,239.00
238.00,240.00,270.00
270.00,240.00,272.00
273.00,274.00,275.00
273.00,271.00,274.00
273.00,242.00,271.00
242.00,239.00,271.00
240.00,276.00,272.00
243.00,276.00,240.00
244.00,277.00,278.00
244.00,278.00,243.00
243.00,278.00,276.00
275.00,278.00,277.00
275.00,277.00,273.00
273.00,277.00,279.00
242.00,279.00,246.00
273.00,279.00,242.00
244.00,247.00,277.00
250.00,277.00,247.00
279.00,277.00,250.00
246.00,279.00,250.00
280.00,281.00,282.00
280.00,283.00,284.00
282.00,283.00,280.00
283.00,285.00,284.00
286.00,287.00,288.00
281.00,286.00,288.00
280.00,286.00,281.00
280.00,252.00,286.00
280.00,253.00,252.00
254.00,253.00,280.00
254.00,280.00,289.00
289.00,280.00,284.00
290.00,284.00,285.00
289.00,284.00,290.00
291.00,287.00,286.00
292.00,287.00,291.00
252.00,256.00,291.00
286.00,252.00,291.00
254.00,289.00,257.00
259.00,293.00,294.00
257.00,293.00,259.00
257.00,290.00,293.00
257.00,289.00,290.00
293.00,295.00,294.00
296.00,292.00,291.00
297.00,292.00,296.00
256.00,260.00,296.00
291.00,256.00,296.00
259.00,294.00,261.00
294.00,263.00,261.00
294.00,295.00,263.00
295.00,298.00,263.00
299.00,297.00,296.00
300.00,297.00,299.00
260.00,264.00,299.00
296.00,260.00,299.00
263.00,298.00,265.00
298.00,301.00,265.00
299.00,302.00,300.00
302.00,299.00,264.00
302.00,264.00,303.00
303.00,264.00,266.00
265.00,301.00,267.00
301.00,304.00,267.00
266.00,268.00,303.00
303.00,268.00,305.00
267.00,304.00,269.00
304.00,306.00,269.00
268.00,270.00,305.00
305.00,270.00,307.00
269.00,306.00,271.00
306.00,308.00,271.00
309.00,272.00,310.00
309.00,307.00,272.00
307.00,270.00,272.00
310.00,311.00,312.00
309.00,310.00,312.00
311.00,275.00,274.00
311.00,274.00,312.00
312.00,274.00,313.00
308.00,274.00,271.00
313.00,274.00,308.00
272.00,276.00,310.00
278.00,310.00,276.00
311.00,310.00,278.00
275.00,311.00,278.00
314.00,315.00,316.00
314.00,317.00,318.00
316.00,317.00,314.00
317.00,319.00,318.00
320.00,321.00,322.00
315.00,320.00,322.00
315.00,314.00,320.00
314.00,323.00,320.00
318.00,324.00,314.00
324.00,323.00,314.00
325.00,318.00,319.00
324.00,318.00,325.00
326.00,321.00,320.00
327.00,321.00,326.00
282.00,281.00,326.00
282.00,326.00,323.00
323.00,326.00,320.00
283.00,282.00,323.00
324.00,283.00,323.00
285.00,328.00,329.00
283.00,328.00,285.00
283.00,325.00,328.00
283.00,324.00,325.00
328.00,330.00,329.00
288.00,327.00,326.00
288.00,287.00,327.00
287.00,331.00,327.00
281.00,288.00,326.00
329.00,332.00,290.00
285.00,329.00,290.00
333.00,329.00,330.00
332.00,329.00,333.00
287.00,292.00,331.00
331.00,292.00,334.00
290.00,332.00,293.00
332.00,295.00,293.00
332.00,333.00,295.00
333.00,335.00,295.00
292.00,297.00,334.00
334.00,297.00,336.00
295.00,335.00,298.00
335.00,337.00,298.00
297.00,300.00,336.00
336.00,300.00,338.00
298.00,337.00,301.00
337.00,339.00,301.00
300.00,340.00,338.00
302.00,340.00,300.00
340.00,302.00,303.00
341.00,340.00,303.00
301.00,339.00,304.00
339.00,342.00,304.00
303.00,305.00,341.00
341.00,305.00,343.00
344.00,345.00,346.00
344.00,342.00,345.00
344.00,306.00,342.00
306.00,304.00,342.00
347.00,307.00,348.00
347.00,343.00,307.00
343.00,305.00,307.00
348.00,349.00,350.00
347.00,348.00,350.00
346.00,350.00,349.00
346.00,349.00,344.00
344.00,349.00,351.00
306.00,351.00,308.00
344.00,351.00,306.00
307.00,309.00,348.00
312.00,348.00,309.00
349.00,348.00,312.00
313.00,349.00,312.00
351.00,349.00,313.00
308.00,351.00,313.00
352.00,353.00,354.00
352.00,355.00,356.00
354.00,355.00,352.00
355.00,357.00,356.00
358.00,359.00,360.00
353.00,358.00,360.00
353.00,352.00,358.00
352.00,361.00,358.00
356.00,362.00,352.00
362.00,361.00,352.00
363.00,356.00,357.00
362.00,356.00,363.00
364.00,359.00,358.00
365.00,359.00,364.00
316.00,315.00,364.00
316.00,364.00,361.00
361.00,364.00,358.00
317.00,316.00,361.00
362.00,317.00,361.00
319.00,366.00,367.00
317.00,366.00,319.00
317.00,363.00,366.00
317.00,362.00,363.00
366.00,368.00,367.00
322.00,365.00,364.00
322.00,321.00,365.00
321.00,369.00,365.00
315.00,322.00,364.00
367.00,370.00,325.00
319.00,367.00,325.00
371.00,367.00,368.00
370.00,367.00,371.00
321.00,327.00,369.00
369.00,327.00,372.00
325.00,370.00,328.00
370.00,330.00,328.00
370.00,371.00,330.00
371.00,373.00,330.00
327.00,331.00,372.00
372.00,331.00,374.00
330.00,373.00,333.00
373.00,375.00,333.00
331.00,334.00,374.00
374.00,334.00,376.00
333.00,375.00,335.00
375.00,377.00,335.00
334.00,336.00,376.00
376.00,336.00,378.00
379.00,380.00,381.00
379.00,377.00,380.00
379.00,337.00,377.00
337.00,335.00,377.00
336.00,338.00,378.00
378.00,338.00,382.00
383.00,379.00,381.00
384.00,383.00,381.00
337.00,383.00,339.00
379.00,383.00,337.00
338.00,385.00,382.00
340.00,385.00,338.00
341.00,386.00,387.00
341.00,387.00,340.00
340.00,387.00,385.00
386.00,388.00,389.00
387.00,386.00,389.00
384.00,389.00,388.00
384.00,388.00,383.00
383.00,388.00,390.00
339.00,390.00,342.00
383.00,390.00,339.00
386.00,343.00,391.00
341.00,343.00,386.00
388.00,386.00,392.00
392.00,386.00,391.00
345.00,392.00,346.00
345.00,390.00,392.00
390.00,388.00,392.00
342.00,390.00,345.00
343.00,347.00,391.00
350.00,391.00,347.00
392.00,391.00,350.00
346.00,392.00,350.00
393.00,394.00,395.00
395.00,396.00,393.00
397.00,398.00,399.00
394.00,397.00,399.00
394.00,393.00,397.00
393.00,400.00,397.00
401.00,393.00,396.00
400.00,393.00,401.00
402.00,398.00,397.00
403.00,398.00,402.00
400.00,404.00,397.00
404.00,402.00,397.00
405.00,400.00,401.00
405.00,406.00,400.00
406.00,404.00,400.00
405.00,407.00,406.00
408.00,409.00,410.00
403.00,408.00,410.00
402.00,408.00,403.00
402.00,353.00,408.00
402.00,354.00,353.00
355.00,354.00,402.00
404.00,355.00,402.00
357.00,355.00,404.00
357.00,404.00,411.00
411.00,404.00,406.00
412.00,406.00,407.00
411.00,406.00,412.00
360.00,409.00,408.00
360.00,359.00,409.00
359.00,413.00,409.00
353.00,360.00,408.00
411.00,414.00,363.00
357.00,411.00,363.00
415.00,411.00,412.00
414.00,411.00,415.00
359.00,365.00,413.00
413.00,365.00,416.00
363.00,414.00,366.00
414.00,368.00,366.00
414.00,415.00,368.00
415.00,417.00,368.00
365.00,369.00,416.00
416.00,369.00,418.00
368.00,417.00,371.00
417.00,419.00,371.00
369.00,372.00,418.00
418.00,372.00,420.00
371.00,419.00,373.00
419.00,421.00,373.00
372.00,374.00,420.00
420.00,374.00,422.00
423.00,424.00,425.00
423.00,421.00,424.00
423.00,375.00,421.00
375.00,373.00,421.00
374.00,376.00,422.00
422.00,376.00,426.00
427.00,423.00,425.00
428.00,427.00,425.00
375.00,427.00,377.00
423.00,427.00,375.00
429.00,378.00,430.00
429.00,426.00,378.00
426.00,376.00,378.00
430.00,431.00,432.00
429.00,430.00,432.00
431.00,433.00,434.00
432.00,431.00,434.00
428.00,434.00,433.00
427.00,428.00,433.00
427.00,433.00,381.00
427.00,381.00,380.00
377.00,427.00,380.00
430.00,382.00,435.00
378.00,382.00,430.00
431.00,430.00,436.00
436.00,430.00,435.00
433.00,431.00,437.00
437.00,431.00,436.00
381.00,437.00,384.00
433.00,437.00,381.00
382.00,385.00,435.00
387.00,435.00,385.00
436.00,435.00,387.00
389.00,436.00,387.00
437.00,436.00,389.00
384.00,437.00,389.00
438.00,439.00,440.00
438.00,441.00,442.00
440.00,441.00,438.00
441.00,443.00,442.00
444.00,445.00,446.00
439.00,444.00,446.00
438.00,444.00,439.00
438.00,394.00,444.00
438.00,395.00,394.00
396.00,395.00,438.00
396.00,438.00,447.00
447.00,438.00,442.00
448.00,442.00,443.00
448.00,449.00,442.00
449.00,447.00,442.00
448.00,450.00,449.00
399.00,445.00,444.00
399.00,398.00,445.00
398.00,451.00,445.00
394.00,399.00,444.00
447.00,452.00,401.00
396.00,447.00,401.00
453.00,449.00,454.00
453.00,452.00,449.00
452.00,447.00,449.00
450.00,454.00,449.00
398.00,403.00,451.00
451.00,403.00,455.00
401.00,452.00,405.00
452.00,407.00,405.00
452.00,453.00,407.00
453.00,456.00,407.00
410.00,457.00,458.00
409.00,457.00,410.00
455.00,403.00,410.00
458.00,455.00,410.00
407.00,456.00,412.00
456.00,459.00,412.00
409.00,413.00,457.00
457.00,413.00,460.00
412.00,459.00,415.00
459.00,461.00,415.00
413.00,416.00,460.00
460.00,416.00,462.00
415.00,461.00,417.00
461.00,463.00,417.00
416.00,418.00,462.00
462.00,418.00,464.00
465.00,466.00,467.00
465.00,463.00,466.00
465.00,419.00,463.00
419.00,417.00,463.00
418.00,420.00,464.00
464.00,420.00,468.00
469.00,465.00,467.00
470.00,469.00,467.00
419.00,469.00,421.00
465.00,469.00,419.00
471.00,422.00,472.00
471.00,468.00,422.00
468.00,420.00,422.00
472.00,473.00,474.00
471.00,472.00,474.00
473.00,475.00,476.00
474.00,473.00,476.00
470.00,476.00,475.00
469.00,470.00,475.00
469.00,475.00,425.00
469.00,425.00,424.00
421.00,469.00,424.00
472.00,426.00,477.00
422.00,426.00,472.00
473.00,472.00,478.00
478.00,472.00,477.00
475.00,473.00,479.00
479.00,473.00,478.00
425.00,479.00,428.00
475.00,479.00,425.00
426.00,429.00,477.00
432.00,477.00,429.00
478.00,477.00,432.00
434.00,478.00,432.00
479.00,478.00,434.00
428.00,479.00,434.00
480.00,481.00,482.00
480.00,483.00,484.00
482.00,483.00,480.00
484.00,485.00,486.00
483.00,485.00,484.00
485.00,487.00,486.00
488.00,481.00,480.00
489.00,481.00,488.00
484.00,490.00,480.00
490.00,488.00,480.00
486.00,491.00,484.00
491.00,490.00,484.00
492.00,486.00,487.00
491.00,486.00,492.00
493.00,494.00,495.00
489.00,493.00,495.00
488.00,493.00,489.00
488.00,439.00,493.00
488.00,440.00,439.00
441.00,440.00,488.00
490.00,441.00,488.00
443.00,441.00,490.00
443.00,490.00,496.00
496.00,490.00,491.00
497.00,491.00,492.00
496.00,491.00,497.00
446.00,494.00,493.00
446.00,445.00,494.00
445.00,498.00,494.00
439.00,446.00,493.00
443.00,496.00,448.00
496.00,450.00,448.00
496.00,497.00,450.00
497.00,499.00,450.00
445.00,451.00,498.00
498.00,451.00,500.00
454.00,501.00,453.00
454.00,502.00,501.00
454.00,450.00,502.00
450.00,499.00,502.00
451.00,455.00,500.00
500.00,455.00,503.00
501.00,504.00,505.00
501.00,505.00,453.00
453.00,505.00,456.00
502.00,504.00,501.00
458.00,457.00,506.00
458.00,506.00,507.00
458.00,507.00,455.00
455.00,507.00,503.00
456.00,505.00,459.00
505.00,508.00,459.00
506.00,460.00,509.00
457.00,460.00,506.00
510.00,507.00,506.00
509.00,510.00,506.00
459.00,508.00,461.00
508.00,511.00,461.00
509.00,462.00,512.00
460.00,462.00,509.00
513.00,510.00,509.00
512.00,513.00,509.00
514.00,515.00,516.00
514.00,511.00,515.00
514.00,463.00,511.00
463.00,461.00,511.00
512.00,464.00,517.00
462.00,464.00,512.00
518.00,513.00,512.00
518.00,512.00,519.00
519.00,512.00,517.00
519.00,520.00,521.00
518.00,519.00,521.00
516.00,521.00,520.00
514.00,516.00,520.00
514.00,520.00,467.00
514.00,467.00,466.00
463.00,514.00,466.00
517.00,468.00,522.00
464.00,468.00,517.00
519.00,517.00,523.00
523.00,517.00,522.00
520.00,519.00,524.00
524.00,519.00,523.00
467.00,524.00,470.00
520.00,524.00,467.00
468.00,471.00,522.00
474.00,522.00,471.00
523.00,522.00,474.00
476.00,523.00,474.00
524.00,523.00,476.00
470.00,524.00,476.00
525.00,526.00,527.00
525.00,528.00,529.00
527.00,528.00,525.00
528.00,530.00,529.00
531.00,532.00,533.00
526.00,531.00,533.00
526.00,525.00,531.00
525.00,534.00,531.00
529.00,535.00,525.00
535.00,534.00,525.00
536.00,529.00,530.00
535.00,529.00,536.00
482.00,537.00,538.00
481.00,537.00,482.00
532.00,531.00,483.00
532.00,483.00,538.00
538.00,483.00,482.00
485.00,483.00,531.00
534.00,485.00,531.00
487.00,485.00,534.00
487.00,534.00,539.00
539.00,534.00,535.00
540.00,535.00,536.00
539.00,535.00,540.00
481.00,489.00,537.00
537.00,489.00,541.00
539.00,542.00,543.00
539.00,543.00,487.00
487.00,543.00,492.00
540.00,542.00,539.00
495.00,544.00,545.00
494.00,544.00,495.00
541.00,489.00,495.00
545.00,541.00,495.00
492.00,543.00,497.00
543.00,546.00,497.00
494.00,498.00,544.00
544.00,498.00,547.00
497.00,546.00,499.00
546.00,548.00,499.00
498.00,500.00,547.00
547.00,500.00,549.00
499.00,548.00,502.00
548.00,550.00,502.00
500.00,503.00,549.00
549.00,503.00,551.00
504.00,552.00,505.00
504.00,553.00,552.00
504.00,502.00,553.00
502.00,550.00,553.00
503.00,507.00,551.00
551.00,507.00,554.00
552.00,555.00,556.00
552.00,556.00,505.00
505.00,556.00,508.00
553.00,555.00,552.00
507.00,510.00,554.00
554.00,510.00,557.00
558.00,559.00,560.00
558.00,556.00,559.00
558.00,511.00,556.00
511.00,508.00,556.00
561.00,513.00,562.00
561.00,557.00,513.00
557.00,510.00,513.00
562.00,563.00,564.00
561.00,562.00,564.00
560.00,564.00,563.00
558.00,560.00,563.00
558.00,563.00,516.00
558.00,516.00,515.00
511.00,558.00,515.00
513.00,518.00,562.00
521.00,562.00,518.00
563.00,562.00,521.00
516.00,563.00,521.00
565.00,566.00,567.00
565.00,568.00,569.00
567.00,568.00,565.00
568.00,570.00,569.00
571.00,572.00,573.00
566.00,571.00,573.00
566.00,565.00,571.00
565.00,574.00,571.00
569.00,575.00,565.00
575.00,574.00,565.00
576.00,569.00,570.00
575.00,569.00,576.00
577.00,578.00,579.00
572.00,577.00,579.00
571.00,577.00,572.00
571.00,526.00,577.00
571.00,527.00,526.00
528.00,527.00,571.00
574.00,528.00,571.00
530.00,528.00,574.00
530.00,574.00,580.00
580.00,574.00,575.00
581.00,575.00,576.00
580.00,575.00,581.00
533.00,578.00,577.00
533.00,532.00,578.00
532.00,582.00,578.00
526.00,533.00,577.00
580.00,583.00,584.00
580.00,584.00,530.00
530.00,584.00,536.00
581.00,583.00,580.00
538.00,585.00,586.00
537.00,585.00,538.00
582.00,532.00,538.00
586.00,582.00,538.00
536.00,584.00,540.00
584.00,587.00,540.00
537.00,541.00,585.00
585.00,541.00,588.00
542.00,589.00,543.00
542.00,590.00,589.00
542.00,540.00,590.00
540.00,587.00,590.00
545.00,544.00,591.00
545.00,591.00,592.00
545.00,592.00,541.00
541.00,592.00,588.00
589.00,593.00,594.00
589.00,594.00,543.00
543.00,594.00,546.00
590.00,593.00,589.00
591.00,547.00,595.00
544.00,547.00,591.00
596.00,592.00,591.00
595.00,596.00,591.00
546.00,594.00,548.00
594.00,597.00,548.00
595.00,549.00,598.00
547.00,549.00,595.00
599.00,596.00,595.00
598.00,599.00,595.00
548.00,597.00,550.00
597.00,600.00,550.00
598.00,551.00,601.00
549.00,551.00,598.00
602.00,599.00,598.00
601.00,602.00,598.00
603.00,604.00,605.00
603.00,600.00,604.00
603.00,553.00,600.00
553.00,550.00,600.00
601.00,554.00,606.00
551.00,554.00,601.00
607.00,602.00,601.00
607.00,601.00,608.00
608.00,601.00,606.00
608.00,609.00,610.00
607.00,608.00,610.00
605.00,610.00,609.00
603.00,605.00,609.00
603.00,609.00,556.00
603.00,556.00,555.00
553.00,603.00,555.00
606.00,557.00,611.00
554.00,557.00,606.00
608.00,606.00,612.00
612.00,606.00,611.00
559.00,612.00,560.00
559.00,609.00,612.00
609.00,608.00,612.00
556.00,609.00,559.00
557.00,561.00,611.00
564.00,611.00,561.00
612.00,611.00,564.00
560.00,612.00,564.00
613.00,614.00,615.00
613.00,616.00,617.00
615.00,616.00,613.00
616.00,618.00,617.00
619.00,620.00,621.00
614.00,619.00,621.00
614.00,613.00,619.00
613.00,622.00,619.00
617.00,623.00,613.00
623.00,622.00,613.00
624.00,617.00,618.00
623.00,617.00,624.00
625.00,626.00,627.00
620.00,625.00,627.00
619.00,625.00,620.00
619.00,566.00,625.00
619.00,567.00,566.00
568.00,567.00,619.00
622.00,568.00,619.00
570.00,568.00,622.00
570.00,622.00,628.00
628.00,622.00,623.00
629.00,623.00,624.00
628.00,623.00,629.00
573.00,626.00,625.00
573.00,572.00,626.00
572.00,630.00,626.00
566.00,573.00,625.00
628.00,631.00,576.00
570.00,628.00,576.00
632.00,628.00,629.00
631.00,628.00,632.00
579.00,633.00,634.00
578.00,633.00,579.00
630.00,572.00,579.00
634.00,630.00,579.00
631.00,635.00,636.00
631.00,636.00,576.00
576.00,636.00,581.00
632.00,635.00,631.00
578.00,582.00,633.00
633.00,582.00,637.00
583.00,638.00,584.00
583.00,639.00,638.00
583.00,581.00,639.00
581.00,636.00,639.00
586.00,640.00,641.00
585.00,640.00,586.00
637.00,582.00,586.00
641.00,637.00,586.00
638.00,642.00,643.00
638.00,643.00,584.00
584.00,643.00,587.00
639.00,642.00,638.00
585.00,588.00,640.00
640.00,588.00,644.00
645.00,646.00,647.00
645.00,643.00,646.00
645.00,590.00,643.00
590.00,587.00,643.00
588.00,592.00,644.00
644.00,592.00,648.00
593.00,645.00,647.00
593.00,647.00,594.00
594.00,647.00,649.00
590.00,645.00,593.00
592.00,596.00,648.00
648.00,596.00,650.00
651.00,652.00,653.00
651.00,649.00,652.00
651.00,597.00,649.00
597.00,594.00,649.00
654.00,599.00,655.00
654.00,650.00,599.00
650.00,596.00,599.00
655.00,656.00,657.00
654.00,655.00,657.00
653.00,657.00,656.00
653.00,656.00,651.00
651.00,656.00,658.00
597.00,658.00,600.00
651.00,658.00,597.00
655.00,602.00,659.00
599.00,602.00,655.00
656.00,655.00,660.00
660.00,655.00,659.00
604.00,660.00,605.00
604.00,658.00,660.00
658.00,656.00,660.00
600.00,658.00,604.00
602.00,607.00,659.00
610.00,659.00,607.00
660.00,659.00,610.00
605.00,660.00,610.00
661.00,662.00,663.00
663.00,664.00,661.00
665.00,662.00,661.00
666.00,662.00,665.00
667.00,661.00,664.00
665.00,661.00,667.00
665.00,668.00,666.00
667.00,668.00,665.00
669.00,670.00,671.00
669.00,672.00,673.00
671.00,672.00,669.00
672.00,674.00,673.00
675.00,676.00,677.00
670.00,675.00,677.00
669.00,675.00,670.00
669.00,614.00,675.00
669.00,615.00,614.00
616.00,615.00,669.00
673.00,616.00,669.00
673.00,618.00,616.00
673.00,674.00,618.00
674.00,678.00,618.00
621.00,676.00,675.00
621.00,620.00,676.00
620.00,679.00,676.00
614.00,621.00,675.00
618.00,678.00,624.00
678.00,680.00,624.00
627.00,681.00,682.00
626.00,681.00,627.00
679.00,620.00,627.00
682.00,679.00,627.00
624.00,680.00,629.00
680.00,683.00,629.00
626.00,630.00,681.00
681.00,630.00,684.00
629.00,683.00,632.00
683.00,685.00,632.00
634.00,686.00,687.00
633.00,686.00,634.00
684.00,630.00,634.00
687.00,684.00,634.00
635.00,688.00,689.00
636.00,635.00,689.00
685.00,635.00,632.00
688.00,635.00,685.00
633.00,637.00,686.00
686.00,637.00,690.00
636.00,689.00,639.00
689.00,691.00,639.00
641.00,640.00,692.00
641.00,692.00,693.00
641.00,693.00,637.00
637.00,693.00,690.00
642.00,694.00,695.00
643.00,642.00,695.00
691.00,642.00,639.00
694.00,642.00,691.00
692.00,644.00,696.00
640.00,644.00,692.00
697.00,693.00,692.00
696.00,697.00,692.00
646.00,698.00,699.00
647.00,646.00,699.00
695.00,646.00,643.00
698.00,646.00,695.00
696.00,648.00,700.00
644.00,648.00,696.00
701.00,697.00,696.00
701.00,696.00,702.00
702.00,696.00,700.00
702.00,703.00,704.00
701.00,702.00,704.00
703.00,699.00,704.00
703.00,649.00,699.00
649.00,647.00,699.00
700.00,650.00,705.00
648.00,650.00,700.00
702.00,700.00,706.00
706.00,700.00,705.00
652.00,706.00,653.00
652.00,703.00,706.00
703.00,702.00,706.00
649.00,703.00,652.00
650.00,654.00,705.00
657.00,705.00,654.00
706.00,705.00,657.00
653.00,706.00,657.00
663.00,707.00,708.00
662.00,707.00,663.00
708.00,664.00,663.00
709.00,664.00,708.00
662.00,666.00,707.00
707.00,666.00,710.00
664.00,709.00,667.00
709.00,711.00,667.00
712.00,666.00,668.00
712.00,713.00,666.00
713.00,710.00,666.00
668.00,714.00,712.00
668.00,667.00,714.00
667.00,711.00,714.00
712.00,715.00,713.00
714.00,715.00,712.00
716.00,717.00,718.00
716.00,719.00,720.00
718.00,719.00,716.00
719.00,721.00,720.00
722.00,723.00,724.00
717.00,722.00,724.00
717.00,716.00,722.00
716.00,725.00,722.00
720.00,726.00,716.00
726.00,725.00,716.00
727.00,720.00,721.00
726.00,720.00,727.00
671.00,723.00,722.00
671.00,670.00,723.00
670.00,728.00,723.00
672.00,671.00,722.00
725.00,672.00,722.00
674.00,672.00,725.00
674.00,725.00,729.00
729.00,725.00,726.00
730.00,726.00,727.00
729.00,726.00,730.00
677.00,731.00,732.00
676.00,731.00,677.00
728.00,670.00,677.00
732.00,728.00,677.00
729.00,733.00,678.00
674.00,729.00,678.00
734.00,729.00,730.00
733.00,729.00,734.00
676.00,679.00,731.00
731.00,679.00,735.00
733.00,736.00,680.00
678.00,733.00,680.00
737.00,733.00,734.00
736.00,733.00,737.00
682.00,738.00,739.00
681.00,738.00,682.00
735.00,679.00,682.00
739.00,735.00,682.00
736.00,740.00,741.00
736.00,741.00,680.00
680.00,741.00,683.00
737.00,740.00,736.00
681.00,684.00,738.00
738.00,684.00,742.00
683.00,741.00,685.00
741.00,743.00,685.00
687.00,686.00,744.00
687.00,744.00,745.00
687.00,745.00,684.00
684.00,745.00,742.00
688.00,746.00,747.00
689.00,688.00,747.00
743.00,688.00,685.00
746.00,688.00,743.00
744.00,748.00,749.00
744.00,686.00,748.00
686.00,690.00,748.00
745.00,744.00,749.00
750.00,751.00,752.00
750.00,747.00,751.00
750.00,691.00,747.00
691.00,689.00,747.00
753.00,693.00,754.00
753.00,748.00,693.00
748.00,690.00,693.00
754.00,755.00,756.00
753.00,754.00,756.00
755.00,757.00,758.00
756.00,755.00,758.00
752.00,758.00,757.00
750.00,752.00,757.00
750.00,757.00,695.00
750.00,695.00,694.00
691.00,750.00,694.00
754.00,697.00,759.00
693.00,697.00,754.00
755.00,754.00,760.00
760.00,754.00,759.00
698.00,760.00,699.00
698.00,757.00,760.00
757.00,755.00,760.00
695.00,757.00,698.00
697.00,701.00,759.00
704.00,759.00,701.00
760.00,759.00,704.00
699.00,760.00,704.00
708.00,761.00,762.00
707.00,761.00,708.00
762.00,709.00,708.00
763.00,709.00,762.00
707.00,710.00,761.00
761.00,710.00,764.00
709.00,763.00,711.00
763.00,765.00,711.00
710.00,713.00,764.00
764.00,713.00,766.00
711.00,765.00,714.00
765.00,767.00,714.00
713.00,768.00,766.00
715.00,768.00,713.00
767.00,715.00,714.00
768.00,715.00,767.00
769.00,770.00,771.00
769.00,772.00,773.00
771.00,772.00,769.00
772.00,774.00,773.00
775.00,776.00,777.00
770.00,775.00,777.00
770.00,769.00,775.00
769.00,778.00,775.00
773.00,779.00,769.00
779.00,778.00,769.00
780.00,773.00,774.00
779.00,773.00,780.00
781.00,782.00,783.00
776.00,781.00,783.00
775.00,781.00,776.00
775.00,717.00,781.00
775.00,718.00,717.00
719.00,718.00,775.00
778.00,719.00,775.00
721.00,719.00,778.00
721.00,778.00,784.00
784.00,778.00,779.00
785.00,779.00,780.00
784.00,779.00,785.00
724.00,782.00,781.00
724.00,723.00,782.00
723.00,786.00,782.00
717.00,724.00,781.00
784.00,787.00,727.00
721.00,784.00,727.00
788.00,784.00,785.00
787.00,784.00,788.00
723.00,728.00,786.00
786.00,728.00,789.00
787.00,790.00,791.00
787.00,791.00,727.00
727.00,791.00,730.00
788.00,790.00,787.00
732.00,792.00,793.00
731.00,792.00,732.00
789.00,728.00,732.00
793.00,789.00,732.00
730.00,791.00,734.00
791.00,794.00,734.00
731.00,735.00,792.00
792.00,735.00,795.00
734.00,794.00,737.00
794.00,796.00,737.00
739.00,738.00,797.00
739.00,797.00,798.00
739.00,798.00,735.00
735.00,798.00,795.00
740.00,799.00,800.00
741.00,740.00,800.00
796.00,740.00,737.00
799.00,740.00,796.00
797.00,742.00,801.00
738.00,742.00,797.00
802.00,798.00,797.00
801.00,802.00,797.00
741.00,800.00,743.00
800.00,803.00,743.00
801.00,745.00,804.00
742.00,745.00,801.00
805.00,802.00,801.00
804.00,805.00,801.00
746.00,806.00,807.00
747.00,746.00,807.00
803.00,746.00,743.00
806.00,746.00,803.00
749.00,748.00,808.00
749.00,804.00,745.00
749.00,808.00,804.00
808.00,809.00,804.00
810.00,805.00,804.00
810.00,804.00,811.00
811.00,804.00,809.00
811.00,752.00,751.00
811.00,751.00,810.00
810.00,751.00,812.00
807.00,751.00,747.00
812.00,751.00,807.00
748.00,753.00,808.00
756.00,808.00,753.00
809.00,808.00,756.00
758.00,809.00,756.00
811.00,809.00,758.00
752.00,811.00,758.00
762.00,813.00,814.00
761.00,813.00,762.00
814.00,763.00,762.00
815.00,763.00,814.00
816.00,817.00,818.00
816.00,818.00,813.00
816.00,813.00,764.00
764.00,813.00,761.00
763.00,815.00,765.00
815.00,819.00,765.00
820.00,817.00,816.00
821.00,817.00,820.00
764.00,766.00,820.00
816.00,764.00,820.00
765.00,819.00,767.00
819.00,822.00,767.00
823.00,821.00,820.00
824.00,821.00,823.00
766.00,823.00,820.00
766.00,825.00,823.00
766.00,768.00,825.00
825.00,826.00,823.00
822.00,768.00,767.00
825.00,768.00,822.00
823.00,827.00,824.00
826.00,827.00,823.00
828.00,829.00,830.00
828.00,831.00,832.00
830.00,831.00,828.00
831.00,833.00,832.00
834.00,835.00,836.00
829.00,834.00,836.00
828.00,834.00,829.00
828.00,770.00,834.00
828.00,771.00,770.00
772.00,771.00,828.00
832.00,772.00,828.00
832.00,774.00,772.00
832.00,833.00,774.00
833.00,837.00,774.00
838.00,839.00,840.00
835.00,838.00,840.00
834.00,838.00,835.00
834.00,776.00,838.00
834.00,777.00,776.00
770.00,777.00,834.00
774.00,837.00,780.00
837.00,841.00,780.00
783.00,839.00,838.00
783.00,782.00,839.00
782.00,842.00,839.00
776.00,783.00,838.00
780.00,841.00,785.00
841.00,843.00,785.00
782.00,786.00,842.00
842.00,786.00,844.00
785.00,843.00,788.00
843.00,845.00,788.00
786.00,789.00,844.00
844.00,789.00,846.00
790.00,847.00,791.00
790.00,848.00,847.00
790.00,788.00,848.00
788.00,845.00,848.00
793.00,792.00,849.00
793.00,849.00,850.00
793.00,850.00,789.00
789.00,850.00,846.00
847.00,851.00,852.00
847.00,852.00,791.00
791.00,852.00,794.00
848.00,851.00,847.00
849.00,795.00,853.00
792.00,795.00,849.00
854.00,850.00,849.00
853.00,854.00,849.00
794.00,852.00,796.00
852.00,855.00,796.00
853.00,798.00,856.00
795.00,798.00,853.00
857.00,854.00,853.00
856.00,857.00,853.00
799.00,858.00,859.00
800.00,799.00,859.00
855.00,799.00,796.00
858.00,799.00,855.00
856.00,802.00,860.00
798.00,802.00,856.00
861.00,857.00,856.00
860.00,861.00,856.00
862.00,863.00,864.00
862.00,859.00,863.00
862.00,803.00,859.00
803.00,800.00,859.00
860.00,805.00,865.00
802.00,805.00,860.00
866.00,861.00,860.00
866.00,860.00,867.00
867.00,860.00,865.00
864.00,866.00,867.00
862.00,864.00,867.00
862.00,867.00,807.00
862.00,807.00,806.00
803.00,862.00,806.00
805.00,810.00,865.00
812.00,865.00,810.00
867.00,865.00,812.00
807.00,867.00,812.00
814.00,813.00,868.00
814.00,868.00,815.00
869.00,870.00,871.00
869.00,818.00,817.00
869.00,871.00,818.00
871.00,872.00,818.00
868.00,813.00,818.00
868.00,818.00,873.00
873.00,818.00,872.00
873.00,815.00,868.00
873.00,874.00,815.00
874.00,819.00,815.00
875.00,870.00,869.00
876.00,870.00,875.00
817.00,821.00,875.00
869.00,817.00,875.00
819.00,874.00,822.00
874.00,877.00,822.00
878.00,876.00,875.00
879.00,876.00,878.00
821.00,824.00,878.00
875.00,821.00,878.00
825.00,880.00,826.00
825.00,881.00,880.00
825.00,822.00,881.00
822.00,877.00,881.00
878.00,882.00,879.00
824.00,882.00,878.00
824.00,827.00,882.00
827.00,883.00,882.00
880.00,827.00,826.00
880.00,884.00,827.00
884.00,883.00,827.00
881.00,884.00,880.00
885.00,886.00,887.00
885.00,888.00,889.00
887.00,888.00,885.00
889.00,890.00,891.00
888.00,890.00,889.00
890.00,892.00,891.00
893.00,894.00,895.00
886.00,893.00,895.00
885.00,893.00,886.00
885.00,829.00,893.00
885.00,830.00,829.00
831.00,830.00,885.00
889.00,831.00,885.00
833.00,831.00,889.00
833.00,889.00,896.00
896.00,889.00,891.00
897.00,891.00,892.00
896.00,891.00,897.00
836.00,894.00,893.00
836.00,835.00,894.00
835.00,898.00,894.00
829.00,836.00,893.00
896.00,899.00,837.00
833.00,896.00,837.00
900.00,896.00,897.00
899.00,896.00,900.00
840.00,901.00,902.00
839.00,901.00,840.00
898.00,835.00,840.00
902.00,898.00,840.00
899.00,903.00,904.00
899.00,904.00,837.00
837.00,904.00,841.00
900.00,903.00,899.00
839.00,842.00,901.00
901.00,842.00,905.00
841.00,904.00,843.00
904.00,906.00,843.00
842.00,844.00,905.00
905.00,844.00,907.00
843.00,906.00,845.00
906.00,908.00,845.00
844.00,846.00,907.00
907.00,846.00,909.00
845.00,908.00,848.00
908.00,910.00,848.00
911.00,850.00,912.00
911.00,909.00,850.00
909.00,846.00,850.00
911.00,912.00,913.00
851.00,914.00,915.00
852.00,851.00,915.00
910.00,851.00,848.00
914.00,851.00,910.00
912.00,854.00,916.00
850.00,854.00,912.00
917.00,913.00,912.00
916.00,917.00,912.00
918.00,919.00,920.00
918.00,915.00,919.00
918.00,855.00,915.00
855.00,852.00,915.00
916.00,857.00,921.00
854.00,857.00,916.00
922.00,917.00,916.00
922.00,916.00,923.00
923.00,916.00,921.00
920.00,922.00,923.00
918.00,920.00,923.00
918.00,923.00,859.00
918.00,859.00,858.00
855.00,918.00,858.00
921.00,861.00,924.00
857.00,861.00,921.00
863.00,924.00,864.00
863.00,923.00,924.00
923.00,921.00,924.00
859.00,923.00,863.00
861.00,866.00,924.00
864.00,924.00,866.00
925.00,926.00,927.00
925.00,871.00,870.00
925.00,927.00,871.00
927.00,928.00,871.00
872.00,871.00,929.00
871.00,928.00,929.00
873.00,872.00,930.00
872.00,929.00,930.00
930.00,874.00,873.00
931.00,874.00,930.00
932.00,926.00,925.00
933.00,926.00,932.00
870.00,876.00,932.00
925.00,870.00,932.00
874.00,931.00,877.00
931.00,934.00,877.00
935.00,936.00,937.00
933.00,935.00,937.00
933.00,932.00,935.00
932.00,938.00,935.00
876.00,879.00,938.00
932.00,876.00,938.00
877.00,934.00,881.00
934.00,939.00,881.00
940.00,941.00,942.00
936.00,940.00,942.00
936.00,935.00,940.00
935.00,943.00,940.00
938.00,944.00,935.00
944.00,943.00,935.00
879.00,882.00,945.00
879.00,945.00,938.00
938.00,945.00,944.00
882.00,883.00,946.00
945.00,882.00,946.00
947.00,946.00,883.00
947.00,883.00,948.00
948.00,883.00,884.00
939.00,884.00,881.00
948.00,884.00,939.00
949.00,950.00,951.00
951.00,952.00,949.00
953.00,941.00,940.00
954.00,941.00,953.00
943.00,955.00,940.00
955.00,953.00,940.00
944.00,956.00,943.00
956.00,955.00,943.00
945.00,957.00,944.00
957.00,956.00,944.00
958.00,946.00,959.00
958.00,957.00,946.00
957.00,945.00,946.00
947.00,959.00,946.00
960.00,950.00,949.00
961.00,950.00,960.00
962.00,949.00,952.00
962.00,963.00,949.00
963.00,960.00,949.00
954.00,963.00,962.00
954.00,953.00,963.00
953.00,964.00,963.00
955.00,965.00,953.00
965.00,964.00,953.00
966.00,956.00,967.00
966.00,965.00,956.00
965.00,955.00,956.00
957.00,967.00,956.00
968.00,967.00,957.00
958.00,968.00,957.00
969.00,970.00,971.00
961.00,969.00,971.00
961.00,960.00,969.00
960.00,972.00,969.00
963.00,973.00,960.00
973.00,972.00,960.00
964.00,974.00,963.00
974.00,973.00,963.00
965.00,975.00,964.00
975.00,974.00,964.00
976.00,965.00,966.00
975.00,965.00,976.00
977.00,970.00,969.00
978.00,970.00,977.00
887.00,886.00,977.00
887.00,977.00,972.00
972.00,977.00,969.00
888.00,887.00,972.00
973.00,888.00,972.00
890.00,888.00,973.00
974.00,890.00,973.00
892.00,890.00,974.00
892.00,974.00,979.00
979.00,974.00,975.00
980.00,975.00,976.00
979.00,975.00,980.00
895.00,978.00,977.00
895.00,894.00,978.00
894.00,981.00,978.00
886.00,895.00,977.00
979.00,982.00,983.00
979.00,983.00,892.00
892.00,983.00,897.00
980.00,982.00,979.00
894.00,898.00,981.00
981.00,898.00,984.00
897.00,983.00,900.00
983.00,985.00,900.00
902.00,901.00,986.00
902.00,986.00,987.00
902.00,987.00,898.00
898.00,987.00,984.00
903.00,988.00,989.00
904.00,903.00,989.00
985.00,903.00,900.00
988.00,903.00,985.00
986.00,905.00,990.00
901.00,905.00,986.00
991.00,987.00,986.00
990.00,991.00,986.00
904.00,989.00,906.00
989.00,992.00,906.00
990.00,907.00,993.00
905.00,907.00,990.00
994.00,991.00,990.00
993.00,994.00,990.00
906.00,992.00,908.00
992.00,995.00,908.00
993.00,909.00,996.00
907.00,909.00,993.00
997.00,994.00,993.00
996.00,997.00,993.00
998.00,999.00,1000.00
998.00,995.00,999.00
998.00,910.00,995.00
910.00,908.00,995.00
909.00,911.00,996.00
913.00,1001.00,1002.00
911.00,913.00,1002.00
911.00,1002.00,997.00
911.00,997.00,996.00
1001.00,1003.00,1004.00
1002.00,1001.00,1004.00
1000.00,1004.00,1003.00
998.00,1000.00,1003.00
998.00,1003.00,915.00
998.00,915.00,914.00
910.00,998.00,914.00
1001.00,917.00,1005.00
913.00,917.00,1001.00
919.00,1005.00,920.00
919.00,1003.00,1005.00
1003.00,1001.00,1005.00
915.00,1003.00,919.00
917.00,922.00,1005.00
920.00,1005.00,922.00
927.00,1006.00,1007.00
926.00,1006.00,927.00
928.00,927.00,1008.00
927.00,1007.00,1008.00
929.00,928.00,1009.00
928.00,1008.00,1009.00
930.00,929.00,1010.00
929.00,1009.00,1010.00
1010.00,931.00,930.00
1011.00,931.00,1010.00
1012.00,1013.00,1014.00
1012.00,1014.00,1006.00
1012.00,1006.00,933.00
933.00,1006.00,926.00
931.00,1011.00,934.00
1011.00,1015.00,934.00
1016.00,1017.00,1018.00
1013.00,1016.00,1018.00
1012.00,1016.00,1013.00
1012.00,936.00,1016.00
1012.00,937.00,936.00
933.00,937.00,1012.00
934.00,1015.00,939.00
1015.00,1019.00,939.00
942.00,1017.00,1016.00
942.00,941.00,1017.00
941.00,1020.00,1017.00
936.00,942.00,1016.00
948.00,1021.00,1022.00
947.00,948.00,1022.00
1019.00,948.00,939.00
1021.00,948.00,1019.00
951.00,1023.00,1024.00
950.00,1023.00,951.00
952.00,1025.00,1026.00
952.00,951.00,1025.00
951.00,1024.00,1025.00
1026.00,1025.00,1020.00
1026.00,1020.00,954.00
954.00,1020.00,941.00
959.00,1027.00,1028.00
958.00,959.00,1028.00
1022.00,959.00,947.00
1027.00,959.00,1022.00
950.00,961.00,1023.00
1023.00,961.00,1029.00
952.00,1026.00,962.00
954.00,962.00,1026.00
967.00,1030.00,966.00
1031.00,1030.00,967.00
1031.00,967.00,1032.00
1032.00,967.00,968.00
1028.00,968.00,958.00
1032.00,968.00,1028.00
971.00,1033.00,1034.00
970.00,1033.00,971.00
1029.00,961.00,971.00
1034.00,1029.00,971.00
1030.00,1035.00,1036.00
1030.00,1036.00,966.00
966.00,1036.00,976.00
1031.00,1035.00,1030.00
970.00,978.00,1033.00
1033.00,978.00,1037.00
976.00,1036.00,980.00
1036.00,1038.00,980.00
978.00,981.00,1037.00
1037.00,981.00,1039.00
982.00,1040.00,1041.00
983.00,982.00,1041.00
1038.00,982.00,980.00
1040.00,982.00,1038.00
1042.00,984.00,1043.00
1042.00,1039.00,984.00
1039.00,981.00,984.00
1042.00,1043.00,1044.00
983.00,1041.00,985.00
1041.00,1045.00,985.00
1043.00,987.00,1046.00
984.00,987.00,1043.00
1047.00,1044.00,1043.00
1046.00,1047.00,1043.00
988.00,1048.00,1049.00
989.00,988.00,1049.00
1045.00,988.00,985.00
1048.00,988.00,1045.00
1046.00,991.00,1050.00
987.00,991.00,1046.00
1051.00,1047.00,1046.00
1050.00,1051.00,1046.00
1052.00,1053.00,1054.00
1052.00,1049.00,1053.00
1052.00,992.00,1049.00
992.00,989.00,1049.00
1050.00,994.00,1055.00
991.00,994.00,1050.00
1056.00,1051.00,1050.00
1056.00,1050.00,1057.00
1057.00,1050.00,1055.00
1054.00,1056.00,1057.00
1054.00,1057.00,1052.00
1052.00,1057.00,1058.00
992.00,1058.00,995.00
1052.00,1058.00,992.00
1055.00,997.00,1059.00
994.00,997.00,1055.00
1057.00,1055.00,1060.00
1060.00,1055.00,1059.00
999.00,1060.00,1000.00
999.00,1058.00,1060.00
1058.00,1057.00,1060.00
995.00,1058.00,999.00
997.00,1002.00,1059.00
1004.00,1059.00,1002.00
1060.00,1059.00,1004.00
1000.00,1060.00,1004.00
1007.00,1061.00,1062.00
1006.00,1061.00,1007.00
1063.00,1062.00,1064.00
1063.00,1008.00,1062.00
1008.00,1007.00,1062.00
1008.00,1065.00,1009.00
1063.00,1065.00,1008.00
1009.00,1066.00,1010.00
1065.00,1066.00,1009.00
1010.00,1066.00,1011.00
1014.00,1067.00,1068.00
1013.00,1067.00,1014.00
1061.00,1006.00,1014.00
1068.00,1061.00,1014.00
1063.00,1064.00,1069.00
1065.00,1063.00,1069.00
1070.00,1065.00,1069.00
1070.00,1071.00,1072.00
1070.00,1072.00,1065.00
1065.00,1072.00,1066.00
1011.00,1072.00,1015.00
1066.00,1072.00,1011.00
1018.00,1073.00,1074.00
1017.00,1073.00,1018.00
1067.00,1013.00,1018.00
1074.00,1067.00,1018.00
1075.00,1072.00,1071.00
1076.00,1075.00,1071.00
1015.00,1075.00,1019.00
1072.00,1075.00,1015.00
1017.00,1020.00,1073.00
1073.00,1020.00,1077.00
1021.00,1075.00,1076.00
1021.00,1076.00,1022.00
1022.00,1076.00,1078.00
1019.00,1075.00,1021.00
1024.00,1079.00,1080.00
1023.00,1079.00,1024.00
1025.00,1024.00,1081.00
1024.00,1080.00,1081.00
1077.00,1020.00,1025.00
1081.00,1077.00,1025.00
1027.00,1082.00,1083.00
1028.00,1027.00,1083.00
1078.00,1027.00,1022.00
1082.00,1027.00,1078.00
1023.00,1029.00,1079.00
1079.00,1029.00,1084.00
1032.00,1085.00,1086.00
1031.00,1032.00,1086.00
1083.00,1032.00,1028.00
1085.00,1032.00,1083.00
1034.00,1033.00,1087.00
1034.00,1087.00,1088.00
1034.00,1088.00,1029.00
1029.00,1088.00,1084.00
1035.00,1089.00,1090.00
1036.00,1035.00,1090.00
1086.00,1035.00,1031.00
1089.00,1035.00,1086.00
1087.00,1037.00,1091.00
1033.00,1037.00,1087.00
1092.00,1088.00,1087.00
1091.00,1092.00,1087.00
1036.00,1090.00,1038.00
1090.00,1093.00,1038.00
1091.00,1039.00,1094.00
1037.00,1039.00,1091.00
1095.00,1092.00,1091.00
1094.00,1095.00,1091.00
1040.00,1096.00,1097.00
1041.00,1040.00,1097.00
1093.00,1040.00,1038.00
1096.00,1040.00,1093.00
1039.00,1042.00,1094.00
1044.00,1098.00,1099.00
1042.00,1044.00,1099.00
1042.00,1099.00,1095.00
1042.00,1095.00,1094.00
1099.00,1098.00,1100.00
1101.00,1102.00,1103.00
1101.00,1097.00,1102.00
1101.00,1045.00,1097.00
1045.00,1041.00,1097.00
1098.00,1047.00,1104.00
1044.00,1047.00,1098.00
1105.00,1100.00,1098.00
1105.00,1098.00,1106.00
1106.00,1098.00,1104.00
1103.00,1105.00,1106.00
1101.00,1103.00,1106.00
1101.00,1106.00,1049.00
1101.00,1049.00,1048.00
1045.00,1101.00,1048.00
1104.00,1051.00,1107.00
1047.00,1051.00,1104.00
1053.00,1107.00,1054.00
1053.00,1106.00,1107.00
1106.00,1104.00,1107.00
1049.00,1106.00,1053.00
1051.00,1056.00,1107.00
1054.00,1107.00,1056.00
1062.00,1061.00,1108.00
1062.00,1108.00,1064.00
1068.00,1067.00,1109.00
1068.00,1108.00,1061.00
1068.00,1109.00,1108.00
1109.00,1110.00,1108.00
1064.00,1111.00,1069.00
1064.00,1108.00,1111.00
1108.00,1110.00,1111.00
1069.00,1112.00,1070.00
1111.00,1112.00,1069.00
1070.00,1112.00,1071.00
1074.00,1073.00,1113.00
1074.00,1109.00,1067.00
1074.00,1113.00,1109.00
1113.00,1114.00,1109.00
1110.00,1109.00,1115.00
1115.00,1109.00,1114.00
1111.00,1110.00,1116.00
1116.00,1110.00,1115.00
1112.00,1111.00,1117.00
1117.00,1111.00,1116.00
1071.00,1117.00,1076.00
1112.00,1117.00,1071.00
1113.00,1118.00,1119.00
1113.00,1073.00,1118.00
1073.00,1077.00,1118.00
1114.00,1113.00,1119.00
1120.00,1114.00,1119.00
1120.00,1121.00,1122.00
1120.00,1122.00,1114.00
1114.00,1122.00,1115.00
1116.00,1115.00,1123.00
1123.00,1115.00,1122.00
1117.00,1116.00,1124.00
1124.00,1116.00,1123.00
1076.00,1124.00,1078.00
1117.00,1124.00,1076.00
1080.00,1079.00,1125.00
1080.00,1126.00,1081.00
1125.00,1126.00,1080.00
1081.00,1126.00,1127.00
1081.00,1127.00,1077.00
1077.00,1127.00,1118.00
1128.00,1122.00,1121.00
1129.00,1128.00,1121.00
1123.00,1122.00,1130.00
1130.00,1122.00,1128.00
1082.00,1130.00,1083.00
1082.00,1124.00,1130.00
1124.00,1123.00,1130.00
1078.00,1124.00,1082.00
1125.00,1084.00,1131.00
1079.00,1084.00,1125.00
1132.00,1133.00,1126.00
1132.00,1126.00,1131.00
1131.00,1126.00,1125.00
1127.00,1126.00,1133.00
1134.00,1128.00,1129.00
1135.00,1134.00,1129.00
1085.00,1134.00,1086.00
1085.00,1130.00,1134.00
1130.00,1128.00,1134.00
1083.00,1130.00,1085.00
1131.00,1088.00,1136.00
1084.00,1088.00,1131.00
1137.00,1132.00,1131.00
1136.00,1137.00,1131.00
1138.00,1139.00,1140.00
1135.00,1139.00,1138.00
1134.00,1135.00,1138.00
1134.00,1138.00,1090.00
1134.00,1090.00,1089.00
1086.00,1134.00,1089.00
1136.00,1092.00,1141.00
1088.00,1092.00,1136.00
1142.00,1137.00,1136.00
1141.00,1142.00,1136.00
1143.00,1138.00,1140.00
1144.00,1143.00,1140.00
1090.00,1143.00,1093.00
1138.00,1143.00,1090.00
1141.00,1095.00,1145.00
1092.00,1095.00,1141.00
1146.00,1142.00,1141.00
1146.00,1141.00,1147.00
1147.00,1141.00,1145.00
1147.00,1148.00,1149.00
1146.00,1147.00,1149.00
1144.00,1149.00,1148.00
1143.00,1144.00,1148.00
1143.00,1148.00,1097.00
1143.00,1097.00,1096.00
1093.00,1143.00,1096.00
1095.00,1099.00,1145.00
1100.00,1145.00,1099.00
1100.00,1150.00,1145.00
1150.00,1147.00,1145.00
1102.00,1150.00,1103.00
1102.00,1148.00,1150.00
1148.00,1147.00,1150.00
1097.00,1148.00,1102.00
1100.00,1105.00,1150.00
1103.00,1150.00,1105.00
1119.00,1118.00,1151.00
1119.00,1152.00,1120.00
1151.00,1152.00,1119.00
1120.00,1152.00,1121.00
1151.00,1127.00,1153.00
1118.00,1127.00,1151.00
1152.00,1151.00,1154.00
1154.00,1151.00,1153.00
1121.00,1154.00,1129.00
1152.00,1154.00,1121.00
1133.00,1132.00,1155.00
1133.00,1155.00,1156.00
1127.00,1133.00,1156.00
1127.00,1156.00,1157.00
1127.00,1157.00,1153.00
1157.00,1158.00,1159.00
1157.00,1159.00,1153.00
1153.00,1159.00,1154.00
1129.00,1159.00,1135.00
1154.00,1159.00,1129.00
1155.00,1137.00,1160.00
1132.00,1137.00,1155.00
1161.00,1156.00,1155.00
1160.00,1161.00,1155.00
1139.00,1159.00,1158.00
1139.00,1158.00,1140.00
1140.00,1158.00,1162.00
1135.00,1159.00,1139.00
1160.00,1142.00,1163.00
1137.00,1142.00,1160.00
1164.00,1161.00,1160.00
1163.00,1164.00,1160.00
1140.00,1162.00,1144.00
1162.00,1165.00,1144.00
1142.00,1146.00,1163.00
1163.00,1166.00,1164.00
1163.00,1146.00,1166.00
1146.00,1149.00,1166.00
1165.00,1149.00,1144.00
1166.00,1149.00,1165.00
1157.00,1156.00,1167.00
1157.00,1167.00,1158.00
1167.00,1161.00,1168.00
1156.00,1161.00,1167.00
1158.00,1168.00,1162.00
1167.00,1168.00,1158.00
1168.00,1164.00,1169.00
1161.00,1164.00,1168.00
1162.00,1169.00,1165.00
1168.00,1169.00,1162.00
1164.00,1166.00,1169.00
1165.00,1169.00,1166.00
