0.00,1.00,2.00
2.00,3.00,0.00
4.00,1.00,0.00
5.00,1.00,4.00
6.00,0.00,3.00
4.00,0.00,6.00
7.00,5.00,4.00
8.00,5.00,7.00
9.00,4.00,6.00
9.00,10.00,4.00
10.00,7.00,4.00
9.00,11.00,10.00
12.00,8.00,7.00
13.00,8.00,12.00
10.00,14.00,7.00
14.00,12.00,7.00
15.00,10.00,11.00
14.00,10.00,15.00
12.00,16.00,13.00
16.00,17.00,18.00
16.00,12.00,17.00
12.00,14.00,17.00
19.00,14.00,15.00
17.00,14.00,19.00
20.00,18.00,17.00
21.00,18.00,20.00
22.00,17.00,19.00
20.00,17.00,22.00
20.00,23.00,21.00
22.00,23.00,20.00
2.00,1.00,24.00
2.00,24.00,3.00
24.00,25.00,26.00
24.00,1.00,25.00
1.00,5.00,25.00
26.00,3.00,24.00
26.00,27.00,3.00
27.00,6.00,3.00
5.00,8.00,25.00
25.00,8.00,28.00
6.00,27.00,29.00
9.00,6.00,29.00
29.00,11.00,9.00
30.00,11.00,29.00
8.00,13.00,28.00
28.00,13.00,31.00
11.00,30.00,15.00
30.00,32.00,15.00
33.00,13.00,16.00
33.00,34.00,13.00
34.00,31.00,13.00
16.00,18.00,33.00
15.00,32.00,19.00
32.00,35.00,19.00
36.00,34.00,33.00
37.00,34.00,36.00
18.00,21.00,36.00
33.00,18.00,36.00
19.00,35.00,22.00
35.00,38.00,22.00
39.00,37.00,36.00
40.00,37.00,39.00
21.00,39.00,36.00
21.00,41.00,39.00
21.00,23.00,41.00
41.00,42.00,39.00
38.00,23.00,22.00
41.00,23.00,38.00
39.00,43.00,40.00
42.00,43.00,39.00
26.00,44.00,45.00
25.00,44.00,26.00
45.00,27.00,26.00
46.00,27.00,45.00
25.00,28.00,44.00
44.00,28.00,47.00
27.00,46.00,48.00
29.00,27.00,48.00
48.00,30.00,29.00
49.00,30.00,48.00
28.00,31.00,47.00
47.00,31.00,50.00
30.00,49.00,32.00
49.00,51.00,32.00
31.00,34.00,50.00
50.00,34.00,52.00
32.00,51.00,35.00
51.00,53.00,35.00
34.00,37.00,52.00
52.00,37.00,54.00
35.00,53.00,38.00
53.00,55.00,38.00
37.00,40.00,54.00
54.00,40.00,56.00
41.00,57.00,42.00
41.00,58.00,57.00
41.00,38.00,58.00
38.00,55.00,58.00
59.00,40.00,43.00
59.00,60.00,40.00
60.00,56.00,40.00
43.00,42.00,57.00
43.00,57.00,59.00
59.00,57.00,61.00
62.00,57.00,58.00
61.00,57.00,62.00
59.00,63.00,60.00
61.00,63.00,59.00
64.00,63.00,61.00
62.00,64.00,61.00
45.00,44.00,65.00
45.00,65.00,46.00
65.00,66.00,67.00
65.00,44.00,66.00
44.00,47.00,66.00
68.00,67.00,69.00
48.00,67.00,68.00
48.00,65.00,67.00
48.00,46.00,65.00
48.00,68.00,49.00
47.00,50.00,66.00
66.00,50.00,70.00
68.00,69.00,71.00
71.00,49.00,68.00
71.00,72.00,49.00
72.00,51.00,49.00
50.00,52.00,70.00
70.00,52.00,73.00
51.00,72.00,53.00
72.00,74.00,53.00
52.00,54.00,73.00
73.00,54.00,75.00
53.00,74.00,55.00
74.00,76.00,55.00
54.00,56.00,75.00
75.00,56.00,77.00
55.00,76.00,58.00
76.00,78.00,58.00
56.00,60.00,77.00
77.00,60.00,79.00
58.00,78.00,62.00
78.00,80.00,62.00
60.00,81.00,79.00
63.00,81.00,60.00
64.00,82.00,63.00
63.00,82.00,81.00
80.00,64.00,62.00
82.00,64.00,80.00
67.00,83.00,84.00
66.00,83.00,67.00
84.00,69.00,67.00
85.00,69.00,84.00
66.00,70.00,83.00
83.00,70.00,86.00
69.00,85.00,87.00
71.00,69.00,87.00
87.00,72.00,71.00
88.00,72.00,87.00
70.00,73.00,86.00
86.00,73.00,89.00
72.00,88.00,74.00
88.00,90.00,74.00
73.00,75.00,89.00
89.00,75.00,91.00
74.00,90.00,76.00
90.00,92.00,76.00
75.00,77.00,91.00
91.00,77.00,93.00
76.00,92.00,78.00
92.00,94.00,78.00
77.00,79.00,93.00
93.00,79.00,95.00
78.00,94.00,80.00
94.00,96.00,80.00
79.00,97.00,95.00
81.00,97.00,79.00
82.00,98.00,81.00
81.00,98.00,97.00
96.00,82.00,80.00
98.00,82.00,96.00
84.00,83.00,99.00
84.00,99.00,85.00
99.00,100.00,101.00
99.00,83.00,100.00
83.00,86.00,100.00
102.00,101.00,103.00
87.00,101.00,102.00
87.00,99.00,101.00
87.00,85.00,99.00
87.00,102.00,88.00
86.00,89.00,100.00
100.00,89.00,104.00
102.00,103.00,105.00
105.00,88.00,102.00
105.00,106.00,88.00
106.00,90.00,88.00
89.00,91.00,104.00
104.00,91.00,107.00
90.00,106.00,92.00
106.00,108.00,92.00
109.00,110.00,111.00
109.00,111.00,107.00
109.00,107.00,93.00
93.00,107.00,91.00
92.00,108.00,94.00
108.00,112.00,94.00
113.00,110.00,109.00
114.00,110.00,113.00
93.00,95.00,113.00
109.00,93.00,113.00
94.00,112.00,96.00
112.00,115.00,96.00
113.00,116.00,114.00
95.00,116.00,113.00
95.00,97.00,116.00
97.00,117.00,116.00
98.00,118.00,97.00
97.00,118.00,117.00
115.00,98.00,96.00
118.00,98.00,115.00
101.00,100.00,119.00
101.00,119.00,103.00
120.00,121.00,122.00
119.00,122.00,123.00
119.00,104.00,122.00
119.00,100.00,104.00
104.00,120.00,122.00
103.00,119.00,123.00
103.00,123.00,105.00
105.00,123.00,124.00
124.00,106.00,105.00
125.00,106.00,124.00
126.00,121.00,120.00
127.00,121.00,126.00
104.00,107.00,126.00
120.00,104.00,126.00
106.00,125.00,108.00
125.00,128.00,108.00
111.00,127.00,126.00
111.00,110.00,127.00
110.00,129.00,127.00
107.00,111.00,126.00
108.00,128.00,112.00
128.00,130.00,112.00
110.00,114.00,129.00
129.00,114.00,131.00
112.00,130.00,115.00
130.00,132.00,115.00
114.00,133.00,131.00
116.00,133.00,114.00
117.00,134.00,116.00
116.00,134.00,133.00
118.00,135.00,117.00
117.00,135.00,134.00
132.00,118.00,115.00
135.00,118.00,132.00
122.00,121.00,136.00
137.00,122.00,136.00
137.00,138.00,122.00
138.00,123.00,122.00
139.00,138.00,140.00
139.00,124.00,138.00
124.00,123.00,138.00
124.00,139.00,125.00
136.00,141.00,142.00
136.00,121.00,141.00
121.00,127.00,141.00
137.00,136.00,142.00
139.00,140.00,143.00
143.00,125.00,139.00
143.00,144.00,125.00
144.00,128.00,125.00
127.00,129.00,141.00
141.00,129.00,145.00
128.00,144.00,130.00
144.00,146.00,130.00
129.00,131.00,145.00
145.00,131.00,147.00
130.00,146.00,132.00
146.00,148.00,132.00
149.00,131.00,133.00
149.00,150.00,131.00
150.00,147.00,131.00
133.00,134.00,151.00
149.00,133.00,151.00
134.00,135.00,152.00
151.00,134.00,152.00
135.00,153.00,152.00
135.00,132.00,153.00
132.00,148.00,153.00
149.00,154.00,150.00
151.00,154.00,149.00
155.00,154.00,151.00
152.00,155.00,151.00
156.00,155.00,152.00
153.00,156.00,152.00
138.00,137.00,157.00
138.00,157.00,140.00
142.00,158.00,159.00
141.00,158.00,142.00
157.00,137.00,142.00
157.00,142.00,160.00
160.00,142.00,159.00
140.00,157.00,160.00
140.00,160.00,143.00
143.00,160.00,161.00
161.00,144.00,143.00
162.00,144.00,161.00
141.00,145.00,158.00
158.00,145.00,163.00
144.00,162.00,146.00
162.00,164.00,146.00
145.00,147.00,163.00
163.00,147.00,165.00
146.00,164.00,148.00
164.00,166.00,148.00
147.00,150.00,165.00
165.00,150.00,167.00
148.00,166.00,153.00
166.00,168.00,153.00
150.00,169.00,167.00
154.00,169.00,150.00
155.00,170.00,154.00
154.00,170.00,169.00
156.00,171.00,155.00
155.00,171.00,170.00
168.00,156.00,153.00
171.00,156.00,168.00
159.00,158.00,172.00
173.00,159.00,172.00
173.00,174.00,159.00
174.00,160.00,159.00
161.00,160.00,175.00
160.00,174.00,175.00
175.00,162.00,161.00
176.00,162.00,175.00
172.00,177.00,178.00
172.00,158.00,177.00
158.00,163.00,177.00
173.00,172.00,178.00
162.00,176.00,164.00
176.00,179.00,164.00
163.00,165.00,177.00
177.00,165.00,180.00
164.00,179.00,166.00
179.00,181.00,166.00
165.00,167.00,180.00
180.00,167.00,182.00
166.00,181.00,168.00
181.00,183.00,168.00
167.00,184.00,182.00
169.00,184.00,167.00
185.00,186.00,184.00
185.00,184.00,170.00
170.00,184.00,169.00
170.00,171.00,187.00
185.00,170.00,187.00
171.00,188.00,187.00
171.00,168.00,188.00
168.00,183.00,188.00
185.00,189.00,186.00
187.00,189.00,185.00
190.00,189.00,187.00
188.00,190.00,187.00
174.00,173.00,191.00
174.00,192.00,175.00
191.00,192.00,174.00
175.00,192.00,176.00
178.00,193.00,194.00
177.00,193.00,178.00
191.00,173.00,178.00
191.00,178.00,195.00
195.00,178.00,194.00
192.00,191.00,195.00
196.00,192.00,195.00
196.00,176.00,192.00
196.00,197.00,176.00
197.00,179.00,176.00
177.00,180.00,193.00
193.00,180.00,198.00
179.00,197.00,181.00
197.00,199.00,181.00
180.00,182.00,198.00
198.00,182.00,200.00
181.00,199.00,183.00
199.00,201.00,183.00
182.00,202.00,200.00
184.00,202.00,182.00
202.00,184.00,186.00
203.00,202.00,186.00
183.00,201.00,188.00
201.00,204.00,188.00
186.00,205.00,203.00
189.00,205.00,186.00
190.00,206.00,189.00
189.00,206.00,205.00
204.00,190.00,188.00
206.00,190.00,204.00
194.00,193.00,207.00
208.00,194.00,207.00
208.00,209.00,194.00
209.00,195.00,194.00
196.00,195.00,210.00
195.00,209.00,210.00
210.00,197.00,196.00
211.00,197.00,210.00
207.00,212.00,213.00
207.00,193.00,212.00
193.00,198.00,212.00
208.00,207.00,213.00
197.00,211.00,199.00
211.00,214.00,199.00
198.00,200.00,212.00
212.00,200.00,215.00
199.00,214.00,201.00
214.00,216.00,201.00
200.00,217.00,215.00
202.00,217.00,200.00
217.00,202.00,203.00
218.00,217.00,203.00
201.00,216.00,204.00
216.00,219.00,204.00
203.00,220.00,218.00
205.00,220.00,203.00
206.00,221.00,205.00
205.00,221.00,220.00
219.00,206.00,204.00
221.00,206.00,219.00
209.00,208.00,222.00
209.00,223.00,210.00
222.00,223.00,209.00
210.00,223.00,211.00
213.00,212.00,224.00
213.00,224.00,225.00
208.00,213.00,225.00
208.00,225.00,226.00
208.00,226.00,222.00
223.00,222.00,226.00
227.00,223.00,226.00
227.00,211.00,223.00
227.00,228.00,211.00
228.00,214.00,211.00
224.00,229.00,230.00
224.00,212.00,229.00
212.00,215.00,229.00
225.00,224.00,230.00
214.00,228.00,216.00
228.00,231.00,216.00
232.00,215.00,217.00
232.00,233.00,215.00
233.00,229.00,215.00
217.00,218.00,232.00
216.00,231.00,219.00
231.00,234.00,219.00
232.00,235.00,233.00
218.00,235.00,232.00
218.00,220.00,235.00
220.00,236.00,235.00
237.00,238.00,236.00
237.00,236.00,221.00
221.00,236.00,220.00
221.00,239.00,237.00
221.00,219.00,239.00
219.00,234.00,239.00
237.00,240.00,238.00
239.00,240.00,237.00
226.00,241.00,242.00
225.00,241.00,226.00
227.00,226.00,243.00
226.00,242.00,243.00
243.00,228.00,227.00
244.00,228.00,243.00
230.00,245.00,246.00
229.00,245.00,230.00
241.00,225.00,230.00
246.00,241.00,230.00
228.00,244.00,231.00
244.00,247.00,231.00
229.00,233.00,245.00
245.00,233.00,248.00
231.00,247.00,234.00
247.00,249.00,234.00
233.00,250.00,248.00
235.00,250.00,233.00
251.00,252.00,250.00
251.00,250.00,236.00
236.00,250.00,235.00
236.00,238.00,251.00
234.00,249.00,239.00
249.00,253.00,239.00
251.00,254.00,252.00
238.00,254.00,251.00
238.00,240.00,254.00
240.00,255.00,254.00
253.00,240.00,239.00
255.00,240.00,253.00
242.00,256.00,257.00
241.00,256.00,242.00
243.00,242.00,258.00
242.00,257.00,258.00
258.00,244.00,243.00
259.00,244.00,258.00
246.00,245.00,260.00
246.00,260.00,261.00
246.00,261.00,241.00
241.00,261.00,256.00
244.00,259.00,247.00
259.00,262.00,247.00
260.00,248.00,263.00
245.00,248.00,260.00
264.00,261.00,260.00
263.00,264.00,260.00
247.00,262.00,249.00
262.00,265.00,249.00
248.00,250.00,263.00
263.00,250.00,252.00
263.00,252.00,264.00
264.00,252.00,266.00
249.00,265.00,253.00
265.00,267.00,253.00
252.00,268.00,266.00
254.00,268.00,252.00
269.00,270.00,268.00
269.00,268.00,255.00
255.00,268.00,254.00
255.00,271.00,269.00
255.00,253.00,271.00
253.00,267.00,271.00
269.00,272.00,270.00
271.00,272.00,269.00
257.00,256.00,273.00
257.00,274.00,258.00
273.00,274.00,257.00
258.00,274.00,259.00
273.00,275.00,276.00
273.00,256.00,275.00
256.00,261.00,275.00
274.00,273.00,276.00
277.00,274.00,276.00
277.00,259.00,274.00
277.00,278.00,259.00
278.00,262.00,259.00
279.00,280.00,281.00
279.00,281.00,275.00
279.00,275.00,264.00
264.00,275.00,261.00
262.00,278.00,265.00
278.00,282.00,265.00
283.00,280.00,279.00
284.00,280.00,283.00
264.00,266.00,283.00
279.00,264.00,283.00
265.00,282.00,267.00
282.00,285.00,267.00
283.00,286.00,284.00
287.00,288.00,286.00
268.00,287.00,286.00
268.00,286.00,283.00
268.00,283.00,266.00
268.00,270.00,287.00
267.00,285.00,271.00
285.00,289.00,271.00
287.00,290.00,288.00
270.00,290.00,287.00
270.00,272.00,290.00
272.00,291.00,290.00
289.00,272.00,271.00
291.00,272.00,289.00
276.00,292.00,293.00
275.00,292.00,276.00
277.00,276.00,294.00
276.00,293.00,294.00
294.00,278.00,277.00
295.00,278.00,294.00
281.00,296.00,297.00
280.00,296.00,281.00
292.00,275.00,281.00
297.00,292.00,281.00
278.00,295.00,282.00
295.00,298.00,282.00
280.00,284.00,296.00
296.00,284.00,299.00
282.00,298.00,285.00
298.00,300.00,285.00
301.00,284.00,286.00
301.00,302.00,284.00
302.00,299.00,284.00
286.00,288.00,301.00
285.00,300.00,289.00
300.00,303.00,289.00
301.00,304.00,302.00
305.00,306.00,304.00
290.00,305.00,304.00
290.00,304.00,301.00
290.00,301.00,288.00
290.00,291.00,307.00
305.00,290.00,307.00
291.00,308.00,307.00
291.00,289.00,308.00
289.00,303.00,308.00
305.00,309.00,306.00
307.00,309.00,305.00
310.00,309.00,307.00
308.00,310.00,307.00
293.00,311.00,312.00
292.00,311.00,293.00
294.00,293.00,313.00
293.00,312.00,313.00
313.00,295.00,294.00
314.00,295.00,313.00
297.00,315.00,316.00
296.00,315.00,297.00
311.00,292.00,297.00
316.00,311.00,297.00
295.00,314.00,298.00
314.00,317.00,298.00
296.00,299.00,315.00
315.00,299.00,318.00
298.00,317.00,300.00
317.00,319.00,300.00
299.00,302.00,318.00
318.00,302.00,320.00
300.00,319.00,303.00
319.00,321.00,303.00
322.00,302.00,304.00
322.00,323.00,302.00
323.00,320.00,302.00
304.00,306.00,322.00
303.00,321.00,308.00
321.00,324.00,308.00
322.00,325.00,323.00
326.00,327.00,325.00
309.00,326.00,325.00
309.00,325.00,322.00
309.00,322.00,306.00
309.00,310.00,328.00
326.00,309.00,328.00
310.00,329.00,328.00
310.00,308.00,329.00
308.00,324.00,329.00
326.00,330.00,327.00
328.00,330.00,326.00
331.00,330.00,328.00
329.00,331.00,328.00
312.00,311.00,332.00
312.00,333.00,313.00
332.00,333.00,312.00
313.00,333.00,314.00
316.00,315.00,334.00
316.00,334.00,335.00
311.00,316.00,335.00
311.00,335.00,336.00
311.00,336.00,332.00
333.00,332.00,336.00
337.00,333.00,336.00
337.00,314.00,333.00
337.00,338.00,314.00
338.00,317.00,314.00
334.00,339.00,340.00
334.00,315.00,339.00
315.00,318.00,339.00
335.00,334.00,340.00
317.00,338.00,319.00
338.00,341.00,319.00
318.00,320.00,339.00
339.00,320.00,342.00
319.00,341.00,321.00
341.00,343.00,321.00
320.00,323.00,342.00
342.00,323.00,344.00
321.00,343.00,324.00
343.00,345.00,324.00
346.00,323.00,325.00
346.00,347.00,323.00
347.00,344.00,323.00
325.00,327.00,346.00
324.00,345.00,329.00
345.00,348.00,329.00
346.00,349.00,347.00
327.00,349.00,346.00
327.00,330.00,349.00
330.00,350.00,349.00
331.00,351.00,330.00
330.00,351.00,350.00
348.00,331.00,329.00
351.00,331.00,348.00
336.00,352.00,353.00
335.00,352.00,336.00
354.00,353.00,355.00
354.00,337.00,353.00
337.00,336.00,353.00
337.00,354.00,338.00
340.00,356.00,357.00
339.00,356.00,340.00
352.00,335.00,340.00
357.00,352.00,340.00
354.00,355.00,358.00
358.00,338.00,354.00
358.00,359.00,338.00
359.00,341.00,338.00
360.00,361.00,362.00
360.00,362.00,356.00
360.00,356.00,342.00
342.00,356.00,339.00
341.00,359.00,343.00
359.00,363.00,343.00
364.00,361.00,360.00
365.00,361.00,364.00
342.00,344.00,364.00
360.00,342.00,364.00
343.00,363.00,345.00
363.00,366.00,345.00
364.00,367.00,365.00
367.00,364.00,344.00
367.00,344.00,368.00
368.00,344.00,347.00
345.00,366.00,348.00
366.00,369.00,348.00
370.00,347.00,349.00
370.00,371.00,347.00
371.00,368.00,347.00
372.00,370.00,349.00
372.00,349.00,373.00
373.00,349.00,350.00
351.00,374.00,350.00
350.00,374.00,373.00
369.00,351.00,348.00
374.00,351.00,369.00
370.00,375.00,371.00
372.00,375.00,370.00
353.00,352.00,376.00
353.00,376.00,355.00
357.00,377.00,378.00
356.00,377.00,357.00
376.00,352.00,357.00
376.00,357.00,379.00
379.00,357.00,378.00
380.00,379.00,381.00
358.00,379.00,380.00
358.00,376.00,379.00
358.00,355.00,376.00
358.00,380.00,359.00
362.00,382.00,383.00
361.00,382.00,362.00
377.00,356.00,362.00
383.00,377.00,362.00
380.00,381.00,384.00
384.00,359.00,380.00
384.00,385.00,359.00
385.00,363.00,359.00
361.00,365.00,382.00
382.00,365.00,386.00
363.00,385.00,366.00
385.00,387.00,366.00
388.00,365.00,367.00
388.00,389.00,365.00
389.00,386.00,365.00
367.00,368.00,388.00
366.00,387.00,369.00
387.00,390.00,369.00
388.00,391.00,389.00
391.00,388.00,368.00
391.00,368.00,392.00
392.00,368.00,371.00
373.00,393.00,372.00
394.00,393.00,373.00
394.00,373.00,395.00
395.00,373.00,374.00
390.00,374.00,369.00
395.00,374.00,390.00
371.00,396.00,392.00
375.00,396.00,371.00
393.00,375.00,372.00
393.00,397.00,375.00
397.00,396.00,375.00
394.00,397.00,393.00
378.00,398.00,399.00
377.00,398.00,378.00
379.00,378.00,400.00
378.00,399.00,400.00
400.00,381.00,379.00
401.00,381.00,400.00
383.00,402.00,403.00
382.00,402.00,383.00
398.00,377.00,383.00
403.00,398.00,383.00
381.00,401.00,404.00
384.00,381.00,404.00
404.00,385.00,384.00
405.00,385.00,404.00
382.00,386.00,402.00
402.00,386.00,406.00
385.00,405.00,387.00
405.00,407.00,387.00
386.00,389.00,406.00
406.00,389.00,408.00
387.00,407.00,390.00
407.00,409.00,390.00
389.00,410.00,408.00
391.00,410.00,389.00
410.00,391.00,392.00
411.00,410.00,392.00
395.00,412.00,413.00
394.00,395.00,413.00
409.00,395.00,390.00
412.00,395.00,409.00
392.00,414.00,411.00
396.00,414.00,392.00
397.00,415.00,396.00
396.00,415.00,414.00
413.00,397.00,394.00
415.00,397.00,413.00
399.00,416.00,417.00
398.00,416.00,399.00
400.00,399.00,418.00
399.00,417.00,418.00
418.00,401.00,400.00
419.00,401.00,418.00
403.00,402.00,420.00
403.00,420.00,421.00
403.00,421.00,398.00
398.00,421.00,416.00
422.00,404.00,401.00
422.00,401.00,423.00
423.00,401.00,419.00
404.00,422.00,405.00
420.00,406.00,424.00
402.00,406.00,420.00
425.00,421.00,420.00
424.00,425.00,420.00
426.00,422.00,423.00
427.00,426.00,423.00
405.00,426.00,407.00
422.00,426.00,405.00
424.00,408.00,428.00
406.00,408.00,424.00
429.00,425.00,424.00
428.00,429.00,424.00
430.00,426.00,427.00
431.00,430.00,427.00
407.00,430.00,409.00
426.00,430.00,407.00
408.00,410.00,428.00
428.00,410.00,411.00
428.00,411.00,429.00
429.00,411.00,432.00
412.00,430.00,431.00
412.00,431.00,413.00
413.00,431.00,433.00
409.00,430.00,412.00
411.00,434.00,432.00
414.00,434.00,411.00
415.00,435.00,414.00
414.00,435.00,434.00
433.00,415.00,413.00
435.00,415.00,433.00
417.00,416.00,436.00
437.00,417.00,436.00
437.00,438.00,417.00
438.00,418.00,417.00
438.00,419.00,418.00
439.00,419.00,438.00
436.00,421.00,440.00
416.00,421.00,436.00
441.00,437.00,436.00
440.00,441.00,436.00
419.00,439.00,423.00
439.00,442.00,423.00
440.00,425.00,443.00
421.00,425.00,440.00
444.00,441.00,440.00
443.00,444.00,440.00
423.00,442.00,427.00
442.00,445.00,427.00
443.00,429.00,446.00
425.00,429.00,443.00
447.00,444.00,443.00
446.00,447.00,443.00
427.00,445.00,431.00
445.00,448.00,431.00
446.00,432.00,449.00
429.00,432.00,446.00
450.00,447.00,446.00
449.00,450.00,446.00
431.00,448.00,433.00
448.00,451.00,433.00
432.00,434.00,449.00
449.00,452.00,450.00
449.00,434.00,452.00
434.00,435.00,452.00
451.00,435.00,433.00
452.00,435.00,451.00
438.00,437.00,453.00
438.00,453.00,439.00
453.00,454.00,455.00
453.00,437.00,454.00
437.00,441.00,454.00
455.00,439.00,453.00
455.00,456.00,439.00
456.00,442.00,439.00
441.00,444.00,454.00
454.00,444.00,457.00
442.00,456.00,445.00
456.00,458.00,445.00
444.00,447.00,457.00
457.00,447.00,459.00
445.00,458.00,448.00
458.00,460.00,448.00
461.00,450.00,462.00
461.00,459.00,450.00
459.00,447.00,450.00
462.00,460.00,461.00
462.00,451.00,460.00
451.00,448.00,460.00
450.00,452.00,462.00
451.00,462.00,452.00
455.00,454.00,463.00
455.00,463.00,456.00
463.00,464.00,465.00
463.00,454.00,464.00
454.00,457.00,464.00
465.00,456.00,463.00
465.00,466.00,456.00
466.00,458.00,456.00
467.00,459.00,468.00
467.00,464.00,459.00
464.00,457.00,459.00
468.00,466.00,467.00
468.00,460.00,466.00
460.00,458.00,466.00
459.00,461.00,468.00
460.00,468.00,461.00
465.00,464.00,469.00
465.00,469.00,466.00
464.00,467.00,469.00
466.00,469.00,467.00
