79.85,114.43,88.16
79.84,114.41,88.02
79.87,114.30,88.06
80.05,114.36,88.30
80.00,114.57,88.07
80.22,113.57,87.68
80.33,113.52,87.26
80.39,113.29,87.49
80.51,113.37,87.86
80.12,113.84,87.50
80.32,113.95,87.14
80.28,113.71,88.08
80.05,114.00,87.97
80.30,114.05,88.37
80.02,114.29,87.68
80.38,114.49,87.17
80.38,114.39,88.53
80.19,114.72,87.68
80.24,114.86,88.05
80.39,114.97,87.78
80.33,114.71,88.37
80.49,114.99,88.11
80.59,113.12,87.53
80.58,113.21,87.23
80.80,113.03,87.37
80.85,113.11,87.71
80.66,113.56,86.91
80.94,113.46,88.12
80.64,114.11,86.79
80.57,113.75,88.30
80.63,114.18,88.53
80.68,114.52,86.82
80.66,114.60,88.51
80.44,114.86,87.42
80.62,114.79,87.10
80.63,114.90,88.36
80.77,115.05,87.57
80.71,115.02,88.13
80.93,113.17,87.00
81.16,112.98,87.34
81.22,113.10,87.84
80.96,113.43,86.72
81.16,113.54,86.49
81.09,113.27,86.73
81.33,113.38,88.10
80.92,113.82,86.60
81.13,114.07,86.35
80.88,113.91,88.41
81.26,113.86,88.27
80.90,114.32,86.58
81.10,114.55,86.40
80.97,114.33,88.44
81.30,114.42,88.25
80.89,114.78,86.79
81.09,114.85,86.53
80.95,114.84,88.21
81.32,114.80,88.11
81.13,115.12,86.80
81.09,115.28,87.38
81.25,115.38,87.10
81.20,115.13,87.83
81.33,115.39,87.50
81.27,113.15,86.74
81.49,113.14,86.43
81.64,112.93,86.90
81.50,112.93,87.56
81.59,113.11,87.90
81.38,113.40,86.29
81.54,113.58,85.89
81.51,113.29,86.15
81.65,113.49,88.11
81.33,113.84,86.12
81.50,114.10,85.77
81.65,113.98,88.17
81.30,114.34,86.08
81.49,114.56,85.79
81.63,114.46,88.13
81.29,114.79,86.21
81.49,114.83,85.89
81.58,114.88,88.02
81.52,115.09,86.11
81.38,115.34,86.69
81.61,115.36,86.41
81.57,115.23,87.84
81.57,115.50,87.03
81.62,115.45,87.60
81.69,113.16,86.11
81.91,113.13,85.76
82.10,112.88,86.27
82.06,112.80,87.05
81.85,112.90,87.52
81.97,113.14,87.89
81.78,113.42,85.60
81.97,113.57,85.25
81.97,113.27,85.44
82.03,113.54,88.07
81.72,113.86,85.46
81.98,114.03,85.08
82.02,114.01,88.12
81.70,114.33,85.43
81.93,114.51,85.14
81.98,114.46,88.09
81.70,114.76,85.55
81.92,114.78,85.24
81.95,114.89,88.02
81.92,115.04,85.49
81.78,115.27,85.98
81.94,115.27,85.78
81.99,115.29,87.88
81.92,115.49,86.25
81.89,115.65,87.00
81.88,115.57,87.49
82.11,113.05,85.63
82.21,113.24,85.27
82.46,112.91,85.68
82.53,112.74,86.32
82.43,112.75,86.91
82.25,112.87,87.50
82.38,113.15,87.86
82.27,113.58,84.94
82.43,113.54,88.06
82.25,113.93,84.80
82.47,113.98,84.63
82.45,113.70,84.70
82.42,113.98,88.12
82.19,114.28,84.83
82.47,114.38,84.61
82.38,114.44,88.10
82.16,114.72,84.96
82.50,114.87,84.66
82.37,114.86,88.06
82.25,115.09,85.10
82.10,115.29,85.55
82.30,115.36,85.29
82.43,115.18,88.02
82.21,115.53,85.73
82.17,115.69,86.19
82.33,115.76,85.92
82.13,115.76,86.73
82.16,115.75,87.34
82.33,115.53,87.81
82.35,115.91,86.44
82.45,115.96,87.12
82.49,115.80,87.61
82.25,118.18,76.25
82.34,118.18,76.02
82.29,118.03,76.20
82.29,118.06,76.37
82.27,118.35,76.23
82.33,118.49,76.09
82.29,118.29,76.47
82.32,118.52,76.38
82.59,113.16,85.05
82.96,112.84,85.49
82.81,112.73,86.08
82.91,112.70,86.77
82.68,112.86,87.43
82.82,113.14,87.84
82.57,113.44,84.75
82.76,113.57,84.58
82.80,113.25,84.74
82.86,113.52,88.07
82.79,113.97,84.45
82.83,113.95,88.12
82.79,114.43,84.38
82.80,114.40,88.11
82.75,114.87,84.37
82.79,114.83,88.10
82.46,115.31,84.95
82.67,115.31,84.56
82.78,115.23,88.05
82.59,115.64,84.97
82.73,115.71,84.68
82.44,115.64,85.42
82.81,115.60,87.91
82.71,115.91,84.96
82.65,115.95,85.36
82.81,116.13,85.17
82.57,116.01,85.99
82.62,116.14,86.69
82.76,116.15,87.16
82.87,115.93,87.58
82.90,116.26,85.75
82.87,116.27,86.43
82.89,116.26,86.92
82.62,117.29,76.50
82.79,117.25,76.01
82.83,116.99,76.28
82.75,117.01,76.73
82.63,117.31,77.08
82.75,117.09,77.21
82.46,117.76,76.21
82.73,117.60,75.69
82.50,117.68,76.88
82.78,117.32,77.66
82.64,117.68,77.50
82.82,117.66,77.96
82.55,117.98,75.67
82.74,118.12,75.25
82.72,117.82,75.45
82.38,118.06,76.69
82.57,118.11,77.31
82.85,118.05,77.96
82.49,118.46,75.68
82.70,118.62,75.15
82.46,118.52,76.87
82.66,118.50,77.41
82.77,118.36,77.71
82.52,118.95,75.64
82.70,119.05,75.14
82.43,118.83,76.31
82.56,118.96,76.94
82.70,118.83,77.34
82.53,119.37,75.64
82.70,119.44,75.17
82.47,119.32,76.23
82.55,119.29,76.82
82.73,119.21,77.31
82.51,119.76,75.68
82.68,119.83,75.21
82.45,119.73,76.24
82.54,119.69,76.81
82.73,119.59,77.30
82.48,120.16,75.70
82.66,120.23,75.22
82.42,120.13,76.28
82.50,120.09,76.85
82.71,120.00,77.32
82.49,120.57,75.66
82.68,120.64,75.19
82.41,120.54,76.26
82.48,120.51,76.86
82.69,120.42,77.35
82.56,120.90,75.54
82.78,121.09,75.16
82.54,121.02,76.14
82.49,120.94,76.81
82.70,120.91,77.36
82.67,121.24,75.64
82.88,121.53,75.36
82.83,121.34,76.01
82.82,121.31,76.34
82.63,121.33,76.77
82.88,121.47,76.57
82.64,121.26,77.20
82.89,121.53,75.73
82.77,121.62,76.83
82.96,121.67,76.62
82.81,121.67,77.18
82.93,121.93,76.77
83.18,112.68,86.98
83.19,112.65,86.75
83.26,112.65,86.89
83.32,112.69,87.03
82.96,113.03,84.94
83.10,113.22,84.67
83.36,112.93,85.10
83.39,112.75,85.72
83.23,112.69,86.34
83.18,112.83,87.37
83.26,113.14,87.89
83.14,113.56,84.45
83.28,113.51,88.09
83.14,113.96,84.29
83.26,113.93,88.13
83.06,114.30,84.21
83.24,114.38,84.06
83.27,114.10,84.17
83.23,114.37,88.13
82.97,114.65,84.17
83.20,114.82,83.89
83.22,114.81,88.13
82.90,115.11,84.17
83.11,115.33,83.88
83.22,115.23,88.09
82.89,115.62,84.28
83.12,115.76,83.91
83.25,115.62,87.93
83.02,115.96,84.20
83.14,116.01,84.00
82.89,116.02,84.66
83.33,115.92,87.66
83.08,116.16,87.29
83.19,116.24,84.28
83.08,116.36,85.12
83.26,116.47,85.83
83.20,116.38,86.34
83.17,116.30,86.86
82.98,116.77,76.42
83.13,116.84,75.96
83.22,116.56,76.18
83.12,116.56,76.63
82.92,116.84,77.03
83.10,116.65,77.23
83.00,116.88,77.53
83.13,116.80,77.73
83.08,117.25,75.61
82.87,117.04,77.51
83.03,117.09,77.93
82.93,117.67,75.34
83.17,117.61,75.16
83.13,117.44,75.37
83.00,117.46,78.17
83.02,117.80,78.28
83.26,117.59,78.49
83.03,117.94,75.00
83.23,118.08,74.72
83.25,117.80,74.91
83.07,118.03,78.31
83.32,117.97,78.50
82.96,118.34,74.85
83.23,118.46,74.57
82.87,118.69,77.71
83.03,118.49,78.02
83.19,118.26,78.30
82.95,118.76,74.78
83.23,118.89,74.53
82.94,119.06,77.67
83.18,118.91,78.01
82.95,119.17,74.79
83.22,119.31,74.56
82.96,119.43,77.65
83.15,119.26,77.89
82.94,119.56,74.84
83.21,119.72,74.59
82.96,119.82,77.66
83.21,119.60,77.91
82.93,119.96,74.86
83.21,120.12,74.61
82.96,120.24,77.68
83.24,120.02,77.91
82.93,120.36,74.87
83.24,120.53,74.63
82.98,120.67,77.68
83.27,120.44,77.89
82.97,120.77,74.86
83.33,120.96,74.64
83.01,121.02,77.69
83.32,120.87,77.86
83.05,121.11,74.84
83.06,121.43,74.96
83.18,121.41,76.34
83.11,121.40,76.18
83.22,121.54,76.43
83.22,121.22,77.78
82.94,121.37,77.55
83.06,121.84,75.72
83.16,121.90,75.16
83.24,121.58,76.03
83.22,121.78,76.40
83.15,121.83,77.53
83.09,122.14,75.60
83.22,122.24,75.38
83.29,121.81,76.13
83.08,122.12,76.19
83.04,122.28,76.72
83.10,122.18,77.18
83.16,122.34,75.78
83.20,122.48,76.32
83.19,122.49,76.90
83.32,112.66,86.81
83.55,113.22,84.65
83.79,112.96,85.10
83.72,112.81,85.62
83.67,112.74,86.29
83.55,112.75,87.02
83.55,112.93,87.61
83.67,113.18,87.91
83.51,113.60,84.34
83.70,113.53,88.08
83.44,113.87,84.20
83.52,114.07,84.06
83.75,113.75,84.19
83.67,113.93,88.13
83.57,114.40,83.82
83.66,114.35,88.16
83.48,114.76,83.63
83.62,114.88,83.45
83.77,114.58,83.53
83.66,114.79,88.17
83.46,115.35,77.03
83.54,115.34,76.51
83.55,115.10,76.73
83.52,115.13,77.13
83.37,115.09,83.59
83.64,115.19,83.37
83.66,115.23,88.08
83.41,115.71,76.90
83.52,115.60,76.33
83.48,115.35,77.43
83.44,115.63,77.47
83.53,115.52,77.77
83.35,115.51,83.59
83.67,115.62,83.36
83.65,115.63,87.86
83.43,115.96,76.43
83.66,116.01,75.95
83.65,115.71,76.05
83.32,116.10,77.05
83.40,116.05,77.62
83.53,115.84,77.95
83.36,115.97,83.72
83.75,116.13,83.43
83.60,115.87,87.64
83.50,116.10,87.29
83.36,116.30,76.26
83.54,116.43,75.85
83.24,116.33,76.84
83.26,116.47,77.56
83.53,116.15,78.13
83.46,116.44,78.13
83.67,116.31,78.47
83.47,116.33,83.84
83.41,116.49,84.18
83.53,116.53,83.97
83.36,116.56,84.74
83.40,116.60,85.44
83.52,116.58,85.95
83.58,116.43,86.39
83.47,116.30,86.78
83.50,116.85,75.61
83.32,116.87,78.18
83.66,116.72,78.61
83.62,116.70,84.30
83.66,116.78,85.18
83.71,116.69,85.82
83.38,117.27,75.36
83.70,117.21,75.18
83.67,116.99,75.41
83.22,117.27,78.34
83.56,117.29,78.65
83.44,117.53,75.04
83.50,117.78,74.75
83.75,117.44,74.88
83.53,117.73,78.66
83.56,118.10,74.51
83.64,118.00,78.66
83.58,118.54,74.35
83.38,118.64,78.28
83.60,118.34,78.53
83.50,119.03,74.35
83.49,118.97,78.25
83.77,118.81,78.46
83.49,119.46,74.36
83.70,119.16,78.34
83.43,119.31,78.12
83.49,119.87,74.38
83.50,119.76,78.11
83.51,120.29,74.40
83.57,120.22,78.09
83.61,120.73,74.42
83.52,120.59,78.00
83.62,121.03,74.50
83.63,120.85,78.00
83.27,121.29,74.72
83.61,121.33,74.57
83.48,121.47,76.30
83.45,121.46,76.21
83.54,121.58,76.31
83.33,121.55,77.74
83.58,121.24,77.91
83.39,121.62,74.77
83.78,121.79,74.63
83.61,121.55,76.18
83.52,121.70,76.25
83.46,121.89,77.69
83.73,121.72,77.83
83.47,121.95,74.85
83.38,122.17,75.10
83.54,121.66,76.17
83.72,122.05,77.71
83.51,122.23,77.54
83.44,122.47,75.55
83.40,122.67,76.23
83.55,122.75,75.96
83.38,122.69,76.74
83.49,122.60,77.21
83.56,122.85,76.48
83.61,122.86,76.93
83.79,112.82,75.83
83.95,112.88,75.32
83.93,112.60,75.45
83.89,112.50,76.00
83.76,112.81,76.49
84.00,112.48,76.84
83.82,112.86,77.13
84.00,112.70,77.37
83.81,113.13,75.69
83.96,113.10,75.33
83.68,113.16,76.29
83.68,113.18,76.94
83.94,112.90,77.53
83.84,113.16,77.49
84.11,113.01,77.81
83.93,113.13,84.83
84.06,113.03,85.15
84.05,112.93,85.56
84.04,112.86,86.19
84.00,112.86,86.89
83.91,112.96,87.51
84.13,113.27,87.84
83.99,113.36,75.44
83.72,113.55,76.15
83.90,113.73,75.75
83.64,113.57,76.84
83.75,113.55,77.43
84.05,113.43,77.92
83.95,113.41,84.51
84.24,113.22,85.00
84.04,113.62,88.06
83.73,114.01,76.28
83.94,114.10,75.84
83.65,113.98,76.86
83.72,113.95,77.44
83.92,113.86,77.90
83.89,114.00,83.95
84.17,113.68,84.22
84.09,113.95,88.12
83.78,114.39,76.29
84.06,114.51,75.82
83.67,114.39,76.89
83.75,114.39,77.60
83.91,114.22,77.98
83.98,114.25,83.67
84.09,114.36,88.18
83.83,114.69,76.19
84.01,114.84,75.92
83.64,114.81,76.82
83.69,114.80,77.55
84.01,114.52,78.29
83.85,114.82,78.14
84.05,114.82,78.56
83.96,114.79,83.33
84.07,114.45,83.46
84.10,114.80,88.15
83.75,115.02,76.26
84.04,115.17,75.85
83.60,115.19,77.60
83.78,115.18,78.14
83.99,115.12,78.58
84.00,115.22,83.20
84.09,115.27,87.94
83.73,115.39,76.07
83.99,115.61,75.79
83.69,115.62,78.19
83.94,115.52,78.61
84.02,115.68,83.16
83.88,115.76,87.57
84.26,115.51,87.64
84.15,115.79,87.33
84.02,116.06,75.66
83.66,116.01,78.31
83.88,115.99,78.65
84.14,116.13,83.12
83.88,116.12,86.99
84.27,115.93,87.05
84.16,116.14,86.86
83.86,116.49,75.58
83.89,116.41,78.80
83.69,116.51,83.74
84.00,116.55,83.41
83.77,116.56,86.21
84.04,116.36,86.58
83.82,116.75,75.48
84.01,116.84,75.27
84.06,116.56,75.43
83.91,116.69,78.90
83.86,117.00,78.90
84.12,116.77,79.08
83.86,116.76,83.85
83.86,116.90,84.22
83.96,116.93,83.99
83.84,116.94,84.76
83.91,116.95,85.33
84.01,116.84,85.81
84.06,116.62,86.23
84.02,117.13,74.99
83.89,117.36,78.91
84.17,117.19,79.09
84.13,117.09,84.37
84.10,117.08,85.18
83.92,117.66,74.60
84.05,117.33,74.78
84.10,117.55,78.98
83.88,117.77,78.80
83.99,118.06,74.34
83.89,118.17,78.69
83.90,118.43,74.20
84.04,118.55,74.09
84.21,118.26,74.16
84.02,118.50,78.63
83.79,118.76,74.18
84.06,118.85,74.03
84.14,118.81,78.59
83.77,119.17,74.16
84.08,119.24,73.98
83.76,119.49,78.32
84.05,119.17,78.51
83.77,119.59,74.15
84.09,119.67,73.94
83.81,119.90,78.30
84.11,119.61,78.50
83.78,120.00,74.16
84.11,120.09,73.94
83.87,120.23,78.28
84.16,120.04,78.50
83.83,120.42,74.18
84.21,120.55,73.99
84.06,120.40,78.38
83.80,120.57,78.17
83.92,120.76,74.22
83.94,121.13,74.36
83.88,120.99,78.13
83.98,121.50,74.47
83.66,121.51,76.24
83.99,121.43,78.05
84.14,121.77,74.49
83.68,121.60,76.23
84.02,121.75,77.93
83.67,122.18,74.91
84.14,122.17,74.64
83.86,122.29,77.66
84.08,122.08,77.82
83.86,122.49,75.04
83.74,122.75,75.51
84.06,122.83,75.10
84.12,122.44,77.69
83.92,122.62,77.52
83.91,122.98,75.54
84.14,123.16,75.37
83.76,122.98,76.07
83.79,123.05,76.72
83.93,122.99,77.22
83.99,123.21,75.84
83.97,123.26,76.41
84.05,123.27,76.92
84.32,109.20,68.17
84.45,109.16,67.85
84.53,108.85,68.18
84.44,109.10,68.49
84.27,109.47,68.05
84.46,109.51,67.74
84.31,109.39,68.46
84.30,109.74,67.97
84.53,109.91,67.80
84.26,109.72,68.35
84.33,109.97,68.18
84.22,112.02,75.06
84.33,111.99,74.58
84.36,111.79,74.87
84.36,111.71,75.46
84.20,111.94,75.79
84.49,111.66,76.28
84.29,111.94,76.47
84.52,111.80,76.78
84.27,112.29,74.58
84.37,112.41,74.19
84.37,112.15,74.25
84.15,112.28,74.95
84.05,112.28,75.44
84.06,112.19,76.20
84.48,111.99,77.04
84.21,112.16,76.76
84.35,112.26,77.24
84.32,112.60,74.42
84.14,112.61,74.91
84.35,112.89,74.53
84.24,112.53,77.48
84.13,112.76,77.67
84.46,112.67,77.87
84.16,113.06,74.99
84.38,113.13,74.66
84.43,113.07,78.12
84.25,113.07,85.45
84.32,113.04,86.00
84.34,113.01,86.71
84.29,113.06,87.35
84.38,113.39,74.88
84.14,113.61,75.35
84.39,113.74,75.14
84.34,113.41,78.24
84.21,113.72,78.25
84.54,113.49,78.45
84.37,113.46,84.63
84.51,113.37,85.06
84.51,113.25,85.62
84.59,113.22,86.41
84.60,113.22,87.10
84.50,113.29,87.59
84.50,113.63,87.88
84.15,113.90,75.48
84.50,114.12,75.22
84.13,114.08,78.29
84.47,113.88,78.61
84.34,113.95,83.87
84.62,113.66,84.38
84.43,114.03,88.09
84.24,114.26,75.53
84.57,114.49,75.35
84.07,114.31,78.30
84.28,114.31,78.61
84.27,114.23,83.56
84.34,114.45,83.37
84.60,114.14,83.59
84.50,114.40,88.10
84.37,114.57,75.54
84.37,114.92,75.64
84.25,114.64,78.76
84.23,114.97,78.89
84.51,114.72,79.08
84.36,114.80,83.19
84.50,114.83,88.01
84.33,115.32,75.67
84.21,115.35,78.94
84.51,115.11,79.16
84.37,115.24,83.04
84.48,115.20,87.80
84.42,115.66,75.58
84.18,115.77,78.96
84.50,115.51,79.18
84.30,115.72,83.00
84.47,115.40,87.61
84.45,115.61,87.35
84.37,115.98,75.51
84.49,116.10,75.41
84.65,115.82,75.46
84.15,116.18,78.99
84.48,115.94,79.17
84.35,116.00,82.95
84.60,116.08,82.79
84.50,115.78,82.87
84.55,115.79,87.04
84.45,116.08,86.80
84.20,116.27,75.47
84.40,116.42,75.29
84.08,116.50,79.01
84.41,116.40,79.18
84.36,116.24,82.95
84.30,116.50,83.07
84.46,116.41,86.53
84.43,116.80,75.02
84.45,116.83,79.23
84.09,116.89,83.71
84.26,116.78,83.31
84.12,117.01,85.62
84.36,116.94,85.94
84.50,116.71,86.26
84.28,117.11,74.83
84.33,117.32,74.65
84.63,117.02,74.79
84.52,117.17,79.25
84.39,117.10,83.61
84.37,117.28,84.19
84.50,117.35,83.93
84.38,117.31,84.64
84.43,117.25,85.18
84.41,117.09,85.67
84.39,117.62,74.47
84.23,117.83,78.93
84.48,117.59,79.13
84.55,117.45,84.45
84.50,117.92,74.31
84.49,117.98,78.96
84.28,118.21,78.79
84.33,118.53,74.04
84.61,118.22,74.17
84.33,118.61,78.68
84.41,118.88,73.94
84.43,118.90,78.65
84.45,119.30,73.85
84.46,119.28,78.65
84.45,119.71,73.80
84.49,119.67,78.67
84.49,120.12,73.80
84.54,119.99,78.68
84.59,120.47,73.84
84.12,120.72,78.36
84.41,120.38,78.58
84.17,120.92,74.14
84.57,120.91,74.01
84.21,121.10,78.31
84.48,120.82,78.53
84.32,121.18,74.20
84.37,121.51,74.35
84.31,121.42,78.25
84.55,121.21,78.46
84.41,121.87,74.46
84.59,121.56,78.33
84.29,121.76,78.06
84.56,122.12,74.49
84.44,122.10,77.97
84.18,122.57,74.79
84.56,122.55,74.59
84.27,122.69,77.65
84.47,122.49,77.83
84.34,122.81,74.80
84.39,123.13,74.98
84.49,122.87,77.72
84.28,122.99,77.54
84.19,123.37,75.65
84.39,123.41,75.34
84.17,123.46,76.10
84.24,123.51,76.69
84.42,123.43,77.32
84.36,123.56,75.75
84.46,123.72,76.26
84.49,123.72,76.88
84.75,107.93,68.15
84.78,107.97,67.95
84.88,107.78,68.05
84.92,107.77,68.25
84.70,108.18,68.11
84.82,108.21,67.80
84.87,108.01,68.38
84.65,108.49,68.02
84.76,108.67,67.71
84.81,108.44,68.51
84.79,109.12,67.57
84.78,108.81,68.83
84.58,109.20,68.94
84.89,108.95,69.21
84.82,109.53,67.56
84.41,109.62,68.87
84.90,109.14,69.46
84.67,109.48,69.37
84.90,109.40,69.73
84.89,109.85,67.58
84.38,110.05,68.74
84.56,109.91,69.46
84.79,109.70,69.82
84.49,110.30,68.24
84.82,110.26,67.75
84.44,110.43,68.84
84.48,110.35,69.40
84.72,109.99,70.00
84.63,110.32,70.07
84.78,110.19,70.35
84.68,110.62,68.09
84.99,110.75,67.82
84.56,110.73,68.64
84.52,110.71,69.31
84.57,110.70,69.99
84.75,110.43,70.58
84.68,110.73,70.68
84.79,110.60,70.95
84.75,110.95,68.28
84.67,111.06,68.73
84.61,111.02,69.18
84.74,111.26,69.05
84.60,111.03,69.82
84.63,111.12,70.59
84.76,110.84,71.20
84.68,111.13,71.32
84.77,110.98,71.55
84.73,111.33,69.58
84.69,111.37,70.23
84.67,111.46,70.75
84.64,111.51,71.28
84.71,111.68,71.01
84.72,111.19,71.84
84.62,111.52,71.99
84.72,111.27,72.33
84.60,111.60,72.73
84.73,111.29,72.93
84.61,111.58,73.35
84.74,111.28,73.55
84.62,111.53,73.94
84.74,111.26,74.15
84.61,111.47,74.45
84.72,111.25,74.76
84.53,111.52,75.02
84.73,111.24,75.44
84.57,111.45,75.79
84.86,111.23,76.24
84.64,111.43,76.26
84.79,111.43,76.65
84.71,111.84,71.36
84.65,111.94,71.88
84.86,112.12,71.51
84.55,111.96,72.54
84.51,111.94,73.19
84.52,111.82,73.71
84.47,111.81,74.32
84.83,111.64,77.03
84.64,111.82,77.06
84.79,111.87,77.33
84.82,112.25,71.96
84.66,112.35,72.44
84.94,112.44,72.20
84.53,112.35,73.05
84.46,112.26,73.78
84.68,112.12,77.50
84.54,112.36,77.64
84.90,112.28,77.87
84.83,112.62,72.54
84.69,112.70,72.92
85.00,112.89,72.80
84.58,112.78,73.57
84.45,112.70,74.09
84.87,112.66,78.15
84.80,113.03,73.29
84.72,113.13,73.75
84.56,113.12,74.23
84.76,113.27,74.00
84.75,112.98,78.29
84.57,113.23,78.33
84.89,113.11,78.47
84.80,113.46,74.32
84.63,113.64,74.81
84.92,113.78,74.57
84.86,113.47,78.73
84.65,113.50,84.85
84.74,113.45,85.36
84.80,113.43,86.04
84.84,113.44,86.78
84.76,113.47,87.40
84.67,113.90,74.95
84.91,114.07,74.78
84.77,113.80,78.88
84.62,114.12,78.92
84.96,113.89,79.10
84.81,113.87,83.97
85.02,113.73,84.45
84.93,113.62,85.02
84.96,113.58,85.68
85.06,113.68,86.39
85.00,113.67,87.14
84.87,113.71,87.60
84.81,114.03,87.85
84.75,114.17,74.99
84.87,114.49,75.06
84.49,114.44,78.94
84.84,114.34,79.19
84.72,114.40,83.33
85.05,114.07,83.73
84.84,114.50,87.84
84.61,114.76,75.46
84.90,114.86,75.30
84.85,114.78,79.29
84.75,114.76,83.05
84.79,114.93,87.74
84.73,114.99,75.48
84.69,115.28,75.54
84.86,115.20,79.31
84.69,115.09,82.90
84.89,115.17,82.78
84.91,114.89,82.87
84.70,115.30,87.52
84.96,115.07,87.45
84.93,115.30,87.27
84.77,115.56,75.51
84.86,115.61,79.29
84.58,115.44,82.88
84.84,115.61,82.71
84.75,115.54,87.17
85.01,115.42,87.03
84.88,115.74,86.86
84.84,116.01,75.34
84.93,115.68,75.43
84.84,116.03,79.28
84.96,115.96,82.61
84.85,116.11,86.66
84.84,116.40,75.15
84.83,116.46,79.30
84.52,116.42,82.87
84.88,116.39,82.69
84.86,116.42,86.51
84.92,116.72,74.96
84.83,116.87,79.33
84.57,116.77,83.02
84.99,116.89,82.77
84.95,116.61,86.38
84.86,116.90,86.12
84.74,117.28,74.62
85.04,117.00,74.81
84.84,117.26,79.32
84.70,117.16,83.19
84.60,117.32,83.57
84.75,117.41,83.44
84.57,117.42,84.97
84.85,117.45,85.44
84.79,117.22,85.75
84.84,117.59,74.50
84.91,117.59,79.27
84.68,117.52,83.95
84.75,117.63,84.50
84.79,117.60,84.95
84.97,117.97,74.39
84.67,118.21,78.90
84.86,117.94,79.09
84.71,118.55,74.04
84.93,118.30,74.21
85.03,118.29,78.93
84.69,118.55,78.78
84.85,118.96,73.94
84.83,118.93,78.74
84.76,119.38,73.81
84.87,119.30,78.75
84.83,119.72,73.79
84.88,119.68,78.75
84.87,120.13,73.80
84.85,120.08,78.71
84.92,120.54,73.87
84.84,120.52,78.65
84.99,120.87,73.98
84.86,120.94,78.61
84.59,121.29,74.18
84.93,121.21,74.13
84.94,121.35,78.54
84.77,121.47,74.26
84.84,121.74,74.38
84.88,121.70,78.39
84.65,121.90,78.18
84.89,122.17,74.44
84.73,122.23,78.07
84.96,122.53,74.45
84.80,122.54,78.04
84.57,122.96,74.71
84.95,122.98,74.57
84.61,123.20,77.71
84.76,122.91,77.95
84.68,123.21,74.80
84.62,123.41,75.06
84.70,123.45,77.69
84.90,123.40,77.98
84.72,123.71,75.50
84.73,123.92,76.12
84.91,123.98,75.81
84.70,123.92,76.69
84.71,123.82,77.23
84.79,123.67,77.64
84.96,124.09,76.36
84.92,124.04,77.06
85.12,107.81,67.81
85.17,107.59,68.12
85.27,107.67,68.43
85.21,108.19,67.56
85.22,108.08,68.74
85.24,108.65,67.46
85.24,108.39,68.99
84.97,108.58,68.86
85.19,108.60,69.16
85.24,109.10,67.45
85.21,108.76,69.45
85.05,108.93,69.45
85.20,108.96,69.76
85.24,109.51,67.49
85.11,109.24,69.92
85.03,109.58,70.17
85.21,109.38,70.30
85.23,109.91,67.55
84.89,109.94,70.30
85.18,109.61,70.53
85.07,109.92,70.72
85.20,109.74,70.84
85.25,110.32,67.58
84.89,110.30,70.81
85.15,109.95,71.14
85.03,110.29,71.39
85.16,110.03,71.63
85.06,110.37,72.08
85.17,110.07,72.25
85.06,110.39,72.70
85.17,110.11,72.87
85.06,110.40,73.26
85.16,110.18,73.36
85.34,110.66,67.60
84.87,110.68,71.41
84.95,110.68,71.99
84.97,110.70,72.59
84.97,110.69,73.20
85.10,110.37,73.67
84.99,110.67,73.85
85.14,110.43,74.20
85.01,110.73,74.60
85.29,110.44,74.98
85.06,110.75,75.25
85.27,110.58,75.52
84.97,111.20,68.11
85.31,111.14,67.76
84.83,111.28,68.61
84.82,110.98,71.94
84.85,111.00,72.49
84.86,111.00,73.09
84.87,110.99,73.71
84.86,110.99,74.36
84.87,111.00,75.02
85.17,110.74,75.75
84.98,110.97,75.76
85.32,110.80,76.30
85.07,111.01,76.27
85.21,111.05,76.67
85.12,111.44,68.09
85.02,111.51,68.46
85.15,111.61,68.29
84.97,111.60,69.20
84.86,111.68,69.99
84.77,111.69,70.59
85.09,111.27,76.89
85.00,111.42,77.02
85.34,111.40,77.31
85.30,111.75,68.73
85.35,111.78,69.49
85.13,111.99,69.90
85.37,112.01,69.87
84.96,112.02,70.49
84.84,111.95,71.02
85.15,111.73,77.53
84.98,111.98,77.66
85.29,111.95,77.84
85.31,112.21,70.11
85.18,112.29,70.41
85.36,112.35,70.41
85.11,112.30,71.03
85.15,112.30,71.68
85.28,112.39,71.27
85.22,112.36,72.12
85.34,112.27,78.09
85.29,112.43,70.71
85.34,112.42,71.01
85.11,112.58,72.43
85.37,112.69,72.61
85.21,112.57,78.27
85.00,112.81,78.33
85.28,112.76,78.44
85.03,113.20,73.17
85.36,113.18,72.85
84.92,113.31,73.68
85.28,113.06,78.71
85.19,113.43,73.37
85.10,113.53,73.89
85.07,113.63,74.23
85.20,113.65,74.00
85.16,113.35,78.92
85.00,113.60,78.97
85.31,113.51,79.12
85.25,113.82,74.13
85.15,114.04,74.47
85.29,113.93,79.29
85.13,113.85,84.15
85.28,113.82,84.54
85.25,113.78,85.00
85.21,113.78,85.70
85.28,113.98,86.41
85.39,114.02,86.03
85.17,113.95,86.99
85.04,113.90,87.46
84.95,114.31,74.85
85.11,114.26,74.65
85.26,114.38,79.37
85.15,114.36,83.32
85.44,114.14,83.83
85.42,113.99,84.34
85.41,114.20,86.42
85.44,114.51,86.58
85.29,114.32,86.92
85.09,114.22,87.47
85.22,114.56,74.72
85.28,114.91,75.02
85.25,114.81,79.39
85.09,114.64,82.98
85.18,114.85,82.82
85.45,114.52,83.14
85.31,114.71,86.98
85.41,114.92,86.70
85.10,114.69,87.41
84.94,115.15,75.43
85.20,115.21,75.31
85.26,115.23,79.36
85.22,115.21,82.67
85.16,115.08,87.11
85.27,115.38,86.75
85.00,115.41,75.45
85.28,115.63,75.38
85.26,115.64,79.33
85.25,115.62,82.56
85.22,115.81,86.62
85.27,116.10,75.32
85.26,116.05,79.33
85.27,116.02,82.52
85.18,116.15,86.54
85.19,116.46,75.14
85.25,116.47,79.36
85.30,116.43,82.54
85.16,116.39,86.47
85.40,116.21,86.43
85.33,116.51,86.33
85.35,116.78,75.07
85.24,116.89,79.39
85.36,116.78,82.55
85.39,116.81,86.19
85.13,117.30,74.70
85.36,117.10,74.90
85.25,117.29,79.37
84.93,117.35,83.09
85.24,117.26,82.70
85.04,117.35,85.79
85.26,117.15,86.00
85.24,117.65,74.64
85.27,117.68,79.27
85.07,117.68,83.12
85.32,117.79,82.76
84.89,117.67,83.64
84.85,117.74,84.23
85.00,117.85,84.79
85.18,117.74,85.35
85.34,117.48,85.76
85.39,118.02,74.62
85.33,118.02,79.10
85.15,117.98,83.17
85.06,117.98,83.58
85.18,118.20,83.45
85.05,118.01,84.24
85.31,118.18,84.87
85.28,117.99,85.17
85.09,118.60,74.17
85.25,118.32,74.40
85.46,118.30,78.94
85.17,118.59,78.82
85.19,118.28,83.93
85.28,118.34,84.45
85.23,118.91,74.12
85.47,118.74,74.39
85.28,118.92,78.77
85.15,119.29,73.96
85.45,119.09,74.23
85.30,119.31,78.73
85.21,119.75,73.92
85.27,119.73,78.67
85.24,120.18,73.93
85.28,120.18,78.58
85.27,120.59,73.99
85.28,120.69,78.58
85.26,120.97,74.10
85.20,121.06,78.62
85.23,121.24,74.21
85.04,121.44,74.27
85.36,121.38,74.33
85.33,121.30,78.59
85.29,121.78,74.39
84.97,121.98,78.31
85.25,121.64,78.52
85.28,122.19,74.39
85.02,122.33,78.26
85.32,122.03,78.49
85.30,122.59,74.40
85.02,122.70,78.25
85.32,122.42,78.57
85.38,122.93,74.44
85.02,123.09,78.25
85.22,122.87,78.56
84.91,123.43,74.89
85.34,123.33,74.65
85.06,123.35,78.27
85.19,123.27,78.51
85.15,123.70,75.05
85.05,123.91,75.43
85.36,123.92,75.27
84.92,123.91,77.51
85.03,123.79,77.87
85.14,123.57,78.27
85.16,124.07,75.76
85.27,124.22,76.21
85.16,124.20,76.88
85.11,124.06,77.51
85.50,107.41,68.21
85.56,107.47,67.93
85.81,107.31,68.11
85.76,107.41,68.37
85.65,107.76,67.63
85.73,107.74,68.70
85.71,108.17,67.45
85.58,108.05,68.96
85.41,108.21,68.99
85.72,108.22,69.20
85.73,108.63,67.42
85.60,108.45,69.44
85.41,108.59,69.44
85.62,108.58,69.75
85.71,109.08,67.47
85.58,108.76,70.10
85.37,109.09,70.31
85.69,108.89,70.67
85.53,109.13,70.89
85.73,108.96,71.07
85.67,109.50,67.51
85.31,109.43,70.74
85.70,109.11,71.39
85.45,109.41,71.39
85.69,109.27,71.90
85.47,109.50,72.04
85.67,109.36,72.32
85.65,109.91,67.54
85.26,109.73,71.23
85.29,109.75,71.81
85.55,109.50,72.53
85.35,109.76,72.53
85.64,109.57,73.11
85.36,109.90,73.32
85.68,109.70,73.78
85.47,109.93,73.99
85.71,109.77,74.24
85.65,110.31,67.53
85.24,110.16,73.80
85.65,109.92,74.52
85.39,110.16,74.46
85.68,110.07,74.95
85.48,110.22,74.92
85.66,110.23,75.32
85.67,110.71,67.54
85.74,110.93,69.85
85.80,110.65,69.81
85.75,110.82,69.66
85.82,110.72,70.06
85.59,110.41,75.71
85.40,110.59,75.96
85.66,110.51,76.17
85.53,110.62,76.28
85.76,110.67,76.56
85.73,111.06,67.56
85.68,111.11,69.60
85.79,110.88,69.51
85.79,111.18,69.43
85.68,111.25,69.77
85.80,111.05,70.11
85.72,111.32,71.45
85.79,111.08,71.33
85.83,111.13,70.91
85.71,111.32,71.86
85.76,111.14,71.60
85.82,111.29,71.90
85.57,110.92,76.89
85.40,111.13,77.08
85.72,111.13,77.25
85.31,111.59,68.09
85.67,111.51,67.77
85.57,111.53,69.39
85.79,111.50,69.33
85.61,111.52,69.74
85.73,111.31,69.93
85.72,111.64,70.28
85.72,111.63,70.85
85.81,111.36,70.50
85.67,111.67,71.48
85.68,111.60,71.96
85.81,111.49,72.15
85.85,111.38,77.46
85.54,111.88,68.24
85.56,112.01,68.66
85.79,112.11,68.47
85.68,111.84,69.08
85.53,112.05,70.31
85.57,111.76,69.91
85.60,112.07,70.85
85.62,111.93,71.24
85.50,112.04,71.82
85.78,111.70,72.34
85.66,111.95,72.31
85.84,111.92,72.51
85.58,111.65,77.67
85.71,111.92,77.92
85.78,112.10,68.85
85.45,112.34,70.73
85.45,112.26,71.24
85.44,112.32,72.34
85.73,112.29,72.57
85.77,112.17,78.14
85.69,112.77,72.65
85.53,112.45,78.31
85.74,112.67,78.59
85.71,113.17,72.56
85.63,112.97,78.87
85.41,113.19,78.96
85.70,113.18,79.09
85.42,113.55,73.10
85.63,113.51,72.71
85.34,113.68,73.61
85.71,113.53,79.28
85.65,113.76,73.09
85.60,113.95,73.64
85.42,114.07,74.13
85.74,114.23,73.90
85.71,113.94,79.40
85.48,113.97,84.98
85.44,113.98,85.56
85.40,114.33,74.36
85.74,114.49,74.17
85.69,114.38,79.42
85.52,114.28,83.54
85.69,114.22,83.95
85.69,114.18,84.40
85.68,114.18,84.98
85.81,114.41,85.44
85.64,114.28,85.61
85.51,114.26,86.08
85.58,114.66,74.45
85.49,114.84,74.70
85.81,114.90,74.60
85.68,114.81,79.38
85.55,114.84,82.83
85.85,114.61,83.20
85.81,114.40,83.71
85.78,114.58,85.83
85.81,114.89,86.01
85.62,114.65,86.22
85.65,115.03,74.87
85.66,115.29,75.21
85.69,115.22,79.34
85.66,115.25,82.64
85.59,115.12,86.41
85.86,115.32,86.09
85.67,115.58,75.45
85.58,115.83,75.49
85.84,115.71,75.58
85.69,115.62,79.33
85.57,115.68,82.52
85.54,115.53,86.45
85.74,115.70,86.28
85.60,116.10,75.48
85.88,115.96,75.62
85.69,116.02,79.35
85.65,116.01,82.50
85.49,115.91,86.45
85.70,116.09,86.27
85.53,116.42,75.33
85.78,116.26,75.54
85.69,116.44,79.40
85.67,116.41,82.49
85.73,116.51,86.19
85.67,116.77,75.30
85.68,116.87,79.41
85.64,116.87,82.45
85.71,116.90,86.09
85.47,117.40,74.87
85.70,117.17,75.15
85.68,117.30,79.33
85.54,117.39,82.44
85.71,117.26,85.96
85.56,117.77,74.83
85.72,117.57,75.03
85.68,117.72,79.20
85.57,117.78,82.42
85.82,117.51,85.81
85.59,117.71,85.63
85.65,118.09,74.81
85.86,117.96,75.02
85.71,118.03,79.05
85.30,118.20,83.07
85.53,118.17,82.63
85.45,118.13,85.20
85.61,117.97,85.41
85.61,118.41,74.66
85.82,118.29,74.90
85.80,118.22,78.90
85.68,118.53,78.78
85.46,118.43,83.00
85.59,118.46,82.76
85.37,118.48,83.53
85.42,118.56,84.21
85.60,118.56,84.76
85.72,118.31,85.19
85.75,118.79,74.66
85.70,118.94,78.65
85.65,118.70,83.09
85.60,118.79,83.88
85.67,118.80,84.41
85.51,119.43,74.17
85.77,119.18,74.52
85.70,119.38,78.50
85.55,119.84,74.13
85.77,119.58,74.37
85.59,119.82,78.44
85.57,120.26,74.14
85.84,119.94,74.37
85.61,120.11,78.33
85.78,119.96,78.16
85.86,120.27,78.04
85.56,120.70,74.18
85.86,120.39,74.36
85.58,120.41,78.36
85.87,120.59,78.16
85.46,121.05,74.23
85.77,120.91,74.36
85.64,120.70,78.40
85.63,121.03,78.52
85.73,121.36,74.40
85.61,121.39,78.59
85.69,121.76,74.40
85.71,121.69,78.65
85.68,122.18,74.37
85.62,122.05,78.72
85.70,122.59,74.38
85.67,122.29,78.95
85.46,122.67,78.89
85.67,122.55,79.17
85.74,122.99,74.48
85.39,123.10,78.87
85.61,122.88,79.20
85.79,123.34,74.64
85.38,123.59,78.70
85.65,123.37,79.20
85.55,123.65,74.88
85.81,123.85,75.13
85.28,123.95,78.12
85.50,124.00,78.63
85.66,123.83,79.01
85.53,124.14,75.65
85.51,124.31,76.12
85.78,124.32,75.88
85.42,124.35,76.66
85.39,124.28,77.47
85.52,124.24,78.20
85.63,124.23,78.62
85.68,124.11,78.86
85.69,124.44,76.39
85.66,124.49,77.06
85.70,124.47,77.81
85.77,124.40,78.43
86.04,107.46,67.86
86.06,107.32,68.16
86.19,107.48,68.39
86.07,107.81,67.57
86.20,107.72,68.70
86.17,108.18,67.50
85.99,107.95,68.98
86.25,108.13,69.26
86.18,108.63,67.48
86.07,108.32,69.60
85.98,108.46,69.92
85.90,108.58,70.18
86.24,108.54,70.38
86.15,109.07,67.51
86.03,108.70,70.66
85.97,108.84,71.11
85.91,108.96,71.41
86.22,108.93,71.60
86.11,109.49,67.54
86.08,109.68,70.10
86.21,109.49,69.92
86.14,109.60,69.73
86.30,109.52,70.26
86.03,109.08,71.91
85.97,109.24,72.47
85.77,109.38,72.76
86.04,109.31,72.97
85.93,109.40,73.21
86.26,109.35,73.39
86.08,109.90,67.54
86.03,109.88,69.72
86.25,109.72,69.49
86.15,109.97,69.42
85.98,109.98,70.14
86.22,109.71,70.59
86.07,109.92,70.51
86.22,109.92,70.85
86.08,109.49,73.76
86.04,109.64,74.38
85.87,109.77,74.59
86.11,109.73,74.85
86.06,110.31,67.52
86.00,110.18,69.54
86.15,110.26,69.35
85.91,110.34,69.96
86.00,110.26,70.50
86.16,110.17,70.88
85.94,109.88,74.96
86.06,110.08,75.49
85.90,110.24,75.76
86.10,110.21,75.88
86.06,110.72,67.50
85.89,110.54,69.57
86.08,110.73,69.38
85.90,110.74,70.53
86.07,110.53,70.95
86.05,110.43,76.16
86.11,110.71,76.66
86.07,111.14,67.52
86.09,111.17,69.37
85.85,111.11,70.44
85.93,110.92,71.24
85.89,111.12,71.64
86.20,111.02,71.53
85.95,110.90,76.98
86.09,111.16,77.19
86.15,111.56,67.68
86.06,111.58,69.32
85.76,111.39,70.11
86.02,111.27,71.81
86.09,111.51,72.12
86.20,111.41,77.30
85.91,111.91,68.02
86.18,112.13,68.38
86.06,111.94,69.14
85.96,111.73,72.42
86.05,112.04,72.59
86.07,111.65,77.62
86.18,111.94,77.96
86.09,112.15,68.81
86.04,112.41,72.64
86.03,112.19,78.21
85.84,112.36,78.33
86.16,112.41,78.43
86.03,112.80,72.53
86.18,112.66,78.71
85.92,113.15,72.33
86.04,113.31,72.07
86.21,113.00,72.20
85.97,112.88,78.91
86.09,113.16,79.16
85.85,113.44,72.34
86.06,113.56,72.09
86.14,113.53,79.33
85.97,113.74,72.51
85.99,113.97,73.07
85.90,114.10,73.48
86.15,114.11,73.26
86.14,113.95,79.39
86.12,114.23,73.56
86.14,114.45,73.95
86.12,114.38,79.37
85.89,114.37,84.40
85.87,114.39,85.00
85.98,114.70,74.31
86.23,114.90,74.62
86.11,114.80,79.33
85.93,114.88,82.89
86.19,114.77,83.25
86.11,114.60,83.70
86.08,114.55,84.30
86.19,114.70,84.66
86.05,114.64,84.97
85.92,114.65,85.54
86.01,115.10,74.91
86.19,115.29,75.27
86.11,115.19,79.31
86.04,115.15,82.75
86.23,114.98,82.97
86.25,114.90,84.98
86.23,115.08,85.37
86.06,114.98,85.58
85.98,115.51,75.48
86.13,115.69,75.64
86.12,115.58,79.33
85.98,115.55,82.61
86.34,115.27,82.86
86.22,115.30,85.59
86.05,115.71,85.99
86.22,115.90,75.70
86.13,115.98,79.38
86.03,116.01,82.55
86.06,116.17,86.05
85.85,116.56,75.49
86.11,116.26,75.65
86.12,116.40,79.40
86.05,116.42,82.46
86.06,116.60,86.02
85.94,116.94,75.42
86.18,116.69,75.58
86.11,116.85,79.33
85.95,116.77,82.35
86.08,116.90,82.24
86.26,116.63,82.34
86.05,117.00,85.96
86.02,117.27,75.37
86.29,117.13,75.55
86.11,117.34,79.15
85.83,117.10,82.28
86.10,117.21,82.13
86.03,117.30,85.88
86.00,117.61,75.25
86.24,117.48,75.47
85.99,117.79,79.04
85.81,117.51,82.22
86.13,117.61,82.05
86.16,117.42,85.77
86.05,117.70,85.64
86.13,117.99,75.25
85.97,118.03,78.95
86.12,117.92,78.90
86.12,118.18,78.71
85.82,117.94,82.25
86.16,118.06,82.06
86.16,118.09,85.45
85.91,118.61,74.88
86.10,118.36,75.14
86.06,118.65,78.51
85.82,118.41,82.45
86.21,118.54,82.14
86.12,118.44,85.29
85.99,118.66,85.07
85.99,118.98,74.84
86.18,118.81,75.15
86.03,119.04,78.37
85.92,118.80,82.60
85.85,118.98,83.04
86.00,119.07,82.79
85.80,119.01,83.58
85.84,119.02,84.20
85.97,118.94,84.71
86.06,119.28,74.82
86.22,119.18,75.14
86.04,119.36,78.15
86.21,119.17,78.06
86.20,119.40,77.85
85.99,119.18,83.28
86.02,119.23,83.91
86.09,119.19,84.40
86.03,119.60,74.68
86.21,119.46,75.03
86.10,119.64,77.82
86.25,119.57,77.54
86.20,119.85,77.40
85.88,119.67,78.16
86.11,120.05,74.64
86.00,119.98,77.80
86.18,120.14,77.40
86.17,120.53,74.58
86.09,120.29,77.66
86.18,120.56,77.78
86.06,120.98,74.47
85.87,120.82,78.30
86.17,120.80,78.10
86.09,121.33,74.47
86.06,120.99,78.35
86.08,121.27,78.58
86.09,121.75,74.44
86.11,121.55,78.86
85.90,121.85,78.88
86.13,121.74,79.12
86.09,122.18,74.43
85.79,122.05,78.91
85.96,122.04,79.19
86.11,122.60,74.48
85.86,122.36,79.35
85.81,122.68,79.46
85.98,122.52,79.66
86.16,123.02,74.60
85.82,123.08,79.52
86.00,122.87,79.78
86.07,123.36,74.72
85.87,123.57,74.82
86.16,123.55,74.91
85.91,123.45,79.52
86.14,123.38,79.83
86.26,123.82,75.17
86.14,123.68,79.62
85.98,123.81,79.34
85.97,124.12,75.47
86.15,124.34,75.78
85.79,124.27,78.79
85.91,124.13,79.04
85.96,124.47,76.15
85.99,124.61,76.71
85.96,124.65,77.47
86.06,124.61,78.23
86.05,124.40,78.78
86.31,107.43,68.06
86.47,107.78,67.78
86.51,107.56,68.14
86.55,107.69,68.43
86.52,108.26,67.58
86.51,107.92,68.84
86.70,108.12,69.17
86.58,108.64,67.56
86.53,108.27,69.61
86.39,108.41,70.03
86.66,108.54,70.42
86.57,109.06,67.54
86.51,108.67,70.81
86.36,108.80,71.22
86.65,108.94,71.66
86.55,109.47,67.54
86.48,109.44,69.95
86.37,109.51,69.66
86.65,109.49,70.34
86.49,109.05,72.09
86.31,109.16,72.44
86.38,109.26,72.95
86.60,109.34,73.41
86.52,109.88,67.53
86.60,109.67,69.43
86.40,109.95,69.32
86.50,109.62,70.70
86.38,110.07,71.11
86.42,109.82,70.97
86.62,109.96,71.22
86.63,109.43,73.91
86.48,109.54,74.45
86.41,109.67,74.91
86.30,109.85,75.22
86.63,109.82,75.25
86.49,110.30,67.50
86.49,110.30,69.28
86.32,110.40,71.18
86.64,110.22,71.31
86.56,110.13,75.54
86.28,110.23,75.87
86.47,110.73,67.47
86.52,110.71,69.32
86.20,110.71,71.27
86.57,110.64,71.39
86.45,110.47,75.96
86.36,110.73,76.38
86.58,110.85,75.99
86.50,111.16,67.51
86.51,111.15,69.37
86.66,111.03,71.56
86.49,111.09,76.42
86.69,111.28,76.00
86.26,110.96,76.81
86.63,111.53,67.69
86.50,111.59,69.33
86.37,111.33,71.81
86.59,111.66,72.10
86.56,111.40,76.40
86.71,111.63,76.21
86.40,111.32,76.86
86.37,111.89,67.99
86.62,112.08,68.40
86.48,111.96,69.12
86.28,111.83,72.42
86.36,112.14,72.58
86.59,111.63,76.58
86.53,111.65,77.13
86.44,111.74,77.60
86.60,111.85,77.80
86.51,112.14,68.77
86.38,112.45,72.59
86.28,112.17,78.21
86.63,112.08,78.09
86.37,112.70,72.45
86.48,112.31,78.35
86.57,112.60,78.62
86.24,113.22,71.89
86.43,113.30,71.69
86.51,113.07,71.86
86.61,112.79,72.19
86.38,112.87,78.94
86.51,113.19,79.16
86.24,113.45,71.83
86.57,113.51,71.67
86.55,113.57,79.28
86.39,113.71,72.05
86.42,113.95,72.63
86.31,114.07,73.00
86.57,114.09,72.94
86.54,113.99,79.30
86.46,114.18,73.28
86.43,114.33,73.64
86.61,114.47,73.96
86.52,114.41,79.28
86.47,114.68,74.35
86.60,114.85,74.73
86.51,114.82,79.26
86.37,114.79,83.67
86.31,114.76,84.26
86.53,115.04,75.05
86.53,115.25,75.37
86.53,115.21,79.28
86.57,115.09,83.37
86.55,114.95,83.97
86.48,114.99,84.57
86.39,115.13,85.09
86.56,115.15,84.77
86.35,115.45,75.53
86.55,115.59,75.67
86.54,115.59,79.35
86.45,115.69,82.72
86.66,115.42,82.99
86.59,115.35,85.05
86.38,115.58,85.60
86.68,115.71,85.35
86.53,115.96,75.72
86.54,115.97,79.39
86.38,116.07,82.58
86.35,115.89,85.78
86.60,116.04,85.62
86.51,116.37,75.70
86.54,116.39,79.32
86.52,116.33,82.49
86.36,116.28,85.85
86.65,116.39,85.64
86.55,116.79,75.67
86.51,116.86,79.13
86.39,116.90,82.18
86.66,116.61,82.33
86.37,116.70,85.84
86.64,116.83,85.66
86.64,117.12,75.71
86.44,117.23,78.96
86.59,117.05,78.93
86.62,117.34,78.68
86.46,117.27,82.03
86.31,117.11,85.80
86.51,117.30,85.65
86.33,117.80,75.48
86.61,117.53,75.76
86.31,117.68,78.81
86.56,117.71,78.49
86.49,117.67,81.93
86.54,117.70,85.57
86.37,118.20,75.47
86.61,118.02,75.82
86.45,118.01,78.44
86.61,117.89,78.30
86.65,118.17,78.02
86.52,118.09,81.90
86.62,118.01,85.50
86.40,118.61,75.48
86.61,118.43,75.85
86.40,118.48,78.21
86.62,118.57,77.78
86.56,118.46,81.90
86.31,118.65,85.22
86.53,118.38,85.37
86.43,119.06,75.63
86.61,118.80,75.93
86.52,118.91,77.67
86.67,118.78,77.41
86.64,119.00,77.16
86.29,118.90,78.11
86.17,118.98,82.41
86.48,118.90,82.06
86.65,118.74,85.20
86.34,118.90,85.02
86.37,119.49,75.55
86.60,119.07,76.15
86.50,119.35,76.31
86.52,119.23,77.08
86.64,119.10,76.65
86.35,119.26,77.63
86.34,119.21,82.39
86.59,119.37,82.20
86.19,119.28,82.87
86.21,119.40,83.59
86.29,119.38,84.21
86.41,119.21,84.70
86.30,119.81,75.09
86.43,119.85,75.66
86.42,119.75,76.24
86.38,119.61,77.01
86.41,119.49,82.68
86.38,119.57,83.27
86.53,119.62,83.99
86.59,119.47,84.47
86.33,120.17,74.89
86.49,120.14,75.38
86.49,120.10,76.14
86.35,120.04,76.89
86.49,120.45,74.92
86.71,120.47,75.35
86.64,120.30,75.82
86.60,120.32,76.28
86.66,120.46,76.52
86.50,120.32,76.70
86.33,120.39,77.27
86.41,120.89,74.65
86.67,120.71,74.94
86.61,120.55,76.93
86.53,120.66,77.40
86.52,120.81,77.79
86.46,121.35,74.59
86.54,121.02,78.28
86.51,121.18,78.67
86.48,121.78,74.57
86.36,121.34,78.84
86.38,121.49,79.22
86.24,121.85,79.57
86.45,121.57,79.78
86.36,121.85,80.01
86.46,121.71,80.21
86.48,122.21,74.59
86.09,122.23,79.64
86.28,122.15,80.02
86.41,122.03,80.36
86.49,122.62,74.64
86.18,122.59,80.02
86.38,122.42,80.41
86.51,122.92,74.73
86.23,123.09,80.11
86.40,122.89,80.43
86.37,123.22,74.78
86.59,123.40,75.00
86.30,123.38,80.12
86.54,123.41,80.43
86.67,123.77,75.23
86.30,123.95,79.52
86.47,123.87,79.81
86.47,123.65,80.12
86.39,124.10,75.44
86.57,124.32,75.76
86.54,124.12,79.56
86.41,124.28,79.25
86.32,124.56,76.22
86.31,124.73,76.71
86.61,124.74,76.57
86.24,124.79,77.23
86.28,124.80,77.88
86.39,124.76,78.38
86.39,124.60,78.75
86.56,124.86,77.08
86.56,124.91,77.68
86.61,124.88,78.27
86.72,107.79,68.08
86.88,108.22,67.82
86.89,107.98,68.36
86.88,108.05,68.79
87.03,108.17,68.98
86.90,108.71,67.61
86.96,108.28,69.40
86.86,108.42,69.95
87.00,108.57,70.30
86.96,109.06,67.57
86.95,108.68,70.67
86.85,108.83,71.18
87.01,108.97,71.55
86.96,109.46,67.53
86.88,109.47,69.99
86.76,109.51,69.66
87.04,109.54,70.37
86.99,109.10,72.01
86.75,109.21,72.62
86.76,109.31,73.13
87.08,109.35,72.96
86.95,109.87,67.51
87.04,109.68,69.41
86.81,109.93,69.28
86.90,109.63,70.76
86.75,109.78,71.07
86.93,110.00,71.31
86.99,109.42,73.52
87.06,109.50,74.09
86.92,109.55,74.53
86.79,109.66,74.96
86.94,109.93,75.24
86.92,110.29,67.49
86.94,110.27,69.26
86.99,110.31,71.41
86.88,110.31,75.33
87.14,110.15,75.15
87.03,110.43,75.15
86.91,110.73,67.48
86.98,110.67,69.31
87.02,110.68,71.47
86.88,110.64,75.28
87.09,110.63,75.09
86.69,110.56,75.60
86.94,111.13,67.57
86.97,111.12,69.35
87.10,111.04,71.55
86.96,110.87,75.23
87.05,111.14,75.39
86.79,110.96,75.55
87.03,111.46,67.76
86.94,111.59,69.26
86.83,111.36,71.75
86.99,111.62,71.93
86.87,111.30,75.66
86.94,111.59,75.91
86.93,111.79,68.10
86.97,112.01,68.54
86.87,111.95,69.02
86.60,111.95,72.40
86.94,111.94,72.20
86.74,111.83,76.36
86.93,111.87,76.19
86.77,111.87,76.65
86.95,111.91,76.99
86.86,111.80,77.46
86.98,111.92,77.81
86.82,112.10,68.73
86.69,112.21,72.48
87.00,112.31,72.29
86.90,111.99,76.41
87.04,112.06,76.64
87.11,112.19,78.09
86.69,112.51,72.43
86.96,112.61,72.16
86.85,112.39,78.36
87.07,112.78,78.60
86.80,113.26,71.53
86.93,112.90,71.73
86.78,112.94,78.91
86.88,113.29,79.08
86.97,113.54,71.62
86.77,113.70,71.84
87.13,113.72,71.98
86.91,113.68,79.15
86.88,113.87,72.33
86.78,114.15,73.15
86.85,114.04,72.83
87.09,114.12,73.25
86.89,114.09,79.16
86.87,114.28,73.63
86.96,114.43,74.12
86.87,114.50,79.15
86.84,114.56,74.34
86.78,114.87,74.94
86.98,114.67,74.83
86.94,114.88,75.18
86.89,114.89,79.17
86.67,115.32,75.54
86.82,115.10,75.39
87.01,115.20,75.63
86.98,115.32,79.20
86.71,115.09,83.84
86.69,115.15,84.35
86.96,115.58,75.75
86.87,115.68,79.32
86.82,115.67,82.91
87.02,115.54,83.34
86.91,115.30,83.88
86.88,115.37,84.51
86.85,115.50,84.92
86.99,115.50,84.66
86.95,116.00,75.81
86.92,116.01,79.28
86.85,116.02,82.71
87.08,115.83,83.00
87.03,115.70,84.89
86.92,116.06,85.33
86.88,116.48,75.83
86.90,116.46,79.10
86.94,116.40,82.50
86.99,116.54,85.44
86.89,116.89,75.89
86.79,116.90,78.87
86.99,116.67,78.90
87.02,116.88,78.65
86.82,116.95,82.14
86.99,116.66,82.33
86.87,116.97,85.54
86.90,117.26,75.97
86.88,117.20,78.48
87.04,117.10,78.38
87.05,117.35,78.02
86.78,117.33,81.97
86.91,117.32,85.52
86.93,117.55,76.12
86.87,117.87,76.28
87.05,117.67,76.45
86.78,117.68,78.18
86.98,117.71,77.72
86.86,117.66,81.88
86.94,117.72,85.49
86.79,118.27,76.31
87.03,117.84,76.75
86.91,118.13,76.92
86.87,118.02,77.61
87.04,117.84,77.23
86.89,118.11,81.79
86.94,118.12,85.43
86.74,118.64,76.33
86.82,118.48,76.78
86.77,118.45,77.38
86.79,118.61,81.81
86.95,118.49,85.31
86.70,118.91,76.37
86.74,118.80,76.88
86.79,119.04,81.87
87.05,118.77,85.17
86.77,119.02,85.01
86.84,119.41,81.89
86.94,119.34,84.80
86.57,119.76,82.58
86.74,119.77,82.07
86.50,119.75,83.02
86.63,119.87,83.59
86.90,119.88,84.19
86.87,119.64,84.48
86.63,120.16,82.47
86.72,120.11,81.98
86.64,120.09,83.11
86.79,120.15,83.62
86.87,120.06,83.91
86.76,120.45,75.73
86.74,120.46,76.09
86.64,120.63,81.39
86.81,120.53,80.92
86.80,120.36,81.25
86.77,120.25,81.59
86.62,120.47,82.05
86.60,120.50,82.51
86.68,120.54,82.94
86.93,120.49,83.54
86.74,121.05,74.84
86.89,120.83,75.19
86.91,120.66,75.73
86.87,120.67,76.44
86.82,120.75,77.04
86.77,120.82,77.45
87.01,120.90,77.21
86.63,120.97,80.81
86.85,120.88,80.27
86.82,120.70,80.58
86.53,121.01,81.38
86.56,120.92,81.88
86.64,120.86,82.53
86.77,120.94,83.02
86.87,120.81,83.30
86.79,121.47,74.78
87.05,121.25,75.11
87.00,120.99,77.74
87.04,121.06,78.32
86.89,121.09,78.76
86.62,121.24,79.01
86.87,121.12,79.22
86.65,121.28,79.50
86.94,121.03,79.71
86.61,121.32,80.20
86.54,121.42,80.79
86.53,121.34,81.23
86.54,121.26,81.68
86.69,121.36,82.26
86.92,121.34,82.94
86.81,121.88,74.77
87.04,121.63,74.96
86.51,121.79,80.66
86.54,121.69,81.11
86.66,121.72,81.69
86.91,121.82,82.35
86.94,121.64,82.67
86.81,122.29,74.79
87.09,121.99,74.99
86.49,122.21,80.70
86.62,122.14,81.16
86.78,122.11,81.64
86.87,122.02,81.98
86.78,122.70,74.83
87.08,122.43,75.01
86.57,122.62,80.83
86.73,122.53,81.20
86.80,122.35,81.46
86.66,123.04,74.86
86.98,122.94,75.04
86.64,123.12,80.77
86.79,122.90,81.12
86.99,123.39,75.17
86.73,123.42,80.75
86.96,123.40,81.07
87.03,123.73,75.31
86.65,123.89,80.09
86.85,123.89,80.41
86.89,123.68,80.76
86.80,124.04,75.46
87.06,124.20,75.76
86.70,124.28,79.53
86.78,124.20,79.74
86.83,124.08,80.05
86.84,124.54,76.18
86.92,124.75,76.57
86.62,124.78,78.66
86.76,124.65,79.05
86.98,124.47,79.58
86.89,124.87,76.95
86.91,124.96,77.54
86.93,124.96,78.19
86.91,124.86,78.72
87.20,108.25,68.12
87.17,108.17,68.56
87.30,108.65,67.79
87.44,108.40,68.29
87.34,108.34,68.93
87.25,108.44,69.56
87.19,108.53,69.99
87.44,108.57,69.73
87.29,109.10,67.59
87.34,108.68,70.21
87.31,108.84,70.74
87.20,108.94,71.21
87.47,108.98,70.96
87.36,109.44,67.57
87.18,109.53,70.05
87.25,109.60,69.70
87.32,109.61,70.31
87.37,109.08,71.44
87.42,109.25,71.94
87.20,109.28,72.45
87.39,109.43,72.71
87.37,109.86,67.54
87.39,109.74,69.38
87.24,109.92,69.27
87.33,109.71,70.75
87.15,109.82,71.13
87.31,110.06,71.35
87.38,109.50,73.16
87.40,109.59,73.83
87.28,109.63,74.49
87.13,109.72,74.93
87.23,109.90,75.08
87.35,110.29,67.54
87.35,110.24,69.25
87.37,110.37,71.44
87.41,110.02,74.92
87.29,110.34,75.01
87.34,110.71,67.59
87.38,110.65,69.30
87.39,110.72,71.46
87.43,110.58,75.00
87.38,111.10,67.75
87.36,111.14,69.31
87.41,111.02,71.49
87.20,110.87,75.14
87.35,111.07,75.28
87.29,111.42,67.88
87.15,111.59,67.94
87.44,111.58,68.24
87.30,111.64,69.10
87.27,111.40,71.64
87.23,111.75,71.90
87.06,111.42,75.63
87.39,111.35,75.53
87.08,111.95,68.83
87.32,111.80,68.66
87.24,112.09,72.03
87.23,111.59,75.78
87.31,111.85,76.08
87.27,111.96,77.28
87.23,111.89,77.58
87.42,112.07,77.79
87.22,112.42,72.04
87.20,112.09,76.41
87.29,112.20,76.68
87.53,112.25,76.65
87.29,112.12,76.93
87.50,112.39,78.05
87.27,112.94,70.74
87.47,112.91,70.40
87.40,112.69,70.45
87.25,112.71,70.86
87.15,112.66,71.91
87.51,112.26,76.87
87.25,112.52,78.31
87.41,112.83,78.43
87.46,113.07,70.59
87.36,113.18,70.91
87.11,113.09,71.20
87.15,112.84,71.23
87.18,112.73,71.60
87.11,113.11,78.85
87.44,113.21,78.60
87.25,113.36,71.35
87.38,113.56,71.80
87.47,113.68,72.19
87.20,113.44,78.93
87.43,113.62,78.76
87.34,113.80,72.45
87.28,113.95,72.94
87.40,114.05,73.45
87.21,113.83,78.97
87.48,113.98,78.76
87.27,114.17,73.69
87.14,114.48,74.55
87.34,114.27,74.25
87.26,114.51,74.89
87.45,114.37,74.88
87.40,114.50,75.18
87.20,114.23,78.98
87.48,114.39,78.77
87.12,114.92,75.46
87.26,114.70,75.33
87.44,114.80,75.67
87.20,114.62,79.00
87.50,114.77,78.79
87.43,115.18,75.86
87.26,115.00,79.01
87.55,115.08,78.78
87.31,115.61,75.94
87.45,115.39,78.89
87.25,115.71,79.11
87.13,115.50,83.79
87.12,115.53,84.29
87.30,115.90,76.00
87.21,116.21,76.03
87.44,116.05,76.26
87.24,116.14,79.03
87.23,116.06,82.91
87.42,115.96,83.35
87.34,115.73,83.87
87.32,115.81,84.51
87.22,115.96,84.97
87.51,116.13,84.74
87.21,116.66,76.23
87.44,116.36,76.45
87.20,116.55,78.79
87.44,116.31,78.71
87.42,116.59,78.47
87.31,116.32,82.71
87.48,116.20,83.01
87.26,116.26,85.17
87.56,116.47,85.02
87.13,117.08,76.31
87.44,116.66,76.68
87.35,116.96,76.84
87.50,116.79,77.08
87.25,116.93,78.26
87.47,116.73,78.10
87.42,116.94,77.80
87.17,116.84,82.24
87.28,116.61,82.44
87.32,116.56,85.27
87.22,116.92,85.38
87.09,117.42,76.38
87.22,117.32,76.87
87.44,116.95,77.37
87.28,117.17,77.52
87.16,117.20,82.04
87.48,116.89,82.28
87.28,117.38,85.40
87.13,117.62,76.84
87.14,117.53,77.39
87.27,117.64,81.85
87.29,117.82,85.38
87.19,118.01,81.71
87.32,118.14,81.63
87.48,117.85,81.70
87.27,118.22,85.31
87.07,118.34,81.68
87.32,118.44,81.56
87.25,118.52,85.24
87.05,118.75,81.68
87.33,118.84,81.49
87.38,118.65,85.14
87.29,118.95,85.03
87.06,119.18,81.66
87.32,119.32,81.37
87.40,119.24,84.93
87.01,119.64,81.62
87.20,119.74,81.29
87.08,119.78,84.52
87.30,119.59,84.75
87.00,120.10,81.20
87.25,120.08,80.83
87.22,119.91,81.10
86.85,119.96,81.70
87.01,120.28,83.89
87.16,120.15,84.19
87.36,119.95,84.52
87.06,120.48,80.53
87.36,120.51,80.20
87.34,120.28,80.50
87.13,120.47,83.87
87.31,120.43,84.08
87.10,120.97,75.47
87.20,120.96,76.00
87.12,120.89,76.69
87.14,120.76,80.02
87.26,120.87,79.67
87.43,120.70,79.88
87.00,121.13,83.29
87.16,120.94,83.57
87.36,120.72,83.87
87.30,121.27,75.52
87.51,121.31,75.95
87.40,121.10,76.42
87.30,121.06,77.09
87.38,121.12,77.64
87.40,121.12,78.16
87.34,121.07,78.69
87.23,121.00,79.23
87.11,121.36,83.27
87.35,121.34,83.49
87.30,121.66,75.24
87.49,121.54,75.57
87.06,121.83,82.70
87.26,121.83,83.00
87.29,121.58,83.26
87.35,122.13,75.23
86.99,122.36,81.85
87.12,122.19,82.32
87.22,122.05,82.69
87.35,122.58,75.22
86.91,122.65,81.47
87.14,122.75,81.80
87.36,122.60,82.29
87.32,123.03,75.25
87.05,123.07,81.44
87.31,123.09,81.77
87.38,122.90,82.04
87.29,123.42,75.30
87.13,123.37,81.35
87.31,123.38,81.55
87.28,123.70,75.39
87.12,123.93,75.47
87.43,123.82,75.61
87.08,123.92,80.75
87.29,123.88,81.06
87.28,123.61,81.34
87.47,124.13,75.92
87.05,124.30,79.97
87.16,124.22,80.32
87.26,124.11,80.70
87.29,124.42,76.18
87.15,124.82,76.85
87.21,124.66,76.53
87.48,124.78,77.00
87.43,124.67,79.73
87.16,124.76,79.23
87.40,124.46,80.16
87.31,124.93,77.40
87.32,124.99,78.11
87.33,124.93,78.83
87.65,108.65,68.05
87.68,108.55,68.54
87.59,108.54,69.19
87.64,109.00,67.77
87.87,108.82,68.20
87.89,108.75,68.82
87.74,108.74,69.60
87.65,108.84,70.23
87.62,108.94,70.59
87.78,108.96,70.36
87.73,109.44,67.70
87.40,109.63,70.04
87.80,109.13,70.77
87.68,109.27,71.49
87.68,109.37,71.85
87.81,109.41,71.64
87.56,109.41,72.26
87.75,109.88,67.69
87.60,109.81,69.52
87.56,109.96,69.31
87.59,109.77,69.90
87.75,109.96,69.78
87.58,109.78,70.40
87.64,109.87,70.87
87.52,109.92,71.15
87.88,109.58,71.95
87.62,110.16,71.33
87.71,109.60,72.65
87.68,109.66,73.29
87.71,109.74,73.79
87.90,109.81,73.46
87.60,109.83,74.40
87.36,109.80,74.83
87.73,110.32,67.70
87.65,110.30,69.33
87.77,109.99,70.25
87.76,109.98,70.70
87.65,110.46,71.37
87.93,109.91,73.97
87.84,109.99,74.40
87.71,110.21,74.74
87.73,110.68,67.80
87.67,110.73,69.38
87.63,110.81,71.34
87.87,110.60,74.97
87.82,110.95,68.06
87.54,111.27,68.01
87.79,111.29,68.29
87.66,111.24,69.37
87.56,111.18,71.35
87.57,110.85,75.14
87.73,111.13,75.34
87.81,111.52,68.51
87.64,111.66,69.12
87.50,111.62,71.36
87.61,111.60,70.86
87.65,111.34,71.05
87.38,111.64,71.69
87.89,111.41,75.59
87.76,111.72,68.79
87.51,112.01,70.82
87.62,112.01,70.19
87.63,111.74,70.46
87.45,111.99,71.43
87.40,111.87,71.74
87.61,111.63,75.82
87.83,111.88,76.13
87.49,112.01,77.50
87.59,112.39,70.18
87.86,112.42,69.81
87.78,112.15,69.78
87.37,112.45,70.79
87.39,112.30,71.32
87.37,112.20,71.76
87.62,112.10,76.40
87.90,112.27,76.68
87.69,112.23,77.23
87.68,112.15,77.58
87.74,112.34,77.76
87.80,112.56,69.94
87.76,112.75,70.19
87.27,112.60,71.26
87.30,112.51,71.70
87.76,112.32,76.88
87.54,112.68,78.23
87.79,112.73,77.97
87.72,113.01,70.51
87.66,113.18,70.86
87.65,112.98,78.29
87.87,113.12,78.09
87.56,113.31,71.16
87.66,113.41,71.64
87.63,113.69,72.53
87.83,113.49,72.35
87.83,113.63,72.83
87.75,113.29,78.32
87.70,113.66,78.46
87.63,113.78,72.92
87.56,114.07,73.93
87.69,113.88,73.53
87.68,114.10,74.42
87.92,113.88,74.31
87.88,114.03,74.74
87.74,114.14,78.47
87.70,114.19,74.83
87.57,114.53,75.52
87.83,114.26,75.45
87.82,114.50,75.86
87.75,114.55,78.49
87.76,114.81,76.01
87.75,114.94,78.48
87.75,115.08,76.11
87.66,115.41,76.23
87.86,115.20,76.38
87.73,115.31,78.49
87.53,115.78,76.29
87.86,115.43,76.62
87.77,115.72,76.83
87.91,115.54,77.02
87.71,115.71,78.41
87.87,115.50,78.09
87.87,115.72,77.85
87.52,115.68,78.86
87.62,116.11,76.82
87.88,115.72,77.38
87.76,115.99,77.67
87.69,116.02,78.30
87.54,115.98,78.73
87.55,115.94,83.81
87.56,115.98,84.21
87.56,116.51,76.99
87.65,116.36,77.46
87.60,116.36,78.18
87.64,116.40,82.94
87.72,116.28,83.33
87.72,116.15,83.87
87.73,116.20,84.38
87.79,116.42,84.63
87.55,116.70,77.59
87.70,116.64,82.64
87.97,116.55,83.18
87.52,116.75,85.18
87.86,116.85,84.85
87.61,117.23,82.06
87.90,116.97,82.34
87.57,117.10,85.21
87.84,117.28,85.06
87.73,117.53,81.85
87.60,117.52,85.25
87.90,117.65,85.05
87.59,118.11,81.56
87.85,117.80,81.68
87.59,117.94,85.23
87.86,118.08,85.06
87.65,118.46,81.42
87.53,118.34,85.18
87.73,118.53,85.06
87.66,118.87,81.26
87.75,118.92,85.00
87.58,119.25,81.14
87.76,119.30,80.96
87.78,119.03,81.07
87.76,119.31,84.92
87.44,119.67,81.02
87.78,119.62,80.75
87.81,119.74,84.78
87.53,119.98,80.65
87.61,120.23,80.33
87.85,119.90,80.48
87.76,120.08,84.61
87.61,120.30,84.37
87.64,120.49,80.03
87.70,120.62,84.13
87.58,120.80,79.56
87.63,120.66,79.82
87.75,120.90,83.96
87.60,121.14,83.75
87.58,121.26,76.30
87.59,121.25,76.71
87.60,121.24,77.32
87.62,121.23,77.85
87.71,121.21,78.22
87.71,121.12,78.55
87.72,120.96,79.05
87.67,121.42,83.63
87.56,121.87,75.49
87.68,121.65,75.83
87.74,121.48,76.32
87.89,121.47,77.02
87.87,121.35,77.64
87.85,121.28,78.03
87.48,121.81,83.28
87.72,121.70,83.49
87.61,122.29,75.47
87.79,122.03,75.78
87.42,122.37,82.65
87.61,122.27,83.00
87.69,122.03,83.27
87.62,122.73,75.43
87.89,122.50,75.76
87.55,122.59,82.62
87.72,122.59,82.83
87.58,123.15,75.42
87.82,122.92,75.61
87.52,123.13,82.00
87.71,123.04,82.31
87.71,122.79,82.61
87.49,123.50,75.45
87.78,123.35,75.66
87.74,123.30,82.07
87.62,123.43,81.81
87.82,123.78,75.91
87.48,123.84,81.35
87.58,123.71,81.54
87.74,124.11,76.08
87.60,124.31,76.22
87.91,124.24,76.40
87.46,124.32,80.58
87.61,124.22,80.95
87.75,124.03,81.35
87.69,124.54,76.69
87.82,124.74,77.20
87.48,124.82,79.41
87.68,124.78,79.76
87.80,124.65,80.21
87.77,124.45,80.67
87.75,124.87,77.51
87.73,124.95,78.03
87.75,124.95,78.71
87.79,124.87,79.42
87.93,109.13,67.96
88.11,109.07,68.45
88.08,108.96,69.18
87.95,108.99,69.96
88.07,109.49,68.02
88.28,109.40,68.47
88.29,109.25,68.94
88.24,109.20,69.58
88.15,109.26,70.22
88.12,109.41,70.77
88.29,109.50,70.43
87.96,109.45,71.33
88.06,109.99,67.96
88.30,109.75,68.36
87.76,110.08,69.52
88.29,109.63,70.79
87.75,110.06,71.07
88.19,109.62,71.13
88.17,109.79,71.64
88.09,109.81,72.01
88.02,109.82,72.38
87.95,109.82,72.95
88.02,110.40,67.98
88.27,110.18,68.33
87.82,110.45,69.59
87.85,110.28,70.03
87.85,110.25,70.74
87.79,110.28,71.19
88.23,110.00,72.15
88.20,110.04,72.73
88.15,110.01,73.39
88.20,110.09,73.92
88.06,110.12,74.34
88.23,110.43,74.64
87.96,110.66,68.01
88.16,110.63,68.32
87.81,110.88,69.63
87.87,110.69,70.02
87.86,110.62,70.57
87.80,110.56,71.09
88.31,110.75,74.96
88.04,111.35,68.60
88.09,111.03,68.46
88.26,111.17,68.77
87.80,111.21,69.66
87.83,111.07,70.01
87.84,110.94,70.42
87.76,110.97,70.95
88.02,110.90,75.17
88.23,111.22,75.37
88.01,111.59,68.75
87.77,111.53,69.53
88.25,111.47,68.91
87.79,111.38,69.91
87.74,111.35,70.47
88.28,111.49,75.63
88.16,111.79,69.06
87.91,111.90,69.36
87.74,111.74,69.93
88.08,111.66,75.86
88.28,111.90,76.13
88.30,112.05,69.38
88.12,112.30,69.62
88.06,112.10,76.42
88.24,112.29,76.62
87.82,112.29,77.54
88.14,112.58,69.96
88.17,112.79,70.32
88.16,112.51,76.94
87.97,112.57,77.50
88.25,112.88,77.24
88.02,112.93,70.50
87.88,113.26,71.37
88.06,113.07,70.99
88.03,113.29,71.99
88.24,113.10,71.73
88.12,113.29,72.42
88.36,113.07,72.45
88.22,113.27,72.81
88.07,113.09,77.72
88.31,113.30,77.30
87.93,113.65,73.32
88.07,113.46,73.06
88.04,113.68,73.90
88.21,113.46,73.66
88.14,113.68,74.30
88.35,113.47,74.29
88.23,113.68,74.67
88.16,113.59,77.70
88.32,113.71,77.24
87.95,113.45,78.08
87.97,114.05,75.17
88.10,113.88,74.94
88.07,114.05,75.48
88.21,113.89,75.43
88.19,114.00,75.79
88.18,114.06,77.61
88.30,114.04,77.10
87.97,113.88,78.10
88.06,114.54,76.42
88.11,114.22,76.08
88.19,114.42,77.15
88.26,114.16,76.64
88.12,114.47,77.73
87.98,114.31,78.12
87.95,114.94,76.40
88.09,114.85,76.94
88.10,114.80,77.56
87.97,114.72,78.09
87.98,115.23,76.86
88.05,115.12,77.37
87.95,115.15,77.98
87.96,115.46,77.52
87.95,116.42,83.77
87.88,116.35,84.22
88.22,116.84,82.83
88.24,116.70,83.28
88.16,116.62,83.69
88.24,116.73,84.00
88.05,116.61,84.25
88.09,117.29,82.08
88.27,117.09,82.39
88.26,116.93,84.29
88.16,117.31,84.74
88.09,117.57,81.85
88.25,117.79,84.79
87.98,118.10,81.50
88.26,117.81,81.70
88.10,118.21,84.94
88.07,118.46,81.28
88.13,118.54,84.94
87.96,118.78,81.11
88.03,118.98,80.96
88.27,118.67,81.07
88.15,118.95,84.94
88.08,119.27,80.79
88.17,119.36,84.88
88.11,119.56,80.59
88.22,119.69,84.80
88.03,120.13,80.16
88.15,119.78,80.41
87.96,120.25,84.53
88.12,120.02,84.68
87.88,120.54,79.79
88.14,120.55,79.59
88.26,120.31,79.84
88.23,120.24,84.53
88.11,120.46,84.34
87.94,120.75,79.41
88.09,120.87,79.10
88.26,120.68,79.31
87.95,121.11,83.89
88.13,120.84,84.07
87.98,121.22,78.33
88.13,121.05,78.72
88.29,121.15,83.90
87.99,121.40,83.73
87.86,121.80,76.10
88.02,121.80,76.57
88.25,121.77,77.11
88.23,121.54,77.53
88.14,121.36,77.98
88.18,121.70,83.63
88.04,122.16,76.17
88.20,122.12,76.55
88.26,121.99,76.81
87.95,122.31,83.26
88.14,122.05,83.46
88.15,122.56,76.08
88.35,122.49,76.46
88.30,122.42,83.32
88.01,122.57,83.09
88.09,122.93,75.90
88.31,122.79,76.20
87.90,122.99,82.60
88.06,122.87,82.84
88.13,123.37,75.97
87.93,123.54,81.98
88.03,123.38,82.21
88.18,123.18,82.54
88.23,123.65,76.19
87.97,123.97,76.16
88.20,123.98,76.41
88.26,123.66,82.04
88.04,123.85,81.73
88.20,124.20,76.64
88.14,124.18,81.46
87.99,124.34,81.12
88.13,124.41,76.87
88.02,124.79,77.56
88.14,124.63,77.34
88.25,124.75,77.84
87.90,124.79,79.94
88.10,124.73,80.26
88.23,124.57,80.77
88.06,124.86,77.97
88.11,124.89,78.55
88.18,124.86,79.27
88.14,124.81,79.87
88.41,109.59,68.84
88.41,109.49,69.38
88.36,109.48,69.96
88.44,109.98,68.78
88.51,109.85,69.28
88.49,109.75,69.77
88.48,109.85,70.45
88.36,109.86,71.16
88.42,110.40,68.77
88.53,110.20,69.18
88.59,110.17,69.77
88.64,110.18,70.32
88.63,110.16,70.71
88.68,110.33,71.03
88.55,110.12,71.12
88.45,110.20,71.79
88.41,110.29,72.50
88.39,110.28,73.12
88.35,110.22,73.64
88.39,110.32,74.12
88.35,110.83,68.79
88.56,110.61,69.28
88.69,110.57,69.77
88.71,110.41,70.10
88.65,110.42,71.50
88.62,110.53,71.95
88.69,110.75,72.26
88.57,110.54,72.35
88.57,110.56,72.93
88.56,110.50,73.59
88.62,110.55,74.07
88.54,110.53,74.40
88.58,110.74,74.67
88.49,111.17,69.15
88.71,110.96,69.63
88.71,110.83,72.74
88.72,110.82,73.35
88.73,110.74,73.84
88.38,111.00,75.16
88.62,111.02,74.96
88.45,111.64,69.22
88.69,111.44,69.58
88.57,111.22,75.21
88.58,111.48,75.46
88.40,111.89,69.27
88.60,111.90,69.57
88.48,111.72,75.81
88.60,111.97,76.03
88.36,112.44,69.78
88.49,112.25,69.71
88.56,112.44,70.07
88.45,112.15,76.34
88.52,112.43,76.52
88.35,112.86,70.78
88.49,112.65,70.45
88.46,112.89,71.42
88.67,112.64,71.06
88.52,112.88,72.07
88.72,112.62,71.72
88.56,112.85,72.45
88.70,112.64,72.30
88.62,112.79,72.72
88.54,112.80,76.62
88.74,112.61,76.25
88.75,112.94,76.12
88.38,112.80,76.95
88.36,113.25,73.38
88.49,113.02,73.06
88.47,113.26,73.91
88.60,113.02,73.61
88.54,113.26,74.25
88.67,113.06,74.12
88.63,113.21,74.53
88.57,113.26,76.42
88.67,113.27,75.92
88.44,113.08,76.92
88.37,113.66,75.23
88.50,113.44,74.89
88.46,113.64,75.89
88.62,113.38,75.45
88.47,113.62,76.47
88.44,113.46,76.87
88.34,113.91,76.29
88.38,113.82,76.78
88.37,116.81,83.22
88.36,116.81,83.66
88.46,117.28,82.27
88.64,117.21,82.73
88.54,117.00,83.28
88.52,117.07,83.90
88.44,117.22,84.34
88.64,117.32,84.08
88.55,117.57,82.04
88.72,117.42,82.37
88.49,117.48,84.46
88.69,117.49,84.19
88.46,118.13,81.49
88.61,117.86,81.77
88.69,117.73,84.32
88.49,118.16,84.70
88.49,118.42,81.24
88.50,118.60,84.80
88.41,118.94,80.88
88.68,118.65,81.07
88.52,119.02,84.81
88.49,119.27,80.66
88.51,119.44,84.76
88.37,119.55,80.49
88.42,119.76,80.31
88.68,119.48,80.46
88.47,119.81,84.68
88.51,120.00,80.08
88.42,120.07,84.59
88.66,119.92,84.54
88.57,120.21,84.41
88.44,120.46,79.56
88.66,120.21,79.82
88.56,120.56,84.19
88.42,120.85,78.98
88.63,120.63,79.25
88.57,120.89,84.01
88.40,121.25,78.31
88.63,121.05,78.62
88.62,121.12,83.89
88.50,121.41,83.77
88.39,121.71,77.40
88.61,121.73,77.60
88.61,121.49,77.93
88.55,121.79,83.63
88.41,122.26,76.76
88.54,122.13,77.07
88.58,121.91,77.35
88.60,122.15,83.49
88.51,122.48,76.73
88.66,122.47,76.93
88.69,122.46,83.32
88.41,122.72,83.11
88.35,123.11,76.16
88.51,122.92,76.44
88.64,122.72,76.73
88.52,123.00,82.85
88.34,123.37,76.16
88.52,123.33,76.40
88.66,123.25,82.58
88.45,123.47,82.31
88.46,124.03,76.72
88.50,123.71,76.53
88.76,123.77,76.86
88.68,123.71,82.10
88.47,123.89,81.89
88.40,124.26,76.92
88.74,124.12,77.12
88.32,124.37,81.29
88.50,124.16,81.62
88.53,124.42,77.36
88.37,124.77,78.34
88.55,124.61,78.00
88.45,124.79,78.96
88.70,124.66,78.74
88.51,124.78,79.46
88.73,124.69,79.39
88.67,124.73,79.80
88.73,124.62,80.69
88.39,124.73,80.30
88.65,124.44,81.25
88.43,124.79,79.84
88.75,110.44,70.59
88.81,110.76,70.17
88.87,110.78,70.73
88.81,110.67,71.23
88.75,110.74,71.86
88.73,110.77,74.26
88.87,111.24,70.07
88.94,111.12,70.63
88.94,111.07,71.22
88.89,111.07,71.83
88.83,111.09,72.47
88.85,111.16,73.19
88.85,111.10,73.90
88.80,111.09,74.55
88.86,111.71,70.06
88.98,111.56,70.62
89.00,111.48,71.23
88.97,111.48,71.86
88.94,111.50,72.47
88.94,111.54,73.10
88.96,111.56,73.77
88.95,111.52,74.44
88.81,111.44,75.04
88.76,112.13,70.09
88.94,112.00,70.65
88.99,111.91,71.27
88.97,111.91,71.91
88.95,111.93,72.53
88.97,111.96,73.13
89.00,111.98,73.75
89.02,111.97,74.40
88.98,111.91,75.02
88.79,111.86,75.59
88.78,112.38,70.60
88.88,112.31,71.23
88.88,112.30,71.88
88.84,112.38,72.57
88.89,112.36,73.18
88.94,112.39,73.79
88.99,112.40,74.42
89.01,112.34,75.04
88.95,112.22,75.52
88.76,112.27,76.05
88.73,112.72,73.19
88.80,112.74,73.75
88.84,112.83,74.42
88.92,112.75,75.07
88.90,112.62,75.71
88.75,113.13,75.02
88.81,113.04,75.58
88.77,117.24,83.27
88.70,117.20,83.64
88.84,117.56,82.32
89.02,117.59,82.73
88.94,117.43,83.15
89.03,117.57,83.46
88.85,117.46,83.74
88.83,118.05,81.69
88.91,117.87,81.97
89.00,117.74,82.31
89.08,117.80,83.79
88.87,118.02,84.33
89.16,118.19,84.13
88.95,118.37,81.40
89.20,118.14,81.87
88.84,118.34,84.53
89.08,118.51,84.38
88.89,118.96,80.85
89.03,118.69,81.09
88.83,118.73,84.63
89.12,118.86,84.40
88.91,119.26,80.62
88.83,119.15,84.63
89.10,119.31,84.40
88.82,119.71,80.27
89.09,119.47,80.46
88.78,119.58,84.58
88.99,119.81,84.37
88.94,119.98,80.05
88.97,120.24,84.22
88.85,120.43,79.56
89.09,120.24,79.84
88.97,120.62,84.06
88.86,120.84,78.94
89.07,120.66,79.28
88.84,120.93,83.94
89.15,120.82,83.93
88.90,121.13,83.85
88.93,121.33,78.27
89.11,121.09,78.62
88.94,121.44,83.74
88.97,121.77,77.80
89.03,121.59,78.01
88.97,121.80,83.61
88.81,122.17,77.32
88.97,122.05,77.56
88.98,122.15,83.46
88.88,122.44,77.20
89.07,122.35,77.42
89.02,122.39,83.31
88.89,122.69,83.09
88.75,123.11,76.72
88.94,122.85,77.04
88.94,123.00,82.80
88.74,123.47,76.70
88.99,123.39,77.01
89.01,123.19,82.59
88.94,123.43,82.36
89.03,123.80,77.18
89.12,123.70,82.12
88.84,123.97,81.89
89.11,124.06,77.51
88.87,124.30,77.52
89.08,124.28,77.82
88.96,124.24,81.61
88.87,124.44,77.90
88.94,124.50,78.51
89.05,124.53,79.27
88.65,124.72,80.17
88.96,124.62,80.08
89.11,124.57,80.75
89.05,124.46,81.21
89.12,117.64,83.25
89.21,117.96,82.21
89.40,117.99,82.72
89.32,117.88,83.29
89.32,118.02,83.74
89.47,118.09,83.57
89.43,118.43,81.61
89.57,118.30,82.01
89.44,118.12,82.26
89.41,118.21,83.85
89.37,118.53,84.07
89.25,118.89,80.98
89.34,118.67,81.25
89.41,118.99,84.14
89.35,119.23,80.75
89.55,118.96,81.08
89.38,119.46,84.18
89.29,119.79,80.26
89.45,119.55,80.49
89.34,119.89,84.15
89.37,120.12,80.04
89.32,120.27,84.07
89.38,120.54,79.65
89.43,120.34,79.89
89.32,120.54,83.99
89.40,120.94,79.03
89.45,120.76,79.36
89.47,120.66,83.90
89.36,121.00,83.81
89.39,121.35,78.42
89.49,121.18,78.68
89.38,121.41,83.67
89.25,121.79,77.94
89.38,121.65,78.16
89.39,121.82,83.51
89.30,122.04,77.81
89.49,121.95,78.00
89.25,122.16,83.38
89.55,122.03,83.31
89.31,122.37,83.19
89.20,122.69,77.37
89.37,122.43,77.66
89.36,122.67,82.91
89.27,123.13,77.33
89.50,122.91,77.64
89.24,122.98,82.71
89.57,122.84,82.68
89.32,123.15,82.52
89.26,123.56,77.36
89.50,123.35,77.68
89.42,123.40,82.31
89.22,123.82,77.41
89.39,123.78,77.73
89.54,123.67,82.08
89.27,123.98,81.87
89.16,124.32,78.27
89.30,124.10,78.00
89.26,124.33,78.88
89.44,124.11,78.56
89.35,124.35,79.42
89.59,124.11,79.25
89.52,124.29,79.76
89.36,124.25,81.53
89.31,124.45,79.89
89.34,124.49,80.51
89.38,124.43,81.08
89.53,118.11,83.29
89.70,118.48,81.79
89.80,118.44,82.10
89.72,118.31,82.51
89.71,118.35,83.19
89.90,118.51,82.90
89.57,118.32,83.64
89.70,118.72,81.48
89.86,118.62,81.87
89.88,118.63,83.31
89.93,118.94,83.49
89.68,118.69,83.72
89.73,119.22,80.97
89.82,119.03,81.25
89.69,119.16,83.90
89.99,119.37,83.63
89.65,119.77,80.40
89.87,119.59,80.77
89.68,119.60,83.98
89.91,119.76,83.82
89.76,120.08,80.22
89.93,119.93,80.46
89.65,119.99,83.99
89.92,120.11,83.79
89.59,120.48,79.86
89.77,120.41,80.01
89.60,120.35,83.94
89.82,120.57,83.76
89.62,120.89,79.31
89.82,120.88,79.58
89.81,120.66,79.84
89.80,121.02,83.66
89.68,121.37,78.59
89.85,121.29,78.94
89.82,121.06,79.27
89.81,121.42,83.52
89.71,121.61,78.41
89.90,121.54,78.66
89.73,121.74,83.41
89.62,122.27,77.95
89.77,122.01,78.24
89.85,121.90,83.23
89.75,122.23,83.05
89.71,122.69,77.93
89.91,122.47,78.22
89.81,122.53,82.80
89.73,123.12,78.00
89.94,122.90,78.30
89.90,122.72,82.61
89.77,123.05,82.44
89.67,123.55,78.19
89.89,123.28,78.44
89.81,123.40,82.20
89.52,123.89,78.23
89.84,123.56,78.65
89.69,123.83,78.73
89.76,123.88,79.15
89.88,123.68,79.06
89.85,123.87,79.49
89.81,123.63,82.04
89.73,123.91,81.72
89.58,124.33,80.26
89.74,124.11,79.90
89.64,124.32,80.84
89.85,124.12,80.51
89.63,124.23,81.32
89.88,124.06,81.14
89.96,118.63,82.36
89.99,118.92,81.73
90.17,119.00,82.39
90.03,118.77,82.97
89.98,119.26,81.22
90.20,119.27,81.70
90.32,119.25,82.21
90.31,119.20,82.63
90.33,119.32,82.93
90.17,119.11,83.09
90.14,119.49,81.22
90.31,119.55,81.53
90.37,119.45,81.92
90.24,119.41,83.28
90.19,119.76,83.49
90.11,120.16,80.37
90.29,120.05,80.78
90.27,119.74,81.20
90.20,120.23,83.50
90.20,120.44,80.23
90.36,120.32,80.45
90.17,120.67,83.47
90.05,120.86,79.83
90.21,120.79,80.04
90.14,121.07,83.44
90.03,121.23,79.25
90.13,121.19,79.49
90.25,121.07,79.81
90.13,121.35,83.36
90.33,121.18,83.21
90.29,121.50,83.09
90.01,121.85,78.58
90.14,121.65,78.92
90.20,121.43,79.26
90.01,121.62,83.30
90.15,121.91,82.98
90.10,122.25,78.54
90.28,122.04,78.91
90.10,122.29,82.78
90.13,122.68,78.59
90.32,122.47,78.93
90.08,122.53,82.65
90.28,122.45,82.52
90.18,122.77,82.38
90.09,123.12,78.80
90.28,122.87,79.02
90.11,123.17,82.17
89.97,123.43,78.86
90.24,123.17,79.24
90.08,123.51,79.41
90.21,123.61,80.12
90.30,123.32,79.71
90.36,123.42,80.20
90.05,123.53,81.91
90.30,123.31,81.85
90.28,123.52,81.58
89.99,123.86,80.04
90.31,123.59,80.58
90.12,123.83,80.73
90.10,123.77,81.42
90.32,123.59,81.09
90.41,119.45,82.46
90.46,119.76,81.91
90.49,119.75,82.61
90.39,119.59,83.01
90.48,119.99,81.38
90.61,120.15,81.92
90.55,120.06,82.53
90.42,119.95,83.07
90.52,120.53,80.43
90.59,120.42,80.75
90.65,120.30,81.35
90.72,120.40,81.94
90.77,120.66,82.18
90.63,120.46,82.52
90.44,120.36,83.08
90.57,120.78,80.36
90.72,120.68,80.66
90.66,120.82,82.63
90.78,121.02,82.30
90.44,120.82,83.08
90.48,121.45,79.69
90.63,121.18,80.20
90.55,121.22,82.80
90.75,121.45,82.29
90.41,121.78,79.29
90.65,121.86,79.69
90.77,121.64,80.12
90.52,121.74,82.63
90.74,121.82,82.18
90.54,122.26,79.43
90.73,122.14,79.80
90.81,121.96,80.04
90.64,122.13,82.21
90.81,122.03,81.86
90.76,122.35,81.71
90.39,122.18,82.56
90.45,122.74,79.41
90.70,122.39,79.86
90.62,122.71,79.96
90.75,122.55,80.18
90.52,122.57,82.07
90.71,122.65,81.50
90.36,123.04,79.43
90.46,123.11,79.98
90.72,122.75,80.46
90.60,123.02,80.69
90.60,122.92,81.45
90.73,122.77,80.99
90.39,123.01,81.93
90.44,123.37,80.66
90.45,123.28,81.36
90.82,120.67,81.18
90.80,120.55,81.69
90.85,121.02,80.80
90.94,121.00,81.38
90.88,120.83,81.78
90.90,121.47,80.67
90.97,121.35,81.26
90.91,121.22,81.83
90.90,121.92,80.58
90.96,121.71,81.11
90.89,121.67,81.72
90.82,122.26,80.22
90.88,122.28,80.76
90.89,122.08,81.29
90.81,122.55,80.61
90.82,122.48,81.15
