109.35,102.64,37.56
109.42,102.40,37.29
109.42,102.40,37.29
109.35,102.61,37.53
109.35,102.62,37.55
109.28,102.85,37.80
109.28,102.84,37.80
109.30,102.77,37.71
109.25,102.95,37.92
109.22,103.07,38.05
109.03,103.95,39.10
109.08,103.66,38.75
109.08,103.64,38.72
109.04,103.91,39.05
109.03,103.91,39.06
109.01,104.12,39.33
109.01,104.32,39.62
109.01,104.12,39.33
109.01,104.30,39.58
109.01,104.30,39.58
109.02,104.47,39.83
109.04,104.65,40.10
109.02,104.46,39.83
109.04,104.66,40.13
109.04,104.66,40.13
109.08,104.83,40.40
109.13,105.00,40.65
109.08,104.83,40.39
109.14,105.02,40.69
109.14,105.03,40.70
109.20,105.18,40.93
109.22,105.23,41.00
109.19,105.18,40.92
109.29,105.40,41.24
109.29,105.41,41.26
109.48,102.20,37.07
109.52,102.09,36.94
109.52,102.08,36.94
109.49,102.18,37.05
109.49,102.18,37.05
109.41,102.44,37.34
109.28,102.86,37.81
109.21,103.12,38.11
109.15,103.36,38.38
109.21,103.11,38.09
109.17,103.25,38.26
109.14,103.39,38.42
109.07,103.70,38.79
109.02,104.10,39.31
109.02,104.48,39.85
109.09,104.86,40.43
109.23,105.27,41.06
109.40,105.65,41.57
109.43,105.72,41.66
109.41,105.68,41.61
109.51,105.90,41.88
109.55,105.99,41.98
109.53,102.04,36.88
109.53,102.05,36.90
109.52,102.08,36.93
109.53,102.06,36.90
109.18,103.21,38.21
109.54,105.96,41.95
109.61,106.11,42.12
109.71,106.32,42.34
109.62,106.13,42.15
109.65,106.20,42.22
109.73,106.36,42.38
109.81,106.53,42.54
109.89,106.70,42.69
109.79,106.50,42.51
109.90,106.72,42.72
109.90,106.73,42.72
109.98,106.90,42.87
110.01,106.95,42.91
109.98,106.89,42.87
110.09,107.12,43.07
110.09,107.14,43.09
109.53,102.03,36.87
109.69,106.28,42.30
109.81,106.54,42.55
110.02,106.98,42.94
110.19,107.34,43.30
110.22,107.39,43.34
110.24,107.43,43.39
110.31,107.59,43.56
110.33,107.62,43.60
110.34,107.64,43.63
110.42,107.79,43.81
110.45,107.85,43.90
110.30,107.55,43.52
110.43,107.81,43.84
110.58,108.10,44.25
110.59,108.10,44.26
110.60,108.14,44.31
110.75,108.39,44.68
110.75,108.39,44.69
110.74,108.37,44.66
110.89,108.62,45.04
110.90,108.63,45.06
110.97,108.73,45.22
111.03,108.81,45.34
111.03,108.82,45.35
111.12,108.93,45.52
111.15,108.97,45.57
111.11,108.93,45.51
111.26,109.11,45.76
111.27,109.12,45.78
111.01,108.78,45.29
111.18,109.01,45.63
111.42,109.30,46.00
111.44,109.32,46.03
111.47,109.35,46.07
111.66,109.56,46.32
111.68,109.59,46.35
111.64,109.54,46.30
111.86,109.77,46.57
111.87,109.79,46.59
111.87,109.79,46.59
112.07,110.01,46.85
112.11,110.05,46.90
112.08,110.02,46.87
112.27,110.24,47.14
112.32,110.29,47.22
112.28,110.25,47.15
112.43,110.42,47.38
112.48,110.49,47.49
112.46,110.46,47.44
112.56,110.58,47.62
112.67,110.73,47.86
112.56,110.58,47.63
112.62,110.65,47.73
112.69,110.74,47.89
112.79,110.88,48.12
112.83,110.94,48.21
112.81,110.91,48.17
112.93,111.07,48.45
112.93,111.08,48.46
112.65,110.69,47.80
112.81,110.90,48.16
112.97,111.14,48.57
112.98,111.14,48.58
113.08,111.29,48.84
113.12,111.34,48.93
113.09,111.30,48.86
113.20,111.44,49.12
113.23,111.49,49.20
113.20,111.45,49.13
113.34,111.63,49.43
113.33,111.62,49.41
113.08,111.28,48.83
113.26,111.52,49.25
113.48,111.81,49.73
113.47,111.80,49.71
113.49,111.82,49.75
113.69,112.06,50.13
113.67,112.03,50.09
113.67,112.03,50.09
113.86,112.25,50.44
113.85,112.24,50.42
113.86,112.25,50.45
114.07,112.49,50.85
114.06,112.48,50.82
114.04,112.45,50.78
114.22,112.66,51.15
114.21,112.65,51.12
114.31,112.76,51.34
114.37,112.83,51.47
114.36,112.82,51.46
114.45,112.93,51.68
114.49,112.98,51.79
114.49,112.97,51.77
114.60,113.10,52.08
114.61,113.11,52.10
114.33,112.78,51.38
114.49,112.97,51.78
114.65,113.17,52.24
114.66,113.17,52.25
114.77,113.31,52.61
114.79,113.35,52.70
114.76,113.30,52.58
114.86,113.43,52.93
114.90,113.49,53.08
114.90,113.48,53.06
114.98,113.61,53.40
114.98,113.60,53.39
114.75,113.29,52.56
114.89,113.47,53.03
115.02,113.65,53.53
115.02,113.66,53.54
115.10,113.78,53.88
115.12,113.81,53.95
115.10,113.77,53.85
115.18,113.90,54.20
115.24,114.01,54.49
115.18,113.91,54.23
115.25,114.03,54.54
115.25,114.02,54.52
115.31,114.13,54.78
115.33,114.18,54.90
115.33,114.17,54.87
115.40,114.30,55.18
115.40,114.30,55.18
115.09,113.76,53.83
115.19,113.92,54.25
115.32,114.16,54.84
115.42,114.36,55.31
115.42,114.36,55.31
115.50,114.53,55.68
115.52,114.55,55.74
115.50,114.51,55.64
115.58,114.68,56.01
115.65,114.86,56.38
115.58,114.70,56.05
115.66,114.88,56.44
115.66,114.87,56.41
115.73,115.02,56.75
115.76,115.09,56.90
115.75,115.08,56.86
115.83,115.25,57.25
115.82,115.25,57.23
115.49,114.49,55.60
115.59,114.71,56.08
115.74,115.05,56.81
115.85,115.32,57.39
115.86,115.32,57.40
115.93,115.49,57.77
115.94,115.53,57.84
115.92,115.48,57.74
115.99,115.63,58.08
116.02,115.73,58.29
115.99,115.64,58.10
116.03,115.74,58.33
116.03,115.74,58.32
116.06,115.81,58.47
116.07,115.83,58.51
116.06,115.81,58.47
116.07,115.84,58.54
116.07,115.84,58.54
115.92,115.47,57.72
115.99,115.65,58.11
116.05,115.80,58.44
109.38,102.51,37.42
109.42,102.40,37.29
109.38,102.52,37.43
109.35,102.62,37.54
109.39,102.50,37.41
109.38,102.51,37.42
109.35,102.63,37.55
109.32,102.74,37.67
109.31,102.74,37.68
109.28,102.85,37.80
109.31,102.74,37.68
109.32,102.71,37.64
109.33,102.69,37.62
109.29,102.81,37.76
109.27,102.89,37.85
109.28,102.86,37.82
109.25,102.96,37.93
109.25,102.96,37.92
109.24,103.00,37.97
109.06,103.80,38.91
109.08,103.65,38.73
109.05,103.81,38.93
109.03,103.93,39.08
109.06,103.77,38.89
109.06,103.78,38.89
109.03,103.93,39.08
109.02,104.01,39.19
109.02,104.04,39.23
109.01,104.22,39.48
109.01,104.14,39.36
109.02,104.03,39.22
109.02,104.01,39.19
109.01,104.21,39.47
109.01,104.30,39.58
109.01,104.21,39.45
109.01,104.21,39.45
109.01,104.30,39.59
109.01,104.39,39.72
109.01,104.38,39.71
109.03,104.56,39.98
109.02,104.50,39.88
109.01,104.39,39.71
109.01,104.39,39.72
109.03,104.56,39.97
109.04,104.65,40.12
109.03,104.57,39.98
109.03,104.57,39.98
109.04,104.66,40.12
109.06,104.75,40.26
109.06,104.74,40.25
109.11,104.91,40.52
109.08,104.82,40.37
109.06,104.74,40.25
109.06,104.75,40.26
109.10,104.91,40.52
109.13,105.01,40.66
109.11,104.92,40.54
109.11,104.93,40.54
109.13,105.01,40.67
109.17,105.11,40.82
109.16,105.09,40.79
109.21,105.21,40.97
109.17,105.11,40.83
109.16,105.09,40.79
109.17,105.10,40.81
109.20,105.20,40.96
109.25,105.31,41.12
109.24,105.29,41.08
109.24,105.29,41.09
109.25,105.32,41.13
109.29,105.41,41.25
109.50,102.14,37.00
109.52,102.09,36.94
109.50,102.14,37.00
109.48,102.19,37.06
109.50,102.14,36.99
109.50,102.14,37.00
109.48,102.19,37.06
109.41,102.42,37.32
109.45,102.29,37.17
109.44,102.32,37.20
109.49,102.18,37.05
109.44,102.32,37.20
109.41,102.42,37.32
109.45,102.29,37.17
109.45,102.30,37.18
109.45,102.30,37.18
109.38,102.53,37.44
109.38,102.54,37.45
109.28,102.85,37.81
109.31,102.74,37.68
109.34,102.65,37.58
109.32,102.73,37.66
109.29,102.81,37.76
109.27,102.91,37.87
109.17,103.24,38.24
109.18,103.20,38.21
109.21,103.09,38.08
109.24,102.98,37.95
109.24,102.99,37.96
109.24,102.98,37.95
109.21,103.11,38.10
109.19,103.18,38.18
109.22,103.05,38.03
109.21,103.10,38.09
109.20,103.16,38.15
109.16,103.31,38.32
109.17,103.25,38.25
109.14,103.37,38.40
109.08,103.68,38.77
109.11,103.52,38.58
109.11,103.54,38.60
109.16,103.32,38.34
109.12,103.48,38.53
109.08,103.67,38.76
109.13,103.45,38.49
109.12,103.49,38.54
109.11,103.51,38.56
109.05,103.80,38.92
109.05,103.80,38.92
109.01,104.11,39.32
109.02,104.00,39.18
109.04,103.89,39.04
109.02,104.00,39.18
109.01,104.11,39.32
109.01,104.19,39.44
109.01,104.20,39.44
109.02,104.48,39.85
109.01,104.41,39.75
109.01,104.28,39.56
109.01,104.40,39.73
109.02,104.48,39.84
109.03,104.57,39.99
109.03,104.57,40.00
109.09,104.84,40.41
109.07,104.76,40.28
109.05,104.68,40.16
109.07,104.76,40.28
109.08,104.84,40.40
109.11,104.94,40.55
109.11,104.94,40.56
109.21,105.23,41.00
109.18,105.14,40.86
109.12,104.97,40.61
109.18,105.14,40.87
109.21,105.22,40.99
109.26,105.33,41.15
109.26,105.34,41.16
109.34,105.52,41.41
109.31,105.45,41.31
109.41,105.68,41.62
109.32,105.49,41.35
109.36,105.57,41.46
109.42,105.70,41.63
109.35,105.55,41.44
109.34,105.54,41.42
109.40,105.66,41.59
109.46,105.78,41.74
109.45,105.77,41.72
109.49,105.85,41.83
109.48,105.82,41.79
109.53,105.94,41.93
109.52,102.07,36.92
109.53,102.05,36.89
109.52,102.06,36.91
109.52,102.06,36.91
109.51,102.12,36.98
109.52,102.06,36.91
109.50,102.13,36.99
109.53,102.05,36.89
109.52,102.07,36.92
109.51,102.12,36.98
109.50,102.13,36.99
109.52,102.07,36.92
109.19,103.16,38.15
109.19,103.17,38.16
109.18,103.23,38.24
109.16,103.30,38.31
109.46,105.80,41.76
109.48,105.83,41.80
109.52,105.93,41.91
109.66,106.22,42.25
109.71,106.33,42.34
109.58,106.05,42.06
109.52,105.91,41.90
109.57,106.03,42.03
109.57,106.04,42.04
109.61,106.12,42.14
109.64,106.17,42.19
109.59,106.07,42.08
109.58,106.05,42.05
109.60,106.10,42.11
109.68,106.26,42.29
109.67,106.23,42.25
109.72,106.34,42.36
109.77,106.45,42.46
109.76,106.44,42.45
109.85,106.62,42.62
109.80,106.52,42.53
109.75,106.42,42.43
109.71,106.33,42.35
109.84,106.60,42.60
109.89,106.71,42.70
109.85,106.61,42.61
109.86,106.63,42.63
109.90,106.72,42.71
109.95,106.82,42.80
109.93,106.80,42.78
110.00,106.93,42.90
109.95,106.83,42.80
109.93,106.80,42.78
109.94,106.81,42.79
109.99,106.93,42.89
110.05,107.04,43.00
110.03,107.01,42.97
110.04,107.01,42.98
110.05,107.05,43.00
110.09,107.13,43.08
109.53,102.04,36.89
109.53,102.03,36.88
109.53,102.05,36.90
109.53,102.04,36.89
109.65,106.21,42.23
109.65,106.19,42.21
109.67,106.24,42.26
109.70,106.31,42.33
109.81,106.54,42.55
109.77,106.45,42.47
109.75,106.40,42.42
109.73,106.37,42.39
109.80,106.52,42.53
109.85,106.63,42.63
109.86,106.64,42.64
110.00,106.94,42.91
109.96,106.86,42.83
109.92,106.76,42.74
109.96,106.85,42.83
110.00,106.94,42.91
110.05,107.05,43.01
110.06,107.06,43.02
110.14,107.24,43.19
110.11,107.16,43.12
110.21,107.37,43.32
110.12,107.19,43.14
110.15,107.26,43.22
110.23,107.41,43.37
110.16,107.28,43.24
110.16,107.28,43.23
110.21,107.38,43.34
110.27,107.51,43.47
110.25,107.47,43.43
110.28,107.53,43.50
110.27,107.50,43.47
110.34,107.63,43.62
110.28,107.52,43.49
110.37,107.69,43.69
110.32,107.61,43.59
110.38,107.71,43.72
110.39,107.75,43.76
110.39,107.73,43.75
110.43,107.82,43.86
110.25,107.45,43.41
110.26,107.47,43.44
110.31,107.57,43.55
110.36,107.68,43.67
110.38,107.72,43.73
110.32,107.59,43.57
110.42,107.80,43.83
110.37,107.70,43.70
110.44,107.83,43.87
110.49,107.93,44.02
110.50,107.95,44.04
110.58,108.10,44.25
110.51,107.96,44.05
110.51,107.97,44.07
110.59,108.11,44.26
110.52,107.98,44.08
110.50,107.94,44.04
110.58,108.10,44.26
110.67,108.25,44.47
110.67,108.24,44.47
110.67,108.25,44.47
110.69,108.28,44.52
110.75,108.39,44.69
110.65,108.22,44.44
110.66,108.24,44.46
110.75,108.38,44.67
110.75,108.38,44.68
110.82,108.50,44.87
110.81,108.49,44.85
110.90,108.62,45.05
110.82,108.50,44.86
110.82,108.51,44.87
110.93,108.67,45.13
110.85,108.55,44.94
110.85,108.54,44.92
110.93,108.67,45.12
111.00,108.77,45.28
110.96,108.72,45.19
110.96,108.72,45.20
111.00,108.77,45.28
111.07,108.88,45.43
111.04,108.83,45.37
111.13,108.95,45.54
111.05,108.84,45.38
111.04,108.83,45.36
111.07,108.87,45.43
111.13,108.95,45.54
111.20,109.04,45.66
111.19,109.02,45.64
111.19,109.02,45.64
111.20,109.04,45.67
111.26,109.12,45.77
110.95,108.70,45.17
110.95,108.71,45.18
111.02,108.80,45.32
111.02,108.80,45.33
111.15,108.98,45.58
111.11,108.92,45.50
111.09,108.90,45.47
111.11,108.92,45.49
111.15,108.97,45.57
111.22,109.06,45.69
111.22,109.06,45.70
111.35,109.21,45.89
111.30,109.15,45.82
111.44,109.31,46.02
111.31,109.16,45.83
111.35,109.22,45.90
111.45,109.33,46.04
111.37,109.23,45.92
111.36,109.22,45.91
111.44,109.32,46.03
111.56,109.45,46.19
111.55,109.44,46.17
111.55,109.44,46.17
111.58,109.47,46.21
111.66,109.56,46.33
111.54,109.42,46.16
111.54,109.43,46.17
111.65,109.55,46.31
111.65,109.56,46.32
111.76,109.67,46.45
111.75,109.66,46.44
111.87,109.79,46.59
111.76,109.67,46.45
111.76,109.67,46.45
111.87,109.79,46.59
111.76,109.67,46.45
111.76,109.67,46.45
111.87,109.79,46.59
111.97,109.90,46.72
111.96,109.89,46.71
112.00,109.93,46.76
111.98,109.91,46.73
112.08,110.02,46.87
111.98,109.91,46.73
111.98,109.91,46.74
112.08,110.02,46.87
112.09,110.03,46.88
112.17,110.12,46.99
112.18,110.13,47.01
112.30,110.26,47.18
112.20,110.15,47.04
112.21,110.17,47.06
112.30,110.27,47.18
112.18,110.14,47.01
112.18,110.13,47.01
112.28,110.24,47.15
112.35,110.33,47.27
112.35,110.32,47.26
112.41,110.39,47.35
112.38,110.37,47.32
112.46,110.45,47.44
112.37,110.35,47.30
112.39,110.38,47.33
112.44,110.43,47.41
112.62,110.66,47.75
112.59,110.62,47.68
112.52,110.53,47.55
112.44,110.44,47.42
112.51,110.52,47.53
112.52,110.52,47.54
112.56,110.58,47.63
112.60,110.62,47.69
112.68,110.73,47.86
112.52,110.54,47.56
112.55,110.57,47.60
112.65,110.70,47.81
112.63,110.67,47.76
112.67,110.73,47.86
112.75,110.82,48.02
112.74,110.81,48.00
112.81,110.91,48.17
112.76,110.84,48.05
112.75,110.82,48.02
112.71,110.77,47.93
112.82,110.92,48.19
112.88,111.00,48.33
112.87,110.99,48.30
112.86,110.98,48.29
112.88,111.01,48.34
112.93,111.07,48.46
112.61,110.65,47.72
112.60,110.63,47.71
112.63,110.67,47.77
112.67,110.73,47.86
112.80,110.90,48.14
112.76,110.84,48.04
112.73,110.80,47.98
112.71,110.78,47.94
112.81,110.91,48.16
112.97,111.14,48.57
112.89,111.03,48.37
112.89,111.02,48.35
112.89,111.02,48.36
112.95,111.10,48.51
113.00,111.18,48.65
113.03,111.21,48.70
113.10,111.32,48.89
113.05,111.24,48.75
112.87,110.99,48.31
112.95,111.11,48.52
113.03,111.22,48.72
113.01,111.19,48.66
113.01,111.18,48.65
113.09,111.29,48.85
113.14,111.37,48.98
113.14,111.37,48.98
113.21,111.47,49.16
113.16,111.39,49.03
113.14,111.37,48.99
113.16,111.40,49.03
113.22,111.47,49.16
113.28,111.56,49.31
113.27,111.54,49.27
113.26,111.53,49.27
113.28,111.55,49.30
113.33,111.62,49.42
113.02,111.21,48.70
113.03,111.22,48.71
113.10,111.31,48.88
113.08,111.29,48.85
113.22,111.48,49.18
113.16,111.40,49.04
113.17,111.40,49.04
113.19,111.43,49.10
113.23,111.49,49.19
113.29,111.57,49.33
113.29,111.57,49.32
113.40,111.71,49.57
113.36,111.66,49.48
113.48,111.81,49.72
113.35,111.65,49.46
113.40,111.71,49.57
113.49,111.81,49.74
113.41,111.72,49.58
113.42,111.73,49.59
113.49,111.81,49.74
113.58,111.93,49.92
113.57,111.92,49.91
113.57,111.92,49.91
113.58,111.93,49.92
113.67,112.03,50.09
113.57,111.92,49.91
113.55,111.90,49.87
113.67,112.03,50.09
113.67,112.03,50.09
113.76,112.14,50.27
113.76,112.14,50.27
113.85,112.25,50.44
113.74,112.12,50.22
113.76,112.14,50.27
113.86,112.25,50.45
113.76,112.14,50.27
113.76,112.14,50.27
113.86,112.25,50.45
113.98,112.39,50.67
113.96,112.36,50.63
113.96,112.36,50.63
113.96,112.37,50.64
114.06,112.48,50.83
113.95,112.36,50.62
113.94,112.35,50.60
114.05,112.47,50.81
114.05,112.47,50.80
114.14,112.57,50.98
114.13,112.56,50.97
114.22,112.66,51.14
114.13,112.56,50.96
114.14,112.57,50.98
114.26,112.71,51.24
114.18,112.62,51.08
114.19,112.63,51.09
114.27,112.72,51.25
114.34,112.79,51.40
114.29,112.74,51.31
114.29,112.74,51.30
114.33,112.79,51.39
114.41,112.87,51.57
114.38,112.84,51.50
114.47,112.95,51.73
114.40,112.87,51.57
114.40,112.86,51.55
114.43,112.90,51.62
114.49,112.97,51.78
114.55,113.04,51.94
114.55,113.04,51.93
114.53,113.01,51.88
114.55,113.04,51.94
114.60,113.11,52.10
114.28,112.72,51.27
114.27,112.72,51.26
114.35,112.81,51.43
114.35,112.80,51.42
114.47,112.95,51.73
114.43,112.90,51.62
114.41,112.88,51.58
114.43,112.90,51.64
114.49,112.97,51.78
114.65,113.17,52.24
114.58,113.07,52.01
114.57,113.07,52.01
114.57,113.07,52.00
114.63,113.14,52.17
114.68,113.21,52.34
114.71,113.24,52.42
114.78,113.33,52.65
114.73,113.26,52.47
114.55,113.04,51.94
114.64,113.15,52.19
114.71,113.24,52.41
114.68,113.21,52.34
114.69,113.21,52.35
114.76,113.30,52.59
114.81,113.37,52.76
114.82,113.37,52.77
114.88,113.46,53.00
114.83,113.40,52.84
114.83,113.39,52.82
114.85,113.41,52.88
114.90,113.49,53.07
114.94,113.55,53.24
114.94,113.54,53.23
114.92,113.52,53.17
114.94,113.55,53.24
114.98,113.60,53.39
114.70,113.23,52.39
114.71,113.23,52.40
114.78,113.32,52.63
114.76,113.30,52.57
114.88,113.46,52.99
114.82,113.39,52.81
114.82,113.38,52.80
114.84,113.41,52.87
114.89,113.48,53.05
115.02,113.65,53.53
114.95,113.56,53.29
114.95,113.56,53.28
114.96,113.57,53.30
115.00,113.62,53.45
115.05,113.70,53.65
115.06,113.72,53.70
115.11,113.79,53.91
115.07,113.73,53.74
114.94,113.54,53.22
115.00,113.63,53.47
115.06,113.71,53.70
115.04,113.69,53.63
115.04,113.69,53.64
115.10,113.78,53.87
115.14,113.84,54.03
115.14,113.84,54.04
115.21,113.96,54.35
115.17,113.89,54.19
115.14,113.85,54.06
115.15,113.86,54.09
115.21,113.96,54.36
115.25,114.02,54.51
115.22,113.97,54.38
115.21,113.96,54.36
115.24,114.02,54.50
115.28,114.08,54.65
115.28,114.07,54.64
115.32,114.15,54.83
115.29,114.10,54.70
115.29,114.09,54.68
115.29,114.10,54.70
115.33,114.18,54.89
115.36,114.24,55.04
115.36,114.24,55.03
115.35,114.22,54.98
115.37,114.24,55.04
115.40,114.30,55.18
115.05,113.71,53.68
115.05,113.71,53.68
115.10,113.78,53.89
115.09,113.77,53.84
115.18,113.91,54.22
115.14,113.84,54.05
115.14,113.84,54.04
115.15,113.86,54.10
115.18,113.91,54.24
115.22,113.98,54.40
115.22,113.97,54.38
115.31,114.14,54.81
115.28,114.09,54.68
115.26,114.04,54.55
115.29,114.09,54.69
115.32,114.16,54.86
115.42,114.36,55.31
115.37,114.25,55.07
115.37,114.26,55.08
115.38,114.27,55.09
115.41,114.33,55.25
115.45,114.41,55.43
115.47,114.45,55.50
115.51,114.54,55.71
115.47,114.45,55.52
115.36,114.23,55.02
115.41,114.32,55.23
115.46,114.43,55.47
115.45,114.41,55.41
115.45,114.42,55.44
115.50,114.52,55.66
115.54,114.60,55.83
115.54,114.61,55.85
115.61,114.76,56.19
115.58,114.69,56.03
115.54,114.62,55.87
115.55,114.63,55.89
115.62,114.78,56.22
115.66,114.87,56.41
115.62,114.79,56.24
115.62,114.78,56.22
115.66,114.86,56.40
115.69,114.95,56.58
115.69,114.94,56.57
115.74,115.06,56.82
115.71,114.97,56.64
115.70,114.97,56.62
115.71,114.98,56.65
115.75,115.09,56.88
115.79,115.17,57.07
115.79,115.16,57.05
115.78,115.14,56.99
115.79,115.17,57.07
115.82,115.25,57.24
115.46,114.43,55.46
115.46,114.42,55.45
115.50,114.53,55.67
115.49,114.50,55.62
115.59,114.70,56.06
115.54,114.61,55.86
115.54,114.60,55.84
115.55,114.63,55.91
115.59,114.71,56.06
115.63,114.80,56.26
115.62,114.79,56.24
115.73,115.04,56.78
115.70,114.96,56.61
115.67,114.89,56.46
115.70,114.97,56.63
115.75,115.07,56.84
115.86,115.32,57.39
115.80,115.19,57.11
115.80,115.19,57.11
115.80,115.20,57.13
115.84,115.29,57.32
115.88,115.37,57.50
115.89,115.41,57.58
115.93,115.51,57.81
115.90,115.42,57.62
115.78,115.15,57.02
115.84,115.29,57.32
115.89,115.40,57.57
115.87,115.37,57.49
115.88,115.37,57.50
115.92,115.49,57.75
115.95,115.56,57.91
115.96,115.56,57.92
116.01,115.68,58.19
115.98,115.61,58.03
115.96,115.57,57.94
115.96,115.58,57.96
116.01,115.69,58.20
116.03,115.74,58.31
116.01,115.69,58.22
116.01,115.69,58.20
116.03,115.74,58.31
116.04,115.78,58.40
116.04,115.77,58.38
116.06,115.82,58.49
116.05,115.78,58.41
116.04,115.77,58.39
116.05,115.78,58.40
116.06,115.82,58.49
116.07,115.83,58.53
116.07,115.82,58.51
116.07,115.82,58.51
116.07,115.83,58.53
116.07,115.84,58.54
115.89,115.40,57.56
115.89,115.40,57.56
115.93,115.50,57.78
115.92,115.47,57.73
115.99,115.64,58.09
115.96,115.56,57.92
115.95,115.56,57.91
115.97,115.59,57.98
115.99,115.64,58.11
116.01,115.69,58.22
116.01,115.69,58.22
116.06,115.80,58.46
116.04,115.77,58.38
116.02,115.72,58.28
116.04,115.77,58.39
116.06,115.80,58.46
116.06,115.82,58.49
116.06,115.82,58.49
109.40,102.45,37.35
109.42,102.40,37.29
109.40,102.46,37.36
109.40,102.46,37.36
109.42,102.40,37.29
109.40,102.46,37.36
109.38,102.52,37.42
109.36,102.57,37.49
109.36,102.57,37.49
109.35,102.63,37.55
109.37,102.57,37.48
109.37,102.56,37.48
109.35,102.62,37.54
109.37,102.56,37.47
109.38,102.51,37.42
109.40,102.45,37.35
109.40,102.45,37.36
109.38,102.51,37.42
109.37,102.57,37.49
109.37,102.57,37.48
109.35,102.63,37.55
109.36,102.57,37.49
109.35,102.63,37.56
109.33,102.68,37.61
109.33,102.68,37.62
109.31,102.74,37.68
109.30,102.79,37.74
109.30,102.80,37.74
109.33,102.69,37.62
109.33,102.69,37.62
109.28,102.85,37.80
109.30,102.80,37.74
109.30,102.80,37.74
109.28,102.85,37.80
109.30,102.79,37.74
109.31,102.74,37.68
109.33,102.69,37.62
109.32,102.73,37.67
109.32,102.73,37.67
109.33,102.70,37.63
109.34,102.66,37.58
109.34,102.65,37.57
109.34,102.66,37.59
109.34,102.67,37.60
109.30,102.78,37.73
109.31,102.76,37.70
109.32,102.72,37.66
109.30,102.78,37.72
109.29,102.83,37.78
109.28,102.87,37.83
109.28,102.86,37.81
109.27,102.88,37.84
109.26,102.93,37.89
109.26,102.91,37.87
109.29,102.84,37.79
109.29,102.82,37.77
109.27,102.90,37.86
109.27,102.90,37.86
109.25,102.96,37.93
109.24,103.01,37.98
109.24,103.01,37.98
109.27,102.90,37.86
109.27,102.90,37.86
109.26,102.93,37.89
109.24,102.98,37.95
109.23,103.03,38.01
109.25,102.95,37.92
109.25,102.98,37.95
109.07,103.71,38.81
109.08,103.64,38.73
109.07,103.72,38.82
109.07,103.73,38.83
109.08,103.66,38.74
109.07,103.73,38.84
109.05,103.80,38.92
109.04,103.89,39.03
109.04,103.88,39.02
109.03,103.94,39.09
109.04,103.86,39.00
109.05,103.85,38.98
109.03,103.92,39.07
109.05,103.83,38.95
109.06,103.78,38.90
109.07,103.71,38.80
109.07,103.72,38.82
109.06,103.79,38.91
109.04,103.86,38.99
109.05,103.84,38.96
109.03,103.92,39.07
109.04,103.87,39.01
109.03,103.94,39.10
109.03,103.96,39.12
109.03,103.98,39.14
109.02,104.03,39.21
109.02,104.07,39.27
109.02,104.08,39.28
109.03,103.99,39.16
109.02,104.00,39.17
109.01,104.17,39.40
109.01,104.13,39.35
109.01,104.18,39.42
109.01,104.27,39.55
109.01,104.23,39.49
109.02,104.09,39.30
109.02,104.05,39.23
109.02,104.07,39.27
109.02,104.07,39.26
109.02,104.02,39.20
109.03,103.97,39.13
109.03,103.95,39.11
109.03,103.98,39.15
109.02,103.99,39.17
109.01,104.16,39.39
109.01,104.12,39.34
109.02,104.08,39.29
109.01,104.18,39.41
109.01,104.27,39.54
109.01,104.31,39.59
109.01,104.25,39.52
109.01,104.25,39.52
109.01,104.30,39.58
109.01,104.25,39.52
109.01,104.21,39.46
109.01,104.16,39.39
109.01,104.16,39.39
109.01,104.21,39.46
109.01,104.25,39.52
109.01,104.25,39.52
109.01,104.30,39.58
109.01,104.26,39.52
109.01,104.31,39.60
109.01,104.34,39.65
109.01,104.35,39.65
109.01,104.39,39.71
109.01,104.42,39.77
109.02,104.44,39.79
109.01,104.35,39.65
109.01,104.37,39.68
109.02,104.52,39.91
109.02,104.49,39.87
109.03,104.53,39.93
109.04,104.61,40.04
109.03,104.58,40.00
109.02,104.46,39.82
109.01,104.38,39.70
109.02,104.44,39.79
109.01,104.42,39.76
109.01,104.39,39.71
109.01,104.34,39.65
109.01,104.34,39.64
109.01,104.35,39.65
109.01,104.36,39.67
109.02,104.51,39.90
109.02,104.48,39.86
109.02,104.45,39.80
109.03,104.55,39.95
109.04,104.60,40.04
109.04,104.65,40.11
109.04,104.61,40.05
109.04,104.61,40.05
109.04,104.66,40.12
109.04,104.61,40.05
109.03,104.56,39.98
109.02,104.52,39.91
109.02,104.52,39.91
109.03,104.57,39.98
109.04,104.61,40.05
109.04,104.61,40.06
109.04,104.66,40.12
109.04,104.61,40.05
109.04,104.65,40.11
109.05,104.71,40.20
109.05,104.70,40.19
109.06,104.74,40.26
109.07,104.79,40.33
109.07,104.79,40.32
109.05,104.70,40.19
109.05,104.69,40.18
109.09,104.87,40.46
109.08,104.83,40.39
109.09,104.87,40.45
109.12,104.95,40.58
109.10,104.91,40.51
109.07,104.78,40.32
109.06,104.73,40.24
109.07,104.78,40.32
109.07,104.79,40.33
109.06,104.74,40.26
109.05,104.70,40.19
109.05,104.70,40.19
109.05,104.70,40.18
109.05,104.69,40.17
109.09,104.87,40.45
109.08,104.82,40.38
109.07,104.78,40.31
109.09,104.86,40.44
109.12,104.95,40.58
109.13,105.00,40.65
109.12,104.96,40.59
109.12,104.96,40.60
109.13,105.01,40.67
109.12,104.97,40.61
109.11,104.92,40.53
109.09,104.88,40.46
109.10,104.88,40.47
109.11,104.92,40.53
109.12,104.97,40.61
109.13,104.98,40.62
109.14,105.02,40.68
109.12,104.96,40.59
109.13,105.00,40.66
109.16,105.07,40.76
109.15,105.06,40.75
109.16,105.09,40.80
109.18,105.15,40.87
109.18,105.13,40.86
109.15,105.05,40.73
109.15,105.04,40.72
109.20,105.20,40.95
109.19,105.15,40.88
109.19,105.16,40.90
109.21,105.22,40.99
109.19,105.17,40.92
109.17,105.10,40.81
109.15,105.05,40.74
109.18,105.13,40.85
109.18,105.14,40.87
109.16,105.09,40.80
109.15,105.06,40.74
109.16,105.07,40.76
109.15,105.05,40.73
109.15,105.04,40.72
109.20,105.19,40.95
109.18,105.15,40.88
109.16,105.10,40.80
109.19,105.16,40.89
109.21,105.22,40.98
109.23,105.27,41.06
109.23,105.26,41.05
109.25,105.30,41.11
109.27,105.35,41.18
109.26,105.35,41.17
109.22,105.25,41.03
109.22,105.24,41.01
109.22,105.24,41.01
109.22,105.25,41.03
109.25,105.31,41.11
109.26,105.35,41.17
109.27,105.37,41.19
109.23,105.26,41.05
109.23,105.28,41.07
109.25,105.32,41.13
109.27,105.36,41.19
109.29,105.41,41.25
109.27,105.36,41.18
109.29,105.40,41.24
109.51,102.11,36.97
109.52,102.08,36.94
109.51,102.11,36.97
109.51,102.11,36.97
109.52,102.09,36.94
109.51,102.12,36.97
109.50,102.14,37.00
109.49,102.17,37.04
109.49,102.17,37.03
109.48,102.20,37.06
109.49,102.17,37.03
109.49,102.16,37.03
109.48,102.19,37.05
109.49,102.16,37.02
109.50,102.14,37.00
109.51,102.11,36.97
109.51,102.11,36.97
109.50,102.14,37.00
109.49,102.16,37.03
109.49,102.16,37.02
109.48,102.19,37.05
109.49,102.17,37.03
109.48,102.20,37.06
109.41,102.41,37.31
109.44,102.35,37.23
109.43,102.36,37.25
109.45,102.30,37.19
109.47,102.24,37.11
109.46,102.25,37.13
109.43,102.37,37.26
109.42,102.39,37.28
109.41,102.44,37.34
109.49,102.18,37.05
109.46,102.25,37.12
109.46,102.25,37.12
109.44,102.32,37.20
109.42,102.38,37.28
109.46,102.25,37.13
109.49,102.18,37.05
109.41,102.44,37.33
109.43,102.37,37.26
109.45,102.30,37.18
109.47,102.24,37.11
109.43,102.36,37.24
109.44,102.34,37.23
109.42,102.41,37.30
109.47,102.25,37.12
109.47,102.25,37.12
109.45,102.29,37.17
109.43,102.35,37.23
109.47,102.24,37.11
109.43,102.35,37.24
109.45,102.30,37.18
109.47,102.25,37.12
109.43,102.35,37.24
109.43,102.35,37.24
109.47,102.24,37.12
109.45,102.30,37.18
109.47,102.25,37.12
109.37,102.57,37.49
109.38,102.52,37.43
109.39,102.48,37.38
109.39,102.49,37.40
109.40,102.46,37.37
109.39,102.49,37.40
109.39,102.48,37.39
109.38,102.53,37.44
109.36,102.58,37.50
109.40,102.47,37.37
109.28,102.85,37.80
109.30,102.80,37.74
109.32,102.74,37.68
109.33,102.68,37.61
109.30,102.80,37.75
109.30,102.80,37.75
109.28,102.85,37.81
109.34,102.64,37.57
109.36,102.60,37.51
109.37,102.55,37.46
109.33,102.70,37.63
109.31,102.75,37.69
109.34,102.67,37.60
109.32,102.71,37.65
109.31,102.75,37.69
109.30,102.79,37.74
109.31,102.77,37.71
109.29,102.83,37.78
109.30,102.79,37.73
109.35,102.63,37.55
109.33,102.69,37.62
109.36,102.59,37.51
109.26,102.93,37.89
109.27,102.88,37.84
109.28,102.86,37.81
109.27,102.88,37.83
109.29,102.84,37.79
109.16,103.29,38.31
109.16,103.28,38.29
109.18,103.22,38.22
109.20,103.15,38.14
109.20,103.13,38.12
109.22,103.07,38.05
109.19,103.16,38.16
109.21,103.10,38.08
109.19,103.17,38.17
109.23,103.02,38.00
109.25,102.97,37.94
109.26,102.91,37.87
109.23,103.04,38.01
109.23,103.05,38.03
109.22,103.05,38.03
109.24,102.99,37.96
109.26,102.92,37.88
109.26,102.92,37.88
109.26,102.92,37.88
109.23,103.04,38.02
109.21,103.11,38.10
109.23,103.05,38.02
109.23,103.05,38.03
109.21,103.11,38.10
109.24,102.98,37.95
109.26,102.92,37.88
109.20,103.15,38.14
109.22,103.08,38.06
109.23,103.02,37.99
109.26,102.94,37.91
109.20,103.12,38.11
109.20,103.15,38.15
109.18,103.22,38.22
109.25,102.97,37.94
109.24,103.00,37.97
109.23,103.03,38.00
109.22,103.08,38.06
109.19,103.18,38.17
109.21,103.11,38.09
109.19,103.18,38.18
109.17,103.26,38.26
109.15,103.33,38.35
109.18,103.23,38.23
109.17,103.28,38.29
109.18,103.20,38.20
109.22,103.09,38.07
109.20,103.13,38.12
109.22,103.06,38.04
109.19,103.19,38.18
109.17,103.24,38.25
109.16,103.31,38.33
109.16,103.31,38.33
109.14,103.38,38.41
109.16,103.30,38.32
109.15,103.36,38.39
109.08,103.67,38.75
109.09,103.59,38.66
109.09,103.60,38.67
109.11,103.53,38.59
109.12,103.45,38.50
109.12,103.46,38.51
109.09,103.61,38.68
109.09,103.62,38.70
109.07,103.69,38.78
109.16,103.29,38.30
109.14,103.36,38.39
109.14,103.39,38.43
109.11,103.51,38.56
109.09,103.59,38.66
109.13,103.43,38.47
109.15,103.35,38.37
109.08,103.68,38.77
109.10,103.57,38.64
109.12,103.46,38.50
109.15,103.34,38.37
109.10,103.56,38.62
109.10,103.55,38.61
109.08,103.65,38.73
109.13,103.41,38.45
109.14,103.40,38.43
109.12,103.47,38.52
109.10,103.56,38.63
109.14,103.37,38.40
109.10,103.57,38.64
109.11,103.50,38.55
109.13,103.43,38.47
109.10,103.58,38.65
109.10,103.58,38.65
109.13,103.44,38.49
109.11,103.52,38.57
109.13,103.44,38.48
109.05,103.85,38.99
109.06,103.79,38.90
109.07,103.74,38.84
109.06,103.75,38.85
109.07,103.72,38.81
109.06,103.75,38.86
109.06,103.74,38.85
109.06,103.79,38.91
109.04,103.86,38.99
109.07,103.73,38.83
109.01,104.12,39.33
109.02,104.06,39.26
109.02,104.01,39.19
109.03,103.96,39.12
109.02,104.06,39.25
109.02,104.05,39.25
109.01,104.11,39.32
109.04,103.90,39.05
109.05,103.84,38.97
109.06,103.80,38.92
109.03,103.96,39.12
109.02,104.02,39.20
109.03,103.95,39.11
109.02,104.01,39.18
109.02,104.06,39.25
109.01,104.11,39.32
109.02,104.06,39.25
109.01,104.10,39.31
109.02,104.05,39.24
109.04,103.90,39.04
109.03,103.96,39.13
109.05,103.85,38.98
109.01,104.25,39.51
109.01,104.20,39.45
109.01,104.15,39.38
109.01,104.15,39.37
109.01,104.16,39.39
109.01,104.15,39.38
109.01,104.16,39.38
109.01,104.20,39.45
109.01,104.25,39.51
109.01,104.16,39.39
109.02,104.47,39.84
109.01,104.43,39.78
109.01,104.39,39.72
109.01,104.34,39.65
109.01,104.43,39.78
109.01,104.44,39.78
109.02,104.48,39.85
109.01,104.29,39.57
109.01,104.24,39.50
109.01,104.19,39.43
109.01,104.33,39.64
109.01,104.37,39.69
109.01,104.34,39.65
109.01,104.39,39.72
109.01,104.43,39.77
109.02,104.47,39.84
109.01,104.43,39.78
109.02,104.48,39.85
109.01,104.43,39.78
109.01,104.29,39.57
109.01,104.33,39.63
109.01,104.24,39.50
109.04,104.62,40.06
109.03,104.57,39.98
109.02,104.52,39.92
109.02,104.53,39.92
109.02,104.52,39.91
109.03,104.53,39.93
109.02,104.52,39.92
109.03,104.57,39.99
109.04,104.62,40.06
109.02,104.52,39.91
109.08,104.84,40.40
109.07,104.79,40.33
109.06,104.75,40.27
109.06,104.71,40.21
109.08,104.80,40.34
109.08,104.81,40.36
109.09,104.85,40.42
109.05,104.67,40.14
109.04,104.63,40.09
109.04,104.59,40.02
109.06,104.72,40.23
109.07,104.77,40.29
109.06,104.71,40.20
109.06,104.75,40.26
109.07,104.79,40.33
109.08,104.84,40.40
109.07,104.80,40.34
109.09,104.84,40.41
109.08,104.81,40.35
109.05,104.66,40.13
109.06,104.72,40.21
109.04,104.62,40.07
109.13,104.98,40.62
109.11,104.93,40.55
109.10,104.89,40.48
109.10,104.89,40.49
109.10,104.88,40.47
109.10,104.90,40.50
109.10,104.89,40.48
109.11,104.93,40.55
109.13,104.98,40.63
109.10,104.89,40.48
109.20,105.20,40.96
109.19,105.17,40.91
109.18,105.13,40.85
109.16,105.09,40.78
109.20,105.19,40.94
109.21,105.21,40.97
109.22,105.25,41.02
109.14,105.04,40.71
109.13,104.99,40.64
109.11,104.94,40.57
109.16,105.08,40.77
109.19,105.16,40.89
109.16,105.08,40.78
109.17,105.12,40.84
109.19,105.16,40.90
109.20,105.20,40.95
109.20,105.18,40.93
109.22,105.24,41.02
109.21,105.21,40.97
109.14,105.03,40.70
109.16,105.08,40.78
109.13,104.99,40.64
109.27,105.37,41.20
109.25,105.31,41.12
109.24,105.28,41.07
109.24,105.30,41.10
109.22,105.26,41.04
109.24,105.30,41.10
109.24,105.28,41.08
109.25,105.33,41.14
109.28,105.37,41.20
109.23,105.26,41.04
109.31,105.46,41.32
109.30,105.44,41.29
109.33,105.50,41.37
109.37,105.59,41.49
109.35,105.55,41.44
109.28,105.39,41.23
109.28,105.38,41.22
109.42,105.70,41.64
109.37,105.60,41.51
109.37,105.58,41.48
109.28,105.40,41.23
109.28,105.38,41.21
109.36,105.57,41.47
109.40,105.66,41.59
109.30,105.42,41.27
109.33,105.51,41.38
109.39,105.64,41.56
109.31,105.45,41.30
109.33,105.49,41.36
109.41,105.69,41.62
109.38,105.61,41.53
109.38,105.62,41.53
109.36,105.56,41.45
109.32,105.48,41.35
109.39,105.63,41.55
109.42,105.71,41.64
109.32,105.48,41.34
109.35,105.54,41.43
109.38,105.61,41.52
109.32,105.47,41.34
109.31,105.47,41.33
109.40,105.65,41.58
109.37,105.59,41.50
109.34,105.53,41.42
109.37,105.60,41.50
109.40,105.67,41.60
109.43,105.73,41.68
109.43,105.72,41.67
109.45,105.78,41.73
109.48,105.84,41.81
109.48,105.83,41.80
109.43,105.71,41.66
109.42,105.71,41.65
109.46,105.79,41.75
109.45,105.77,41.73
109.48,105.84,41.81
109.52,105.92,41.91
109.51,105.91,41.89
109.45,105.76,41.72
109.44,105.75,41.70
109.47,105.81,41.77
109.50,105.89,41.87
109.54,105.96,41.96
109.49,105.87,41.84
109.52,105.92,41.90
109.52,102.06,36.91
109.53,102.05,36.90
109.52,102.06,36.91
109.53,102.05,36.90
109.53,102.04,36.89
109.53,102.05,36.89
109.52,102.07,36.92
109.52,102.07,36.92
109.52,102.08,36.93
109.52,102.07,36.92
109.52,102.06,36.91
109.53,102.05,36.90
109.52,102.07,36.92
109.52,102.07,36.93
109.51,102.10,36.96
109.50,102.13,36.99
109.50,102.15,37.01
109.51,102.10,36.95
109.52,102.09,36.94
109.52,102.06,36.91
109.51,102.09,36.95
109.50,102.12,36.98
109.49,102.16,37.02
109.51,102.10,36.95
109.51,102.10,36.96
109.52,102.07,36.92
109.53,102.04,36.89
109.53,102.05,36.90
109.52,102.06,36.91
109.53,102.05,36.90
109.52,102.06,36.91
109.52,102.07,36.92
109.52,102.08,36.93
109.51,102.10,36.96
109.51,102.10,36.95
109.52,102.09,36.94
109.50,102.13,36.99
109.50,102.15,37.01
109.49,102.16,37.02
109.49,102.16,37.02
109.49,102.16,37.02
109.50,102.13,36.99
109.51,102.10,36.96
109.52,102.07,36.92
109.51,102.10,36.95
109.50,102.12,36.98
109.51,102.09,36.95
109.52,102.06,36.91
109.19,103.19,38.19
109.19,103.19,38.19
109.19,103.17,38.16
109.20,103.14,38.13
109.20,103.14,38.13
109.20,103.14,38.13
109.20,103.13,38.12
109.17,103.24,38.25
109.18,103.21,38.21
109.18,103.20,38.20
109.18,103.23,38.23
109.19,103.17,38.17
109.17,103.26,38.27
109.18,103.23,38.24
109.17,103.27,38.28
109.15,103.34,38.36
109.18,103.21,38.21
109.16,103.31,38.32
109.17,103.27,38.28
109.17,103.27,38.29
109.50,105.88,41.85
109.51,105.89,41.87
109.47,105.82,41.78
109.45,105.76,41.71
109.45,105.77,41.73
109.44,105.74,41.69
109.43,105.73,41.67
109.51,105.90,41.89
109.49,105.85,41.82
109.49,105.86,41.83
109.53,105.94,41.93
109.46,105.79,41.74
109.69,106.28,42.30
109.68,106.26,42.28
109.65,106.19,42.21
109.60,106.10,42.11
109.59,106.07,42.08
109.57,106.02,42.03
109.62,106.14,42.15
109.59,106.08,42.09
109.63,106.16,42.18
109.53,105.95,41.94
109.50,105.88,41.86
109.47,105.81,41.77
109.55,105.98,41.97
109.56,106.00,42.01
109.59,106.06,42.07
109.54,105.97,41.97
109.50,105.87,41.85
109.52,105.93,41.92
109.55,105.99,41.99
109.60,106.09,42.10
109.62,106.13,42.14
109.60,106.09,42.10
109.59,106.08,42.09
109.61,106.11,42.13
109.57,106.03,42.04
109.55,106.00,42.00
109.63,106.15,42.17
109.61,106.11,42.12
109.58,106.05,42.06
109.56,106.01,42.01
109.61,106.12,42.13
109.62,106.13,42.15
109.64,106.18,42.20
109.56,106.00,42.00
109.55,105.98,41.98
109.54,105.97,41.96
109.59,106.06,42.07
109.61,106.12,42.14
109.58,106.04,42.05
109.62,106.14,42.16
109.66,106.21,42.24
109.70,106.31,42.33
109.64,106.18,42.20
109.67,106.23,42.26
109.62,106.14,42.16
109.56,106.02,42.02
109.59,106.07,42.08
109.55,105.99,41.99
109.64,106.17,42.20
109.66,106.23,42.25
109.69,106.29,42.31
109.70,106.30,42.32
109.72,106.35,42.37
109.69,106.29,42.31
109.71,106.32,42.34
109.75,106.41,42.43
109.75,106.40,42.42
109.77,106.44,42.46
109.79,106.49,42.50
109.79,106.49,42.50
109.74,106.39,42.41
109.74,106.39,42.41
109.83,106.58,42.58
109.81,106.53,42.54
109.83,106.57,42.58
109.87,106.66,42.66
109.84,106.61,42.61
109.78,106.48,42.49
109.76,106.43,42.45
109.78,106.46,42.48
109.76,106.42,42.44
109.74,106.39,42.41
109.70,106.31,42.33
109.68,106.27,42.29
109.71,106.32,42.34
109.73,106.38,42.39
109.82,106.55,42.55
109.80,106.51,42.52
109.78,106.47,42.48
109.82,106.56,42.57
109.86,106.65,42.65
109.89,106.70,42.70
109.87,106.65,42.65
109.87,106.66,42.66
109.90,106.72,42.71
109.87,106.67,42.67
109.84,106.60,42.60
109.82,106.55,42.56
109.83,106.58,42.59
109.85,106.63,42.63
109.88,106.67,42.67
109.88,106.68,42.68
109.90,106.72,42.71
109.87,106.67,42.66
109.89,106.71,42.70
109.92,106.77,42.76
109.92,106.77,42.75
109.94,106.81,42.79
109.96,106.86,42.83
109.96,106.85,42.82
109.91,106.76,42.74
109.91,106.75,42.74
109.99,106.91,42.88
109.97,106.86,42.84
109.97,106.88,42.85
110.00,106.94,42.90
109.98,106.89,42.86
109.94,106.82,42.80
109.92,106.76,42.75
109.96,106.84,42.82
109.96,106.85,42.83
109.94,106.80,42.78
109.92,106.76,42.75
109.92,106.77,42.75
109.91,106.75,42.74
109.91,106.75,42.73
109.99,106.91,42.88
109.96,106.86,42.84
109.94,106.81,42.79
109.97,106.87,42.85
110.00,106.93,42.90
110.03,106.99,42.95
110.02,106.98,42.95
110.04,107.02,42.98
110.07,107.08,43.03
110.06,107.06,43.02
110.01,106.97,42.93
110.01,106.95,42.92
110.01,106.96,42.92
110.02,106.97,42.93
110.04,107.03,42.99
110.06,107.07,43.03
110.07,107.08,43.04
110.02,106.99,42.95
110.03,106.99,42.96
110.05,107.04,43.00
110.07,107.08,43.04
110.09,107.13,43.08
110.07,107.08,43.04
110.09,107.12,43.08
109.53,102.03,36.88
109.53,102.03,36.87
109.53,102.04,36.88
109.53,102.04,36.88
109.53,102.03,36.88
109.53,102.04,36.89
109.53,102.05,36.90
109.52,102.06,36.91
109.52,102.06,36.91
109.53,102.05,36.89
109.53,102.04,36.89
109.53,102.05,36.90
109.53,102.03,36.88
109.53,102.04,36.88
109.53,102.04,36.89
109.53,102.05,36.90
109.53,102.04,36.88
109.53,102.05,36.90
109.53,102.05,36.89
109.52,102.06,36.91
109.67,106.24,42.27
109.66,106.23,42.25
109.65,106.20,42.22
109.63,106.16,42.18
109.63,106.15,42.17
109.63,106.16,42.18
109.64,106.17,42.19
109.66,106.22,42.24
109.65,106.20,42.22
109.66,106.22,42.24
109.68,106.25,42.28
109.64,106.19,42.21
109.70,106.29,42.32
109.67,106.25,42.27
109.69,106.27,42.29
109.71,106.32,42.34
109.66,106.21,42.23
109.81,106.53,42.55
109.79,106.49,42.51
109.77,106.45,42.47
109.75,106.41,42.43
109.79,106.49,42.51
109.79,106.50,42.51
109.81,106.54,42.55
109.74,106.38,42.40
109.73,106.36,42.38
109.71,106.32,42.34
109.76,106.43,42.44
109.78,106.47,42.49
109.69,106.28,42.31
109.72,106.35,42.37
109.76,106.44,42.45
109.80,106.51,42.52
109.77,106.44,42.46
109.81,106.53,42.54
109.77,106.46,42.47
109.70,106.30,42.32
109.74,106.38,42.40
109.70,106.31,42.33
109.88,106.68,42.67
109.85,106.62,42.62
109.83,106.57,42.58
109.83,106.58,42.59
109.82,106.57,42.57
109.83,106.59,42.59
109.83,106.59,42.59
109.86,106.63,42.63
109.88,106.68,42.68
109.83,106.58,42.59
109.99,106.92,42.89
109.97,106.88,42.86
109.95,106.84,42.82
109.93,106.79,42.78
109.98,106.90,42.87
109.99,106.92,42.89
110.01,106.96,42.93
109.91,106.74,42.73
109.89,106.70,42.69
109.86,106.64,42.64
109.94,106.81,42.79
109.97,106.87,42.84
109.93,106.78,42.77
109.95,106.83,42.81
109.97,106.87,42.84
109.99,106.92,42.89
109.98,106.89,42.86
110.01,106.96,42.92
109.99,106.91,42.88
109.91,106.74,42.73
109.94,106.80,42.79
109.88,106.69,42.68
110.07,107.09,43.05
110.04,107.03,42.99
110.03,107.00,42.96
110.04,107.01,42.97
110.02,106.97,42.94
110.04,107.02,42.98
110.03,107.00,42.96
110.05,107.03,42.99
110.07,107.09,43.05
110.02,106.98,42.94
110.11,107.18,43.13
110.10,107.14,43.10
110.12,107.20,43.15
110.17,107.30,43.25
110.15,107.25,43.20
110.08,107.11,43.06
110.07,107.07,43.03
110.21,107.38,43.33
110.17,107.29,43.24
110.16,107.27,43.23
110.11,107.17,43.13
110.08,107.10,43.06
110.16,107.27,43.22
110.20,107.36,43.31
110.08,107.12,43.07
110.14,107.22,43.17
110.18,107.32,43.27
110.10,107.15,43.11
110.12,107.19,43.15
110.23,107.42,43.37
110.20,107.35,43.31
110.20,107.35,43.30
110.16,107.27,43.23
110.13,107.21,43.16
110.19,107.34,43.29
110.22,107.40,43.35
110.13,107.20,43.16
110.16,107.28,43.23
110.20,107.35,43.31
110.13,107.20,43.16
110.13,107.20,43.15
110.21,107.37,43.32
110.18,107.31,43.26
110.15,107.25,43.21
110.19,107.33,43.28
110.22,107.41,43.36
110.26,107.47,43.43
110.24,107.45,43.41
110.26,107.49,43.45
110.29,107.55,43.52
110.29,107.53,43.50
110.23,107.43,43.38
110.22,107.40,43.36
110.26,107.48,43.44
110.25,107.47,43.43
110.25,107.46,43.42
110.24,107.44,43.40
110.28,107.52,43.48
110.30,107.56,43.54
110.31,107.57,43.55
110.33,107.63,43.61
110.30,107.57,43.54
110.28,107.51,43.48
110.25,107.45,43.41
110.31,107.58,43.55
110.31,107.58,43.56
110.34,107.64,43.63
110.34,107.64,43.62
110.32,107.59,43.58
110.30,107.57,43.54
110.28,107.52,43.49
110.35,107.65,43.65
110.37,107.70,43.71
110.39,107.74,43.75
110.40,107.75,43.76
110.35,107.66,43.65
110.32,107.60,43.58
110.33,107.61,43.59
110.35,107.67,43.66
110.37,107.70,43.70
110.36,107.69,43.69
110.39,107.74,43.75
110.42,107.80,43.83
110.42,107.79,43.82
110.36,107.68,43.68
110.36,107.67,43.67
110.38,107.72,43.72
110.41,107.78,43.80
110.44,107.83,43.88
110.40,107.76,43.78
110.42,107.80,43.84
110.27,107.50,43.47
110.28,107.51,43.48
110.25,107.46,43.42
110.23,107.42,43.38
110.24,107.44,43.40
110.23,107.41,43.37
110.22,107.39,43.35
110.31,107.58,43.56
110.28,107.52,43.49
110.28,107.51,43.48
110.30,107.56,43.53
110.25,107.46,43.42
110.39,107.74,43.76
110.41,107.77,43.79
110.37,107.70,43.71
110.35,107.66,43.65
110.36,107.68,43.68
110.33,107.62,43.61
110.34,107.64,43.63
110.31,107.58,43.55
110.33,107.62,43.60
110.29,107.54,43.51
110.30,107.56,43.53
110.27,107.49,43.46
110.42,107.79,43.82
110.39,107.74,43.76
110.40,107.75,43.77
110.42,107.80,43.83
110.40,107.75,43.77
110.37,107.69,43.70
110.34,107.65,43.64
110.34,107.63,43.62
110.37,107.69,43.69
110.33,107.63,43.61
110.43,107.81,43.85
110.41,107.77,43.80
110.41,107.78,43.81
110.44,107.84,43.89
110.39,107.73,43.74
110.45,107.86,43.92
110.46,107.87,43.93
110.50,107.95,44.04
110.53,108.00,44.11
110.54,108.02,44.14
110.46,107.87,43.94
110.46,107.88,43.94
110.59,108.10,44.26
110.55,108.03,44.16
110.55,108.03,44.15
110.51,107.95,44.05
110.47,107.88,43.94
110.54,108.03,44.15
110.58,108.10,44.25
110.47,107.89,43.96
110.51,107.97,44.06
110.55,108.04,44.16
110.48,107.90,43.97
110.48,107.91,43.98
110.60,108.12,44.28
110.55,108.04,44.17
110.55,108.04,44.17
110.52,107.97,44.07
110.49,107.92,44.01
110.55,108.04,44.17
110.59,108.10,44.26
110.47,107.90,43.96
110.51,107.96,44.06
110.54,108.02,44.15
110.47,107.89,43.95
110.46,107.86,43.92
110.58,108.10,44.25
110.54,108.01,44.13
110.50,107.94,44.03
110.54,108.02,44.14
110.59,108.10,44.26
110.63,108.17,44.37
110.63,108.17,44.36
110.67,108.24,44.47
110.71,108.32,44.58
110.71,108.32,44.58
110.62,108.17,44.36
110.62,108.17,44.35
110.64,108.21,44.41
110.64,108.19,44.39
110.68,108.26,44.50
110.71,108.32,44.58
110.71,108.32,44.58
110.63,108.18,44.38
110.63,108.18,44.37
110.67,108.25,44.47
110.71,108.32,44.58
110.75,108.39,44.69
110.71,108.32,44.58
110.75,108.39,44.69
110.69,108.29,44.54
110.70,108.30,44.55
110.66,108.23,44.45
110.62,108.17,44.36
110.63,108.17,44.36
110.62,108.16,44.35
110.61,108.15,44.33
110.75,108.38,44.68
110.71,108.31,44.57
110.70,108.30,44.56
110.74,108.38,44.67
110.66,108.23,44.46
110.74,108.38,44.67
110.70,108.31,44.57
110.71,108.31,44.57
110.75,108.39,44.68
110.67,108.24,44.47
110.79,108.45,44.78
110.78,108.44,44.77
110.82,108.50,44.86
110.86,108.56,44.96
110.86,108.56,44.95
110.78,108.44,44.76
110.78,108.44,44.76
110.90,108.62,45.05
110.86,108.56,44.95
110.86,108.56,44.95
110.82,108.50,44.86
110.78,108.44,44.76
110.86,108.56,44.95
110.89,108.62,45.04
110.78,108.44,44.77
110.82,108.50,44.86
110.86,108.56,44.96
110.78,108.44,44.77
110.79,108.45,44.78
110.95,108.70,45.17
110.91,108.64,45.08
110.89,108.61,45.03
110.84,108.53,44.91
110.81,108.48,44.83
110.88,108.59,45.00
110.92,108.65,45.10
110.80,108.47,44.81
110.85,108.55,44.93
110.91,108.63,45.07
110.80,108.47,44.81
110.80,108.46,44.80
110.91,108.64,45.08
110.87,108.58,44.98
110.83,108.52,44.89
110.88,108.60,45.01
110.95,108.69,45.16
110.98,108.75,45.24
110.96,108.72,45.20
110.98,108.74,45.23
111.01,108.79,45.31
110.99,108.76,45.27
110.94,108.68,45.14
110.93,108.67,45.12
110.93,108.67,45.12
110.94,108.69,45.15
110.98,108.75,45.24
111.00,108.77,45.27
111.01,108.80,45.31
110.97,108.73,45.21
110.98,108.75,45.24
111.05,108.85,45.39
111.04,108.82,45.36
111.06,108.86,45.40
111.10,108.90,45.47
111.08,108.88,45.44
111.02,108.80,45.32
111.00,108.78,45.28
111.12,108.94,45.53
111.08,108.89,45.45
111.09,108.90,45.47
111.14,108.96,45.55
111.10,108.91,45.48
111.05,108.84,45.38
111.01,108.78,45.30
111.08,108.88,45.44
111.09,108.90,45.47
111.06,108.85,45.40
111.03,108.82,45.35
111.05,108.85,45.39
111.02,108.80,45.32
111.00,108.78,45.28
111.12,108.94,45.52
111.08,108.88,45.44
111.04,108.83,45.37
111.09,108.90,45.46
111.14,108.96,45.55
111.17,109.00,45.62
111.16,108.99,45.60
111.19,109.03,45.65
111.23,109.07,45.71
111.22,109.07,45.70
111.15,108.98,45.59
111.15,108.98,45.58
111.15,108.98,45.58
111.16,108.99,45.59
111.20,109.03,45.66
111.23,109.07,45.71
111.24,109.08,45.73
111.16,108.99,45.60
111.17,109.00,45.62
111.20,109.04,45.66
111.24,109.08,45.72
111.27,109.12,45.77
111.23,109.08,45.72
111.26,109.12,45.77
110.97,108.74,45.22
110.98,108.74,45.23
110.95,108.70,45.17
110.92,108.66,45.11
110.92,108.66,45.11
110.92,108.66,45.11
110.92,108.66,45.10
111.02,108.81,45.33
110.99,108.76,45.26
110.98,108.75,45.25
111.01,108.79,45.30
110.95,108.71,45.18
111.01,108.79,45.31
110.99,108.76,45.25
110.99,108.76,45.26
111.02,108.81,45.34
110.96,108.71,45.19
111.13,108.96,45.55
111.11,108.93,45.51
111.09,108.89,45.46
111.07,108.87,45.42
111.13,108.95,45.54
111.14,108.97,45.57
111.17,109.00,45.61
111.06,108.86,45.41
111.06,108.85,45.40
111.05,108.84,45.38
111.10,108.91,45.49
111.14,108.96,45.56
111.07,108.86,45.42
111.09,108.89,45.46
111.11,108.92,45.50
111.13,108.95,45.55
111.12,108.94,45.53
111.17,109.00,45.60
111.14,108.97,45.56
111.06,108.86,45.41
111.10,108.91,45.48
111.05,108.85,45.39
111.25,109.10,45.74
111.21,109.05,45.67
111.18,109.02,45.63
111.20,109.04,45.67
111.17,109.00,45.61
111.21,109.04,45.67
111.19,109.02,45.64
111.21,109.05,45.67
111.25,109.10,45.75
111.17,109.00,45.61
111.31,109.17,45.83
111.29,109.14,45.80
111.33,109.19,45.87
111.40,109.27,45.96
111.37,109.24,45.92
111.28,109.13,45.78
111.24,109.09,45.73
111.44,109.32,46.02
111.39,109.25,45.95
111.38,109.25,45.94
111.30,109.16,45.82
111.24,109.09,45.73
111.38,109.24,45.93
111.43,109.31,46.01
111.28,109.13,45.79
111.34,109.20,45.88
111.40,109.27,45.96
111.29,109.15,45.81
111.31,109.17,45.84
111.46,109.34,46.05
111.40,109.28,45.98
111.40,109.27,45.97
111.36,109.22,45.90
111.32,109.18,45.86
111.40,109.27,45.97
111.44,109.32,46.03
111.32,109.18,45.85
111.36,109.23,45.91
111.40,109.28,45.98
111.31,109.17,45.84
111.31,109.17,45.84
111.44,109.32,46.03
111.40,109.27,45.97
111.35,109.22,45.90
111.40,109.27,45.97
111.45,109.33,46.05
111.51,109.40,46.13
111.50,109.39,46.11
111.55,109.44,46.18
111.61,109.50,46.25
111.60,109.50,46.24
111.50,109.38,46.10
111.49,109.38,46.10
111.49,109.38,46.10
111.50,109.38,46.10
111.55,109.45,46.18
111.60,109.50,46.24
111.63,109.53,46.28
111.51,109.39,46.12
111.52,109.41,46.14
111.57,109.46,46.20
111.62,109.51,46.27
111.67,109.57,46.33
111.61,109.51,46.26
111.66,109.56,46.32
111.59,109.48,46.23
111.59,109.49,46.24
111.54,109.43,46.16
111.49,109.37,46.10
111.49,109.38,46.10
111.49,109.37,46.09
111.48,109.36,46.08
111.65,109.56,46.32
111.60,109.50,46.24
111.60,109.49,46.24
111.65,109.55,46.31
111.55,109.44,46.17
111.65,109.55,46.31
111.60,109.49,46.24
111.60,109.50,46.24
111.66,109.56,46.32
111.55,109.44,46.17
111.71,109.61,46.39
111.71,109.61,46.38
111.76,109.67,46.45
111.81,109.72,46.51
111.79,109.70,46.49
111.71,109.61,46.38
111.69,109.60,46.37
111.87,109.79,46.59
111.82,109.73,46.52
111.81,109.73,46.52
111.76,109.67,46.44
111.70,109.61,46.38
111.80,109.72,46.50
111.87,109.79,46.59
111.71,109.61,46.38
111.76,109.67,46.45
111.84,109.76,46.56
111.71,109.61,46.38
111.74,109.64,46.42
111.87,109.79,46.59
111.82,109.73,46.52
111.82,109.74,46.53
111.76,109.67,46.45
111.71,109.62,46.39
111.83,109.75,46.54
111.87,109.79,46.59
111.71,109.62,46.39
111.76,109.67,46.45
111.82,109.73,46.52
111.71,109.61,46.39
111.71,109.61,46.39
111.86,109.78,46.58
111.81,109.73,46.52
111.76,109.67,46.45
111.81,109.73,46.52
111.87,109.79,46.59
111.92,109.84,46.65
111.92,109.84,46.65
111.97,109.90,46.72
112.02,109.95,46.79
112.01,109.95,46.78
111.91,109.83,46.64
111.90,109.82,46.62
111.95,109.88,46.69
111.92,109.85,46.66
111.98,109.91,46.74
112.06,109.99,46.83
112.04,109.97,46.81
111.92,109.85,46.66
111.92,109.85,46.66
111.98,109.91,46.73
112.03,109.96,46.80
112.08,110.02,46.87
112.03,109.96,46.80
112.08,110.02,46.86
112.03,109.97,46.80
112.03,109.97,46.80
111.98,109.91,46.73
111.92,109.85,46.66
111.94,109.86,46.68
111.92,109.85,46.66
111.92,109.85,46.66
112.07,110.01,46.86
112.02,109.96,46.79
112.03,109.96,46.80
112.08,110.02,46.87
111.97,109.90,46.73
112.08,110.02,46.87
112.03,109.97,46.81
112.04,109.98,46.82
112.10,110.04,46.89
111.99,109.92,46.75
112.12,110.06,46.92
112.13,110.07,46.93
112.18,110.13,47.00
112.22,110.18,47.07
112.23,110.19,47.07
112.13,110.08,46.94
112.13,110.08,46.94
112.31,110.27,47.19
112.26,110.22,47.12
112.25,110.21,47.11
112.19,110.14,47.02
112.14,110.09,46.95
112.24,110.20,47.09
112.29,110.25,47.16
112.14,110.09,46.95
112.21,110.16,47.05
112.27,110.23,47.13
112.15,110.10,46.97
112.16,110.11,46.98
112.29,110.26,47.17
112.23,110.19,47.08
112.24,110.20,47.10
112.19,110.15,47.03
112.13,110.08,46.94
112.25,110.22,47.11
112.31,110.28,47.20
112.13,110.08,46.94
112.18,110.13,47.01
112.23,110.19,47.08
112.13,110.07,46.94
112.12,110.07,46.93
112.28,110.24,47.14
112.23,110.18,47.07
112.17,110.13,47.00
112.23,110.19,47.08
112.28,110.24,47.15
112.32,110.29,47.21
112.32,110.29,47.21
112.35,110.33,47.26
112.39,110.37,47.33
112.39,110.37,47.32
112.31,110.28,47.20
112.31,110.28,47.20
112.36,110.34,47.28
112.36,110.33,47.27
112.40,110.38,47.33
112.45,110.44,47.42
112.44,110.43,47.40
112.34,110.32,47.25
112.33,110.30,47.23
112.37,110.35,47.29
112.42,110.41,47.37
112.47,110.47,47.46
112.40,110.39,47.35
112.44,110.43,47.41
112.41,110.40,47.36
112.43,110.42,47.39
112.38,110.36,47.31
112.35,110.32,47.26
112.36,110.34,47.27
112.34,110.31,47.24
112.33,110.30,47.22
112.43,110.42,47.40
112.40,110.38,47.34
112.41,110.40,47.36
112.45,110.45,47.43
112.36,110.34,47.28
112.66,110.70,47.82
112.64,110.68,47.78
112.61,110.64,47.71
112.55,110.57,47.61
112.54,110.55,47.58
112.50,110.51,47.52
112.57,110.60,47.65
112.54,110.56,47.59
112.59,110.62,47.68
112.46,110.46,47.45
112.42,110.41,47.38
112.38,110.36,47.31
112.48,110.48,47.48
112.50,110.50,47.51
112.53,110.55,47.57
112.48,110.48,47.47
112.42,110.40,47.37
112.45,110.44,47.43
112.49,110.49,47.49
112.55,110.56,47.60
112.57,110.59,47.63
112.54,110.56,47.59
112.53,110.55,47.58
112.56,110.58,47.62
112.51,110.52,47.54
112.49,110.49,47.49
112.58,110.61,47.67
112.56,110.57,47.61
112.53,110.54,47.56
112.50,110.51,47.51
112.57,110.59,47.64
112.58,110.60,47.66
112.61,110.64,47.71
112.49,110.50,47.50
112.48,110.48,47.48
112.47,110.47,47.47
112.53,110.54,47.57
112.57,110.59,47.65
112.52,110.53,47.55
112.57,110.59,47.64
112.62,110.66,47.74
112.67,110.72,47.85
112.68,110.73,47.86
112.64,110.68,47.78
112.58,110.60,47.65
112.51,110.51,47.52
112.54,110.55,47.58
112.49,110.49,47.50
112.60,110.63,47.70
112.63,110.66,47.76
112.66,110.71,47.83
112.66,110.71,47.84
112.68,110.74,47.87
112.66,110.71,47.82
112.67,110.73,47.86
112.72,110.79,47.96
112.72,110.79,47.96
112.74,110.82,48.01
112.77,110.85,48.07
112.77,110.85,48.06
112.72,110.78,47.95
112.71,110.78,47.95
112.80,110.90,48.15
112.78,110.86,48.08
112.79,110.88,48.11
112.82,110.93,48.19
112.79,110.89,48.13
112.75,110.83,48.03
112.72,110.79,47.97
112.78,110.87,48.10
112.76,110.85,48.06
112.73,110.81,47.99
112.67,110.73,47.86
112.67,110.72,47.85
112.70,110.76,47.91
112.72,110.79,47.95
112.82,110.92,48.18
112.78,110.87,48.10
112.75,110.83,48.04
112.79,110.88,48.12
112.82,110.93,48.20
112.85,110.97,48.28
112.85,110.96,48.26
112.87,111.00,48.32
112.90,111.04,48.39
112.90,111.03,48.38
112.84,110.95,48.25
112.84,110.95,48.23
112.83,110.93,48.21
112.84,110.95,48.23
112.87,110.99,48.31
112.90,111.03,48.38
112.91,111.04,48.40
112.85,110.96,48.25
112.86,110.98,48.28
112.88,111.00,48.33
112.90,111.04,48.40
112.93,111.08,48.46
112.90,111.04,48.39
112.93,111.07,48.45
112.63,110.67,47.77
112.63,110.67,47.76
112.61,110.64,47.72
112.58,110.61,47.67
112.58,110.61,47.66
112.59,110.61,47.67
112.59,110.62,47.68
112.63,110.66,47.75
112.61,110.65,47.73
112.62,110.66,47.75
112.64,110.69,47.79
112.60,110.63,47.70
112.66,110.71,47.83
112.64,110.68,47.79
112.65,110.70,47.81
112.67,110.73,47.86
112.62,110.65,47.74
112.80,110.89,48.13
112.77,110.86,48.08
112.75,110.83,48.03
112.73,110.80,47.98
112.78,110.87,48.09
112.78,110.87,48.10
112.80,110.90,48.15
112.72,110.78,47.95
112.70,110.77,47.93
112.67,110.73,47.86
112.74,110.82,48.01
112.77,110.86,48.07
112.67,110.72,47.84
112.71,110.77,47.94
112.76,110.84,48.06
112.81,110.91,48.17
112.76,110.84,48.05
112.81,110.91,48.16
112.76,110.84,48.05
112.67,110.72,47.85
112.73,110.79,47.97
112.67,110.73,47.86
112.98,111.14,48.58
112.94,111.08,48.48
112.93,111.08,48.47
112.89,111.02,48.37
112.85,110.97,48.27
112.85,110.96,48.26
112.93,111.08,48.47
112.93,111.08,48.47
112.97,111.14,48.57
112.85,110.96,48.26
112.85,110.97,48.27
112.85,110.97,48.27
112.89,111.02,48.36
112.93,111.08,48.47
112.94,111.09,48.48
112.96,111.12,48.54
112.98,111.14,48.58
113.02,111.20,48.68
113.04,111.24,48.75
113.05,111.25,48.77
112.99,111.16,48.61
113.00,111.17,48.63
112.96,111.12,48.54
112.91,111.05,48.41
112.92,111.06,48.43
112.88,111.01,48.34
113.09,111.30,48.87
113.06,111.26,48.80
113.07,111.28,48.82
113.11,111.33,48.91
113.08,111.29,48.84
113.04,111.23,48.73
113.01,111.19,48.67
112.84,110.95,48.24
112.83,110.94,48.22
112.86,110.99,48.30
112.90,111.03,48.39
112.83,110.94,48.22
112.88,111.01,48.34
112.92,111.06,48.44
112.97,111.13,48.55
112.91,111.05,48.42
112.94,111.09,48.49
113.00,111.18,48.65
112.99,111.16,48.62
113.02,111.20,48.69
113.06,111.26,48.78
113.05,111.25,48.76
112.98,111.15,48.59
112.97,111.13,48.56
113.04,111.24,48.75
113.01,111.18,48.65
112.97,111.13,48.55
112.97,111.13,48.55
112.97,111.13,48.56
113.08,111.29,48.84
113.05,111.24,48.75
113.01,111.18,48.65
113.05,111.24,48.76
113.09,111.30,48.85
113.12,111.34,48.92
113.11,111.33,48.92
113.14,111.37,48.98
113.17,111.41,49.05
113.17,111.41,49.05
113.11,111.33,48.91
113.11,111.33,48.91
113.20,111.46,49.13
113.18,111.42,49.07
113.18,111.43,49.09
113.22,111.48,49.17
113.19,111.44,49.10
113.15,111.38,49.00
113.12,111.34,48.93
113.17,111.41,49.06
113.18,111.42,49.08
113.15,111.38,49.01
113.13,111.36,48.96
113.14,111.37,48.98
113.12,111.34,48.94
113.11,111.33,48.92
113.21,111.47,49.15
113.18,111.42,49.08
113.15,111.38,49.00
113.19,111.43,49.09
113.22,111.48,49.18
113.25,111.52,49.25
113.25,111.51,49.24
113.27,111.55,49.29
113.31,111.59,49.36
113.30,111.58,49.35
113.24,111.51,49.22
113.23,111.50,49.20
113.23,111.49,49.19
113.24,111.50,49.21
113.27,111.54,49.28
113.30,111.58,49.34
113.30,111.58,49.35
113.24,111.51,49.23
113.25,111.52,49.24
113.28,111.56,49.31
113.30,111.59,49.36
113.33,111.62,49.42
113.31,111.59,49.36
113.33,111.63,49.42
113.05,111.25,48.77
113.06,111.25,48.78
113.03,111.21,48.71
113.00,111.18,48.64
113.00,111.18,48.64
113.00,111.18,48.64
113.00,111.17,48.63
113.11,111.32,48.90
113.07,111.27,48.81
113.06,111.26,48.79
113.09,111.30,48.86
113.03,111.22,48.72
113.08,111.29,48.84
113.06,111.25,48.78
113.06,111.26,48.78
113.09,111.29,48.85
113.03,111.22,48.71
113.21,111.46,49.15
113.18,111.43,49.08
113.15,111.39,49.01
113.13,111.35,48.95
113.20,111.45,49.12
113.21,111.46,49.15
113.24,111.50,49.21
113.13,111.35,48.95
113.13,111.35,48.95
113.12,111.35,48.94
113.17,111.41,49.05
113.21,111.46,49.14
113.15,111.39,49.01
113.17,111.41,49.06
113.19,111.44,49.11
113.21,111.47,49.16
113.21,111.46,49.14
113.24,111.50,49.22
113.22,111.48,49.17
113.14,111.37,48.99
113.18,111.42,49.07
113.14,111.36,48.97
113.32,111.61,49.39
113.29,111.56,49.32
113.26,111.53,49.26
113.27,111.55,49.29
113.25,111.51,49.23
113.27,111.54,49.29
113.26,111.53,49.26
113.28,111.55,49.30
113.31,111.60,49.38
113.24,111.51,49.22
113.37,111.67,49.49
113.35,111.64,49.45
113.39,111.70,49.55
113.44,111.76,49.65
113.43,111.75,49.62
113.33,111.61,49.40
113.31,111.59,49.37
113.48,111.81,49.72
113.42,111.73,49.60
113.42,111.74,49.61
113.36,111.66,49.47
113.31,111.59,49.37
113.43,111.74,49.61
113.48,111.81,49.72
113.32,111.61,49.40
113.39,111.69,49.53
113.44,111.76,49.65
113.34,111.64,49.44
113.37,111.67,49.49
113.49,111.82,49.74
113.45,111.77,49.67
113.45,111.77,49.66
113.41,111.72,49.58
113.37,111.67,49.50
113.44,111.76,49.65
113.48,111.81,49.73
113.37,111.67,49.50
113.41,111.72,49.59
113.47,111.79,49.69
113.37,111.67,49.51
113.38,111.68,49.51
113.48,111.81,49.73
113.45,111.76,49.65
113.41,111.72,49.58
113.45,111.77,49.66
113.49,111.82,49.74
113.54,111.87,49.83
113.53,111.87,49.83
113.58,111.92,49.91
113.62,111.98,50.01
113.62,111.98,50.00
113.53,111.87,49.82
113.53,111.86,49.82
113.53,111.86,49.82
113.53,111.87,49.82
113.58,111.92,49.91
113.62,111.98,50.00
113.62,111.98,50.00
113.53,111.87,49.83
113.53,111.87,49.83
113.58,111.93,49.92
113.62,111.98,50.00
113.67,112.03,50.09
113.62,111.98,50.00
113.68,112.05,50.11
113.62,111.98,50.00
113.60,111.95,49.96
113.56,111.91,49.89
113.52,111.85,49.80
113.51,111.84,49.78
113.52,111.86,49.81
113.53,111.86,49.81
113.67,112.03,50.09
113.62,111.98,50.00
113.62,111.98,50.00
113.67,112.03,50.09
113.57,111.92,49.91
113.67,112.03,50.09
113.62,111.98,50.00
113.62,111.98,50.00
113.67,112.03,50.09
113.57,111.92,49.91
113.72,112.09,50.18
113.72,112.09,50.18
113.76,112.14,50.27
113.81,112.20,50.36
113.81,112.20,50.35
113.72,112.09,50.18
113.71,112.09,50.18
113.85,112.25,50.43
113.79,112.17,50.31
113.80,112.18,50.33
113.75,112.13,50.24
113.71,112.09,50.18
113.80,112.19,50.34
113.86,112.25,50.44
113.71,112.09,50.18
113.76,112.14,50.27
113.81,112.20,50.35
113.72,112.09,50.18
113.72,112.09,50.18
113.86,112.25,50.45
113.82,112.21,50.38
113.81,112.20,50.36
113.76,112.14,50.27
113.72,112.09,50.18
113.81,112.20,50.36
113.86,112.25,50.44
113.72,112.09,50.18
113.76,112.14,50.27
113.83,112.23,50.40
113.72,112.09,50.18
113.72,112.09,50.18
113.86,112.25,50.44
113.81,112.20,50.36
113.76,112.14,50.27
113.82,112.21,50.37
113.86,112.25,50.45
113.93,112.33,50.58
113.91,112.31,50.54
113.96,112.36,50.63
114.03,112.44,50.76
114.01,112.42,50.73
113.91,112.31,50.54
113.91,112.31,50.54
113.91,112.31,50.53
113.91,112.31,50.54
113.96,112.36,50.63
114.01,112.42,50.73
114.01,112.42,50.73
113.91,112.31,50.54
113.91,112.31,50.54
113.97,112.38,50.65
114.01,112.43,50.74
114.06,112.48,50.83
114.02,112.43,50.75
114.06,112.49,50.84
113.99,112.41,50.70
113.99,112.40,50.69
113.95,112.35,50.61
113.89,112.29,50.51
113.88,112.28,50.49
113.90,112.30,50.52
113.90,112.30,50.53
114.05,112.47,50.82
114.00,112.42,50.72
114.00,112.41,50.71
114.05,112.46,50.80
113.95,112.36,50.63
114.04,112.46,50.79
114.00,112.41,50.71
114.00,112.42,50.72
114.05,112.47,50.82
113.95,112.36,50.62
114.10,112.52,50.90
114.10,112.52,50.90
114.14,112.57,50.98
114.18,112.62,51.07
114.18,112.61,51.06
114.09,112.52,50.89
114.09,112.51,50.88
114.21,112.65,51.13
114.17,112.61,51.05
114.17,112.61,51.05
114.13,112.56,50.97
114.08,112.50,50.87
114.18,112.61,51.06
114.22,112.66,51.15
114.09,112.52,50.89
114.13,112.56,50.98
114.18,112.61,51.07
114.09,112.52,50.90
114.10,112.52,50.90
114.28,112.73,51.28
114.24,112.68,51.19
114.23,112.67,51.16
114.15,112.59,51.01
114.11,112.54,50.93
114.20,112.63,51.10
114.23,112.68,51.18
114.12,112.54,50.94
114.19,112.62,51.08
114.24,112.69,51.20
114.12,112.55,50.95
114.12,112.55,50.96
114.24,112.68,51.19
114.20,112.64,51.11
114.16,112.60,51.03
114.23,112.67,51.17
114.28,112.73,51.29
114.32,112.78,51.37
114.30,112.75,51.32
114.32,112.77,51.35
114.35,112.81,51.44
114.33,112.79,51.39
114.28,112.73,51.28
114.26,112.70,51.23
114.26,112.70,51.22
114.28,112.73,51.27
114.31,112.76,51.35
114.33,112.78,51.38
114.35,112.80,51.42
114.30,112.75,51.31
114.32,112.77,51.36
114.38,112.85,51.51
114.37,112.83,51.48
114.39,112.86,51.54
114.43,112.90,51.62
114.42,112.88,51.59
114.36,112.82,51.45
114.34,112.80,51.42
114.47,112.94,51.72
114.42,112.89,51.61
114.44,112.91,51.64
114.48,112.96,51.76
114.45,112.92,51.67
114.39,112.85,51.53
114.36,112.81,51.44
114.44,112.91,51.66
114.46,112.93,51.69
114.41,112.88,51.59
114.39,112.85,51.52
114.40,112.86,51.54
114.37,112.83,51.48
114.35,112.81,51.44
114.49,112.97,51.78
114.44,112.92,51.66
114.40,112.87,51.56
114.45,112.92,51.67
114.49,112.97,51.78
114.52,113.01,51.86
114.52,113.01,51.86
114.55,113.04,51.94
114.58,113.07,52.02
114.57,113.07,52.01
114.52,113.00,51.86
114.51,113.00,51.85
114.50,112.98,51.80
114.50,112.98,51.81
114.54,113.03,51.92
114.57,113.06,51.99
114.58,113.08,52.02
114.51,113.00,51.84
114.52,113.01,51.86
114.55,113.04,51.94
114.58,113.08,52.02
114.61,113.11,52.10
114.58,113.07,52.02
114.60,113.11,52.09
114.31,112.76,51.33
114.30,112.75,51.32
114.27,112.72,51.26
114.25,112.69,51.21
114.25,112.69,51.20
114.25,112.69,51.21
114.25,112.70,51.22
114.36,112.82,51.46
114.32,112.78,51.37
114.31,112.77,51.35
114.34,112.80,51.41
114.29,112.74,51.29
114.34,112.79,51.40
114.31,112.76,51.34
114.32,112.77,51.36
114.35,112.81,51.43
114.28,112.73,51.28
114.46,112.94,51.71
114.44,112.91,51.65
114.42,112.89,51.60
114.39,112.86,51.54
114.45,112.92,51.68
114.46,112.93,51.70
114.48,112.96,51.75
114.39,112.85,51.52
114.38,112.84,51.50
114.37,112.84,51.49
114.42,112.89,51.60
114.45,112.93,51.68
114.40,112.86,51.55
114.43,112.90,51.63
114.46,112.93,51.70
114.49,112.97,51.77
114.46,112.94,51.70
114.49,112.97,51.78
114.46,112.94,51.71
114.39,112.86,51.53
114.42,112.89,51.61
114.38,112.84,51.51
114.66,113.17,52.25
114.62,113.13,52.14
114.62,113.12,52.13
114.57,113.07,52.01
114.54,113.03,51.91
114.53,113.02,51.90
114.61,113.12,52.13
114.61,113.12,52.12
114.65,113.17,52.24
114.53,113.02,51.90
114.53,113.02,51.89
114.53,113.02,51.89
114.57,113.07,52.01
114.61,113.12,52.12
114.61,113.11,52.11
114.64,113.16,52.21
114.66,113.18,52.26
114.70,113.23,52.39
114.72,113.26,52.47
114.74,113.27,52.50
114.67,113.19,52.30
114.68,113.20,52.33
114.64,113.15,52.20
114.59,113.09,52.05
114.60,113.10,52.07
114.56,113.05,51.96
114.77,113.32,52.62
114.74,113.28,52.53
114.75,113.29,52.55
114.79,113.34,52.67
114.76,113.30,52.58
114.72,113.25,52.45
114.69,113.22,52.36
114.52,113.01,51.86
114.51,112.99,51.82
114.54,113.03,51.91
114.58,113.08,52.02
114.50,112.98,51.80
114.56,113.06,51.98
114.60,113.11,52.09
114.64,113.15,52.21
114.59,113.09,52.06
114.62,113.13,52.15
114.68,113.20,52.33
114.67,113.18,52.28
114.70,113.22,52.38
114.73,113.27,52.49
114.72,113.25,52.46
114.66,113.18,52.27
114.64,113.16,52.22
114.73,113.26,52.47
114.69,113.21,52.35
114.65,113.16,52.22
114.65,113.16,52.23
114.65,113.16,52.23
114.76,113.31,52.59
114.72,113.26,52.47
114.68,113.21,52.34
114.72,113.25,52.46
114.76,113.30,52.58
114.78,113.33,52.66
114.79,113.34,52.67
114.81,113.37,52.76
114.84,113.40,52.85
114.84,113.41,52.86
114.79,113.34,52.68
114.79,113.34,52.68
114.87,113.45,52.98
114.85,113.42,52.89
114.86,113.43,52.92
114.89,113.48,53.05
114.87,113.44,52.96
114.82,113.39,52.80
114.80,113.36,52.73
114.86,113.44,52.94
114.87,113.45,52.97
114.84,113.40,52.85
114.81,113.37,52.76
114.82,113.38,52.79
114.80,113.36,52.74
114.80,113.35,52.71
114.90,113.48,53.06
114.86,113.44,52.95
114.83,113.40,52.83
114.87,113.44,52.95
114.90,113.49,53.07
114.92,113.52,53.16
114.92,113.52,53.15
114.94,113.54,53.23
114.97,113.58,53.33
114.96,113.57,53.31
114.92,113.51,53.15
114.92,113.51,53.14
114.89,113.48,53.05
114.90,113.49,53.09
114.93,113.53,53.20
114.95,113.56,53.27
114.96,113.57,53.31
114.91,113.50,53.12
114.92,113.52,53.16
114.94,113.55,53.24
114.96,113.58,53.32
114.98,113.60,53.39
114.96,113.58,53.32
114.98,113.60,53.40
114.73,113.26,52.48
114.73,113.26,52.48
114.70,113.23,52.40
114.68,113.20,52.32
114.68,113.20,52.33
114.68,113.20,52.32
114.68,113.20,52.31
114.78,113.33,52.66
114.75,113.29,52.54
114.74,113.28,52.51
114.76,113.31,52.59
114.71,113.24,52.44
114.76,113.30,52.56
114.73,113.27,52.49
114.73,113.27,52.49
114.76,113.30,52.57
114.71,113.23,52.41
114.87,113.45,52.97
114.84,113.41,52.87
114.82,113.38,52.78
114.79,113.35,52.70
114.85,113.42,52.90
114.86,113.43,52.92
114.88,113.46,53.01
114.79,113.34,52.69
114.79,113.34,52.68
114.79,113.34,52.68
114.82,113.39,52.80
114.86,113.43,52.92
114.82,113.38,52.78
114.84,113.41,52.87
114.87,113.45,52.96
114.89,113.48,53.05
114.87,113.44,52.96
114.89,113.48,53.04
114.87,113.44,52.95
114.81,113.37,52.75
114.83,113.40,52.84
114.80,113.35,52.71
115.02,113.65,53.54
114.99,113.61,53.41
114.99,113.61,53.41
114.95,113.56,53.28
114.92,113.52,53.16
114.92,113.52,53.16
114.99,113.61,53.41
114.99,113.61,53.41
115.02,113.65,53.53
114.92,113.52,53.17
114.92,113.52,53.17
114.93,113.52,53.18
114.96,113.57,53.29
114.99,113.61,53.42
114.99,113.62,53.43
115.02,113.65,53.53
115.02,113.66,53.55
115.05,113.70,53.67
115.07,113.74,53.76
115.08,113.75,53.80
115.03,113.68,53.59
115.04,113.69,53.62
115.01,113.64,53.48
114.97,113.59,53.35
114.98,113.60,53.38
114.95,113.56,53.26
115.11,113.79,53.90
115.08,113.75,53.81
115.09,113.76,53.82
115.11,113.80,53.93
115.09,113.77,53.85
115.06,113.72,53.73
115.04,113.69,53.64
114.91,113.51,53.13
114.91,113.50,53.10
114.93,113.53,53.19
114.96,113.57,53.31
114.90,113.49,53.08
114.95,113.55,53.25
114.98,113.60,53.38
115.01,113.64,53.50
114.97,113.58,53.34
114.99,113.61,53.42
115.04,113.68,53.62
115.03,113.67,53.58
115.05,113.70,53.66
115.08,113.74,53.78
115.07,113.73,53.73
115.02,113.66,53.55
115.01,113.65,53.51
115.07,113.74,53.77
115.04,113.69,53.64
115.01,113.65,53.52
115.01,113.65,53.52
115.01,113.65,53.51
115.10,113.78,53.88
115.07,113.73,53.75
115.04,113.69,53.63
115.07,113.73,53.75
115.10,113.77,53.86
115.12,113.80,53.94
115.12,113.81,53.95
115.14,113.84,54.03
115.15,113.86,54.11
115.16,113.87,54.12
115.12,113.81,53.96
115.12,113.81,53.97
115.19,113.93,54.28
115.17,113.90,54.20
115.19,113.92,54.26
115.23,113.98,54.42
115.21,113.95,54.33
115.16,113.87,54.11
115.14,113.84,54.04
115.16,113.88,54.14
115.17,113.88,54.16
115.15,113.85,54.07
115.13,113.83,54.00
115.13,113.83,54.02
115.13,113.82,53.99
115.12,113.81,53.97
115.20,113.93,54.29
115.18,113.90,54.21
115.16,113.87,54.12
115.19,113.93,54.27
115.23,113.99,54.43
115.24,114.02,54.50
115.23,113.99,54.43
115.23,113.99,54.44
115.25,114.03,54.52
115.23,114.00,54.45
115.21,113.97,54.37
115.20,113.94,54.30
115.20,113.93,54.28
115.21,113.96,54.35
115.23,113.99,54.43
115.23,113.99,54.44
115.25,114.02,54.51
115.23,113.99,54.42
115.24,114.01,54.50
115.26,114.05,54.58
115.26,114.05,54.58
115.28,114.07,54.64
115.29,114.10,54.72
115.29,114.10,54.71
115.26,114.04,54.57
115.26,114.04,54.56
115.31,114.14,54.81
115.30,114.11,54.74
115.30,114.13,54.77
115.33,114.17,54.87
115.31,114.14,54.79
115.28,114.08,54.67
115.26,114.05,54.59
115.31,114.13,54.78
115.31,114.13,54.79
115.29,114.10,54.69
115.27,114.06,54.60
115.27,114.07,54.63
115.27,114.06,54.60
115.26,114.05,54.59
115.33,114.17,54.88
115.31,114.13,54.79
115.29,114.09,54.69
115.31,114.14,54.79
115.33,114.18,54.89
115.35,114.21,54.97
115.35,114.21,54.96
115.36,114.24,55.03
115.38,114.27,55.11
115.38,114.27,55.10
115.35,114.20,54.95
115.34,114.20,54.95
115.33,114.17,54.88
115.34,114.18,54.91
115.36,114.23,55.01
115.37,114.26,55.08
115.38,114.27,55.11
115.34,114.20,54.94
115.35,114.21,54.97
115.36,114.24,55.04
115.38,114.27,55.11
115.40,114.30,55.18
115.38,114.27,55.11
115.40,114.30,55.18
115.07,113.73,53.76
115.07,113.74,53.76
115.05,113.71,53.68
115.04,113.68,53.61
115.04,113.68,53.61
115.04,113.68,53.61
115.03,113.68,53.60
115.11,113.79,53.92
115.09,113.76,53.82
115.08,113.75,53.79
115.10,113.77,53.86
115.06,113.72,53.71
115.09,113.76,53.84
115.07,113.74,53.76
115.08,113.74,53.77
115.09,113.77,53.85
115.06,113.71,53.69
115.18,113.90,54.21
115.16,113.87,54.13
115.14,113.84,54.04
115.12,113.81,53.96
115.16,113.87,54.13
115.16,113.88,54.15
115.18,113.91,54.23
115.12,113.80,53.95
115.12,113.80,53.94
115.11,113.80,53.94
115.14,113.84,54.05
115.16,113.88,54.15
115.14,113.83,54.03
115.15,113.86,54.09
115.17,113.89,54.16
115.18,113.91,54.23
115.17,113.89,54.17
115.19,113.92,54.24
115.17,113.89,54.18
115.13,113.82,54.00
115.14,113.85,54.06
115.12,113.81,53.96
115.24,114.00,54.47
115.22,113.97,54.39
115.20,113.94,54.32
115.20,113.95,54.32
115.20,113.94,54.31
115.20,113.94,54.31
115.20,113.94,54.30
115.21,113.96,54.36
115.23,114.00,54.45
115.20,113.93,54.29
115.31,114.14,54.80
115.30,114.11,54.73
115.28,114.08,54.66
115.27,114.05,54.59
115.30,114.12,54.75
115.30,114.12,54.75
115.32,114.15,54.82
115.25,114.03,54.53
115.24,114.00,54.46
115.22,113.98,54.41
115.27,114.06,54.61
115.29,114.09,54.69
115.27,114.06,54.61
115.29,114.10,54.70
115.31,114.13,54.78
115.33,114.17,54.86
115.31,114.13,54.77
115.32,114.16,54.85
115.30,114.12,54.76
115.25,114.03,54.54
115.27,114.06,54.62
115.24,114.01,54.48
115.42,114.36,55.31
115.40,114.31,55.19
115.40,114.31,55.19
115.37,114.26,55.07
115.35,114.21,54.96
115.35,114.21,54.96
115.40,114.31,55.19
115.40,114.31,55.20
115.42,114.36,55.31
115.35,114.21,54.97
115.35,114.21,54.98
115.35,114.22,54.98
115.38,114.26,55.09
115.40,114.31,55.20
115.40,114.32,55.21
115.42,114.36,55.31
115.43,114.37,55.34
115.46,114.43,55.46
115.48,114.47,55.55
115.48,114.49,55.59
115.44,114.39,55.37
115.44,114.40,55.40
115.42,114.35,55.28
115.39,114.28,55.14
115.39,114.30,55.17
115.37,114.25,55.06
115.51,114.54,55.69
115.49,114.49,55.60
115.49,114.50,55.62
115.51,114.55,55.72
115.49,114.51,55.63
115.47,114.45,55.51
115.45,114.41,55.42
115.34,114.19,54.93
115.34,114.19,54.92
115.36,114.22,55.00
115.38,114.27,55.10
115.33,114.18,54.90
115.37,114.25,55.05
115.39,114.29,55.16
115.41,114.34,55.26
115.38,114.28,55.12
115.40,114.32,55.21
115.44,114.40,55.39
115.44,114.38,55.36
115.45,114.42,55.44
115.48,114.47,55.55
115.47,114.46,55.53
115.43,114.37,55.33
115.42,114.36,55.30
115.48,114.47,55.56
115.45,114.42,55.43
115.42,114.36,55.30
115.42,114.36,55.30
115.42,114.36,55.30
115.50,114.52,55.66
115.48,114.47,55.54
115.45,114.41,55.42
115.47,114.46,55.54
115.50,114.51,55.65
115.52,114.55,55.73
115.52,114.56,55.75
115.54,114.60,55.84
115.56,114.64,55.93
115.56,114.65,55.94
115.52,114.56,55.76
115.52,114.57,55.77
115.59,114.72,56.10
115.58,114.69,56.02
115.60,114.73,56.11
115.63,114.81,56.29
115.62,114.77,56.20
115.56,114.65,55.94
115.54,114.61,55.86
115.56,114.66,55.96
115.57,114.66,55.97
115.55,114.62,55.88
115.53,114.58,55.80
115.53,114.59,55.82
115.53,114.58,55.78
115.52,114.57,55.77
115.60,114.74,56.13
115.58,114.70,56.04
115.56,114.65,55.95
115.60,114.74,56.13
115.64,114.82,56.30
115.66,114.86,56.40
115.64,114.82,56.31
115.64,114.83,56.33
115.66,114.87,56.42
115.64,114.83,56.34
115.62,114.78,56.23
115.60,114.74,56.14
115.60,114.73,56.12
115.62,114.78,56.21
115.64,114.82,56.31
115.64,114.82,56.31
115.66,114.86,56.40
115.64,114.82,56.30
115.65,114.86,56.39
115.68,114.91,56.49
115.67,114.90,56.49
115.69,114.94,56.57
115.71,114.99,56.66
115.71,114.98,56.66
115.67,114.90,56.48
115.67,114.90,56.47
115.74,115.04,56.79
115.72,115.00,56.69
115.72,115.02,56.73
115.75,115.08,56.86
115.73,115.03,56.77
115.70,114.96,56.60
115.68,114.91,56.51
115.73,115.02,56.74
115.73,115.03,56.76
115.70,114.97,56.63
115.68,114.92,56.52
115.69,114.93,56.54
115.68,114.92,56.52
115.68,114.91,56.50
115.75,115.08,56.87
115.73,115.03,56.75
115.70,114.97,56.63
115.73,115.03,56.76
115.76,115.09,56.89
115.77,115.13,56.98
115.77,115.13,56.98
115.79,115.17,57.06
115.81,115.21,57.16
115.81,115.21,57.15
115.77,115.13,56.97
115.77,115.12,56.96
115.75,115.08,56.87
115.76,115.10,56.91
115.78,115.16,57.03
115.80,115.19,57.12
115.81,115.21,57.15
115.77,115.12,56.95
115.77,115.13,56.98
115.79,115.17,57.07
115.81,115.21,57.15
115.82,115.25,57.24
115.81,115.21,57.15
115.83,115.25,57.24
115.47,114.46,55.53
115.47,114.46,55.53
115.46,114.43,55.45
115.44,114.39,55.38
115.44,114.39,55.38
115.44,114.39,55.38
115.44,114.39,55.38
115.51,114.54,55.70
115.49,114.49,55.59
115.48,114.48,55.57
115.50,114.51,55.63
115.46,114.44,55.49
115.49,114.50,55.61
115.47,114.46,55.54
115.48,114.47,55.55
115.49,114.50,55.62
115.46,114.43,55.47
115.58,114.69,56.04
115.56,114.65,55.94
115.54,114.61,55.85
115.52,114.56,55.75
115.56,114.66,55.96
115.57,114.66,55.97
115.59,114.71,56.07
115.52,114.56,55.74
115.52,114.55,55.73
115.51,114.55,55.72
115.54,114.61,55.85
115.57,114.66,55.96
115.54,114.59,55.82
115.55,114.63,55.90
115.57,114.67,55.98
115.59,114.70,56.06
115.57,114.67,55.99
115.59,114.71,56.07
115.57,114.67,56.00
115.53,114.58,55.79
115.55,114.62,55.88
115.52,114.56,55.75
115.64,114.84,56.34
115.63,114.79,56.25
115.61,114.75,56.16
115.61,114.76,56.17
115.61,114.75,56.16
115.61,114.75,56.16
115.60,114.75,56.15
115.62,114.78,56.23
115.64,114.83,56.33
115.60,114.74,56.14
115.73,115.03,56.76
115.71,114.99,56.68
115.70,114.95,56.60
115.68,114.91,56.51
115.72,115.00,56.70
115.72,115.01,56.72
115.74,115.05,56.80
115.66,114.88,56.43
115.65,114.84,56.35
115.63,114.81,56.28
115.68,114.93,56.54
115.70,114.97,56.64
115.68,114.92,56.53
115.71,114.97,56.64
115.73,115.02,56.75
115.75,115.07,56.85
115.72,115.02,56.74
115.74,115.06,56.83
115.72,115.01,56.73
115.67,114.88,56.44
115.68,114.93,56.54
115.65,114.84,56.36
115.86,115.32,57.40
115.83,115.26,57.25
115.83,115.26,57.25
115.80,115.19,57.11
115.77,115.12,56.96
115.77,115.12,56.96
115.83,115.26,57.25
115.83,115.25,57.25
115.85,115.32,57.39
115.77,115.13,56.97
115.78,115.14,56.99
115.78,115.14,57.00
115.80,115.19,57.11
115.83,115.26,57.26
115.83,115.26,57.27
115.85,115.31,57.37
115.86,115.33,57.41
115.88,115.39,57.54
115.90,115.43,57.64
115.91,115.45,57.67
115.87,115.35,57.45
115.87,115.36,57.49
115.85,115.30,57.36
115.81,115.23,57.19
115.82,115.24,57.22
115.80,115.18,57.09
115.93,115.50,57.79
115.91,115.46,57.69
115.92,115.47,57.71
115.94,115.52,57.82
115.92,115.48,57.73
115.89,115.42,57.60
115.88,115.37,57.51
115.76,115.11,56.93
115.76,115.10,56.90
115.78,115.15,57.01
115.80,115.20,57.14
115.76,115.09,56.89
115.79,115.18,57.08
115.82,115.24,57.21
115.85,115.31,57.36
115.81,115.22,57.18
115.83,115.27,57.28
115.87,115.36,57.48
115.86,115.34,57.44
115.88,115.38,57.53
115.91,115.44,57.66
115.90,115.42,57.62
115.86,115.33,57.41
115.85,115.31,57.37
115.90,115.43,57.63
115.88,115.37,57.50
115.85,115.31,57.37
115.85,115.31,57.37
115.85,115.31,57.37
115.93,115.49,57.76
115.90,115.43,57.63
115.87,115.37,57.50
115.90,115.43,57.62
115.92,115.48,57.75
115.94,115.52,57.83
115.94,115.52,57.83
115.95,115.56,57.92
115.97,115.60,58.00
115.97,115.60,58.00
115.94,115.52,57.84
115.94,115.53,57.84
116.00,115.66,58.14
115.98,115.62,58.06
115.99,115.65,58.11
116.02,115.71,58.24
116.00,115.68,58.18
115.97,115.59,57.98
115.95,115.55,57.90
115.97,115.61,58.02
115.98,115.61,58.04
115.96,115.58,57.95
115.95,115.55,57.89
115.95,115.55,57.90
115.95,115.54,57.87
115.94,115.53,57.85
116.00,115.67,58.15
115.98,115.63,58.07
115.97,115.59,57.98
115.99,115.65,58.12
116.02,115.71,58.25
116.03,115.73,58.31
116.02,115.71,58.26
116.02,115.72,58.26
116.03,115.74,58.32
116.02,115.72,58.27
116.01,115.69,58.21
116.00,115.67,58.16
116.00,115.66,58.14
116.01,115.69,58.20
116.02,115.71,58.26
116.02,115.71,58.26
116.03,115.74,58.32
116.02,115.71,58.25
116.03,115.73,58.30
116.04,115.76,58.36
116.04,115.76,58.35
116.04,115.77,58.39
116.05,115.79,58.43
116.05,115.79,58.43
116.04,115.75,58.35
116.03,115.75,58.34
116.06,115.81,58.48
116.05,115.79,58.44
116.05,115.80,58.45
116.06,115.82,58.50
116.06,115.80,58.46
116.04,115.77,58.40
116.04,115.75,58.35
116.05,115.79,58.43
116.05,115.79,58.44
116.04,115.77,58.39
116.04,115.76,58.36
116.04,115.76,58.36
116.04,115.75,58.35
116.03,115.75,58.34
116.06,115.81,58.48
116.05,115.79,58.44
116.04,115.77,58.40
116.05,115.80,58.45
116.06,115.82,58.50
116.07,115.83,58.52
116.07,115.83,58.51
116.07,115.83,58.52
116.07,115.84,58.54
116.07,115.83,58.53
116.06,115.82,58.50
116.06,115.82,58.49
116.06,115.82,58.49
116.06,115.82,58.50
116.07,115.83,58.52
116.07,115.83,58.53
116.07,115.84,58.53
116.07,115.83,58.51
116.07,115.83,58.52
116.07,115.83,58.53
116.07,115.84,58.54
116.07,115.84,58.54
116.07,115.84,58.54
116.07,115.84,58.54
115.90,115.43,57.64
115.90,115.43,57.64
115.89,115.40,57.56
115.87,115.36,57.48
115.87,115.36,57.48
115.87,115.36,57.48
115.87,115.36,57.47
115.94,115.51,57.81
115.91,115.46,57.70
115.91,115.45,57.67
115.92,115.48,57.75
115.89,115.41,57.59
115.92,115.47,57.72
115.90,115.44,57.64
115.90,115.44,57.65
115.92,115.48,57.74
115.89,115.40,57.56
115.99,115.64,58.09
115.97,115.60,58.00
115.96,115.56,57.92
115.94,115.52,57.83
115.97,115.60,58.01
115.97,115.60,58.02
115.99,115.64,58.10
115.94,115.52,57.83
115.94,115.52,57.82
115.94,115.51,57.82
115.96,115.56,57.92
115.97,115.60,58.01
115.95,115.56,57.91
115.97,115.59,57.98
115.98,115.61,58.04
115.99,115.64,58.10
115.98,115.62,58.04
115.99,115.65,58.11
115.98,115.62,58.04
115.95,115.54,57.88
115.96,115.57,57.94
115.94,115.53,57.85
116.02,115.72,58.27
116.01,115.69,58.22
116.00,115.67,58.16
116.00,115.67,58.17
116.00,115.67,58.16
116.00,115.67,58.16
116.00,115.67,58.15
116.01,115.69,58.21
116.02,115.72,58.27
116.00,115.66,58.15
116.06,115.81,58.46
116.05,115.79,58.43
116.04,115.77,58.39
116.04,115.76,58.35
116.05,115.79,58.42
116.05,115.78,58.41
116.05,115.80,58.45
116.03,115.73,58.30
116.02,115.71,58.25
116.01,115.68,58.19
116.03,115.75,58.33
116.04,115.76,58.36
116.04,115.76,58.36
116.04,115.77,58.39
116.05,115.79,58.43
116.06,115.81,58.47
116.05,115.79,58.42
116.06,115.80,58.45
116.05,115.78,58.42
116.03,115.73,58.30
116.03,115.75,58.33
116.02,115.71,58.25
116.07,115.83,58.52
116.06,115.82,58.50
116.06,115.81,58.48
116.06,115.81,58.47
116.06,115.81,58.48
116.06,115.81,58.47
116.06,115.81,58.48
116.06,115.82,58.50
116.07,115.83,58.52
116.06,115.81,58.48
116.07,115.83,58.52
116.06,115.82,58.49
116.07,115.83,58.52
