119.46,139.26,59.30
119.48,139.24,59.31
119.50,139.21,59.31
119.52,139.19,59.32
119.46,139.26,59.30
119.59,139.13,59.33
119.61,139.11,59.33
119.73,138.99,59.36
119.75,138.97,59.36
119.50,139.21,59.31
119.59,139.12,59.33
119.90,138.82,59.40
119.92,138.81,59.40
120.10,138.64,59.45
120.14,138.61,59.46
119.73,138.99,59.36
119.93,138.80,59.41
120.32,138.45,59.51
120.31,138.46,59.51
120.53,138.27,59.58
120.54,138.27,59.58
120.16,138.59,59.47
120.54,138.26,59.59
120.64,138.19,59.62
120.87,138.00,59.71
120.89,137.99,59.71
120.79,138.06,59.68
121.12,137.83,59.81
120.90,137.99,59.72
121.26,137.74,59.88
121.27,137.73,59.89
121.48,137.60,60.00
121.51,137.58,60.02
121.09,137.85,59.80
121.30,137.71,59.90
121.71,137.46,60.14
121.67,137.49,60.11
121.95,137.33,60.28
121.90,137.35,60.26
121.50,137.59,60.01
121.72,137.46,60.14
122.19,137.18,60.44
122.25,137.14,60.47
122.39,137.05,60.56
122.41,137.04,60.57
121.96,137.32,60.30
122.26,137.14,60.48
122.52,136.96,60.63
122.55,136.94,60.65
122.64,136.87,60.70
122.46,137.00,60.60
122.78,136.77,60.76
122.79,136.76,60.77
122.97,136.62,60.85
122.96,136.62,60.84
122.67,136.84,60.71
122.98,136.60,60.85
123.05,136.55,60.88
123.28,136.38,60.97
123.30,136.36,60.97
123.20,136.44,60.93
123.51,136.22,61.05
123.29,136.37,60.97
123.66,136.12,61.11
123.69,136.11,61.11
123.91,135.98,61.20
123.95,135.97,61.21
123.50,136.23,61.05
123.71,136.09,61.12
124.15,135.87,61.29
124.20,135.85,61.30
124.36,135.79,61.37
124.33,135.79,61.36
123.97,135.95,61.22
124.10,135.89,61.27
124.52,135.73,61.44
124.61,135.71,61.48
124.66,135.70,61.50
124.68,135.70,61.51
124.77,135.67,61.56
125.01,135.62,61.67
125.04,135.62,61.68
124.93,135.64,61.63
125.25,135.57,61.79
125.03,135.62,61.68
125.37,135.55,61.85
125.43,135.53,61.89
125.59,135.50,61.97
125.57,135.50,61.96
125.26,135.57,61.80
125.55,135.50,61.95
125.73,135.44,62.04
125.82,135.41,62.09
125.84,135.40,62.10
125.87,135.39,62.11
125.97,135.34,62.16
126.18,135.23,62.25
126.20,135.22,62.26
126.10,135.27,62.22
126.41,135.08,62.35
126.20,135.22,62.27
126.55,134.98,62.40
126.57,134.97,62.40
126.78,134.81,62.46
126.81,134.79,62.47
126.39,135.09,62.34
126.59,134.95,62.41
127.01,134.63,62.51
127.03,134.61,62.52
127.22,134.46,62.55
127.19,134.49,62.54
126.82,134.78,62.47
127.11,134.54,62.53
127.40,134.33,62.57
127.48,134.28,62.57
127.53,134.24,62.57
127.33,134.39,62.56
127.78,134.09,62.57
127.81,134.07,62.57
128.01,133.97,62.56
128.03,133.95,62.56
127.57,134.22,62.57
127.79,134.08,62.57
128.26,133.85,62.53
128.29,133.84,62.52
128.50,133.75,62.49
128.46,133.77,62.50
128.06,133.94,62.55
128.37,133.80,62.51
128.70,133.68,62.44
128.77,133.65,62.43
128.81,133.64,62.42
128.61,133.71,62.46
129.02,133.56,62.36
129.16,133.50,62.32
129.27,133.45,62.27
129.13,133.52,62.33
128.89,133.61,62.40
129.17,133.50,62.31
129.49,133.34,62.19
129.94,133.05,61.99
129.57,133.30,62.16
129.69,133.22,62.10
129.40,133.39,62.23
129.56,133.30,62.16
129.89,133.08,62.01
129.93,133.05,61.99
130.01,132.99,61.95
129.84,133.12,62.03
130.21,132.80,61.84
130.24,132.77,61.82
130.46,132.53,61.69
130.41,132.60,61.73
130.04,132.96,61.93
130.25,132.77,61.82
130.92,131.95,61.41
130.93,131.94,61.40
130.95,131.90,61.39
130.93,131.93,61.40
130.82,132.09,61.47
130.90,131.98,61.42
130.86,132.03,61.44
130.81,132.10,61.48
130.60,132.37,61.61
130.63,132.34,61.60
130.76,132.18,61.51
130.64,132.33,61.59
130.43,132.58,61.72
130.46,132.54,61.70
130.94,131.92,61.39
130.89,132.00,61.43
130.75,132.19,61.52
119.48,139.24,59.31
119.49,139.23,59.31
119.47,139.25,59.30
119.49,139.22,59.31
119.51,139.20,59.31
119.47,139.25,59.30
119.46,139.26,59.30
119.49,139.22,59.31
119.66,139.06,59.34
119.67,139.05,59.35
119.60,139.11,59.33
119.68,139.04,59.35
119.74,138.98,59.36
119.60,139.11,59.33
119.55,139.17,59.32
119.56,139.16,59.32
119.49,139.23,59.31
119.54,139.18,59.32
119.55,139.16,59.32
119.55,139.17,59.32
119.51,139.20,59.31
119.56,139.15,59.32
119.68,139.04,59.35
119.64,139.08,59.34
119.56,139.16,59.32
119.48,139.24,59.31
120.00,138.73,59.43
120.01,138.72,59.43
119.91,138.81,59.40
120.03,138.71,59.43
120.13,138.62,59.46
119.92,138.81,59.40
119.83,138.89,59.38
119.83,138.90,59.38
119.67,139.04,59.35
119.76,138.96,59.37
119.82,138.90,59.38
119.81,138.91,59.38
119.74,138.98,59.36
119.84,138.89,59.38
120.03,138.70,59.43
119.95,138.79,59.41
119.83,138.89,59.38
119.67,139.05,59.34
120.43,138.36,59.55
120.41,138.37,59.54
120.31,138.45,59.51
120.43,138.35,59.55
120.53,138.27,59.58
120.42,138.36,59.54
120.35,138.42,59.52
120.23,138.52,59.49
120.04,138.70,59.43
120.12,138.63,59.45
120.21,138.54,59.48
120.22,138.53,59.48
120.15,138.60,59.46
120.34,138.43,59.52
120.54,138.26,59.58
120.33,138.44,59.52
120.23,138.53,59.49
120.04,138.70,59.44
120.58,138.23,59.60
120.46,138.33,59.56
120.88,138.00,59.71
120.76,138.09,59.67
120.75,138.10,59.66
120.70,138.14,59.64
120.71,138.13,59.65
120.66,138.17,59.63
120.84,138.03,59.69
120.96,137.94,59.74
121.01,137.90,59.77
120.58,138.23,59.60
120.71,138.13,59.65
120.89,137.99,59.71
120.72,138.12,59.65
120.67,138.16,59.63
120.84,138.02,59.70
121.01,137.91,59.76
121.37,137.67,59.94
121.38,137.66,59.95
121.26,137.74,59.89
121.38,137.66,59.95
121.49,137.59,60.01
121.29,137.72,59.90
121.20,137.78,59.85
121.18,137.79,59.85
120.99,137.92,59.76
121.08,137.86,59.80
121.07,137.86,59.80
121.06,137.87,59.79
121.11,137.84,59.81
121.21,137.77,59.86
121.41,137.64,59.96
121.31,137.71,59.91
121.18,137.79,59.85
121.00,137.92,59.76
121.83,137.39,60.21
121.80,137.41,60.19
121.68,137.48,60.12
121.80,137.41,60.19
121.92,137.34,60.27
121.69,137.48,60.12
121.60,137.53,60.07
121.58,137.54,60.06
121.38,137.66,59.95
121.46,137.61,59.99
121.57,137.55,60.05
121.59,137.53,60.07
121.50,137.58,60.01
121.61,137.52,60.08
121.81,137.41,60.20
121.70,137.47,60.13
121.61,137.52,60.07
121.39,137.65,59.95
122.29,137.12,60.50
122.31,137.10,60.51
122.22,137.16,60.46
122.30,137.11,60.51
122.40,137.04,60.57
121.95,137.32,60.29
121.81,137.41,60.20
122.09,137.24,60.38
122.10,137.23,60.38
122.25,137.14,60.48
122.11,137.23,60.39
121.93,137.34,60.27
122.08,137.25,60.37
122.23,137.16,60.46
122.04,137.27,60.35
122.07,137.25,60.36
122.33,137.09,60.53
121.84,137.39,60.22
122.48,136.99,60.61
122.54,136.94,60.65
122.45,137.01,60.59
122.39,137.05,60.56
122.49,136.98,60.62
122.61,136.89,60.68
122.52,136.96,60.64
122.49,136.98,60.62
122.36,137.07,60.54
122.36,137.07,60.54
122.55,136.93,60.65
122.54,136.94,60.65
122.87,136.69,60.81
122.88,136.68,60.81
122.78,136.76,60.77
122.87,136.69,60.80
122.97,136.61,60.85
122.88,136.68,60.81
122.82,136.73,60.78
122.73,136.80,60.74
122.60,136.90,60.67
122.65,136.86,60.70
122.69,136.83,60.72
122.68,136.84,60.72
122.65,136.86,60.70
122.81,136.74,60.77
122.98,136.61,60.85
122.79,136.75,60.77
122.71,136.82,60.73
122.55,136.94,60.65
123.01,136.58,60.86
122.92,136.65,60.82
123.29,136.37,60.97
123.18,136.46,60.93
123.17,136.46,60.92
123.13,136.49,60.91
123.12,136.50,60.91
123.08,136.53,60.89
123.24,136.41,60.95
123.36,136.32,60.99
123.41,136.29,61.01
123.02,136.58,60.87
123.14,136.48,60.91
123.29,136.37,60.97
123.13,136.49,60.91
123.09,136.52,60.89
123.25,136.40,60.96
123.40,136.29,61.01
123.79,136.05,61.15
123.81,136.04,61.16
123.68,136.12,61.11
123.80,136.04,61.16
123.94,135.97,61.21
123.70,136.10,61.12
123.60,136.16,61.08
123.59,136.17,61.08
123.39,136.30,61.01
123.49,136.24,61.04
123.48,136.25,61.04
123.47,136.25,61.03
123.50,136.22,61.05
123.61,136.15,61.09
123.83,136.03,61.16
123.72,136.09,61.13
123.59,136.17,61.08
123.40,136.30,61.01
124.26,135.82,61.33
124.28,135.81,61.34
124.17,135.86,61.29
124.24,135.83,61.32
124.35,135.79,61.36
124.10,135.89,61.27
124.12,135.88,61.28
124.09,135.90,61.26
123.82,136.03,61.16
123.93,135.97,61.20
124.09,135.90,61.26
124.09,135.90,61.26
123.95,135.96,61.21
124.12,135.89,61.27
124.10,135.90,61.27
124.14,135.88,61.28
124.09,135.90,61.26
123.84,136.02,61.17
124.49,135.75,61.42
124.57,135.72,61.46
124.44,135.76,61.40
124.37,135.79,61.37
124.50,135.74,61.43
124.62,135.71,61.48
124.49,135.75,61.43
124.60,135.71,61.47
124.45,135.76,61.41
124.49,135.75,61.43
124.46,135.76,61.41
124.67,135.70,61.50
124.69,135.69,61.52
124.66,135.70,61.50
125.02,135.62,61.67
124.90,135.64,61.62
124.89,135.65,61.61
124.81,135.67,61.57
124.82,135.66,61.58
124.78,135.67,61.56
124.97,135.63,61.65
125.08,135.61,61.71
125.13,135.60,61.73
124.72,135.68,61.53
124.86,135.65,61.60
125.03,135.62,61.68
124.85,135.66,61.59
124.80,135.67,61.57
124.98,135.63,61.65
125.14,135.60,61.73
125.48,135.52,61.91
125.50,135.51,61.92
125.34,135.55,61.84
125.48,135.52,61.91
125.58,135.50,61.96
125.49,135.52,61.92
125.40,135.54,61.87
125.35,135.55,61.84
125.15,135.59,61.74
125.23,135.58,61.78
125.22,135.58,61.78
125.19,135.59,61.76
125.26,135.57,61.79
125.40,135.54,61.87
125.56,135.50,61.95
125.41,135.54,61.87
125.34,135.55,61.84
125.15,135.60,61.74
125.70,135.45,62.03
125.85,135.40,62.10
125.67,135.46,62.01
125.60,135.49,61.97
125.70,135.45,62.02
125.84,135.40,62.10
125.72,135.45,62.03
125.81,135.42,62.08
125.65,135.47,62.00
125.72,135.45,62.03
125.69,135.46,62.02
125.85,135.40,62.10
125.89,135.38,62.12
125.85,135.40,62.10
126.19,135.23,62.26
126.08,135.28,62.21
126.07,135.29,62.21
126.00,135.32,62.17
126.03,135.31,62.18
125.97,135.34,62.16
126.15,135.25,62.24
126.26,135.18,62.29
126.29,135.16,62.30
125.92,135.36,62.14
126.04,135.31,62.19
126.20,135.22,62.26
126.04,135.30,62.19
125.99,135.33,62.17
126.15,135.25,62.24
126.31,135.15,62.31
126.66,134.90,62.43
126.68,134.88,62.43
126.56,134.97,62.40
126.68,134.88,62.43
126.80,134.79,62.47
126.58,134.96,62.41
126.49,135.02,62.38
126.48,135.03,62.37
126.29,135.16,62.30
126.38,135.10,62.33
126.37,135.11,62.33
126.36,135.11,62.33
126.40,135.09,62.34
126.50,135.02,62.38
126.70,134.87,62.44
126.60,134.94,62.41
126.48,135.03,62.37
126.30,135.15,62.31
127.11,134.55,62.53
127.13,134.53,62.53
127.02,134.62,62.52
127.10,134.56,62.53
127.21,134.47,62.55
127.07,134.58,62.53
126.97,134.66,62.51
126.93,134.69,62.50
126.69,134.87,62.44
126.82,134.77,62.47
126.91,134.70,62.49
126.90,134.71,62.49
126.81,134.78,62.47
126.96,134.66,62.50
127.15,134.51,62.54
126.99,134.64,62.51
126.91,134.71,62.49
126.72,134.86,62.45
127.35,134.37,62.56
127.44,134.30,62.57
127.31,134.40,62.56
127.23,134.46,62.55
127.34,134.38,62.56
127.49,134.27,62.57
127.36,134.36,62.56
127.37,134.36,62.56
127.18,134.49,62.54
127.22,134.47,62.55
127.32,134.39,62.56
127.43,134.31,62.57
127.90,134.02,62.56
127.91,134.02,62.56
127.79,134.09,62.57
127.90,134.03,62.56
128.02,133.96,62.56
127.80,134.08,62.57
127.68,134.15,62.57
127.69,134.14,62.57
127.48,134.28,62.57
127.60,134.20,62.57
127.65,134.17,62.57
127.65,134.17,62.57
127.55,134.23,62.57
127.66,134.16,62.57
127.92,134.01,62.56
127.77,134.10,62.57
127.66,134.17,62.57
127.45,134.30,62.57
128.38,133.80,62.51
128.39,133.79,62.51
128.27,133.84,62.53
128.36,133.81,62.51
128.48,133.76,62.49
128.33,133.82,62.52
128.22,133.87,62.53
128.19,133.88,62.54
127.94,134.00,62.56
128.06,133.94,62.55
128.18,133.88,62.54
128.16,133.89,62.54
128.04,133.95,62.55
128.20,133.88,62.54
128.41,133.79,62.50
128.24,133.86,62.53
128.14,133.90,62.54
127.92,134.01,62.56
128.64,133.70,62.46
128.74,133.66,62.44
128.60,133.72,62.47
128.50,133.75,62.49
128.61,133.71,62.46
128.79,133.65,62.42
128.63,133.70,62.46
128.66,133.69,62.46
128.45,133.77,62.50
128.49,133.76,62.49
128.58,133.72,62.47
128.71,133.67,62.44
129.14,133.51,62.32
129.21,133.48,62.30
129.10,133.52,62.33
129.08,133.53,62.34
129.19,133.49,62.30
129.16,133.50,62.31
129.02,133.56,62.36
129.03,133.55,62.35
128.80,133.64,62.42
128.94,133.59,62.38
128.98,133.57,62.37
128.90,133.60,62.39
128.85,133.62,62.41
128.99,133.57,62.37
129.15,133.51,62.32
128.97,133.58,62.37
128.91,133.60,62.39
128.75,133.66,62.43
129.54,133.32,62.17
129.62,133.27,62.14
129.58,133.29,62.15
129.32,133.43,62.25
129.37,133.40,62.23
129.42,133.38,62.22
129.49,133.34,62.19
129.56,133.30,62.16
129.64,133.25,62.13
129.33,133.42,62.25
129.27,133.45,62.27
129.62,133.27,62.14
129.53,133.32,62.18
129.63,133.26,62.13
129.48,133.34,62.19
129.28,133.45,62.27
129.36,133.40,62.24
129.37,133.40,62.24
129.77,133.17,62.07
129.92,133.06,62.00
129.73,133.19,62.08
129.78,133.16,62.06
129.82,133.13,62.04
129.94,133.04,61.98
129.86,133.11,62.03
129.87,133.10,62.02
129.76,133.17,62.07
129.70,133.22,62.10
129.79,133.15,62.06
129.92,133.06,61.99
130.32,132.69,61.78
130.35,132.66,61.76
130.23,132.79,61.83
130.31,132.70,61.79
130.42,132.59,61.72
130.24,132.78,61.83
130.13,132.88,61.88
130.14,132.87,61.88
129.94,133.05,61.99
130.07,132.93,61.92
130.10,132.91,61.90
130.09,132.91,61.91
130.03,132.97,61.94
130.12,132.88,61.89
130.32,132.69,61.78
130.21,132.80,61.84
130.12,132.89,61.89
129.94,133.05,61.99
130.94,131.93,61.40
130.94,131.92,61.39
130.92,131.94,61.40
130.93,131.94,61.40
130.94,131.92,61.39
130.87,132.02,61.44
130.87,132.01,61.44
130.86,132.03,61.45
130.91,131.96,61.41
130.90,131.98,61.42
130.89,131.99,61.42
130.84,132.06,61.46
130.86,132.04,61.45
130.82,132.09,61.48
130.71,132.24,61.54
130.71,132.23,61.54
130.62,132.36,61.60
130.72,132.22,61.54
130.79,132.13,61.49
130.81,132.10,61.48
130.69,132.27,61.56
130.63,132.34,61.59
130.70,132.25,61.55
130.59,132.39,61.62
130.50,132.49,61.67
130.51,132.48,61.67
130.33,132.68,61.77
130.45,132.55,61.70
130.52,132.47,61.66
130.53,132.46,61.65
130.42,132.59,61.72
130.50,132.50,61.68
130.61,132.36,61.61
130.53,132.46,61.66
130.52,132.47,61.66
130.33,132.68,61.77
130.95,131.91,61.39
130.93,131.93,61.40
130.94,131.92,61.40
130.91,131.96,61.41
130.89,131.99,61.43
130.92,131.95,61.41
130.88,132.01,61.44
130.91,131.96,61.41
130.85,132.05,61.45
130.68,132.28,61.56
130.78,132.14,61.50
130.82,132.09,61.47
130.81,132.11,61.48
130.76,132.18,61.52
130.70,132.25,61.55
130.67,132.29,61.57
119.49,139.22,59.31
119.50,139.22,59.31
119.49,139.23,59.31
119.48,139.24,59.31
119.48,139.23,59.31
119.47,139.24,59.31
119.48,139.24,59.31
119.46,139.25,59.30
119.47,139.25,59.30
119.48,139.24,59.31
119.49,139.23,59.31
119.50,139.22,59.31
119.51,139.21,59.31
119.52,139.20,59.31
119.50,139.22,59.31
119.51,139.21,59.31
119.47,139.24,59.31
119.47,139.25,59.30
119.46,139.25,59.30
119.47,139.25,59.30
119.46,139.26,59.30
119.46,139.25,59.30
119.46,139.26,59.30
119.48,139.24,59.31
119.48,139.24,59.31
119.48,139.24,59.31
119.49,139.22,59.31
119.51,139.21,59.31
119.70,139.02,59.35
119.70,139.02,59.35
119.67,139.05,59.35
119.64,139.08,59.34
119.64,139.08,59.34
119.61,139.11,59.33
119.63,139.08,59.34
119.60,139.12,59.33
119.63,139.09,59.34
119.64,139.08,59.34
119.67,139.05,59.35
119.71,139.01,59.35
119.71,139.01,59.36
119.75,138.97,59.36
119.70,139.01,59.35
119.74,138.98,59.36
119.60,139.12,59.33
119.57,139.15,59.32
119.58,139.14,59.33
119.55,139.16,59.32
119.53,139.19,59.32
119.53,139.19,59.32
119.58,139.14,59.33
119.59,139.13,59.33
119.61,139.11,59.33
119.50,139.22,59.31
119.52,139.19,59.32
119.52,139.20,59.31
119.48,139.23,59.31
119.51,139.21,59.31
119.55,139.17,59.32
119.58,139.14,59.33
119.53,139.19,59.32
119.53,139.19,59.32
119.55,139.16,59.32
119.58,139.14,59.33
119.57,139.15,59.32
119.58,139.14,59.33
119.58,139.13,59.33
119.52,139.19,59.32
119.55,139.17,59.32
119.52,139.20,59.31
119.51,139.21,59.31
119.53,139.18,59.32
119.56,139.16,59.32
119.58,139.14,59.33
119.54,139.18,59.32
119.54,139.17,59.32
119.52,139.20,59.31
119.64,139.08,59.34
119.62,139.10,59.34
119.66,139.06,59.34
119.71,139.01,59.36
119.69,139.03,59.35
119.60,139.12,59.33
119.58,139.14,59.33
119.58,139.14,59.33
119.56,139.16,59.32
119.53,139.18,59.32
119.54,139.18,59.32
119.54,139.17,59.32
119.62,139.10,59.33
119.60,139.12,59.33
119.65,139.07,59.34
119.49,139.22,59.31
119.49,139.23,59.31
119.48,139.24,59.31
119.47,139.25,59.30
119.48,139.24,59.31
119.49,139.23,59.31
119.50,139.22,59.31
119.50,139.21,59.31
120.05,138.69,59.44
120.06,138.68,59.44
120.01,138.73,59.43
119.96,138.77,59.42
119.97,138.76,59.42
119.92,138.81,59.40
119.96,138.77,59.41
119.91,138.82,59.40
119.95,138.78,59.41
119.97,138.76,59.42
120.02,138.71,59.43
120.08,138.66,59.45
120.08,138.66,59.45
120.14,138.61,59.46
120.07,138.67,59.44
120.12,138.62,59.46
119.92,138.80,59.40
119.88,138.85,59.39
119.88,138.85,59.39
119.83,138.89,59.38
119.79,138.94,59.37
119.78,138.94,59.37
119.88,138.85,59.39
119.87,138.85,59.39
119.92,138.81,59.40
119.71,139.01,59.35
119.76,138.97,59.37
119.72,139.00,59.36
119.64,139.07,59.34
119.68,139.04,59.35
119.80,138.92,59.38
119.84,138.88,59.39
119.78,138.94,59.37
119.77,138.95,59.37
119.82,138.90,59.38
119.87,138.86,59.39
119.86,138.87,59.39
119.87,138.86,59.39
119.87,138.85,59.39
119.75,138.97,59.36
119.80,138.92,59.38
119.72,139.00,59.36
119.74,138.98,59.36
119.79,138.93,59.37
119.83,138.89,59.38
119.88,138.85,59.39
119.79,138.93,59.37
119.79,138.93,59.37
119.75,138.97,59.36
119.98,138.75,59.42
119.94,138.79,59.41
120.00,138.74,59.42
120.09,138.65,59.45
120.05,138.69,59.44
119.90,138.83,59.40
119.85,138.88,59.39
119.87,138.85,59.39
119.83,138.89,59.38
119.78,138.94,59.37
119.79,138.93,59.37
119.79,138.93,59.37
119.93,138.80,59.41
119.89,138.84,59.40
119.99,138.75,59.42
119.70,139.02,59.35
119.67,139.05,59.35
119.63,139.08,59.34
119.63,139.08,59.34
119.64,139.08,59.34
119.67,139.05,59.35
119.71,139.01,59.35
119.71,139.01,59.35
120.48,138.31,59.56
120.47,138.32,59.56
120.42,138.36,59.55
120.37,138.41,59.53
120.36,138.42,59.53
120.31,138.45,59.51
120.37,138.40,59.53
120.32,138.45,59.51
120.37,138.40,59.53
120.38,138.40,59.53
120.43,138.36,59.55
120.48,138.31,59.56
120.49,138.31,59.57
120.53,138.27,59.58
120.48,138.31,59.56
120.53,138.27,59.58
120.49,138.30,59.57
120.45,138.34,59.55
120.39,138.39,59.53
120.30,138.47,59.51
120.25,138.51,59.49
120.19,138.56,59.48
120.33,138.44,59.51
120.27,138.49,59.50
120.36,138.41,59.53
120.10,138.65,59.45
120.13,138.61,59.46
120.07,138.67,59.44
119.98,138.76,59.42
120.02,138.72,59.43
120.17,138.57,59.47
120.20,138.55,59.48
120.16,138.59,59.47
120.17,138.58,59.47
120.21,138.54,59.48
120.26,138.49,59.50
120.27,138.49,59.50
120.26,138.50,59.50
120.26,138.50,59.50
120.11,138.63,59.45
120.16,138.59,59.47
120.06,138.67,59.44
120.15,138.59,59.47
120.25,138.51,59.49
120.35,138.43,59.52
120.44,138.35,59.55
120.25,138.51,59.49
120.24,138.52,59.49
120.15,138.60,59.46
120.54,138.26,59.58
120.44,138.35,59.55
120.44,138.35,59.55
120.54,138.27,59.58
120.43,138.35,59.55
120.34,138.43,59.52
120.24,138.52,59.49
120.28,138.48,59.50
120.22,138.53,59.48
120.17,138.58,59.47
120.18,138.57,59.47
120.19,138.56,59.47
120.33,138.44,59.52
120.29,138.48,59.50
120.38,138.39,59.53
120.10,138.64,59.45
120.04,138.70,59.44
119.98,138.75,59.42
119.98,138.75,59.42
119.98,138.75,59.42
120.04,138.70,59.43
120.10,138.65,59.45
120.09,138.65,59.45
120.61,138.21,59.61
120.55,138.26,59.59
120.52,138.28,59.58
120.45,138.34,59.56
120.40,138.38,59.54
120.50,138.30,59.57
120.56,138.25,59.59
120.88,138.00,59.71
120.83,138.04,59.69
120.82,138.04,59.69
120.76,138.09,59.66
120.70,138.14,59.64
120.69,138.14,59.64
120.82,138.04,59.69
120.83,138.04,59.69
120.88,138.00,59.71
120.67,138.16,59.63
120.64,138.18,59.62
120.61,138.20,59.61
120.74,138.11,59.65
120.78,138.07,59.67
120.62,138.20,59.61
120.59,138.22,59.60
120.68,138.15,59.64
120.75,138.10,59.66
120.72,138.12,59.65
120.81,138.05,59.68
120.77,138.08,59.67
120.85,138.02,59.70
120.79,138.07,59.68
120.62,138.20,59.61
120.71,138.13,59.65
120.62,138.20,59.61
120.87,138.01,59.71
120.90,137.98,59.72
120.96,137.94,59.75
121.02,137.90,59.77
121.06,137.87,59.79
120.91,137.98,59.72
120.93,137.96,59.73
120.61,138.21,59.61
120.52,138.28,59.58
120.51,138.29,59.57
120.57,138.24,59.59
120.46,138.33,59.56
120.68,138.16,59.63
120.74,138.10,59.66
120.80,138.06,59.68
120.65,138.18,59.62
120.63,138.19,59.62
120.89,137.99,59.71
120.80,138.06,59.68
120.80,138.06,59.68
120.89,137.99,59.71
120.81,138.05,59.68
120.72,138.13,59.65
120.63,138.19,59.62
120.73,138.11,59.65
120.66,138.17,59.63
120.60,138.22,59.61
120.60,138.21,59.61
120.60,138.21,59.61
120.82,138.05,59.68
120.76,138.09,59.66
120.69,138.14,59.64
120.78,138.08,59.67
120.86,138.01,59.70
120.90,137.98,59.72
120.92,137.97,59.73
120.95,137.95,59.74
120.97,137.94,59.75
121.06,137.87,59.79
121.43,137.63,59.97
121.43,137.63,59.97
121.37,137.67,59.94
121.32,137.70,59.92
121.32,137.70,59.92
121.27,137.73,59.89
121.31,137.70,59.91
121.26,137.74,59.88
121.31,137.70,59.91
121.32,137.70,59.91
121.37,137.67,59.94
121.44,137.63,59.98
121.44,137.62,59.98
121.50,137.59,60.01
121.43,137.63,59.98
121.49,137.59,60.01
121.29,137.72,59.90
121.25,137.74,59.88
121.24,137.75,59.88
121.19,137.78,59.85
121.15,137.81,59.83
121.13,137.82,59.82
121.23,137.75,59.87
121.23,137.76,59.87
121.27,137.73,59.89
121.04,137.88,59.78
121.08,137.85,59.80
121.03,137.89,59.78
120.94,137.96,59.73
120.98,137.93,59.76
121.13,137.82,59.82
121.18,137.79,59.84
120.98,137.93,59.76
120.99,137.92,59.76
121.07,137.87,59.79
121.16,137.80,59.84
121.16,137.80,59.84
121.17,137.80,59.84
121.17,137.80,59.84
120.97,137.93,59.75
121.08,137.86,59.80
120.98,137.93,59.75
121.10,137.84,59.81
121.15,137.81,59.83
121.20,137.77,59.85
121.25,137.74,59.88
121.15,137.81,59.83
121.16,137.80,59.83
121.11,137.83,59.81
121.35,137.68,59.93
121.30,137.71,59.91
121.36,137.67,59.93
121.46,137.61,59.99
121.41,137.64,59.96
121.26,137.74,59.88
121.21,137.77,59.86
121.22,137.76,59.86
121.12,137.83,59.82
121.02,137.90,59.77
121.09,137.85,59.80
121.14,137.81,59.83
121.28,137.72,59.89
121.24,137.75,59.87
121.34,137.69,59.92
121.04,137.88,59.78
120.99,137.92,59.76
120.94,137.95,59.74
120.95,137.95,59.74
120.94,137.95,59.74
121.00,137.91,59.76
121.05,137.88,59.78
121.05,137.88,59.78
121.89,137.36,60.25
121.88,137.37,60.24
121.82,137.40,60.20
121.74,137.44,60.16
121.72,137.46,60.15
121.67,137.49,60.11
121.76,137.44,60.17
121.69,137.47,60.12
121.77,137.43,60.17
121.76,137.44,60.16
121.81,137.40,60.20
121.86,137.37,60.23
121.85,137.38,60.22
121.91,137.35,60.26
121.87,137.37,60.24
121.94,137.33,60.28
121.70,137.47,60.13
121.66,137.49,60.11
121.64,137.50,60.10
121.59,137.53,60.06
121.55,137.56,60.04
121.53,137.57,60.03
121.63,137.51,60.09
121.62,137.52,60.08
121.68,137.48,60.12
121.44,137.62,59.98
121.48,137.60,60.00
121.42,137.64,59.97
121.32,137.70,59.92
121.36,137.67,59.94
121.52,137.58,60.02
121.56,137.55,60.05
121.53,137.57,60.03
121.54,137.56,60.03
121.58,137.54,60.06
121.64,137.50,60.09
121.65,137.50,60.10
121.63,137.51,60.09
121.62,137.52,60.08
121.47,137.61,60.00
121.51,137.58,60.02
121.42,137.64,59.97
121.50,137.59,60.01
121.55,137.56,60.04
121.61,137.52,60.08
121.66,137.49,60.11
121.56,137.55,60.04
121.56,137.55,60.05
121.51,137.58,60.01
121.76,137.43,60.17
121.71,137.46,60.14
121.75,137.44,60.16
121.86,137.38,60.23
121.79,137.42,60.18
121.65,137.50,60.10
121.60,137.53,60.07
121.66,137.49,60.10
121.60,137.53,60.07
121.54,137.56,60.04
121.55,137.56,60.04
121.56,137.55,60.05
121.71,137.47,60.13
121.65,137.50,60.10
121.75,137.44,60.16
121.45,137.62,59.98
121.39,137.65,59.95
121.34,137.68,59.93
121.35,137.68,59.93
121.33,137.69,59.92
121.40,137.65,59.96
121.45,137.62,59.98
121.46,137.61,59.99
122.34,137.09,60.53
122.35,137.08,60.54
122.30,137.11,60.51
122.27,137.13,60.49
122.28,137.12,60.50
122.24,137.15,60.47
122.23,137.15,60.47
122.20,137.17,60.45
122.24,137.15,60.47
122.24,137.15,60.47
122.30,137.11,60.50
122.35,137.08,60.54
122.35,137.07,60.54
122.40,137.04,60.57
122.34,137.08,60.53
122.40,137.05,60.56
121.96,137.32,60.29
121.89,137.36,60.25
121.88,137.36,60.24
121.81,137.41,60.20
121.73,137.45,60.15
121.88,137.37,60.24
121.95,137.32,60.29
122.02,137.28,60.33
122.02,137.28,60.33
122.10,137.23,60.38
122.17,137.19,60.43
122.17,137.19,60.43
122.03,137.28,60.33
122.03,137.28,60.34
122.26,137.14,60.48
122.19,137.18,60.44
122.18,137.18,60.43
122.11,137.23,60.39
122.04,137.27,60.34
122.18,137.19,60.43
122.25,137.14,60.48
121.94,137.33,60.28
122.01,137.29,60.33
122.09,137.24,60.37
122.16,137.20,60.42
122.00,137.29,60.32
121.99,137.30,60.31
121.92,137.34,60.27
122.21,137.17,60.45
122.12,137.22,60.39
122.14,137.21,60.40
122.06,137.26,60.36
121.97,137.31,60.30
122.15,137.20,60.41
122.24,137.15,60.47
121.98,137.30,60.31
122.05,137.26,60.35
122.13,137.22,60.40
122.00,137.30,60.32
122.01,137.29,60.32
122.16,137.20,60.42
122.08,137.24,60.37
122.14,137.21,60.41
122.26,137.13,60.48
122.27,137.13,60.49
122.29,137.12,60.50
122.32,137.09,60.52
122.37,137.06,60.55
121.89,137.36,60.25
121.83,137.40,60.21
121.76,137.43,60.17
121.78,137.42,60.18
121.75,137.44,60.16
121.82,137.40,60.20
121.88,137.36,60.24
121.87,137.37,60.23
122.53,136.95,60.64
122.55,136.94,60.65
122.52,136.96,60.63
122.50,136.97,60.62
122.53,136.95,60.64
122.48,136.98,60.62
122.47,136.99,60.61
122.42,137.03,60.58
122.43,137.02,60.59
122.39,137.05,60.56
122.42,137.03,60.58
122.45,137.01,60.60
122.34,137.08,60.53
122.32,137.10,60.52
122.44,137.02,60.59
122.44,137.01,60.59
122.45,137.01,60.60
122.49,136.98,60.62
122.54,136.95,60.64
122.57,136.92,60.66
122.54,136.94,60.65
122.51,136.97,60.63
122.46,137.00,60.60
122.55,136.94,60.65
122.55,136.94,60.65
122.62,136.88,60.69
122.50,136.97,60.63
122.44,137.02,60.59
122.42,137.03,60.58
122.47,136.99,60.61
122.41,137.04,60.57
122.37,137.06,60.55
122.30,137.11,60.51
122.30,137.11,60.51
122.36,137.07,60.54
122.41,137.03,60.57
122.31,137.10,60.51
122.31,137.10,60.51
122.43,137.02,60.58
122.38,137.05,60.56
122.55,136.93,60.65
122.55,136.93,60.65
122.55,136.93,60.65
122.56,136.93,60.65
122.55,136.93,60.65
122.38,137.06,60.55
122.46,137.00,60.60
122.51,136.97,60.63
122.93,136.65,60.83
122.93,136.65,60.83
122.88,136.69,60.81
122.83,136.72,60.79
122.84,136.72,60.79
122.78,136.76,60.77
122.83,136.72,60.79
122.78,136.76,60.76
122.83,136.72,60.79
122.82,136.73,60.78
122.87,136.69,60.81
122.92,136.65,60.83
122.91,136.66,60.82
122.97,136.61,60.85
122.92,136.65,60.83
122.97,136.62,60.85
122.93,136.64,60.83
122.90,136.67,60.82
122.85,136.71,60.80
122.77,136.77,60.76
122.75,136.78,60.75
122.70,136.82,60.73
122.80,136.75,60.77
122.76,136.78,60.76
122.84,136.72,60.79
122.63,136.87,60.69
122.66,136.85,60.71
122.62,136.88,60.69
122.55,136.94,60.65
122.55,136.93,60.65
122.69,136.83,60.72
122.72,136.81,60.74
122.63,136.88,60.69
122.63,136.88,60.69
122.68,136.84,60.72
122.73,136.80,60.74
122.73,136.80,60.74
122.74,136.80,60.74
122.74,136.79,60.74
122.61,136.89,60.68
122.67,136.85,60.71
122.60,136.90,60.68
122.66,136.85,60.71
122.74,136.79,60.75
122.82,136.73,60.78
122.90,136.67,60.81
122.79,136.75,60.77
122.72,136.81,60.73
122.64,136.87,60.70
122.98,136.61,60.85
122.89,136.67,60.81
122.89,136.68,60.81
122.97,136.61,60.85
122.88,136.68,60.81
122.80,136.74,60.77
122.71,136.81,60.73
122.75,136.79,60.75
122.70,136.83,60.72
122.65,136.86,60.70
122.66,136.86,60.70
122.67,136.85,60.71
122.79,136.75,60.77
122.76,136.78,60.75
122.84,136.71,60.79
122.62,136.89,60.69
122.55,136.94,60.65
122.53,136.95,60.64
122.51,136.96,60.63
122.54,136.94,60.65
122.55,136.94,60.65
122.61,136.89,60.68
122.60,136.90,60.68
123.04,136.56,60.87
122.99,136.60,60.85
122.96,136.62,60.84
122.90,136.67,60.81
122.86,136.70,60.80
122.94,136.64,60.84
122.99,136.59,60.86
123.29,136.37,60.97
123.24,136.41,60.95
123.23,136.41,60.95
123.17,136.46,60.93
123.12,136.50,60.90
123.11,136.50,60.90
123.23,136.42,60.95
123.23,136.42,60.95
123.28,136.38,60.97
123.09,136.52,60.90
123.07,136.54,60.89
123.05,136.55,60.88
123.15,136.48,60.92
123.20,136.43,60.94
123.04,136.56,60.88
123.02,136.57,60.87
123.10,136.51,60.90
123.16,136.47,60.92
123.14,136.48,60.91
123.22,136.42,60.94
123.18,136.45,60.93
123.26,136.39,60.96
123.20,136.44,60.94
123.05,136.56,60.88
123.12,136.50,60.91
123.05,136.55,60.88
123.27,136.38,60.96
123.30,136.36,60.97
123.36,136.32,61.00
123.42,136.28,61.02
123.45,136.26,61.03
123.31,136.36,60.98
123.35,136.33,60.99
123.04,136.56,60.87
122.97,136.61,60.85
122.95,136.63,60.84
123.00,136.59,60.86
122.91,136.66,60.82
123.10,136.52,60.90
123.16,136.47,60.92
123.22,136.43,60.94
123.07,136.53,60.89
123.06,136.54,60.88
123.29,136.37,60.97
123.21,136.43,60.94
123.21,136.43,60.94
123.29,136.37,60.97
123.21,136.43,60.94
123.13,136.49,60.91
123.06,136.55,60.88
123.14,136.48,60.91
123.08,136.52,60.89
123.03,136.57,60.87
123.03,136.57,60.87
123.03,136.56,60.87
123.22,136.42,60.94
123.17,136.46,60.92
123.11,136.51,60.90
123.19,136.45,60.93
123.26,136.39,60.96
123.30,136.36,60.98
123.32,136.35,60.98
123.35,136.33,60.99
123.37,136.32,61.00
123.46,136.25,61.03
123.85,136.02,61.17
123.86,136.01,61.18
123.80,136.04,61.15
123.74,136.08,61.13
123.75,136.08,61.14
123.68,136.11,61.11
123.74,136.08,61.13
123.67,136.12,61.11
123.73,136.09,61.13
123.73,136.08,61.13
123.80,136.05,61.15
123.87,136.01,61.18
123.87,136.01,61.18
123.94,135.97,61.21
123.86,136.01,61.17
123.92,135.98,61.20
123.71,136.10,61.12
123.66,136.13,61.10
123.65,136.13,61.10
123.60,136.16,61.08
123.55,136.19,61.06
123.54,136.20,61.06
123.64,136.14,61.10
123.63,136.14,61.09
123.70,136.10,61.12
123.44,136.27,61.03
123.49,136.23,61.04
123.43,136.27,61.02
123.34,136.33,60.99
123.39,136.30,61.01
123.53,136.21,61.06
123.59,136.17,61.08
123.38,136.31,61.00
123.38,136.31,61.00
123.47,136.25,61.04
123.57,136.18,61.07
123.57,136.18,61.07
123.58,136.18,61.07
123.58,136.18,61.08
123.38,136.31,61.00
123.48,136.24,61.04
123.39,136.30,61.01
123.50,136.23,61.05
123.55,136.19,61.07
123.61,136.16,61.08
123.66,136.12,61.10
123.56,136.19,61.07
123.56,136.19,61.07
123.51,136.22,61.05
123.77,136.06,61.14
123.72,136.09,61.12
123.78,136.06,61.15
123.89,136.00,61.19
123.83,136.03,61.17
123.67,136.12,61.11
123.62,136.15,61.09
123.63,136.15,61.09
123.52,136.21,61.05
123.42,136.28,61.02
123.49,136.24,61.04
123.54,136.20,61.06
123.69,136.11,61.12
123.65,136.13,61.10
123.76,136.07,61.14
123.44,136.26,61.03
123.39,136.30,61.01
123.33,136.34,60.99
123.33,136.34,60.98
123.34,136.34,60.99
123.40,136.29,61.01
123.45,136.26,61.03
123.45,136.26,61.03
124.31,135.80,61.35
124.32,135.80,61.35
124.26,135.82,61.33
124.23,135.84,61.32
124.24,135.83,61.32
124.19,135.86,61.30
124.10,135.89,61.27
124.17,135.86,61.29
124.10,135.89,61.27
124.10,135.89,61.27
124.25,135.83,61.32
124.30,135.81,61.34
124.29,135.81,61.34
124.34,135.79,61.36
124.30,135.81,61.34
124.35,135.79,61.37
124.27,135.82,61.33
124.21,135.85,61.31
124.18,135.86,61.30
124.10,135.90,61.27
124.09,135.90,61.26
124.04,135.93,61.25
124.16,135.87,61.29
124.14,135.88,61.28
124.22,135.84,61.31
123.89,135.99,61.19
123.93,135.98,61.20
123.88,136.00,61.18
123.75,136.07,61.14
123.82,136.04,61.16
124.03,135.93,61.24
124.09,135.90,61.26
124.00,135.94,61.23
123.97,135.95,61.22
124.09,135.90,61.26
124.11,135.89,61.27
124.09,135.90,61.26
124.11,135.89,61.27
124.13,135.88,61.28
123.94,135.97,61.21
124.01,135.94,61.23
123.88,136.00,61.18
123.96,135.96,61.21
124.09,135.90,61.26
124.12,135.89,61.27
124.20,135.85,61.31
124.08,135.91,61.26
124.07,135.92,61.26
123.95,135.96,61.21
124.10,135.90,61.27
124.21,135.85,61.31
124.22,135.84,61.32
124.33,135.80,61.36
124.23,135.84,61.32
124.13,135.88,61.28
124.09,135.90,61.26
124.10,135.89,61.27
124.09,135.90,61.26
123.98,135.95,61.22
123.99,135.94,61.22
124.00,135.94,61.23
124.15,135.87,61.28
124.09,135.90,61.26
124.19,135.86,61.30
123.91,135.99,61.19
123.84,136.03,61.17
123.77,136.06,61.14
123.78,136.05,61.15
123.76,136.07,61.14
123.84,136.02,61.17
123.90,135.99,61.19
123.89,136.00,61.19
124.54,135.73,61.45
124.59,135.72,61.47
124.53,135.73,61.44
124.51,135.74,61.43
124.54,135.73,61.45
124.48,135.75,61.42
124.50,135.74,61.43
124.09,135.90,61.26
124.43,135.77,61.40
124.36,135.79,61.37
124.41,135.77,61.39
124.44,135.76,61.41
124.32,135.80,61.35
124.28,135.82,61.33
124.42,135.77,61.40
124.42,135.77,61.39
124.40,135.78,61.39
124.48,135.75,61.42
124.53,135.73,61.44
124.62,135.71,61.48
124.55,135.73,61.45
124.48,135.75,61.42
124.41,135.77,61.39
124.55,135.73,61.45
124.57,135.73,61.46
124.65,135.70,61.50
124.57,135.73,61.46
124.47,135.75,61.42
124.51,135.74,61.43
124.66,135.70,61.50
124.56,135.73,61.46
124.39,135.78,61.39
124.10,135.90,61.27
124.09,135.90,61.27
124.46,135.76,61.41
124.58,135.72,61.47
124.37,135.78,61.38
124.38,135.78,61.38
124.40,135.78,61.39
124.39,135.78,61.38
124.38,135.78,61.38
124.47,135.76,61.42
124.56,135.73,61.46
124.66,135.70,61.50
124.56,135.73,61.46
124.47,135.76,61.42
124.58,135.72,61.46
124.67,135.70,61.51
124.65,135.70,61.50
124.70,135.69,61.52
124.66,135.70,61.50
124.61,135.71,61.48
124.59,135.72,61.47
124.64,135.70,61.49
124.66,135.70,61.50
125.03,135.62,61.68
124.97,135.63,61.65
124.96,135.63,61.64
124.90,135.65,61.62
124.84,135.66,61.59
124.83,135.66,61.58
124.96,135.63,61.64
124.95,135.63,61.64
125.01,135.62,61.67
124.80,135.67,61.57
124.75,135.68,61.55
124.71,135.69,61.52
124.84,135.66,61.59
124.91,135.64,61.62
124.74,135.68,61.54
124.71,135.69,61.53
124.80,135.67,61.57
124.87,135.65,61.60
124.85,135.66,61.59
124.95,135.64,61.64
124.90,135.65,61.61
124.99,135.63,61.66
124.91,135.64,61.62
124.73,135.68,61.53
124.82,135.66,61.58
124.72,135.69,61.53
125.00,135.62,61.67
125.02,135.62,61.68
125.10,135.60,61.72
125.17,135.59,61.75
125.18,135.59,61.75
125.05,135.61,61.69
125.07,135.61,61.70
124.75,135.68,61.54
124.69,135.69,61.51
124.67,135.70,61.51
124.70,135.69,61.52
124.63,135.70,61.49
124.81,135.66,61.57
124.88,135.65,61.61
124.95,135.64,61.64
124.79,135.67,61.56
124.77,135.68,61.55
125.03,135.62,61.68
124.94,135.64,61.64
124.94,135.64,61.63
125.03,135.62,61.68
124.93,135.64,61.63
124.86,135.66,61.60
124.76,135.68,61.55
124.87,135.65,61.60
124.79,135.67,61.56
124.72,135.69,61.53
124.73,135.68,61.54
124.74,135.68,61.54
124.95,135.63,61.64
124.89,135.65,61.61
124.83,135.66,61.58
124.92,135.64,61.63
125.00,135.63,61.66
125.04,135.62,61.69
125.06,135.61,61.69
125.08,135.61,61.70
125.11,135.60,61.72
125.19,135.58,61.76
125.54,135.51,61.94
125.54,135.51,61.94
125.50,135.52,61.92
125.45,135.53,61.90
125.47,135.52,61.91
125.42,135.54,61.88
125.44,135.53,61.89
125.38,135.54,61.86
125.43,135.53,61.88
125.42,135.53,61.88
125.48,135.52,61.91
125.53,135.51,61.94
125.52,135.51,61.93
125.58,135.50,61.96
125.53,135.51,61.94
125.59,135.49,61.97
125.52,135.51,61.93
125.47,135.52,61.91
125.45,135.53,61.89
125.38,135.55,61.86
125.34,135.55,61.84
125.32,135.56,61.83
125.41,135.54,61.88
125.39,135.54,61.86
125.46,135.52,61.90
125.21,135.58,61.77
125.24,135.57,61.79
125.19,135.59,61.76
125.09,135.61,61.71
125.13,135.60,61.73
125.29,135.56,61.81
125.34,135.55,61.84
125.12,135.60,61.72
125.10,135.60,61.71
125.21,135.58,61.77
125.31,135.56,61.82
125.28,135.57,61.81
125.34,135.55,61.84
125.34,135.55,61.84
125.12,135.60,61.73
125.23,135.58,61.78
125.12,135.60,61.73
125.26,135.57,61.80
125.34,135.55,61.84
125.40,135.54,61.87
125.47,135.52,61.91
125.34,135.55,61.84
125.34,135.55,61.84
125.25,135.57,61.79
125.56,135.50,61.95
125.47,135.52,61.90
125.49,135.52,61.91
125.57,135.50,61.96
125.49,135.52,61.92
125.41,135.54,61.87
125.34,135.55,61.84
125.34,135.55,61.84
125.25,135.57,61.79
125.16,135.59,61.74
125.22,135.58,61.77
125.27,135.57,61.80
125.39,135.54,61.86
125.36,135.55,61.85
125.44,135.53,61.89
125.20,135.58,61.77
125.15,135.59,61.74
125.09,135.61,61.71
125.09,135.61,61.71
125.09,135.61,61.71
125.14,135.60,61.74
125.20,135.58,61.77
125.20,135.58,61.76
125.76,135.43,62.06
125.80,135.42,62.08
125.74,135.44,62.04
125.72,135.44,62.04
125.76,135.44,62.05
125.70,135.45,62.03
125.68,135.46,62.01
125.62,135.48,61.98
125.61,135.48,61.98
125.59,135.49,61.97
125.62,135.48,61.99
125.66,135.47,62.01
125.55,135.50,61.95
125.51,135.51,61.93
125.65,135.47,62.00
125.64,135.47,61.99
125.64,135.47,61.99
125.70,135.45,62.02
125.75,135.44,62.05
125.83,135.41,62.09
125.77,135.43,62.06
125.71,135.45,62.03
125.65,135.47,62.00
125.77,135.43,62.06
125.78,135.42,62.07
125.84,135.40,62.10
125.77,135.43,62.06
125.69,135.46,62.02
125.74,135.44,62.05
125.84,135.40,62.10
125.85,135.40,62.10
125.63,135.48,61.99
125.54,135.50,61.94
125.34,135.55,61.84
125.68,135.46,62.02
125.79,135.42,62.07
125.61,135.49,61.98
125.63,135.48,61.99
125.63,135.47,61.99
125.63,135.47,61.99
125.63,135.48,61.99
125.71,135.45,62.03
125.78,135.43,62.06
125.85,135.40,62.10
125.79,135.42,62.07
125.71,135.45,62.03
125.79,135.42,62.07
125.86,135.39,62.10
125.92,135.37,62.13
125.90,135.37,62.13
125.85,135.39,62.10
125.81,135.41,62.08
125.80,135.42,62.07
125.83,135.41,62.09
125.85,135.40,62.10
126.19,135.23,62.26
126.14,135.25,62.24
126.14,135.26,62.24
126.08,135.29,62.21
126.02,135.31,62.18
126.02,135.32,62.18
126.13,135.26,62.23
126.13,135.26,62.23
126.18,135.23,62.26
125.98,135.34,62.16
125.95,135.35,62.15
125.91,135.37,62.13
126.03,135.31,62.19
126.09,135.28,62.21
125.94,135.36,62.14
125.91,135.37,62.13
126.00,135.33,62.17
126.06,135.30,62.20
126.05,135.30,62.19
126.12,135.26,62.23
126.08,135.28,62.21
126.16,135.24,62.25
126.10,135.27,62.22
125.93,135.36,62.14
126.01,135.32,62.18
125.92,135.37,62.13
126.17,135.23,62.25
126.21,135.21,62.27
126.26,135.18,62.29
126.32,135.15,62.31
126.36,135.12,62.33
126.22,135.21,62.27
126.23,135.20,62.28
125.94,135.35,62.15
125.88,135.38,62.12
125.85,135.40,62.10
125.90,135.38,62.12
125.83,135.41,62.09
126.00,135.32,62.17
126.06,135.30,62.20
126.12,135.26,62.23
125.98,135.34,62.16
125.95,135.35,62.15
126.19,135.22,62.26
126.12,135.27,62.23
126.11,135.27,62.22
126.20,135.22,62.26
126.11,135.27,62.22
126.03,135.31,62.19
125.96,135.35,62.15
126.05,135.30,62.20
125.99,135.33,62.17
125.93,135.36,62.14
125.93,135.36,62.14
125.94,135.35,62.14
126.13,135.26,62.23
126.07,135.29,62.20
126.01,135.32,62.18
126.09,135.28,62.22
126.17,135.24,62.25
126.21,135.22,62.27
126.22,135.21,62.27
126.25,135.19,62.29
126.27,135.17,62.29
126.35,135.12,62.33
126.73,134.85,62.45
126.74,134.84,62.45
126.68,134.89,62.43
126.62,134.93,62.42
126.62,134.92,62.42
126.56,134.97,62.40
126.62,134.93,62.42
126.56,134.98,62.40
126.61,134.94,62.41
126.61,134.93,62.41
126.67,134.89,62.43
126.74,134.84,62.45
126.74,134.83,62.45
126.80,134.79,62.47
126.73,134.84,62.45
126.79,134.80,62.47
126.59,134.95,62.41
126.54,134.99,62.39
126.54,134.99,62.39
126.49,135.03,62.37
126.44,135.06,62.36
126.43,135.07,62.36
126.53,135.00,62.39
126.52,135.00,62.39
126.57,134.96,62.40
126.34,135.13,62.32
126.39,135.10,62.34
126.33,135.14,62.32
126.24,135.20,62.28
126.29,135.16,62.30
126.42,135.07,62.35
126.47,135.04,62.37
126.28,135.17,62.29
126.27,135.17,62.29
126.37,135.11,62.33
126.46,135.04,62.36
126.46,135.05,62.36
126.47,135.04,62.37
126.47,135.04,62.37
126.28,135.17,62.29
126.38,135.10,62.33
126.28,135.16,62.30
126.40,135.09,62.34
126.45,135.06,62.36
126.50,135.02,62.38
126.55,134.99,62.40
126.45,135.06,62.36
126.45,135.05,62.36
126.41,135.09,62.35
126.65,134.91,62.43
126.60,134.95,62.41
126.66,134.90,62.43
126.75,134.83,62.45
126.70,134.87,62.44
126.55,134.98,62.40
126.51,135.01,62.38
126.51,135.01,62.38
126.42,135.08,62.35
126.32,135.14,62.31
126.38,135.10,62.34
126.44,135.06,62.36
126.58,134.96,62.40
126.54,134.99,62.39
126.64,134.91,62.42
126.34,135.13,62.32
126.30,135.16,62.30
126.25,135.19,62.28
126.25,135.19,62.28
126.24,135.19,62.28
126.31,135.15,62.31
126.35,135.13,62.32
126.35,135.12,62.32
127.16,134.51,62.54
127.17,134.50,62.54
127.12,134.54,62.53
127.07,134.58,62.53
127.08,134.57,62.53
127.03,134.61,62.52
127.06,134.58,62.52
127.01,134.62,62.52
127.06,134.59,62.52
127.04,134.60,62.52
127.11,134.55,62.53
127.15,134.52,62.54
127.14,134.52,62.54
127.20,134.48,62.54
127.16,134.51,62.54
127.21,134.47,62.55
127.09,134.56,62.53
127.04,134.60,62.52
127.02,134.62,62.52
126.94,134.68,62.50
126.89,134.72,62.49
126.87,134.73,62.48
127.00,134.64,62.51
126.98,134.65,62.51
127.05,134.59,62.52
126.76,134.82,62.46
126.82,134.78,62.47
126.75,134.83,62.45
126.63,134.92,62.42
126.69,134.88,62.44
126.87,134.74,62.48
126.92,134.70,62.49
126.84,134.76,62.48
126.83,134.77,62.47
126.90,134.71,62.49
126.96,134.67,62.50
126.95,134.67,62.50
126.96,134.66,62.50
126.97,134.65,62.51
126.82,134.77,62.47
126.86,134.74,62.48
126.72,134.85,62.45
126.81,134.78,62.47
126.89,134.72,62.49
126.97,134.66,62.51
127.03,134.61,62.52
126.88,134.73,62.49
126.88,134.73,62.49
126.81,134.78,62.47
127.14,134.53,62.54
127.06,134.59,62.52
127.08,134.57,62.53
127.18,134.50,62.54
127.09,134.57,62.53
126.98,134.65,62.51
126.91,134.70,62.49
126.95,134.67,62.50
126.90,134.71,62.49
126.83,134.76,62.48
126.85,134.75,62.48
126.86,134.75,62.48
127.00,134.63,62.51
126.94,134.68,62.50
127.05,134.59,62.52
126.77,134.81,62.46
126.71,134.86,62.44
126.65,134.91,62.43
126.65,134.90,62.43
126.64,134.92,62.42
126.71,134.86,62.44
126.77,134.82,62.46
126.76,134.82,62.46
127.41,134.32,62.57
127.46,134.29,62.57
127.39,134.34,62.56
127.37,134.35,62.56
127.42,134.32,62.57
127.36,134.36,62.56
127.33,134.38,62.56
127.27,134.43,62.55
127.29,134.41,62.55
127.21,134.47,62.55
127.26,134.43,62.55
127.30,134.40,62.55
127.17,134.50,62.54
127.12,134.54,62.53
127.28,134.42,62.55
127.27,134.43,62.55
127.26,134.43,62.55
127.34,134.37,62.56
127.41,134.32,62.57
127.48,134.28,62.57
127.42,134.32,62.57
127.49,134.27,62.57
127.28,134.42,62.55
127.43,134.31,62.57
127.45,134.29,62.57
127.52,134.25,62.57
127.38,134.34,62.56
127.30,134.41,62.55
127.27,134.43,62.55
127.35,134.37,62.56
127.24,134.45,62.55
127.19,134.48,62.54
127.10,134.55,62.53
127.13,134.53,62.53
127.20,134.48,62.54
127.27,134.42,62.55
127.15,134.52,62.54
127.17,134.50,62.54
127.25,134.44,62.55
127.24,134.45,62.55
127.23,134.46,62.55
127.34,134.38,62.56
127.49,134.27,62.57
127.47,134.28,62.57
127.49,134.27,62.57
127.28,134.42,62.55
127.32,134.39,62.56
127.38,134.35,62.56
127.97,133.99,62.56
127.97,133.99,62.56
127.91,134.02,62.56
127.85,134.05,62.57
127.85,134.05,62.57
127.79,134.08,62.57
127.85,134.05,62.57
127.78,134.09,62.57
127.83,134.06,62.57
127.84,134.06,62.57
127.91,134.02,62.56
127.96,133.99,62.56
127.95,134.00,62.56
128.03,133.96,62.56
127.97,133.99,62.56
128.02,133.96,62.56
127.80,134.08,62.57
127.73,134.12,62.57
127.74,134.11,62.57
127.68,134.15,62.57
127.65,134.17,62.57
127.65,134.17,62.57
127.75,134.11,62.57
127.75,134.11,62.57
127.81,134.07,62.57
127.53,134.25,62.57
127.58,134.21,62.57
127.54,134.24,62.57
127.44,134.30,62.57
127.48,134.27,62.57
127.65,134.17,62.57
127.69,134.14,62.57
127.56,134.23,62.57
127.55,134.23,62.57
127.65,134.17,62.57
127.70,134.14,62.57
127.70,134.14,62.57
127.71,134.13,62.57
127.72,134.12,62.57
127.54,134.24,62.57
127.64,134.18,62.57
127.49,134.27,62.57
127.56,134.22,62.57
127.62,134.19,62.57
127.67,134.16,62.57
127.73,134.12,62.57
127.61,134.19,62.57
127.61,134.20,62.57
127.54,134.23,62.57
127.86,134.05,62.57
127.76,134.10,62.57
127.82,134.07,62.57
127.97,133.99,62.56
127.89,134.03,62.56
127.64,134.17,62.57
127.65,134.17,62.57
127.71,134.13,62.57
127.65,134.17,62.57
127.57,134.22,62.57
127.58,134.21,62.57
127.59,134.21,62.57
127.77,134.10,62.57
127.64,134.17,62.57
127.83,134.06,62.57
127.49,134.27,62.57
127.47,134.29,62.57
127.40,134.33,62.57
127.39,134.34,62.56
127.43,134.31,62.57
127.44,134.31,62.57
127.48,134.28,62.57
127.48,134.28,62.57
128.44,133.78,62.50
128.44,133.78,62.50
128.38,133.80,62.51
128.34,133.82,62.52
128.34,133.82,62.52
128.28,133.84,62.53
128.32,133.82,62.52
128.26,133.85,62.53
128.32,133.83,62.52
128.18,133.89,62.54
128.36,133.81,62.51
128.42,133.78,62.50
128.40,133.79,62.51
128.46,133.77,62.50
128.42,133.78,62.50
128.48,133.76,62.49
128.35,133.81,62.51
128.29,133.84,62.52
128.27,133.85,62.53
128.19,133.88,62.54
128.13,133.91,62.54
128.11,133.92,62.55
128.25,133.86,62.53
128.23,133.86,62.53
128.31,133.83,62.52
127.99,133.98,62.56
128.05,133.95,62.55
127.99,133.98,62.56
127.88,134.04,62.57
127.88,134.03,62.56
128.11,133.92,62.55
128.19,133.88,62.54
128.09,133.93,62.55
128.07,133.94,62.55
128.17,133.89,62.54
128.21,133.87,62.53
128.20,133.88,62.54
128.21,133.87,62.53
128.23,133.87,62.53
128.04,133.95,62.55
128.10,133.92,62.55
127.98,133.98,62.56
128.05,133.95,62.55
128.13,133.91,62.54
128.20,133.88,62.54
128.28,133.84,62.52
128.12,133.91,62.54
128.12,133.92,62.54
128.04,133.95,62.55
128.40,133.79,62.51
128.30,133.83,62.52
128.33,133.82,62.52
128.43,133.78,62.50
128.35,133.82,62.52
128.22,133.87,62.53
128.14,133.91,62.54
128.21,133.87,62.54
128.15,133.90,62.54
128.08,133.93,62.55
128.08,133.93,62.55
128.09,133.93,62.55
128.25,133.85,62.53
128.20,133.88,62.54
128.30,133.83,62.52
128.00,133.97,62.56
127.93,134.01,62.56
127.86,134.04,62.57
127.86,134.04,62.57
127.87,134.04,62.57
127.92,134.01,62.56
127.98,133.98,62.56
127.98,133.98,62.56
128.71,133.68,62.44
128.76,133.66,62.43
128.69,133.68,62.45
128.67,133.69,62.45
128.72,133.67,62.44
128.65,133.70,62.46
128.62,133.71,62.46
128.56,133.73,62.48
128.57,133.73,62.47
128.49,133.76,62.49
128.55,133.74,62.48
128.59,133.72,62.47
128.45,133.77,62.50
128.39,133.80,62.51
128.56,133.73,62.48
128.54,133.74,62.48
128.53,133.74,62.48
128.62,133.71,62.46
128.69,133.68,62.45
128.78,133.65,62.43
128.70,133.68,62.44
128.62,133.71,62.46
128.54,133.74,62.48
128.71,133.67,62.44
128.72,133.67,62.44
128.79,133.64,62.42
128.68,133.68,62.45
128.57,133.72,62.47
128.55,133.73,62.48
128.63,133.70,62.46
128.53,133.74,62.48
128.47,133.76,62.49
128.37,133.81,62.51
128.39,133.80,62.51
128.47,133.77,62.49
128.55,133.73,62.48
128.41,133.79,62.51
128.43,133.78,62.50
128.52,133.75,62.48
128.51,133.75,62.49
128.48,133.76,62.49
128.61,133.71,62.47
128.70,133.68,62.45
128.76,133.66,62.43
128.64,133.70,62.46
128.54,133.74,62.48
128.59,133.72,62.47
128.66,133.69,62.45
129.20,133.48,62.30
129.24,133.47,62.29
129.18,133.49,62.31
129.15,133.50,62.32
129.19,133.49,62.31
129.12,133.52,62.33
129.12,133.52,62.33
129.06,133.54,62.35
129.08,133.53,62.34
129.05,133.55,62.35
129.11,133.52,62.33
129.14,133.51,62.32
129.11,133.52,62.33
129.17,133.50,62.31
129.18,133.50,62.31
129.23,133.47,62.29
129.17,133.50,62.31
129.10,133.53,62.33
129.10,133.53,62.33
129.03,133.55,62.36
128.96,133.58,62.38
128.95,133.58,62.38
129.09,133.53,62.34
129.09,133.53,62.34
129.16,133.50,62.31
128.84,133.63,62.41
128.92,133.60,62.39
128.87,133.61,62.40
128.74,133.66,62.43
128.83,133.63,62.41
128.98,133.57,62.37
129.04,133.55,62.35
128.87,133.61,62.40
128.84,133.63,62.41
128.93,133.59,62.38
129.00,133.57,62.36
128.96,133.58,62.38
129.04,133.55,62.35
129.07,133.54,62.34
128.86,133.62,62.41
128.95,133.58,62.38
128.83,133.63,62.41
128.86,133.62,62.40
128.93,133.59,62.38
129.01,133.56,62.36
129.07,133.54,62.34
128.92,133.60,62.39
128.89,133.61,62.40
128.82,133.63,62.41
129.15,133.51,62.32
129.06,133.54,62.34
129.06,133.54,62.35
129.14,133.51,62.32
129.05,133.55,62.35
128.97,133.58,62.37
128.88,133.61,62.40
128.97,133.58,62.37
128.90,133.60,62.39
128.84,133.62,62.41
128.85,133.62,62.41
128.86,133.62,62.40
128.99,133.57,62.37
128.94,133.59,62.38
129.01,133.56,62.36
128.81,133.64,62.42
128.77,133.65,62.43
128.70,133.68,62.44
128.67,133.69,62.45
128.73,133.67,62.44
128.73,133.67,62.44
128.80,133.64,62.42
128.78,133.65,62.43
129.56,133.31,62.16
129.60,133.28,62.14
129.58,133.29,62.15
129.61,133.28,62.14
129.65,133.25,62.12
129.63,133.27,62.13
129.55,133.31,62.17
129.54,133.32,62.17
129.51,133.33,62.18
129.41,133.38,62.22
129.43,133.37,62.21
129.35,133.41,62.24
129.25,133.46,62.28
129.25,133.46,62.28
129.46,133.36,62.20
129.47,133.35,62.20
129.29,133.44,62.27
129.31,133.43,62.26
129.34,133.42,62.25
129.39,133.39,62.23
129.50,133.34,62.19
129.44,133.37,62.21
129.48,133.35,62.19
129.52,133.33,62.18
129.60,133.28,62.15
129.63,133.26,62.13
129.67,133.23,62.11
129.57,133.30,62.16
129.61,133.27,62.14
129.53,133.32,62.17
129.36,133.41,62.24
129.41,133.38,62.22
129.45,133.36,62.20
129.38,133.40,62.23
129.30,133.44,62.27
129.20,133.49,62.30
129.23,133.47,62.29
129.30,133.44,62.26
129.33,133.42,62.25
129.27,133.45,62.27
129.65,133.25,62.12
129.60,133.28,62.14
129.58,133.29,62.16
129.59,133.29,62.15
129.55,133.31,62.17
129.55,133.31,62.16
129.51,133.33,62.18
129.66,133.24,62.12
129.59,133.28,62.15
129.52,133.33,62.18
129.44,133.37,62.21
129.56,133.30,62.16
129.52,133.32,62.18
129.60,133.28,62.15
129.34,133.42,62.25
129.38,133.39,62.23
129.32,133.43,62.26
129.22,133.48,62.29
129.26,133.45,62.28
129.42,133.38,62.22
129.46,133.35,62.20
129.25,133.46,62.28
129.35,133.41,62.25
129.43,133.37,62.21
129.45,133.36,62.21
129.47,133.35,62.20
129.26,133.45,62.28
129.36,133.40,62.24
129.26,133.45,62.28
129.22,133.48,62.30
129.28,133.45,62.27
129.21,133.48,62.30
129.85,133.11,62.03
129.93,133.05,61.99
129.84,133.12,62.03
129.83,133.13,62.04
129.90,133.07,62.00
129.81,133.14,62.05
129.75,133.18,62.08
129.66,133.25,62.12
129.67,133.23,62.11
129.68,133.22,62.11
129.75,133.18,62.07
129.84,133.12,62.04
129.70,133.21,62.10
129.72,133.20,62.09
129.71,133.21,62.10
129.74,133.19,62.08
129.76,133.17,62.07
129.80,133.15,62.05
129.89,133.09,62.01
129.94,133.05,61.99
129.91,133.07,62.00
129.85,133.11,62.03
129.79,133.16,62.06
129.91,133.06,62.00
129.93,133.05,61.99
129.99,133.00,61.96
129.88,133.09,62.02
129.83,133.12,62.04
129.81,133.14,62.05
129.87,133.10,62.02
129.80,133.15,62.05
129.78,133.16,62.06
129.72,133.20,62.09
129.69,133.22,62.10
129.73,133.20,62.09
129.77,133.17,62.07
129.66,133.24,62.12
129.64,133.26,62.13
129.74,133.19,62.08
129.71,133.21,62.09
129.68,133.23,62.11
129.82,133.13,62.04
129.91,133.07,62.00
129.94,133.05,61.99
129.86,133.10,62.02
129.75,133.18,62.08
129.82,133.14,62.05
129.88,133.09,62.01
130.38,132.63,61.74
130.40,132.61,61.73
130.34,132.68,61.77
130.30,132.72,61.79
130.29,132.72,61.80
130.23,132.78,61.83
130.27,132.74,61.81
130.22,132.79,61.84
130.27,132.74,61.81
130.26,132.75,61.81
130.31,132.70,61.78
130.37,132.64,61.75
130.35,132.66,61.76
130.41,132.59,61.73
130.37,132.64,61.75
130.43,132.57,61.72
130.23,132.78,61.83
130.18,132.83,61.86
130.19,132.83,61.85
130.14,132.87,61.88
130.08,132.92,61.91
130.08,132.92,61.91
130.19,132.82,61.85
130.20,132.82,61.85
130.24,132.78,61.83
130.00,132.99,61.95
130.06,132.95,61.93
130.02,132.98,61.94
129.93,133.05,61.99
129.98,133.01,61.96
130.10,132.90,61.90
130.15,132.86,61.87
130.02,132.97,61.94
130.01,132.98,61.95
130.09,132.91,61.90
130.15,132.85,61.87
130.15,132.86,61.88
130.16,132.85,61.87
130.17,132.84,61.86
130.01,132.98,61.95
130.09,132.92,61.91
130.00,133.00,61.96
130.04,132.96,61.93
130.09,132.92,61.91
130.13,132.88,61.89
130.18,132.83,61.86
130.08,132.93,61.91
130.07,132.94,61.92
130.02,132.98,61.95
130.28,132.74,61.80
130.22,132.79,61.83
130.26,132.75,61.81
130.36,132.65,61.75
130.30,132.71,61.79
130.17,132.84,61.86
130.11,132.89,61.90
130.16,132.84,61.87
130.10,132.90,61.90
130.03,132.97,61.94
130.05,132.95,61.93
130.06,132.94,61.92
130.20,132.81,61.85
130.16,132.85,61.87
130.25,132.76,61.82
130.00,133.00,61.95
129.94,133.05,61.99
129.90,133.08,62.01
129.90,133.08,62.01
129.92,133.06,61.99
129.93,133.05,61.99
129.99,133.01,61.96
129.94,133.04,61.99
130.94,131.91,61.39
130.95,131.91,61.39
130.94,131.92,61.39
130.93,131.93,61.40
130.93,131.93,61.40
130.93,131.94,61.40
130.93,131.93,61.40
130.92,131.95,61.41
130.93,131.94,61.40
130.92,131.94,61.40
130.93,131.93,61.40
130.93,131.93,61.40
130.93,131.93,61.40
130.94,131.92,61.39
130.94,131.92,61.39
130.95,131.91,61.39
130.90,131.98,61.42
130.90,131.98,61.42
130.90,131.98,61.42
130.90,131.97,61.42
130.87,132.02,61.44
130.85,132.05,61.46
130.85,132.05,61.46
130.84,132.06,61.46
130.87,132.03,61.44
130.89,131.99,61.42
130.92,131.95,61.41
130.88,132.00,61.43
130.90,131.97,61.42
130.88,132.01,61.43
130.92,131.95,61.41
130.91,131.96,61.41
130.91,131.96,61.41
130.91,131.97,61.42
130.90,131.98,61.42
130.88,132.01,61.43
130.88,132.00,61.43
130.85,132.04,61.45
130.87,132.02,61.44
130.88,132.00,61.43
130.86,132.04,61.45
130.83,132.07,61.47
130.88,132.01,61.44
130.86,132.04,61.45
130.84,132.07,61.46
130.83,132.07,61.46
130.81,132.10,61.48
130.84,132.06,61.46
130.82,132.09,61.47
130.76,132.17,61.51
130.76,132.17,61.51
130.71,132.23,61.54
130.65,132.31,61.58
130.66,132.30,61.58
130.76,132.16,61.51
130.77,132.16,61.51
130.61,132.37,61.61
130.66,132.30,61.57
130.67,132.29,61.57
130.62,132.35,61.60
130.68,132.28,61.56
130.72,132.22,61.54
130.77,132.15,61.50
130.78,132.15,61.50
130.79,132.14,61.50
130.80,132.12,61.49
130.83,132.08,61.47
130.84,132.06,61.46
130.82,132.09,61.47
130.81,132.11,61.48
130.73,132.22,61.53
130.74,132.20,61.52
130.76,132.17,61.51
130.71,132.24,61.55
130.66,132.30,61.58
130.63,132.34,61.59
130.66,132.30,61.57
130.67,132.29,61.57
130.64,132.33,61.59
130.67,132.29,61.57
130.70,132.26,61.55
130.73,132.21,61.53
130.59,132.39,61.62
130.54,132.45,61.65
130.55,132.44,61.65
130.51,132.49,61.67
130.47,132.53,61.69
130.47,132.53,61.69
130.56,132.43,61.64
130.56,132.43,61.64
130.60,132.38,61.61
130.38,132.63,61.75
130.44,132.57,61.71
130.39,132.62,61.74
130.29,132.73,61.80
130.34,132.67,61.77
130.47,132.53,61.69
130.46,132.54,61.70
130.48,132.52,61.69
130.49,132.51,61.68
130.52,132.47,61.66
130.57,132.41,61.63
130.58,132.40,61.63
130.56,132.42,61.63
130.56,132.42,61.64
130.44,132.56,61.71
130.47,132.52,61.69
130.39,132.62,61.74
130.42,132.58,61.72
130.47,132.53,61.69
130.50,132.50,61.67
130.54,132.45,61.65
130.47,132.53,61.69
130.47,132.53,61.69
130.41,132.60,61.73
130.60,132.38,61.62
130.55,132.44,61.64
130.57,132.41,61.63
130.63,132.35,61.60
130.58,132.40,61.62
130.51,132.48,61.67
130.47,132.53,61.69
130.57,132.41,61.63
130.52,132.47,61.66
130.48,132.52,61.68
130.47,132.53,61.69
130.47,132.53,61.69
130.58,132.40,61.63
130.52,132.47,61.66
130.58,132.40,61.62
130.38,132.63,61.75
130.33,132.68,61.77
130.28,132.73,61.80
130.28,132.73,61.80
130.29,132.73,61.80
130.33,132.69,61.78
130.37,132.64,61.75
130.37,132.64,61.75
130.94,131.91,61.39
130.94,131.92,61.40
130.94,131.92,61.39
130.94,131.92,61.40
130.93,131.93,61.40
130.94,131.92,61.39
130.95,131.91,61.39
130.94,131.93,61.40
130.94,131.92,61.39
130.94,131.92,61.39
130.94,131.92,61.39
130.94,131.91,61.39
130.90,131.98,61.42
130.89,131.99,61.43
130.90,131.97,61.42
130.91,131.97,61.42
130.89,131.99,61.42
130.91,131.97,61.41
130.92,131.95,61.41
130.93,131.94,61.40
130.93,131.94,61.40
130.93,131.94,61.40
130.92,131.96,61.41
130.92,131.94,61.40
130.87,132.02,61.44
130.89,131.99,61.43
130.89,131.99,61.42
130.88,132.00,61.43
130.90,131.98,61.42
130.91,131.97,61.42
130.92,131.95,61.41
130.92,131.94,61.40
130.91,131.96,61.41
130.92,131.94,61.40
130.87,132.02,61.44
130.87,132.02,61.44
130.85,132.05,61.45
130.83,132.08,61.47
130.87,132.01,61.44
130.65,132.32,61.58
130.69,132.26,61.56
130.75,132.19,61.52
130.80,132.13,61.49
130.74,132.21,61.53
130.77,132.16,61.51
130.72,132.23,61.54
130.82,132.10,61.48
130.83,132.07,61.46
130.85,132.04,61.45
130.80,132.11,61.48
130.79,132.14,61.49
130.84,132.07,61.46
130.81,132.10,61.48
130.79,132.14,61.50
130.76,132.18,61.51
130.78,132.14,61.50
130.75,132.18,61.52
130.78,132.15,61.50
130.84,132.06,61.46
130.81,132.10,61.48
130.85,132.05,61.45
130.67,132.29,61.57
130.70,132.25,61.55
130.73,132.21,61.53
130.72,132.22,61.53
130.73,132.21,61.53
130.71,132.24,61.55
130.67,132.28,61.57
130.63,132.34,61.59
130.62,132.35,61.60
130.64,132.33,61.59
130.64,132.33,61.59
130.68,132.27,61.56
130.65,132.32,61.58
