100.81,132.25,64.96
100.84,132.29,64.97
100.83,132.29,64.97
100.83,132.28,64.97
100.83,132.29,64.97
100.93,132.40,64.99
100.90,132.37,64.98
100.90,132.37,64.98
100.93,132.41,64.99
101.05,132.56,65.01
101.00,132.49,65.00
101.06,132.57,65.01
101.13,132.66,65.03
101.16,132.70,65.03
101.32,132.90,65.06
101.38,132.98,65.07
101.30,132.87,65.06
101.32,132.91,65.06
101.58,133.24,65.09
101.56,133.21,65.09
101.60,133.26,65.09
101.74,133.44,65.11
101.75,133.45,65.11
101.86,133.59,65.12
101.94,133.69,65.12
101.42,133.03,65.07
101.59,133.25,65.09
101.88,133.61,65.12
102.12,133.91,65.13
102.22,134.04,65.13
102.13,133.93,65.13
102.25,134.07,65.13
102.34,134.17,65.14
102.36,134.18,65.14
102.53,134.36,65.15
102.70,134.52,65.18
102.56,134.39,65.16
102.58,134.41,65.16
102.71,134.52,65.18
102.83,134.61,65.20
102.76,134.56,65.19
102.84,134.62,65.20
102.90,134.65,65.21
102.98,134.71,65.23
103.10,134.78,65.26
103.13,134.79,65.27
103.21,134.83,65.29
103.17,134.81,65.28
103.38,134.90,65.33
103.36,134.90,65.33
103.49,134.95,65.36
103.67,135.01,65.41
103.51,134.96,65.37
103.75,135.04,65.42
103.81,135.06,65.44
103.92,135.09,65.45
104.13,135.15,65.49
104.09,135.14,65.49
104.26,135.19,65.51
104.15,135.16,65.50
104.25,135.18,65.51
104.56,135.25,65.53
104.57,135.25,65.53
104.59,135.25,65.53
104.56,135.25,65.53
104.95,135.31,65.51
104.96,135.31,65.51
104.92,135.31,65.52
104.90,135.30,65.52
105.42,135.34,65.44
105.31,135.34,65.46
105.20,135.33,65.48
105.31,135.34,65.46
105.76,135.35,65.36
105.97,135.35,65.30
105.81,135.35,65.35
105.94,135.35,65.31
105.57,135.35,65.40
105.80,135.35,65.35
106.25,135.33,65.21
106.21,135.33,65.22
106.25,135.33,65.21
106.27,135.33,65.20
106.62,135.31,65.09
106.62,135.31,65.09
106.62,135.31,65.09
106.66,135.31,65.08
106.99,135.29,64.98
106.99,135.29,64.98
106.99,135.29,64.98
106.99,135.29,64.98
107.37,135.27,64.88
107.40,135.27,64.87
107.37,135.27,64.88
107.33,135.27,64.89
107.78,135.26,64.79
107.80,135.26,64.78
107.75,135.26,64.79
107.71,135.26,64.80
108.26,135.27,64.68
108.15,135.27,64.70
108.03,135.26,64.73
108.15,135.27,64.71
108.61,135.28,64.60
108.84,135.30,64.53
108.67,135.29,64.58
108.80,135.29,64.55
108.42,135.28,64.64
108.66,135.29,64.59
109.13,135.31,64.44
109.12,135.31,64.44
109.09,135.31,64.46
109.10,135.31,64.45
109.55,135.34,64.25
109.45,135.34,64.30
109.36,135.33,64.34
109.46,135.34,64.30
109.85,135.37,64.09
110.05,135.39,63.96
109.88,135.37,64.07
109.97,135.38,64.01
109.67,135.35,64.18
109.90,135.37,64.06
110.28,135.42,63.80
110.17,135.41,63.87
110.24,135.42,63.82
110.34,135.43,63.75
110.45,135.45,63.67
110.71,135.50,63.49
110.60,135.48,63.56
110.76,135.51,63.45
110.58,135.48,63.58
110.80,135.52,63.43
111.03,135.59,63.28
111.24,135.66,63.16
111.09,135.61,63.24
111.19,135.65,63.19
110.79,135.52,63.43
111.09,135.61,63.25
111.50,135.76,63.04
111.45,135.74,63.06
111.50,135.76,63.04
111.46,135.75,63.06
111.85,135.91,62.92
111.67,135.83,62.98
111.68,135.84,62.97
111.87,135.92,62.91
111.95,135.95,62.89
112.27,136.10,62.79
112.55,136.23,62.71
112.28,136.10,62.79
112.37,136.14,62.77
112.65,136.27,62.68
112.66,136.28,62.68
112.88,136.37,62.61
112.88,136.37,62.61
112.97,136.42,62.57
112.86,136.37,62.61
113.00,136.43,62.56
113.21,136.52,62.46
113.18,136.51,62.47
113.15,136.50,62.49
113.19,136.52,62.47
113.48,136.66,62.29
113.35,136.59,62.37
113.36,136.60,62.37
113.49,136.67,62.28
113.54,136.70,62.24
113.77,136.83,62.07
114.00,136.99,61.90
113.79,136.84,62.06
113.85,136.88,62.02
114.06,137.03,61.86
114.07,137.04,61.86
114.34,137.27,61.68
114.26,137.19,61.73
114.26,137.19,61.73
114.20,137.14,61.77
114.45,137.37,61.63
114.48,137.39,61.61
114.73,137.64,61.49
114.99,137.90,61.39
114.75,137.65,61.49
114.84,137.75,61.45
115.08,138.00,61.36
115.09,138.00,61.36
115.31,138.24,61.29
115.30,138.23,61.29
115.30,138.23,61.29
115.27,138.20,61.30
115.49,138.44,61.26
115.49,138.44,61.25
115.63,138.60,61.23
115.65,138.62,61.23
115.66,138.63,61.22
115.62,138.59,61.23
115.76,138.74,61.21
115.76,138.75,61.21
115.83,138.82,61.20
115.85,138.85,61.20
115.85,138.85,61.20
115.83,138.82,61.20
115.88,138.88,61.20
115.88,138.88,61.20
100.82,132.27,64.96
100.84,132.29,64.97
100.82,132.27,64.97
100.82,132.26,64.96
100.83,132.28,64.97
100.84,132.29,64.97
100.82,132.27,64.97
100.83,132.28,64.97
100.87,132.33,64.98
100.91,132.38,64.98
100.88,132.34,64.98
100.88,132.35,64.98
100.86,132.32,64.97
100.90,132.37,64.98
100.86,132.32,64.97
100.93,132.40,64.99
100.88,132.35,64.98
100.88,132.34,64.98
100.87,132.33,64.98
100.92,132.39,64.99
100.95,132.43,64.99
101.02,132.53,65.01
100.98,132.47,65.00
100.99,132.48,65.00
100.95,132.43,64.99
101.03,132.53,65.01
100.98,132.47,65.00
101.09,132.61,65.02
101.03,132.53,65.01
101.03,132.53,65.01
100.99,132.49,65.00
101.09,132.61,65.02
101.08,132.60,65.02
101.10,132.62,65.02
101.11,132.63,65.02
101.35,132.94,65.06
101.26,132.82,65.05
101.22,132.78,65.04
101.19,132.73,65.04
101.24,132.80,65.05
101.23,132.79,65.04
101.31,132.89,65.06
101.31,132.89,65.06
101.25,132.81,65.05
101.19,132.74,65.04
101.23,132.78,65.04
101.35,132.95,65.06
101.48,133.11,65.08
101.45,133.07,65.08
101.57,133.23,65.09
101.44,133.06,65.08
101.46,133.09,65.08
101.49,133.13,65.08
101.59,133.25,65.09
101.66,133.34,65.10
101.65,133.33,65.10
101.75,133.45,65.11
101.66,133.33,65.10
101.73,133.43,65.11
101.72,133.41,65.10
101.80,133.52,65.11
101.84,133.57,65.11
101.84,133.56,65.11
101.90,133.64,65.12
101.36,132.95,65.06
101.37,132.96,65.07
101.37,132.97,65.07
101.50,133.13,65.08
101.58,133.23,65.09
101.49,133.12,65.08
101.60,133.26,65.09
101.46,133.08,65.08
101.73,133.43,65.10
101.81,133.53,65.11
101.68,133.36,65.10
101.87,133.60,65.12
101.74,133.44,65.11
101.91,133.65,65.12
101.99,133.75,65.12
102.00,133.77,65.12
102.17,133.97,65.13
102.04,133.82,65.12
102.09,133.87,65.13
102.18,133.99,65.13
102.03,133.81,65.12
102.00,133.76,65.12
102.12,133.92,65.13
102.19,134.00,65.13
102.19,133.99,65.13
102.28,134.10,65.14
102.24,134.05,65.13
102.30,134.12,65.14
102.24,134.05,65.13
102.29,134.11,65.14
102.30,134.13,65.14
102.54,134.38,65.15
102.64,134.46,65.17
102.61,134.44,65.16
102.35,134.18,65.14
102.46,134.29,65.15
102.47,134.30,65.15
102.57,134.40,65.16
102.45,134.28,65.15
102.40,134.22,65.14
102.38,134.21,65.14
102.43,134.26,65.15
102.55,134.38,65.16
102.71,134.52,65.18
102.62,134.44,65.16
102.65,134.47,65.17
102.65,134.47,65.17
102.79,134.58,65.19
102.69,134.51,65.17
102.77,134.57,65.19
102.67,134.49,65.17
102.80,134.59,65.19
102.89,134.65,65.21
102.87,134.64,65.21
102.81,134.60,65.20
102.81,134.60,65.20
102.78,134.58,65.19
102.88,134.64,65.21
102.87,134.64,65.21
102.89,134.65,65.21
102.89,134.65,65.21
103.12,134.78,65.27
103.03,134.73,65.24
103.01,134.73,65.24
102.96,134.70,65.23
103.03,134.74,65.25
103.09,134.77,65.26
103.16,134.80,65.28
103.19,134.82,65.29
103.08,134.76,65.26
103.00,134.72,65.24
103.05,134.75,65.25
103.15,134.80,65.28
103.24,134.84,65.30
103.26,134.85,65.30
103.28,134.86,65.31
103.29,134.86,65.31
103.23,134.84,65.30
103.59,134.98,65.39
103.52,134.96,65.37
103.43,134.92,65.35
103.36,134.89,65.33
103.33,134.88,65.32
103.34,134.89,65.33
103.50,134.95,65.37
103.64,135.00,65.40
103.63,135.00,65.40
103.37,134.90,65.33
103.53,134.96,65.37
103.74,135.04,65.42
103.60,134.98,65.39
103.45,134.93,65.35
103.66,135.01,65.40
103.78,135.05,65.43
103.71,135.02,65.41
103.78,135.05,65.43
103.83,135.06,65.44
104.11,135.15,65.49
103.94,135.10,65.46
103.97,135.11,65.47
103.91,135.09,65.45
104.01,135.12,65.47
104.08,135.14,65.48
104.19,135.17,65.50
104.20,135.17,65.50
104.02,135.12,65.48
103.95,135.10,65.46
103.98,135.11,65.47
104.12,135.15,65.49
104.21,135.17,65.50
104.19,135.17,65.50
104.22,135.18,65.50
104.42,135.22,65.52
104.57,135.25,65.53
104.40,135.22,65.52
104.34,135.20,65.51
104.35,135.20,65.51
104.58,135.25,65.53
104.36,135.21,65.51
104.56,135.25,65.53
104.35,135.20,65.51
104.42,135.22,65.52
104.44,135.22,65.52
104.55,135.25,65.53
104.77,135.28,65.52
104.96,135.31,65.51
104.76,135.28,65.52
104.75,135.28,65.52
104.78,135.28,65.52
104.94,135.31,65.51
104.74,135.28,65.52
104.93,135.31,65.51
104.70,135.27,65.52
104.73,135.28,65.52
104.74,135.28,65.52
104.91,135.30,65.52
105.13,135.32,65.49
105.36,135.34,65.45
105.18,135.33,65.48
105.17,135.33,65.48
105.11,135.32,65.49
105.26,135.33,65.47
105.06,135.32,65.50
105.36,135.34,65.45
105.13,135.32,65.49
105.10,135.32,65.49
105.05,135.32,65.50
105.25,135.33,65.47
105.78,135.35,65.35
105.89,135.35,65.32
105.86,135.35,65.33
105.58,135.35,65.40
105.61,135.35,65.39
105.55,135.35,65.41
105.69,135.35,65.38
105.75,135.35,65.36
105.87,135.35,65.33
105.45,135.34,65.43
105.38,135.34,65.45
105.89,135.35,65.32
105.78,135.35,65.35
105.86,135.35,65.33
105.69,135.35,65.38
105.44,135.34,65.43
105.54,135.34,65.41
105.60,135.35,65.39
106.02,135.34,65.28
106.25,135.33,65.21
106.03,135.34,65.28
106.10,135.34,65.26
106.09,135.34,65.26
106.24,135.33,65.21
106.10,135.34,65.26
106.26,135.33,65.21
106.12,135.34,65.25
106.03,135.34,65.28
106.02,135.34,65.28
106.25,135.33,65.21
106.39,135.32,65.17
106.62,135.31,65.09
106.43,135.32,65.15
106.43,135.32,65.15
106.42,135.32,65.16
106.62,135.31,65.09
106.43,135.32,65.15
106.62,135.31,65.09
106.45,135.32,65.15
106.48,135.32,65.14
106.44,135.32,65.15
106.63,135.31,65.09
106.80,135.30,65.04
106.99,135.29,64.98
106.76,135.30,65.05
106.80,135.30,65.04
106.81,135.30,65.04
106.99,135.29,64.98
106.81,135.30,65.04
106.99,135.29,64.98
106.80,135.30,65.04
106.81,135.30,65.04
106.81,135.30,65.04
106.99,135.29,64.98
107.19,135.28,64.93
107.38,135.27,64.88
107.18,135.28,64.93
107.18,135.28,64.93
107.21,135.28,64.92
107.38,135.27,64.88
107.18,135.28,64.93
107.36,135.27,64.88
107.13,135.28,64.94
107.17,135.28,64.93
107.18,135.28,64.93
107.37,135.27,64.88
107.60,135.26,64.83
107.78,135.26,64.78
107.58,135.27,64.83
107.58,135.27,64.83
107.58,135.27,64.83
107.76,135.26,64.79
107.56,135.26,64.84
107.76,135.26,64.79
107.56,135.26,64.84
107.52,135.27,64.85
107.55,135.26,64.84
107.73,135.26,64.80
107.97,135.26,64.74
108.21,135.27,64.69
108.02,135.26,64.73
108.01,135.26,64.74
107.95,135.26,64.75
108.10,135.27,64.72
107.89,135.26,64.76
108.20,135.27,64.69
107.96,135.26,64.75
107.95,135.26,64.75
107.88,135.26,64.76
108.09,135.27,64.72
108.64,135.28,64.59
108.75,135.29,64.56
108.72,135.29,64.57
108.43,135.28,64.64
108.47,135.28,64.63
108.40,135.28,64.65
108.55,135.28,64.61
108.60,135.28,64.60
108.73,135.29,64.57
108.30,135.27,64.67
108.22,135.27,64.69
108.75,135.29,64.56
108.63,135.28,64.59
108.73,135.29,64.57
108.54,135.28,64.62
108.29,135.27,64.67
108.40,135.28,64.65
108.46,135.28,64.63
108.89,135.30,64.52
109.12,135.31,64.44
108.90,135.30,64.51
108.99,135.30,64.49
108.96,135.30,64.49
109.11,135.31,64.45
108.94,135.30,64.50
109.11,135.31,64.44
108.97,135.30,64.49
108.88,135.30,64.52
108.87,135.30,64.52
109.09,135.31,64.45
109.29,135.32,64.37
109.50,135.34,64.28
109.33,135.33,64.35
109.34,135.33,64.35
109.26,135.32,64.38
109.41,135.33,64.32
109.22,135.32,64.40
109.50,135.34,64.27
109.29,135.32,64.37
109.27,135.32,64.38
109.23,135.32,64.40
109.41,135.33,64.32
109.87,135.37,64.07
109.97,135.38,64.01
109.95,135.38,64.02
109.70,135.36,64.17
109.72,135.36,64.16
109.66,135.35,64.19
109.78,135.36,64.13
109.82,135.37,64.10
109.93,135.38,64.03
109.57,135.34,64.24
109.52,135.34,64.27
109.98,135.38,64.01
109.88,135.37,64.07
109.94,135.38,64.03
109.79,135.36,64.12
109.57,135.35,64.24
109.69,135.35,64.18
109.72,135.36,64.16
110.03,135.39,63.97
110.22,135.41,63.84
110.08,135.39,63.93
110.16,135.40,63.88
110.08,135.39,63.94
110.20,135.41,63.85
110.11,135.40,63.91
110.30,135.43,63.78
110.20,135.41,63.85
110.13,135.40,63.90
110.07,135.39,63.94
110.29,135.42,63.79
110.31,135.43,63.77
110.36,135.44,63.74
110.35,135.43,63.75
110.66,135.49,63.52
110.47,135.45,63.65
110.53,135.47,63.61
110.49,135.46,63.64
110.58,135.47,63.58
110.61,135.48,63.56
110.73,135.51,63.47
110.67,135.49,63.52
110.52,135.46,63.62
110.42,135.44,63.70
110.46,135.45,63.67
110.60,135.48,63.57
110.75,135.51,63.46
110.69,135.50,63.50
110.68,135.50,63.51
111.06,135.60,63.26
111.16,135.63,63.20
111.13,135.63,63.22
110.87,135.55,63.38
110.90,135.56,63.36
110.92,135.56,63.35
111.01,135.59,63.30
111.06,135.60,63.26
111.14,135.63,63.21
110.84,135.54,63.40
110.75,135.51,63.46
111.16,135.63,63.21
111.06,135.60,63.26
111.14,135.63,63.22
111.00,135.59,63.30
110.85,135.54,63.39
110.94,135.56,63.34
110.90,135.56,63.36
111.27,135.68,63.15
111.47,135.75,63.05
111.30,135.69,63.13
111.36,135.71,63.11
111.32,135.69,63.12
111.44,135.74,63.07
111.50,135.76,63.04
111.48,135.75,63.05
111.34,135.70,63.11
111.28,135.68,63.15
111.25,135.67,63.16
111.44,135.74,63.07
111.56,135.79,63.02
111.78,135.88,62.94
111.64,135.82,62.99
111.69,135.84,62.97
111.54,135.78,63.03
111.67,135.83,62.97
111.55,135.78,63.02
111.86,135.92,62.91
111.70,135.84,62.97
111.65,135.83,62.98
111.57,135.79,63.02
111.78,135.88,62.94
111.81,135.89,62.93
111.91,135.93,62.90
111.82,135.90,62.92
112.27,136.10,62.79
112.42,136.16,62.75
112.41,136.16,62.75
111.91,135.94,62.90
112.11,136.03,62.84
112.15,136.04,62.83
112.32,136.12,62.78
112.12,136.03,62.84
112.08,136.01,62.85
112.06,136.00,62.86
112.07,136.01,62.85
112.32,136.12,62.78
112.60,136.25,62.70
112.45,136.18,62.74
112.50,136.20,62.73
112.46,136.19,62.74
112.61,136.25,62.70
112.52,136.21,62.72
112.87,136.37,62.61
112.75,136.31,62.65
112.77,136.32,62.64
112.73,136.30,62.66
112.78,136.33,62.64
112.82,136.35,62.63
112.92,136.39,62.59
112.92,136.39,62.59
112.76,136.32,62.65
112.61,136.25,62.69
112.75,136.32,62.65
112.88,136.37,62.61
112.95,136.40,62.58
112.93,136.40,62.59
112.93,136.40,62.59
113.07,136.46,62.52
113.19,136.52,62.46
113.10,136.48,62.51
113.06,136.46,62.53
113.02,136.44,62.55
113.17,136.50,62.48
113.01,136.43,62.55
113.20,136.52,62.46
113.05,136.45,62.54
113.10,136.47,62.51
113.11,136.48,62.51
113.17,136.51,62.48
113.26,136.55,62.42
113.43,136.64,62.32
113.32,136.58,62.39
113.34,136.59,62.37
113.26,136.55,62.43
113.36,136.60,62.37
113.26,136.55,62.43
113.48,136.66,62.28
113.35,136.59,62.37
113.33,136.59,62.38
113.25,136.54,62.43
113.42,136.63,62.32
113.45,136.64,62.31
113.52,136.68,62.26
113.46,136.65,62.30
113.78,136.84,62.06
113.89,136.91,61.98
113.89,136.91,61.99
113.52,136.68,62.25
113.67,136.77,62.15
113.69,136.79,62.13
113.82,136.86,62.04
113.66,136.77,62.15
113.64,136.75,62.17
113.62,136.74,62.18
113.64,136.75,62.17
113.81,136.86,62.04
114.03,137.01,61.88
113.92,136.93,61.96
113.95,136.96,61.94
113.93,136.94,61.96
114.04,137.01,61.88
113.96,136.96,61.94
114.30,137.23,61.71
114.16,137.11,61.80
114.20,137.14,61.77
114.17,137.12,61.79
114.21,137.15,61.76
114.16,137.11,61.79
114.30,137.23,61.70
114.23,137.16,61.75
114.13,137.09,61.81
114.03,137.01,61.89
114.13,137.08,61.82
114.22,137.16,61.75
114.41,137.32,61.65
114.36,137.28,61.67
114.33,137.26,61.69
114.37,137.29,61.67
114.41,137.33,61.65
114.34,137.26,61.69
114.74,137.65,61.49
114.87,137.78,61.44
114.86,137.77,61.44
114.47,137.38,61.62
114.66,137.56,61.53
114.66,137.57,61.53
114.80,137.70,61.47
114.61,137.52,61.55
114.53,137.45,61.59
114.54,137.45,61.59
114.60,137.51,61.56
114.79,137.70,61.47
115.04,137.95,61.37
114.91,137.82,61.42
114.96,137.87,61.40
114.92,137.82,61.42
115.04,137.95,61.37
114.97,137.88,61.40
115.30,138.23,61.29
115.19,138.11,61.33
115.20,138.12,61.32
115.15,138.07,61.34
115.21,138.13,61.32
115.19,138.11,61.33
115.30,138.23,61.29
115.29,138.22,61.30
115.18,138.10,61.33
115.07,137.98,61.37
115.18,138.10,61.33
115.29,138.22,61.30
115.40,138.34,61.27
115.39,138.33,61.27
115.38,138.31,61.28
115.39,138.33,61.27
115.40,138.34,61.27
115.38,138.32,61.28
115.65,138.61,61.23
115.57,138.53,61.24
115.56,138.52,61.24
115.46,138.41,61.26
115.56,138.52,61.24
115.58,138.53,61.24
115.65,138.61,61.23
115.64,138.61,61.23
115.56,138.52,61.24
115.46,138.40,61.26
115.55,138.51,61.24
115.64,138.61,61.23
115.70,138.68,61.22
115.71,138.68,61.22
115.69,138.67,61.22
115.71,138.69,61.22
115.70,138.68,61.22
115.70,138.67,61.22
115.84,138.84,61.20
115.81,138.80,61.21
115.80,138.79,61.21
115.74,138.72,61.22
115.80,138.79,61.21
115.81,138.80,61.21
115.84,138.84,61.20
115.84,138.84,61.20
115.80,138.79,61.21
115.74,138.72,61.22
115.80,138.79,61.21
115.84,138.84,61.20
115.86,138.85,61.20
115.86,138.86,61.20
115.86,138.85,61.20
115.87,138.86,61.20
115.86,138.85,61.20
115.86,138.85,61.20
115.88,138.88,61.20
100.83,132.28,64.97
100.84,132.29,64.97
100.83,132.28,64.97
100.83,132.28,64.97
100.84,132.29,64.97
100.83,132.28,64.97
100.82,132.27,64.97
100.81,132.26,64.96
100.81,132.26,64.96
100.81,132.26,64.96
100.82,132.27,64.96
100.82,132.27,64.97
100.82,132.27,64.97
100.83,132.28,64.97
100.83,132.28,64.97
100.83,132.28,64.97
100.84,132.29,64.97
100.83,132.28,64.97
100.83,132.28,64.97
100.84,132.29,64.97
100.83,132.28,64.97
100.82,132.27,64.97
100.81,132.26,64.96
100.82,132.27,64.96
100.83,132.28,64.97
100.83,132.28,64.97
100.83,132.27,64.97
100.83,132.28,64.97
100.88,132.35,64.98
100.91,132.38,64.98
100.89,132.36,64.98
100.90,132.36,64.98
100.92,132.39,64.99
100.90,132.37,64.98
100.87,132.33,64.98
100.86,132.31,64.97
100.85,132.31,64.97
100.86,132.32,64.97
100.88,132.34,64.98
100.90,132.37,64.98
100.86,132.32,64.97
100.86,132.32,64.97
100.85,132.30,64.97
100.85,132.30,64.97
100.85,132.30,64.97
100.87,132.33,64.97
100.88,132.35,64.98
100.90,132.37,64.98
100.88,132.35,64.98
100.86,132.32,64.97
100.85,132.30,64.97
100.88,132.35,64.98
100.88,132.35,64.98
100.90,132.37,64.98
100.93,132.40,64.99
100.90,132.37,64.98
100.90,132.37,64.98
100.93,132.40,64.99
100.90,132.37,64.98
100.88,132.35,64.98
100.86,132.32,64.97
100.86,132.32,64.97
100.88,132.34,64.98
100.90,132.37,64.98
100.86,132.32,64.97
100.86,132.31,64.97
100.85,132.30,64.97
100.85,132.30,64.97
100.85,132.31,64.97
100.87,132.33,64.97
100.88,132.35,64.98
100.91,132.38,64.98
100.89,132.36,64.98
100.88,132.34,64.98
100.90,132.36,64.98
100.92,132.39,64.99
100.97,132.45,65.00
101.01,132.51,65.00
100.99,132.48,65.00
101.00,132.49,65.00
101.04,132.54,65.01
101.02,132.52,65.01
100.96,132.45,64.99
100.94,132.42,64.99
100.92,132.40,64.99
100.94,132.42,64.99
100.98,132.47,65.00
101.02,132.52,65.01
100.95,132.43,64.99
100.96,132.44,64.99
100.92,132.40,64.99
100.92,132.40,64.99
100.92,132.40,64.99
100.95,132.43,64.99
100.97,132.46,65.00
101.01,132.51,65.00
100.99,132.48,65.00
100.97,132.45,65.00
100.94,132.42,64.99
101.00,132.50,65.00
101.02,132.52,65.01
101.04,132.55,65.01
101.07,132.58,65.02
101.04,132.55,65.01
101.06,132.57,65.01
101.11,132.64,65.02
101.08,132.59,65.02
101.01,132.50,65.00
100.97,132.46,65.00
100.97,132.46,65.00
101.03,132.53,65.01
101.08,132.59,65.02
100.98,132.46,65.00
100.98,132.47,65.00
100.95,132.43,64.99
100.95,132.44,64.99
100.96,132.44,64.99
100.98,132.48,65.00
101.02,132.52,65.01
101.07,132.59,65.02
101.04,132.55,65.01
101.01,132.51,65.00
101.06,132.57,65.01
101.11,132.64,65.02
101.12,132.64,65.02
101.13,132.66,65.03
101.09,132.61,65.02
101.06,132.58,65.01
101.08,132.60,65.02
101.05,132.55,65.01
101.03,132.54,65.01
101.08,132.60,65.02
101.07,132.58,65.01
101.10,132.62,65.02
101.13,132.67,65.03
101.05,132.56,65.01
101.37,132.96,65.07
101.32,132.90,65.06
101.30,132.88,65.06
101.24,132.80,65.05
101.19,132.74,65.04
101.18,132.72,65.03
101.29,132.86,65.05
101.27,132.84,65.05
101.33,132.92,65.06
101.16,132.69,65.03
101.14,132.67,65.03
101.12,132.65,65.02
101.20,132.76,65.04
101.25,132.81,65.05
101.28,132.85,65.05
101.21,132.76,65.04
101.15,132.68,65.03
101.17,132.71,65.03
101.20,132.75,65.04
101.26,132.83,65.05
101.30,132.87,65.06
101.27,132.83,65.05
101.27,132.84,65.05
101.31,132.89,65.06
101.23,132.79,65.04
101.20,132.74,65.04
101.30,132.88,65.06
101.27,132.84,65.05
101.24,132.79,65.05
101.20,132.75,65.04
101.28,132.85,65.05
101.28,132.85,65.05
101.32,132.90,65.06
101.18,132.72,65.03
101.15,132.68,65.03
101.12,132.65,65.03
101.22,132.77,65.04
101.26,132.82,65.05
101.18,132.73,65.04
101.24,132.81,65.05
101.31,132.89,65.06
101.38,132.97,65.07
101.29,132.87,65.05
101.34,132.93,65.06
101.27,132.84,65.05
101.16,132.70,65.03
101.21,132.76,65.04
101.14,132.67,65.03
101.43,133.05,65.07
101.42,133.03,65.07
101.40,133.01,65.07
101.38,132.98,65.07
101.47,133.09,65.08
101.52,133.15,65.08
101.53,133.17,65.09
101.58,133.23,65.09
101.51,133.15,65.08
101.45,133.06,65.08
101.38,132.98,65.07
101.51,133.14,65.08
101.50,133.14,65.08
101.57,133.22,65.09
101.40,133.00,65.07
101.41,133.01,65.07
101.42,133.03,65.07
101.44,133.05,65.08
101.47,133.10,65.08
101.55,133.20,65.09
101.53,133.18,65.09
101.60,133.26,65.09
101.54,133.19,65.09
101.49,133.12,65.08
101.54,133.18,65.09
101.59,133.24,65.09
101.62,133.29,65.10
101.62,133.28,65.10
101.61,133.28,65.10
101.61,133.27,65.10
101.66,133.33,65.10
101.70,133.39,65.10
101.70,133.39,65.11
101.74,133.44,65.11
101.70,133.39,65.10
101.66,133.33,65.10
101.61,133.27,65.10
101.70,133.39,65.10
101.70,133.39,65.11
101.75,133.45,65.11
101.67,133.35,65.10
101.66,133.34,65.10
101.65,133.32,65.10
101.64,133.31,65.10
101.72,133.42,65.10
101.78,133.50,65.11
101.80,133.51,65.11
101.83,133.55,65.11
101.76,133.46,65.11
101.69,133.37,65.10
101.73,133.42,65.10
101.77,133.48,65.11
101.79,133.51,65.11
101.79,133.51,65.11
101.84,133.57,65.11
101.89,133.63,65.12
101.88,133.62,65.12
101.79,133.51,65.11
101.79,133.50,65.11
101.82,133.54,65.11
101.87,133.60,65.12
101.91,133.66,65.12
101.85,133.58,65.11
101.88,133.62,65.12
101.39,132.99,65.07
101.39,132.99,65.07
101.36,132.95,65.07
101.34,132.92,65.06
101.34,132.93,65.06
101.33,132.91,65.06
101.33,132.91,65.06
101.35,132.94,65.06
101.34,132.93,65.06
101.36,132.96,65.07
101.39,133.00,65.07
101.33,132.92,65.06
101.55,133.19,65.09
101.58,133.24,65.09
101.54,133.19,65.09
101.54,133.18,65.09
101.57,133.22,65.09
101.53,133.17,65.09
101.50,133.13,65.08
101.45,133.07,65.08
101.46,133.08,65.08
101.43,133.04,65.07
101.47,133.09,65.08
101.40,133.01,65.07
101.60,133.26,65.09
101.53,133.17,65.09
101.53,133.16,65.09
101.59,133.25,65.09
101.52,133.16,65.08
101.46,133.08,65.08
101.39,132.99,65.07
101.41,133.02,65.07
101.48,133.11,65.08
101.44,133.05,65.07
101.80,133.52,65.11
101.84,133.57,65.11
101.77,133.47,65.11
101.74,133.44,65.11
101.78,133.49,65.11
101.71,133.40,65.10
101.69,133.38,65.10
101.63,133.30,65.10
101.66,133.34,65.10
101.62,133.29,65.10
101.66,133.34,65.10
101.62,133.28,65.10
101.86,133.60,65.12
101.80,133.51,65.11
101.81,133.52,65.11
101.87,133.61,65.12
101.81,133.53,65.11
101.74,133.43,65.11
101.68,133.36,65.10
101.67,133.35,65.10
101.73,133.43,65.11
101.67,133.34,65.10
101.89,133.63,65.12
101.85,133.59,65.12
101.87,133.61,65.12
101.92,133.67,65.12
101.82,133.55,65.11
101.92,133.67,65.12
101.93,133.68,65.12
102.00,133.76,65.12
102.05,133.83,65.12
102.06,133.84,65.12
101.93,133.68,65.12
101.94,133.69,65.12
102.20,134.00,65.13
102.14,133.94,65.13
102.11,133.90,65.13
102.02,133.79,65.12
101.96,133.71,65.12
102.10,133.89,65.13
102.14,133.94,65.13
101.98,133.73,65.12
102.07,133.85,65.13
102.16,133.97,65.13
101.99,133.75,65.12
102.01,133.77,65.12
102.16,133.96,65.13
102.08,133.86,65.13
102.11,133.90,65.13
102.07,133.85,65.13
101.98,133.74,65.12
102.14,133.93,65.13
102.21,134.01,65.13
101.97,133.72,65.12
102.02,133.78,65.12
102.06,133.84,65.13
101.95,133.70,65.12
101.93,133.68,65.12
102.12,133.92,65.13
102.05,133.83,65.12
101.99,133.76,65.12
102.06,133.84,65.13
102.13,133.92,65.13
102.16,133.96,65.13
102.16,133.96,65.13
102.19,134.00,65.13
102.22,134.03,65.13
102.22,134.03,65.13
102.15,133.95,65.13
102.15,133.95,65.13
102.25,134.07,65.13
102.23,134.05,65.13
102.26,134.08,65.13
102.31,134.14,65.14
102.29,134.12,65.14
102.21,134.02,65.13
102.18,133.99,65.13
102.21,134.03,65.13
102.27,134.09,65.13
102.32,134.15,65.14
102.24,134.06,65.13
102.27,134.09,65.13
102.29,134.11,65.14
102.32,134.14,65.14
102.26,134.08,65.13
102.23,134.04,65.13
102.26,134.08,65.13
102.20,134.01,65.13
102.18,133.98,65.13
102.28,134.10,65.13
102.24,134.06,65.13
102.27,134.09,65.13
102.33,134.15,65.14
102.21,134.02,65.13
102.56,134.39,65.16
102.60,134.43,65.16
102.59,134.42,65.16
102.62,134.45,65.16
102.67,134.49,65.17
102.66,134.48,65.17
102.58,134.41,65.16
102.57,134.40,65.16
102.53,134.37,65.15
102.35,134.17,65.14
102.41,134.24,65.14
102.41,134.24,65.14
102.47,134.30,65.15
102.52,134.35,65.15
102.53,134.36,65.15
102.41,134.24,65.14
102.42,134.25,65.14
102.35,134.18,65.14
102.57,134.40,65.16
102.51,134.34,65.15
102.52,134.35,65.15
102.46,134.29,65.15
102.40,134.23,65.14
102.52,134.35,65.15
102.58,134.41,65.16
102.37,134.20,65.14
102.42,134.25,65.15
102.48,134.31,65.15
102.34,134.16,65.14
102.31,134.13,65.14
102.44,134.27,65.15
102.46,134.29,65.15
102.39,134.21,65.14
102.31,134.13,65.14
102.47,134.30,65.15
102.33,134.16,65.14
102.40,134.23,65.14
102.49,134.32,65.15
102.36,134.19,65.14
102.39,134.22,65.14
102.56,134.40,65.16
102.50,134.33,65.15
102.45,134.28,65.15
102.50,134.33,65.15
102.54,134.37,65.15
102.32,134.15,65.14
102.33,134.15,65.14
102.30,134.12,65.14
102.71,134.52,65.18
102.66,134.48,65.17
102.66,134.48,65.17
102.71,134.53,65.18
102.66,134.48,65.17
102.62,134.44,65.16
102.57,134.40,65.16
102.59,134.42,65.16
102.63,134.46,65.17
102.68,134.49,65.17
102.60,134.42,65.16
102.62,134.44,65.16
102.70,134.51,65.18
102.77,134.57,65.19
102.72,134.53,65.18
102.74,134.55,65.18
102.82,134.60,65.20
102.76,134.56,65.19
102.68,134.50,65.17
102.63,134.45,65.17
102.61,134.43,65.16
102.67,134.49,65.17
102.73,134.53,65.18
102.80,134.59,65.19
102.70,134.51,65.18
102.74,134.54,65.18
102.61,134.44,65.16
102.62,134.45,65.16
102.63,134.45,65.17
102.67,134.48,65.17
102.72,134.53,65.18
102.78,134.57,65.19
102.73,134.54,65.18
102.69,134.50,65.17
102.64,134.46,65.17
102.76,134.56,65.19
102.75,134.55,65.19
102.82,134.61,65.20
102.85,134.63,65.20
102.82,134.60,65.20
102.84,134.62,65.20
102.89,134.65,65.21
102.86,134.63,65.21
102.78,134.58,65.19
102.76,134.56,65.19
102.76,134.56,65.19
102.81,134.60,65.20
102.87,134.64,65.21
102.76,134.56,65.19
102.77,134.57,65.19
102.68,134.50,65.17
102.72,134.53,65.18
102.75,134.55,65.18
102.75,134.55,65.18
102.81,134.60,65.19
102.86,134.63,65.20
102.83,134.61,65.20
102.79,134.59,65.19
102.85,134.62,65.20
102.89,134.65,65.21
102.90,134.65,65.21
102.94,134.68,65.22
102.88,134.65,65.21
102.85,134.62,65.20
102.87,134.64,65.21
102.83,134.61,65.20
102.80,134.59,65.19
102.88,134.64,65.21
102.86,134.63,65.20
102.88,134.65,65.21
102.94,134.68,65.22
102.84,134.62,65.20
103.13,134.79,65.27
103.08,134.76,65.26
103.07,134.76,65.26
103.02,134.73,65.24
102.98,134.70,65.23
102.97,134.70,65.23
103.06,134.75,65.25
103.06,134.75,65.25
103.11,134.78,65.27
102.95,134.69,65.22
102.91,134.66,65.22
102.89,134.65,65.21
102.99,134.71,65.23
103.04,134.74,65.25
103.07,134.76,65.25
103.00,134.72,65.24
102.93,134.67,65.22
102.97,134.70,65.23
103.01,134.72,65.24
103.15,134.80,65.27
103.19,134.82,65.28
103.12,134.79,65.27
103.10,134.77,65.26
103.13,134.79,65.27
103.07,134.76,65.25
103.04,134.74,65.25
103.20,134.83,65.29
103.14,134.80,65.27
103.08,134.76,65.26
103.03,134.73,65.24
103.14,134.79,65.27
103.12,134.79,65.27
103.18,134.82,65.28
102.99,134.71,65.24
102.96,134.69,65.23
102.92,134.67,65.22
103.05,134.74,65.25
103.09,134.77,65.26
102.98,134.71,65.23
103.04,134.74,65.25
103.09,134.77,65.26
103.14,134.80,65.27
103.10,134.77,65.26
103.16,134.81,65.28
103.11,134.78,65.26
102.96,134.69,65.23
103.02,134.73,65.24
102.95,134.69,65.23
103.17,134.81,65.28
103.18,134.81,65.28
103.25,134.84,65.30
103.31,134.87,65.32
103.32,134.88,65.32
103.19,134.82,65.28
103.19,134.82,65.29
103.21,134.83,65.29
103.27,134.85,65.31
103.33,134.88,65.32
103.22,134.83,65.29
103.23,134.84,65.29
103.33,134.88,65.32
103.29,134.87,65.31
103.26,134.85,65.30
103.20,134.82,65.29
103.17,134.81,65.28
103.22,134.83,65.29
103.25,134.85,65.30
103.62,134.99,65.39
103.59,134.98,65.39
103.54,134.97,65.38
103.47,134.94,65.36
103.44,134.93,65.35
103.40,134.91,65.34
103.51,134.95,65.37
103.46,134.94,65.36
103.54,134.96,65.37
103.36,134.90,65.33
103.32,134.88,65.32
103.28,134.86,65.31
103.40,134.91,65.34
103.43,134.92,65.35
103.25,134.85,65.30
103.26,134.85,65.30
103.34,134.88,65.32
103.42,134.92,65.35
103.43,134.92,65.35
103.51,134.95,65.37
103.42,134.92,65.35
103.50,134.95,65.37
103.42,134.92,65.34
103.26,134.85,65.30
103.35,134.89,65.33
103.27,134.86,65.31
103.58,134.98,65.38
103.57,134.98,65.38
103.64,135.00,65.40
103.70,135.02,65.41
103.70,135.02,65.41
103.57,134.98,65.38
103.56,134.97,65.38
103.37,134.90,65.33
103.30,134.87,65.31
103.31,134.87,65.32
103.38,134.90,65.33
103.24,134.84,65.30
103.44,134.93,65.35
103.52,134.96,65.37
103.60,134.99,65.39
103.45,134.93,65.35
103.46,134.93,65.35
103.70,135.02,65.41
103.63,135.00,65.40
103.66,135.01,65.40
103.77,135.05,65.43
103.69,135.02,65.41
103.56,134.97,65.38
103.49,134.95,65.36
103.48,134.94,65.36
103.39,134.91,65.34
103.31,134.87,65.32
103.35,134.89,65.33
103.41,134.91,65.34
103.58,134.98,65.39
103.55,134.97,65.38
103.52,134.96,65.37
103.61,134.99,65.39
103.73,135.03,65.42
103.65,135.00,65.40
103.72,135.03,65.42
103.79,135.05,65.43
103.71,135.03,65.42
103.77,135.05,65.43
103.80,135.06,65.43
103.85,135.07,65.44
103.74,135.04,65.42
103.68,135.02,65.41
103.72,135.03,65.42
103.64,135.00,65.40
103.61,134.99,65.39
103.80,135.05,65.43
103.73,135.03,65.42
103.76,135.04,65.43
103.86,135.08,65.45
103.67,135.01,65.40
104.10,135.14,65.49
104.00,135.12,65.47
104.03,135.12,65.48
103.95,135.10,65.46
103.87,135.08,65.45
103.88,135.08,65.45
104.04,135.13,65.48
104.05,135.13,65.48
104.12,135.15,65.49
103.85,135.07,65.44
103.82,135.06,65.44
103.79,135.05,65.43
103.93,135.10,65.46
104.02,135.12,65.47
104.07,135.14,65.48
103.97,135.11,65.47
103.84,135.07,65.44
103.90,135.09,65.45
103.96,135.10,65.46
104.17,135.16,65.50
104.22,135.18,65.50
104.14,135.16,65.49
104.11,135.15,65.49
104.16,135.16,65.50
104.05,135.13,65.48
104.00,135.11,65.47
104.23,135.18,65.50
104.14,135.16,65.49
104.06,135.13,65.48
103.96,135.11,65.46
104.11,135.15,65.49
104.09,135.14,65.49
104.18,135.17,65.50
103.92,135.09,65.46
103.89,135.08,65.45
103.86,135.07,65.44
103.99,135.11,65.47
104.05,135.13,65.48
103.89,135.08,65.45
103.96,135.10,65.46
104.03,135.13,65.48
104.10,135.15,65.49
104.04,135.13,65.48
104.13,135.15,65.49
104.06,135.13,65.48
103.88,135.08,65.45
103.97,135.11,65.47
103.87,135.08,65.45
104.17,135.16,65.50
104.16,135.16,65.50
104.20,135.17,65.50
104.24,135.18,65.51
104.25,135.18,65.51
104.15,135.16,65.50
104.25,135.18,65.51
104.15,135.16,65.50
104.21,135.17,65.50
104.25,135.18,65.51
104.17,135.16,65.50
104.18,135.17,65.50
104.49,135.23,65.52
104.57,135.25,65.53
104.49,135.23,65.52
104.49,135.23,65.52
104.57,135.25,65.53
104.48,135.23,65.52
104.41,135.22,65.52
104.33,135.20,65.51
104.34,135.20,65.51
104.30,135.19,65.51
104.38,135.21,65.52
104.46,135.23,65.52
104.27,135.19,65.51
104.24,135.18,65.50
104.31,135.19,65.51
104.28,135.19,65.51
104.24,135.18,65.51
104.38,135.21,65.52
104.46,135.23,65.52
104.57,135.25,65.53
104.47,135.23,65.52
104.36,135.20,65.51
104.24,135.18,65.51
104.47,135.23,65.52
104.48,135.23,65.52
104.58,135.25,65.53
104.56,135.25,65.53
104.45,135.23,65.52
104.44,135.22,65.52
104.56,135.25,65.53
104.45,135.23,65.52
104.34,135.20,65.51
104.23,135.18,65.50
104.29,135.19,65.51
104.39,135.21,65.52
104.50,135.24,65.52
104.32,135.20,65.51
104.37,135.21,65.51
104.29,135.19,65.51
104.32,135.20,65.51
104.37,135.21,65.51
104.40,135.21,65.52
104.52,135.24,65.53
104.53,135.24,65.53
104.51,135.24,65.53
104.43,135.22,65.52
104.50,135.24,65.52
104.55,135.25,65.53
104.88,135.30,65.51
104.96,135.31,65.51
104.87,135.30,65.51
104.86,135.29,65.51
104.95,135.31,65.51
104.86,135.29,65.51
104.76,135.28,65.52
104.67,135.26,65.52
104.67,135.27,65.52
104.66,135.26,65.52
104.76,135.28,65.52
104.85,135.29,65.51
104.66,135.26,65.52
104.66,135.26,65.52
104.67,135.27,65.52
104.68,135.27,65.52
104.68,135.27,65.52
104.77,135.28,65.52
104.89,135.30,65.52
104.95,135.31,65.51
104.85,135.29,65.52
104.75,135.28,65.52
104.66,135.26,65.52
104.84,135.29,65.52
104.83,135.29,65.52
104.93,135.31,65.51
104.94,135.31,65.51
104.84,135.29,65.52
104.84,135.29,65.52
104.92,135.31,65.52
104.79,135.29,65.52
104.75,135.28,65.52
104.61,135.26,65.53
104.63,135.26,65.52
104.72,135.27,65.52
104.81,135.29,65.52
104.64,135.26,65.52
104.65,135.26,65.52
104.66,135.26,65.52
104.65,135.26,65.52
104.65,135.26,65.52
104.74,135.28,65.52
104.83,135.29,65.52
104.92,135.31,65.52
104.82,135.29,65.52
104.74,135.28,65.52
104.82,135.29,65.52
104.91,135.30,65.52
105.22,135.33,65.48
105.34,135.34,65.46
105.25,135.33,65.47
105.27,135.34,65.47
105.39,135.34,65.44
105.30,135.34,65.46
105.16,135.33,65.48
105.08,135.32,65.49
105.05,135.32,65.50
105.08,135.32,65.49
105.18,135.33,65.48
105.30,135.34,65.46
105.07,135.32,65.50
105.07,135.32,65.50
105.04,135.32,65.50
105.03,135.31,65.50
105.02,135.31,65.50
105.12,135.32,65.49
105.21,135.33,65.48
105.28,135.34,65.46
105.19,135.33,65.48
105.09,135.32,65.49
105.00,135.31,65.51
105.16,135.33,65.48
105.14,135.33,65.49
105.23,135.33,65.47
105.39,135.34,65.45
105.27,135.33,65.47
105.24,135.33,65.47
105.33,135.34,65.46
105.22,135.33,65.48
105.17,135.33,65.48
105.04,135.32,65.50
105.03,135.31,65.50
105.12,135.32,65.49
105.21,135.33,65.48
105.02,135.31,65.50
105.01,135.31,65.51
104.99,135.31,65.51
104.98,135.31,65.51
104.97,135.31,65.51
105.06,135.32,65.50
105.14,135.33,65.49
105.23,135.33,65.47
105.15,135.33,65.49
105.09,135.32,65.49
105.19,135.33,65.48
105.28,135.34,65.47
105.80,135.35,65.35
105.85,135.35,65.33
105.83,135.35,65.34
105.88,135.35,65.33
105.93,135.35,65.31
105.92,135.35,65.31
105.82,135.35,65.34
105.80,135.35,65.35
105.77,135.35,65.36
105.66,135.35,65.38
105.68,135.35,65.38
105.60,135.35,65.40
105.51,135.34,65.42
105.52,135.34,65.42
105.70,135.35,65.37
105.71,135.35,65.37
105.48,135.34,65.42
105.46,135.34,65.43
105.43,135.34,65.44
105.59,135.35,65.40
105.68,135.35,65.38
105.63,135.35,65.39
105.65,135.35,65.39
105.72,135.35,65.37
105.81,135.35,65.34
105.84,135.35,65.34
105.90,135.35,65.32
105.78,135.35,65.36
105.84,135.35,65.34
105.74,135.35,65.36
105.49,135.35,65.42
105.57,135.35,65.41
105.62,135.35,65.39
105.50,135.35,65.42
105.37,135.34,65.45
105.29,135.34,65.46
105.32,135.34,65.46
105.41,135.34,65.44
105.47,135.34,65.43
105.35,135.34,65.45
105.93,135.35,65.31
105.88,135.35,65.33
105.83,135.35,65.34
105.85,135.35,65.33
105.79,135.35,65.35
105.82,135.35,65.34
105.76,135.35,65.36
105.90,135.35,65.32
105.81,135.35,65.35
105.72,135.35,65.37
105.64,135.35,65.39
105.77,135.35,65.36
105.73,135.35,65.37
105.84,135.35,65.34
105.50,135.35,65.42
105.56,135.35,65.41
105.50,135.35,65.42
105.37,135.34,65.45
105.43,135.34,65.44
105.62,135.35,65.39
105.67,135.35,65.38
105.53,135.34,65.41
105.59,135.35,65.40
105.68,135.35,65.38
105.69,135.35,65.38
105.70,135.35,65.37
105.48,135.34,65.43
105.58,135.35,65.40
105.45,135.34,65.43
105.34,135.34,65.46
105.40,135.34,65.44
105.32,135.34,65.46
106.12,135.34,65.25
106.25,135.33,65.21
106.13,135.34,65.25
106.14,135.34,65.25
106.25,135.33,65.21
106.14,135.34,65.25
106.02,135.34,65.28
105.92,135.35,65.31
105.91,135.35,65.32
105.96,135.35,65.30
106.07,135.34,65.27
106.18,135.34,65.23
105.99,135.34,65.29
106.04,135.34,65.28
105.94,135.35,65.31
105.98,135.35,65.30
106.01,135.34,65.29
106.05,135.34,65.27
106.15,135.34,65.24
106.24,135.33,65.21
106.16,135.34,65.24
106.09,135.34,65.26
106.01,135.34,65.29
106.17,135.34,65.24
106.17,135.34,65.24
106.25,135.33,65.21
106.25,135.33,65.21
106.19,135.34,65.23
106.19,135.34,65.23
106.26,135.33,65.21
106.20,135.34,65.23
106.11,135.34,65.26
106.05,135.34,65.28
106.00,135.34,65.29
106.08,135.34,65.27
106.14,135.34,65.25
105.96,135.35,65.30
105.92,135.35,65.31
105.99,135.35,65.29
105.95,135.35,65.30
105.91,135.35,65.32
106.06,135.34,65.27
106.13,135.34,65.25
106.25,135.33,65.21
106.14,135.34,65.25
106.03,135.34,65.28
106.14,135.34,65.25
106.25,135.33,65.21
106.52,135.32,65.12
106.62,135.31,65.09
106.52,135.32,65.12
106.52,135.32,65.12
106.62,135.31,65.09
106.52,135.32,65.12
106.43,135.32,65.15
106.34,135.33,65.18
106.29,135.33,65.20
106.34,135.33,65.18
106.43,135.32,65.15
106.53,135.32,65.12
106.34,135.33,65.18
106.34,135.33,65.18
106.32,135.33,65.19
106.33,135.33,65.19
106.34,135.33,65.18
106.41,135.32,65.16
106.52,135.32,65.12
106.62,135.31,65.09
106.52,135.32,65.12
106.43,135.32,65.15
106.34,135.33,65.18
106.52,135.32,65.12
106.53,135.32,65.12
106.62,135.31,65.09
106.62,135.31,65.09
106.53,135.32,65.12
106.53,135.32,65.12
106.62,135.31,65.09
106.55,135.31,65.12
106.43,135.32,65.15
106.35,135.33,65.18
106.35,135.33,65.18
106.46,135.32,65.15
106.57,135.31,65.11
106.35,135.33,65.18
106.37,135.33,65.18
106.34,135.33,65.18
106.34,135.33,65.18
106.34,135.33,65.18
106.43,135.32,65.15
106.53,135.32,65.12
106.62,135.31,65.09
106.53,135.31,65.12
106.44,135.32,65.15
106.54,135.31,65.12
106.64,135.31,65.09
106.90,135.29,65.01
106.99,135.29,64.98
106.90,135.29,65.01
106.90,135.29,65.01
106.99,135.29,64.98
106.90,135.29,65.01
106.80,135.30,65.04
106.71,135.30,65.07
106.71,135.30,65.07
106.71,135.30,65.07
106.80,135.30,65.04
106.90,135.29,65.01
106.71,135.30,65.07
106.71,135.30,65.07
106.71,135.30,65.07
106.71,135.30,65.07
106.71,135.30,65.07
106.81,135.30,65.04
106.90,135.29,65.01
106.99,135.29,64.98
106.90,135.29,65.01
106.81,135.30,65.04
106.71,135.30,65.07
106.90,135.29,65.01
106.90,135.29,65.01
106.99,135.29,64.98
106.99,135.29,64.98
106.90,135.29,65.01
106.90,135.29,65.01
106.99,135.29,64.98
106.90,135.29,65.01
106.80,135.30,65.04
106.71,135.30,65.07
106.71,135.30,65.07
106.80,135.30,65.04
106.90,135.29,65.01
106.71,135.30,65.07
106.72,135.30,65.07
106.72,135.30,65.06
106.72,135.30,65.06
106.74,135.30,65.06
106.81,135.30,65.04
106.90,135.29,65.01
106.99,135.29,64.98
106.90,135.29,65.01
106.85,135.29,65.02
106.90,135.29,65.01
106.99,135.29,64.98
107.29,135.27,64.90
107.38,135.27,64.88
107.28,135.27,64.90
107.28,135.27,64.90
107.37,135.27,64.88
107.28,135.27,64.91
107.19,135.28,64.93
107.09,135.28,64.96
107.09,135.28,64.96
107.09,135.28,64.96
107.18,135.28,64.93
107.28,135.27,64.91
107.09,135.28,64.96
107.09,135.28,64.96
107.10,135.28,64.95
107.10,135.28,64.95
107.11,135.28,64.95
107.20,135.28,64.93
107.30,135.27,64.90
107.39,135.27,64.88
107.29,135.27,64.90
107.19,135.28,64.93
107.09,135.28,64.96
107.28,135.27,64.90
107.28,135.27,64.91
107.38,135.27,64.88
107.37,135.27,64.88
107.27,135.27,64.91
107.26,135.27,64.91
107.35,135.27,64.89
107.23,135.27,64.92
107.17,135.28,64.93
107.08,135.28,64.96
107.08,135.28,64.96
107.16,135.28,64.94
107.25,135.27,64.91
107.08,135.28,64.96
107.09,135.28,64.96
107.09,135.28,64.96
107.09,135.28,64.96
107.09,135.28,64.96
107.18,135.28,64.93
107.28,135.27,64.91
107.37,135.27,64.88
107.28,135.27,64.91
107.18,135.28,64.93
107.27,135.27,64.91
107.36,135.27,64.88
107.70,135.26,64.81
107.79,135.26,64.78
107.69,135.26,64.81
107.68,135.26,64.81
107.78,135.26,64.79
107.68,135.26,64.81
107.59,135.26,64.83
107.49,135.27,64.85
107.50,135.27,64.85
107.48,135.27,64.86
107.58,135.27,64.83
107.68,135.26,64.81
107.48,135.27,64.86
107.47,135.27,64.86
107.48,135.27,64.85
107.48,135.27,64.86
107.48,135.27,64.86
107.58,135.27,64.83
107.68,135.26,64.81
107.77,135.26,64.79
107.67,135.26,64.81
107.57,135.26,64.83
107.47,135.27,64.86
107.66,135.26,64.81
107.65,135.26,64.81
107.76,135.26,64.79
107.77,135.26,64.79
107.67,135.26,64.81
107.66,135.26,64.81
107.75,135.26,64.79
107.65,135.26,64.82
107.57,135.26,64.83
107.46,135.27,64.86
107.46,135.27,64.86
107.55,135.26,64.84
107.61,135.26,64.82
107.45,135.27,64.86
107.42,135.27,64.87
107.46,135.27,64.86
107.46,135.27,64.86
107.44,135.27,64.86
107.55,135.26,64.84
107.64,135.26,64.82
107.74,135.26,64.79
107.64,135.26,64.82
107.54,135.26,64.84
107.63,135.26,64.82
107.73,135.26,64.80
108.06,135.26,64.72
108.18,135.27,64.70
108.09,135.26,64.72
108.11,135.27,64.71
108.24,135.27,64.69
108.14,135.27,64.71
107.99,135.26,64.74
107.91,135.26,64.76
107.88,135.26,64.76
107.90,135.26,64.76
108.01,135.26,64.73
108.14,135.27,64.71
107.90,135.26,64.76
107.90,135.26,64.76
107.87,135.26,64.77
107.86,135.26,64.77
107.85,135.26,64.77
107.96,135.26,64.75
108.05,135.26,64.73
108.13,135.27,64.71
108.03,135.26,64.73
107.93,135.26,64.75
107.83,135.26,64.77
107.99,135.26,64.74
107.97,135.26,64.74
108.07,135.26,64.72
108.23,135.27,64.69
108.11,135.27,64.71
108.08,135.26,64.72
108.17,135.27,64.70
108.06,135.26,64.73
107.98,135.26,64.74
107.87,135.26,64.77
107.86,135.26,64.77
107.96,135.26,64.75
108.04,135.26,64.73
107.85,135.26,64.77
107.84,135.26,64.77
107.82,135.26,64.78
107.82,135.26,64.78
107.82,135.26,64.78
107.89,135.26,64.76
107.97,135.26,64.74
108.07,135.26,64.72
108.00,135.26,64.74
107.92,135.26,64.76
108.03,135.26,64.73
108.12,135.27,64.71
108.65,135.29,64.59
108.71,135.29,64.57
108.70,135.29,64.58
108.74,135.29,64.56
108.80,135.29,64.55
108.78,135.29,64.55
108.68,135.29,64.58
108.66,135.29,64.58
108.62,135.28,64.60
108.52,135.28,64.62
108.54,135.28,64.62
108.45,135.28,64.63
108.35,135.27,64.66
108.38,135.28,64.65
108.55,135.28,64.61
108.57,135.28,64.61
108.34,135.27,64.66
108.31,135.27,64.67
108.28,135.27,64.67
108.44,135.28,64.64
108.54,135.28,64.61
108.49,135.28,64.63
108.50,135.28,64.63
108.58,135.28,64.60
108.67,135.29,64.58
108.70,135.29,64.57
108.76,135.29,64.56
108.64,135.28,64.59
108.70,135.29,64.57
108.61,135.28,64.60
108.36,135.27,64.66
108.42,135.28,64.64
108.48,135.28,64.63
108.35,135.27,64.66
108.22,135.27,64.69
108.13,135.27,64.71
108.17,135.27,64.70
108.25,135.27,64.68
108.32,135.27,64.67
108.19,135.27,64.70
108.79,135.29,64.55
108.74,135.29,64.57
108.69,135.29,64.58
108.71,135.29,64.57
108.65,135.29,64.59
108.68,135.29,64.58
108.62,135.28,64.60
108.76,135.29,64.56
108.67,135.29,64.58
108.57,135.28,64.61
108.48,135.28,64.63
108.64,135.28,64.59
108.59,135.28,64.60
108.69,135.29,64.58
108.35,135.27,64.66
108.41,135.28,64.65
108.34,135.27,64.66
108.22,135.27,64.69
108.27,135.27,64.68
108.47,135.28,64.63
108.53,135.28,64.62
108.37,135.27,64.66
108.45,135.28,64.64
108.53,135.28,64.62
108.55,135.28,64.61
108.56,135.28,64.61
108.33,135.27,64.66
108.43,135.28,64.64
108.31,135.27,64.67
108.19,135.27,64.70
108.25,135.27,64.68
108.16,135.27,64.70
109.00,135.31,64.48
109.12,135.31,64.44
109.00,135.31,64.48
109.01,135.31,64.48
109.13,135.31,64.44
109.01,135.31,64.47
108.89,135.30,64.51
108.79,135.29,64.55
108.78,135.29,64.55
108.83,135.29,64.54
108.94,135.30,64.50
109.07,135.31,64.46
108.87,135.30,64.52
108.91,135.30,64.51
108.82,135.29,64.54
108.85,135.30,64.53
108.88,135.30,64.52
108.93,135.30,64.51
109.05,135.31,64.47
109.11,135.31,64.44
109.04,135.31,64.47
108.95,135.30,64.50
108.86,135.30,64.53
109.02,135.31,64.47
109.02,135.31,64.47
109.10,135.31,64.45
109.12,135.31,64.44
109.06,135.31,64.46
109.04,135.31,64.47
109.10,135.31,64.45
109.03,135.31,64.47
108.97,135.30,64.49
108.92,135.30,64.51
108.85,135.30,64.53
108.92,135.30,64.51
108.99,135.30,64.48
108.81,135.29,64.54
108.77,135.29,64.55
108.83,135.30,64.53
108.81,135.29,64.54
108.77,135.29,64.55
108.91,135.30,64.51
108.98,135.30,64.49
109.09,135.31,64.45
108.98,135.30,64.49
108.88,135.30,64.52
108.99,135.30,64.48
109.09,135.31,64.45
109.37,135.33,64.34
109.47,135.34,64.29
109.39,135.33,64.33
109.42,135.33,64.32
109.53,135.34,64.26
109.44,135.34,64.30
109.32,135.33,64.35
109.23,135.32,64.40
109.21,135.32,64.40
109.23,135.32,64.39
109.33,135.33,64.35
109.45,135.34,64.30
109.24,135.32,64.39
109.24,135.32,64.39
109.20,135.32,64.41
109.19,135.32,64.41
109.17,135.32,64.42
109.28,135.32,64.37
109.36,135.33,64.34
109.43,135.33,64.31
109.35,135.33,64.34
109.25,135.32,64.39
109.14,135.31,64.43
109.31,135.33,64.36
109.30,135.33,64.37
109.38,135.33,64.33
109.53,135.34,64.26
109.42,135.33,64.31
109.40,135.33,64.32
109.48,135.34,64.29
109.38,135.33,64.33
109.32,135.33,64.36
109.21,135.32,64.40
109.20,135.32,64.41
109.28,135.32,64.37
109.37,135.33,64.34
109.19,135.32,64.41
109.18,135.32,64.42
109.15,135.31,64.43
109.16,135.32,64.43
109.17,135.32,64.42
109.22,135.32,64.40
109.30,135.32,64.37
109.39,135.33,64.33
109.31,135.33,64.36
109.26,135.32,64.38
109.34,135.33,64.35
109.43,135.33,64.31
109.87,135.37,64.07
109.92,135.38,64.04
109.92,135.38,64.04
109.96,135.38,64.02
110.01,135.39,63.98
110.00,135.39,63.99
109.91,135.37,64.05
109.90,135.37,64.05
109.86,135.37,64.08
109.77,135.36,64.13
109.78,135.36,64.12
109.71,135.36,64.16
109.63,135.35,64.21
109.64,135.35,64.20
109.79,135.36,64.12
109.80,135.36,64.11
109.61,135.35,64.22
109.58,135.35,64.23
109.56,135.34,64.25
109.69,135.36,64.17
109.76,135.36,64.13
109.73,135.36,64.15
109.75,135.36,64.14
109.81,135.37,64.11
109.88,135.37,64.07
109.91,135.37,64.05
109.96,135.38,64.02
109.85,135.37,64.08
109.91,135.37,64.05
109.83,135.37,64.09
109.62,135.35,64.21
109.67,135.35,64.19
109.73,135.36,64.15
109.62,135.35,64.21
109.51,135.34,64.27
109.44,135.33,64.30
109.46,135.34,64.29
109.54,135.34,64.26
109.60,135.35,64.22
109.49,135.34,64.28
110.02,135.39,63.98
109.97,135.38,64.01
109.93,135.38,64.04
109.94,135.38,64.03
109.89,135.37,64.06
109.91,135.38,64.05
109.86,135.37,64.08
109.96,135.38,64.02
109.89,135.37,64.06
109.81,135.37,64.11
109.74,135.36,64.15
109.87,135.37,64.08
109.84,135.37,64.09
109.92,135.38,64.04
109.62,135.35,64.21
109.68,135.35,64.18
109.63,135.35,64.20
109.51,135.34,64.27
109.58,135.35,64.23
109.74,135.36,64.14
109.80,135.36,64.11
109.65,135.35,64.20
109.71,135.36,64.16
109.79,135.36,64.12
109.80,135.37,64.11
109.82,135.37,64.10
109.61,135.35,64.22
109.70,135.36,64.17
109.59,135.35,64.23
109.49,135.34,64.28
109.55,135.34,64.25
109.47,135.34,64.29
110.10,135.40,63.92
110.19,135.41,63.86
110.12,135.40,63.91
110.14,135.40,63.89
110.25,135.42,63.82
110.18,135.41,63.87
110.06,135.39,63.95
109.99,135.38,64.00
109.95,135.38,64.02
110.02,135.39,63.98
110.12,135.40,63.91
110.21,135.41,63.84
110.06,135.39,63.95
110.11,135.40,63.92
109.98,135.38,64.00
110.01,135.39,63.98
110.04,135.39,63.97
110.05,135.39,63.96
110.13,135.40,63.90
110.19,135.41,63.86
110.14,135.40,63.90
110.09,135.40,63.93
110.04,135.39,63.96
110.16,135.40,63.88
110.17,135.41,63.87
110.22,135.41,63.84
110.29,135.42,63.79
110.23,135.41,63.83
110.25,135.42,63.82
110.32,135.43,63.76
110.27,135.42,63.80
110.18,135.41,63.87
110.12,135.40,63.91
110.09,135.40,63.93
110.17,135.41,63.88
110.23,135.41,63.83
110.06,135.39,63.95
110.00,135.39,63.99
110.03,135.39,63.97
110.01,135.39,63.98
109.99,135.38,63.99
110.09,135.40,63.93
110.15,135.40,63.89
110.26,135.42,63.81
110.18,135.41,63.86
110.10,135.40,63.92
110.21,135.41,63.85
110.32,135.43,63.77
110.38,135.44,63.72
110.41,135.44,63.70
110.34,135.43,63.75
110.30,135.42,63.79
110.32,135.43,63.77
110.27,135.42,63.81
110.24,135.42,63.82
110.30,135.42,63.78
110.28,135.42,63.80
110.33,135.43,63.76
110.40,135.44,63.71
110.26,135.42,63.81
110.63,135.48,63.54
110.54,135.47,63.61
110.57,135.47,63.59
110.50,135.46,63.64
110.41,135.44,63.70
110.43,135.45,63.69
110.60,135.48,63.57
110.62,135.48,63.55
110.69,135.50,63.50
110.42,135.45,63.69
110.39,135.44,63.71
110.39,135.44,63.72
110.51,135.46,63.63
110.61,135.48,63.56
110.65,135.49,63.53
110.55,135.47,63.60
110.43,135.45,63.69
110.48,135.46,63.65
110.51,135.46,63.63
110.68,135.50,63.51
110.74,135.51,63.46
110.67,135.49,63.51
110.66,135.49,63.52
110.72,135.51,63.48
110.59,135.48,63.57
110.53,135.47,63.61
110.71,135.50,63.49
110.64,135.49,63.54
110.56,135.47,63.59
110.48,135.46,63.65
110.59,135.48,63.57
110.55,135.47,63.60
110.62,135.48,63.55
110.44,135.45,63.68
110.38,135.44,63.72
110.33,135.43,63.76
110.47,135.45,63.66
110.50,135.46,63.64
110.40,135.44,63.71
110.47,135.45,63.66
110.54,135.47,63.61
110.60,135.48,63.56
110.53,135.46,63.62
110.59,135.48,63.57
110.52,135.46,63.62
110.37,135.44,63.73
110.44,135.45,63.68
110.36,135.43,63.74
110.73,135.51,63.47
110.70,135.50,63.49
110.72,135.51,63.48
110.77,135.52,63.45
110.74,135.51,63.47
110.67,135.49,63.51
110.65,135.49,63.53
110.64,135.49,63.53
110.69,135.50,63.50
110.73,135.51,63.47
110.64,135.49,63.54
110.63,135.49,63.54
111.08,135.61,63.25
111.13,135.62,63.22
111.11,135.62,63.23
111.15,135.63,63.21
111.20,135.65,63.18
111.19,135.65,63.19
111.10,135.61,63.24
111.08,135.61,63.25
111.04,135.60,63.27
110.94,135.57,63.33
110.97,135.57,63.32
110.89,135.55,63.37
110.80,135.53,63.43
110.81,135.53,63.42
110.99,135.58,63.31
110.99,135.58,63.30
110.82,135.53,63.42
110.83,135.53,63.41
110.84,135.54,63.40
110.91,135.56,63.36
111.01,135.59,63.29
110.96,135.57,63.32
110.98,135.58,63.31
111.02,135.59,63.28
111.10,135.62,63.24
111.12,135.62,63.23
111.17,135.64,63.20
111.07,135.61,63.25
111.12,135.62,63.23
111.05,135.60,63.26
110.88,135.55,63.38
110.93,135.56,63.35
110.96,135.57,63.32
110.88,135.55,63.37
110.81,135.53,63.42
110.66,135.49,63.52
110.70,135.50,63.49
110.80,135.53,63.42
110.83,135.54,63.41
110.75,135.51,63.46
111.20,135.65,63.19
111.15,135.63,63.21
111.11,135.62,63.23
111.13,135.62,63.22
111.08,135.61,63.25
111.09,135.61,63.24
111.04,135.59,63.27
111.17,135.64,63.20
111.10,135.61,63.24
111.03,135.59,63.28
110.95,135.57,63.33
111.07,135.60,63.26
111.05,135.60,63.27
111.12,135.62,63.23
110.86,135.54,63.38
110.93,135.56,63.34
110.89,135.55,63.37
110.82,135.53,63.42
110.86,135.54,63.39
110.97,135.58,63.32
111.02,135.59,63.29
110.81,135.53,63.42
110.89,135.55,63.37
110.97,135.57,63.32
110.98,135.58,63.31
111.00,135.58,63.30
110.82,135.53,63.41
110.92,135.56,63.35
110.85,135.54,63.40
110.78,135.52,63.44
110.81,135.53,63.42
110.72,135.51,63.48
111.37,135.71,63.10
111.46,135.75,63.06
111.37,135.71,63.10
111.39,135.72,63.09
111.48,135.75,63.05
111.39,135.72,63.09
111.28,135.68,63.15
111.18,135.64,63.20
111.18,135.64,63.19
111.23,135.66,63.17
111.33,135.70,63.12
111.42,135.73,63.08
111.26,135.67,63.15
111.29,135.68,63.14
111.21,135.65,63.18
111.23,135.66,63.17
111.26,135.67,63.15
111.30,135.69,63.14
111.39,135.72,63.09
111.45,135.74,63.06
111.38,135.72,63.10
111.32,135.69,63.13
111.24,135.66,63.16
111.38,135.71,63.10
111.40,135.72,63.09
111.43,135.73,63.07
111.48,135.76,63.05
111.42,135.73,63.08
111.41,135.73,63.08
111.47,135.75,63.06
111.40,135.73,63.09
111.35,135.71,63.11
111.29,135.68,63.14
111.25,135.67,63.16
111.31,135.69,63.13
111.37,135.71,63.10
111.22,135.65,63.18
111.19,135.64,63.19
111.22,135.66,63.17
111.21,135.65,63.18
111.18,135.64,63.20
111.29,135.68,63.14
111.34,135.70,63.12
111.43,135.73,63.07
111.35,135.70,63.11
111.27,135.67,63.15
111.36,135.71,63.11
111.45,135.74,63.06
111.62,135.81,62.99
111.72,135.85,62.96
111.66,135.83,62.98
111.71,135.85,62.97
111.80,135.89,62.93
111.75,135.87,62.95
111.60,135.80,63.01
111.53,135.77,63.03
111.49,135.76,63.04
111.51,135.76,63.04
111.65,135.82,62.99
111.76,135.87,62.95
111.58,135.79,63.01
111.59,135.80,63.01
111.49,135.76,63.05
111.49,135.76,63.05
111.49,135.76,63.05
111.56,135.78,63.02
111.60,135.80,63.00
111.67,135.83,62.98
111.61,135.81,63.00
111.55,135.78,63.02
111.49,135.76,63.05
111.61,135.81,63.00
111.62,135.81,63.00
111.68,135.83,62.97
111.86,135.91,62.92
111.77,135.87,62.95
111.77,135.88,62.94
111.87,135.92,62.91
111.78,135.88,62.94
111.68,135.84,62.97
111.59,135.80,63.01
111.58,135.80,63.01
111.69,135.84,62.97
111.76,135.87,62.95
111.57,135.79,63.02
111.51,135.77,63.04
111.49,135.76,63.05
111.49,135.76,63.05
111.50,135.76,63.04
111.56,135.79,63.02
111.63,135.81,62.99
111.73,135.86,62.96
111.66,135.83,62.98
111.63,135.82,62.99
111.71,135.85,62.96
111.82,135.90,62.92
111.88,135.92,62.91
111.93,135.94,62.89
111.86,135.91,62.91
111.83,135.90,62.92
111.88,135.92,62.91
111.79,135.88,62.94
111.73,135.86,62.95
111.75,135.87,62.95
111.74,135.86,62.95
111.82,135.89,62.93
111.89,135.93,62.90
111.74,135.86,62.95
112.28,136.10,62.79
112.35,136.13,62.77
112.35,136.13,62.77
112.41,136.16,62.75
112.49,136.20,62.73
112.48,136.19,62.73
112.34,136.13,62.77
112.33,136.13,62.78
112.27,136.10,62.79
111.90,135.93,62.90
112.00,135.98,62.87
112.02,135.99,62.87
112.13,136.04,62.83
112.24,136.08,62.80
112.26,136.09,62.80
112.04,135.99,62.86
112.05,136.00,62.86
111.93,135.95,62.89
112.30,136.11,62.78
112.20,136.07,62.81
112.23,136.08,62.81
112.15,136.04,62.83
112.04,136.00,62.86
112.25,136.09,62.80
112.35,136.13,62.77
112.01,135.98,62.87
112.10,136.02,62.84
112.17,136.05,62.82
111.99,135.97,62.88
111.96,135.96,62.88
112.16,136.05,62.83
112.17,136.05,62.82
112.07,136.01,62.85
111.95,135.96,62.89
112.17,136.05,62.82
111.96,135.96,62.88
112.06,136.01,62.85
112.17,136.05,62.82
111.97,135.96,62.88
111.98,135.97,62.88
112.34,136.13,62.77
112.21,136.07,62.81
112.08,136.01,62.85
112.19,136.06,62.82
112.29,136.11,62.79
111.84,135.91,62.92
111.87,135.92,62.91
111.80,135.89,62.93
112.58,136.24,62.70
112.51,136.20,62.73
112.52,136.21,62.72
112.62,136.26,62.69
112.55,136.22,62.71
112.43,136.17,62.75
112.36,136.14,62.77
112.39,136.15,62.76
112.47,136.19,62.74
112.57,136.23,62.71
112.41,136.16,62.75
112.43,136.17,62.75
112.57,136.23,62.71
112.63,136.26,62.69
112.54,136.22,62.72
112.51,136.21,62.72
112.58,136.24,62.70
112.45,136.18,62.74
112.38,136.15,62.76
112.44,136.18,62.74
112.42,136.17,62.75
112.50,136.20,62.73
112.59,136.24,62.70
112.40,136.15,62.76
112.88,136.37,62.61
112.80,136.34,62.63
112.88,136.37,62.61
112.76,136.32,62.65
112.70,136.29,62.67
112.71,136.30,62.66
112.82,136.35,62.62
112.83,136.35,62.62
112.87,136.37,62.61
112.67,136.28,62.67
112.66,136.27,62.68
112.65,136.27,62.68
112.74,136.31,62.65
112.81,136.34,62.63
112.83,136.35,62.62
112.76,136.32,62.65
112.67,136.28,62.68
112.69,136.29,62.67
112.72,136.30,62.66
112.88,136.37,62.61
112.95,136.41,62.58
112.87,136.37,62.61
112.85,136.36,62.62
112.90,136.38,62.60
112.79,136.33,62.64
112.73,136.31,62.66
112.95,136.40,62.58
112.87,136.37,62.61
112.78,136.33,62.64
112.71,136.30,62.66
112.84,136.36,62.62
112.81,136.34,62.63
112.88,136.37,62.61
112.64,136.26,62.69
112.56,136.23,62.71
112.49,136.20,62.73
112.69,136.29,62.67
112.74,136.31,62.65
112.70,136.29,62.67
112.75,136.31,62.65
112.80,136.34,62.63
112.88,136.37,62.61
112.80,136.34,62.63
112.86,136.36,62.61
112.81,136.34,62.63
112.63,136.26,62.69
112.68,136.29,62.67
112.56,136.23,62.71
112.92,136.39,62.59
112.89,136.38,62.61
112.94,136.40,62.59
112.96,136.41,62.57
112.96,136.41,62.58
112.88,136.38,62.61
112.88,136.37,62.61
112.88,136.37,62.61
112.93,136.40,62.59
112.96,136.41,62.58
112.88,136.37,62.61
112.88,136.37,62.61
113.12,136.49,62.50
113.19,136.51,62.47
113.13,136.49,62.49
113.14,136.49,62.49
113.20,136.52,62.46
113.14,136.49,62.49
113.08,136.47,62.52
113.03,136.44,62.54
113.02,136.44,62.55
113.01,136.43,62.55
113.08,136.46,62.52
113.13,136.49,62.49
112.99,136.42,62.56
112.98,136.42,62.56
112.99,136.42,62.56
112.98,136.42,62.57
112.94,136.40,62.58
113.05,136.45,62.53
113.10,136.47,62.51
113.18,136.51,62.47
113.09,136.47,62.51
113.02,136.44,62.55
112.94,136.40,62.58
113.09,136.47,62.51
113.08,136.47,62.52
113.16,136.50,62.48
113.20,136.52,62.46
113.13,136.49,62.49
113.12,136.48,62.50
113.19,136.52,62.46
113.11,136.48,62.50
113.05,136.45,62.53
112.98,136.42,62.57
113.00,136.43,62.56
113.06,136.46,62.52
113.14,136.49,62.49
113.03,136.44,62.54
113.04,136.45,62.54
112.97,136.41,62.57
113.00,136.43,62.55
113.03,136.44,62.54
113.04,136.45,62.54
113.15,136.50,62.49
113.16,136.50,62.48
113.15,136.49,62.49
113.09,136.47,62.52
113.13,136.49,62.49
113.18,136.51,62.47
113.31,136.57,62.40
113.37,136.61,62.36
113.37,136.60,62.36
113.37,136.60,62.36
113.44,136.64,62.31
113.41,136.62,62.33
113.29,136.56,62.41
113.26,136.55,62.43
113.22,136.53,62.45
113.25,136.55,62.43
113.33,136.59,62.38
113.41,136.62,62.33
113.27,136.56,62.42
113.28,136.56,62.41
113.22,136.53,62.45
113.21,136.53,62.45
113.21,136.52,62.46
113.26,136.55,62.42
113.29,136.57,62.40
113.35,136.60,62.37
113.30,136.57,62.40
113.26,136.55,62.43
113.21,136.53,62.45
113.30,136.57,62.40
113.31,136.57,62.40
113.36,136.60,62.37
113.48,136.66,62.28
113.41,136.63,62.33
113.42,136.63,62.32
113.49,136.67,62.28
113.42,136.63,62.32
113.34,136.59,62.37
113.28,136.56,62.41
113.28,136.56,62.41
113.34,136.59,62.37
113.42,136.63,62.33
113.27,136.56,62.42
113.27,136.55,62.42
113.22,136.53,62.45
113.23,136.53,62.44
113.24,136.54,62.44
113.27,136.55,62.42
113.32,136.58,62.39
113.39,136.61,62.35
113.35,136.59,62.37
113.31,136.58,62.39
113.38,136.61,62.35
113.46,136.65,62.30
113.50,136.67,62.27
113.53,136.69,62.25
113.48,136.66,62.28
113.46,136.65,62.30
113.50,136.67,62.27
113.43,136.64,62.32
113.39,136.62,62.35
113.40,136.62,62.34
113.40,136.62,62.34
113.45,136.65,62.30
113.50,136.67,62.27
113.40,136.62,62.34
113.79,136.84,62.06
113.84,136.88,62.02
113.84,136.88,62.02
113.89,136.91,61.98
113.95,136.95,61.94
113.95,136.95,61.94
113.84,136.87,62.02
113.83,136.87,62.03
113.78,136.84,62.07
113.51,136.68,62.26
113.58,136.72,62.21
113.60,136.73,62.20
113.69,136.78,62.13
113.76,136.83,62.08
113.77,136.83,62.07
113.61,136.74,62.19
113.62,136.74,62.18
113.54,136.69,62.24
113.80,136.85,62.05
113.73,136.81,62.10
113.75,136.82,62.09
113.68,136.78,62.14
113.60,136.73,62.19
113.75,136.82,62.08
113.83,136.87,62.03
113.59,136.72,62.21
113.64,136.76,62.16
113.71,136.80,62.11
113.57,136.71,62.22
113.56,136.70,62.23
113.70,136.79,62.13
113.70,136.79,62.12
113.63,136.75,62.17
113.55,136.70,62.23
113.71,136.80,62.12
113.56,136.71,62.23
113.63,136.75,62.17
113.71,136.79,62.12
113.56,136.71,62.22
113.57,136.71,62.22
113.83,136.87,62.03
113.74,136.81,62.10
113.66,136.76,62.16
113.72,136.80,62.11
113.79,136.84,62.05
113.47,136.66,62.29
113.49,136.67,62.28
113.44,136.64,62.31
114.02,137.00,61.89
113.96,136.96,61.93
113.98,136.97,61.92
114.05,137.02,61.87
113.99,136.98,61.91
113.90,136.92,61.97
113.85,136.88,62.01
113.86,136.89,62.00
113.94,136.94,61.95
114.01,136.99,61.90
113.88,136.90,61.99
113.90,136.92,61.98
114.00,136.99,61.91
114.06,137.03,61.87
113.98,136.98,61.92
113.97,136.97,61.93
114.02,137.00,61.89
113.91,136.93,61.97
113.86,136.89,62.01
113.90,136.92,61.98
113.88,136.91,61.99
113.94,136.95,61.95
114.01,137.00,61.90
113.87,136.90,62.00
114.28,137.21,61.72
114.21,137.15,61.76
114.23,137.17,61.75
114.18,137.12,61.79
114.11,137.07,61.83
114.14,137.09,61.81
114.25,137.18,61.74
114.27,137.20,61.72
114.32,137.24,61.70
114.12,137.08,61.82
114.10,137.07,61.84
114.09,137.05,61.85
114.19,137.13,61.78
114.26,137.19,61.73
114.28,137.21,61.72
114.19,137.13,61.78
114.11,137.07,61.83
114.12,137.08,61.82
114.14,137.09,61.81
114.21,137.15,61.76
114.28,137.21,61.72
114.24,137.17,61.74
114.25,137.19,61.74
114.32,137.25,61.69
114.18,137.13,61.78
114.12,137.08,61.83
114.25,137.18,61.74
114.20,137.14,61.77
114.15,137.10,61.80
114.10,137.06,61.84
114.18,137.13,61.78
114.17,137.12,61.79
114.22,137.16,61.75
114.05,137.02,61.87
113.99,136.98,61.91
113.93,136.94,61.95
114.08,137.05,61.85
114.11,137.07,61.83
114.09,137.06,61.84
114.14,137.10,61.80
114.19,137.14,61.77
114.24,137.17,61.74
114.19,137.13,61.78
114.22,137.15,61.76
114.17,137.11,61.79
114.04,137.02,61.88
114.07,137.04,61.85
113.99,136.98,61.92
114.37,137.29,61.67
114.35,137.27,61.68
114.38,137.30,61.66
114.43,137.35,61.64
114.42,137.33,61.65
114.33,137.25,61.69
114.31,137.23,61.70
114.30,137.22,61.71
114.35,137.27,61.68
114.39,137.31,61.66
114.29,137.22,61.71
114.27,137.20,61.73
114.42,137.34,61.64
114.43,137.34,61.64
114.39,137.31,61.66
114.36,137.28,61.68
114.38,137.30,61.66
114.33,137.25,61.69
114.31,137.24,61.70
114.27,137.20,61.73
114.29,137.22,61.71
114.35,137.27,61.68
114.40,137.32,61.65
114.30,137.23,61.71
114.74,137.65,61.49
114.81,137.72,61.46
114.81,137.71,61.46
114.87,137.77,61.44
114.93,137.84,61.41
114.92,137.83,61.42
114.81,137.71,61.46
114.81,137.71,61.46
114.74,137.65,61.49
114.46,137.37,61.62
114.55,137.46,61.58
114.56,137.47,61.58
114.66,137.57,61.53
114.75,137.66,61.48
114.76,137.66,61.48
114.56,137.47,61.57
114.57,137.48,61.57
114.47,137.39,61.62
114.78,137.68,61.48
114.69,137.59,61.52
114.71,137.61,61.51
114.63,137.54,61.54
114.53,137.44,61.59
114.72,137.63,61.50
114.82,137.73,61.46
114.51,137.43,61.60
114.59,137.49,61.56
114.65,137.56,61.53
114.49,137.40,61.61
114.44,137.36,61.64
114.64,137.55,61.54
114.64,137.55,61.54
114.54,137.45,61.59
114.44,137.36,61.64
114.65,137.55,61.54
114.49,137.40,61.61
114.57,137.48,61.57
114.67,137.58,61.52
114.51,137.42,61.60
114.52,137.43,61.59
114.82,137.72,61.46
114.71,137.62,61.50
114.62,137.53,61.54
114.70,137.61,61.51
114.77,137.67,61.48
114.40,137.32,61.65
114.40,137.32,61.65
114.34,137.26,61.69
115.02,137.93,61.38
114.95,137.86,61.41
114.98,137.89,61.40
115.05,137.96,61.37
115.00,137.91,61.39
114.89,137.79,61.43
114.83,137.73,61.46
114.85,137.76,61.45
114.94,137.85,61.41
115.03,137.94,61.38
114.88,137.78,61.44
114.90,137.81,61.43
115.00,137.92,61.39
115.06,137.97,61.37
114.98,137.89,61.40
114.96,137.87,61.41
115.02,137.93,61.39
114.90,137.80,61.43
114.83,137.74,61.45
114.91,137.81,61.43
114.88,137.79,61.43
114.94,137.85,61.41
115.03,137.94,61.38
114.85,137.76,61.44
115.30,138.23,61.29
115.25,138.17,61.31
115.25,138.17,61.31
115.20,138.12,61.33
115.14,138.05,61.34
115.14,138.06,61.34
115.25,138.18,61.31
115.25,138.18,61.31
115.31,138.24,61.29
115.11,138.02,61.35
115.09,138.01,61.36
115.08,137.99,61.36
115.16,138.08,61.34
115.23,138.15,61.32
115.26,138.19,61.31
115.17,138.09,61.33
115.10,138.02,61.35
115.11,138.03,61.35
115.15,138.06,61.34
115.24,138.17,61.31
115.30,138.23,61.29
115.25,138.17,61.31
115.25,138.18,61.31
115.31,138.24,61.29
115.20,138.12,61.32
115.14,138.06,61.34
115.30,138.23,61.29
115.24,138.17,61.31
115.19,138.11,61.33
115.13,138.05,61.35
115.24,138.16,61.31
115.23,138.16,61.32
115.29,138.22,61.30
115.08,137.99,61.36
115.01,137.93,61.39
114.95,137.86,61.41
115.13,138.04,61.35
115.18,138.10,61.33
115.13,138.05,61.35
115.19,138.11,61.33
115.24,138.17,61.31
115.30,138.22,61.30
115.24,138.16,61.31
115.29,138.22,61.30
115.23,138.16,61.31
115.07,137.99,61.36
115.12,138.04,61.35
115.01,137.93,61.39
115.35,138.29,61.28
115.35,138.28,61.28
115.39,138.33,61.27
115.44,138.39,61.26
115.44,138.38,61.27
115.35,138.28,61.28
115.34,138.28,61.28
115.34,138.27,61.29
115.39,138.32,61.28
115.44,138.38,61.27
115.34,138.27,61.29
115.32,138.25,61.29
115.44,138.39,61.26
115.45,138.39,61.26
115.40,138.34,61.27
115.35,138.28,61.28
115.35,138.29,61.28
115.35,138.28,61.28
115.35,138.28,61.28
115.33,138.26,61.29
115.34,138.27,61.29
115.39,138.33,61.28
115.44,138.38,61.27
115.34,138.28,61.29
115.65,138.62,61.23
115.61,138.58,61.23
115.61,138.57,61.23
115.57,138.52,61.24
115.53,138.48,61.25
115.52,138.48,61.25
115.60,138.57,61.23
115.60,138.56,61.24
115.64,138.61,61.23
115.48,138.43,61.26
115.43,138.37,61.27
115.39,138.33,61.28
115.51,138.46,61.25
115.55,138.51,61.24
115.60,138.56,61.23
115.52,138.47,61.25
115.43,138.37,61.27
115.48,138.43,61.26
115.53,138.48,61.25
115.62,138.58,61.23
115.65,138.62,61.23
115.61,138.57,61.23
115.60,138.57,61.23
115.64,138.61,61.23
115.57,138.53,61.24
115.53,138.49,61.25
115.65,138.62,61.23
115.61,138.57,61.23
115.57,138.52,61.24
115.52,138.48,61.25
115.60,138.57,61.23
115.59,138.55,61.24
115.64,138.61,61.23
115.48,138.42,61.26
115.42,138.36,61.27
115.37,138.30,61.28
115.51,138.46,61.25
115.54,138.50,61.25
115.52,138.47,61.25
115.56,138.52,61.24
115.61,138.57,61.23
115.65,138.61,61.23
115.60,138.56,61.23
115.64,138.60,61.23
115.58,138.54,61.24
115.47,138.42,61.26
115.50,138.45,61.25
115.41,138.35,61.27
115.67,138.64,61.22
115.67,138.64,61.22
115.71,138.68,61.22
115.73,138.71,61.22
115.74,138.72,61.22
115.68,138.65,61.22
115.68,138.65,61.22
115.67,138.65,61.22
115.70,138.68,61.22
115.73,138.70,61.22
115.67,138.64,61.22
115.67,138.64,61.22
115.74,138.72,61.21
115.73,138.71,61.22
115.71,138.68,61.22
115.67,138.64,61.22
115.67,138.64,61.22
115.68,138.65,61.22
115.68,138.65,61.22
115.67,138.64,61.22
115.67,138.64,61.22
115.70,138.68,61.22
115.73,138.71,61.22
115.68,138.65,61.22
115.85,138.85,61.20
115.83,138.83,61.20
115.83,138.82,61.20
115.81,138.80,61.21
115.79,138.78,61.21
115.78,138.77,61.21
115.82,138.81,61.21
115.82,138.81,61.21
115.84,138.83,61.20
115.75,138.73,61.21
115.72,138.70,61.22
115.69,138.66,61.22
115.77,138.76,61.21
115.79,138.77,61.21
115.82,138.81,61.21
115.77,138.76,61.21
115.72,138.70,61.22
115.75,138.73,61.21
115.78,138.77,61.21
115.83,138.83,61.20
115.85,138.85,61.20
115.83,138.82,61.20
115.82,138.81,61.21
115.84,138.83,61.20
115.81,138.80,61.21
115.79,138.78,61.21
115.85,138.84,61.20
115.82,138.82,61.20
115.80,138.79,61.21
115.78,138.77,61.21
115.82,138.81,61.21
115.82,138.81,61.21
115.84,138.83,61.20
115.75,138.73,61.21
115.72,138.69,61.22
115.68,138.66,61.22
115.77,138.75,61.21
115.78,138.77,61.21
115.78,138.77,61.21
115.80,138.79,61.21
115.83,138.82,61.20
115.85,138.84,61.20
115.82,138.81,61.21
115.84,138.83,61.20
115.82,138.81,61.21
115.74,138.72,61.21
115.77,138.75,61.21
115.71,138.69,61.22
115.84,138.84,61.20
115.85,138.85,61.20
115.86,138.86,61.20
115.87,138.87,61.20
115.87,138.87,61.20
115.86,138.85,61.20
115.86,138.86,61.20
115.85,138.85,61.20
115.86,138.86,61.20
115.87,138.86,61.20
115.85,138.85,61.20
115.84,138.84,61.20
115.87,138.87,61.20
115.87,138.87,61.20
115.86,138.86,61.20
115.85,138.85,61.20
115.85,138.84,61.20
115.86,138.85,61.20
115.86,138.86,61.20
115.84,138.84,61.20
115.85,138.85,61.20
115.86,138.86,61.20
115.87,138.87,61.20
115.85,138.85,61.20
115.88,138.88,61.20
115.87,138.87,61.20
115.87,138.87,61.20
115.88,138.88,61.20
115.86,138.85,61.20
115.87,138.87,61.20
115.87,138.87,61.20
115.86,138.85,61.20
