134.29,133.25,60.92
134.33,133.25,60.94
134.33,133.25,60.93
134.31,133.25,60.93
134.31,133.25,60.93
134.46,133.28,60.99
134.41,133.27,60.97
134.37,133.26,60.95
134.43,133.27,60.97
134.60,133.31,61.04
134.69,133.32,61.07
134.61,133.31,61.05
134.85,133.36,61.13
134.54,133.29,61.02
134.74,133.33,61.09
134.89,133.37,61.14
135.27,133.45,61.26
135.28,133.45,61.27
135.15,133.42,61.23
135.44,133.49,61.31
135.46,133.50,61.32
135.67,133.55,61.37
135.69,133.55,61.37
135.74,133.57,61.38
135.74,133.57,61.38
135.95,133.63,61.41
135.99,133.64,61.42
136.06,133.66,61.42
136.21,133.71,61.42
136.21,133.71,61.43
136.36,133.76,61.43
136.58,133.84,61.42
136.33,133.75,61.43
136.51,133.82,61.42
136.62,133.86,61.41
136.71,133.89,61.40
136.96,133.99,61.35
137.22,134.10,61.29
137.03,134.02,61.34
137.04,134.03,61.33
137.23,134.10,61.28
137.39,134.17,61.23
137.28,134.12,61.27
137.37,134.17,61.24
137.48,134.21,61.20
137.55,134.24,61.18
137.77,134.33,61.11
137.69,134.30,61.13
137.80,134.34,61.10
137.66,134.29,61.14
137.83,134.36,61.09
138.04,134.44,61.03
138.21,134.50,60.99
138.07,134.45,61.02
138.19,134.49,60.99
137.94,134.40,61.05
138.11,134.46,61.01
138.34,134.55,60.97
138.33,134.54,60.97
138.50,134.60,60.95
138.51,134.60,60.95
138.59,134.63,60.94
138.98,134.76,60.92
138.99,134.76,60.92
138.87,134.73,60.92
139.14,134.81,60.91
139.16,134.82,60.91
139.40,134.90,60.91
139.39,134.90,60.91
139.36,134.89,60.91
139.39,134.90,60.91
139.79,135.04,60.93
139.62,134.98,60.92
139.63,134.98,60.92
139.81,135.04,60.93
139.91,135.08,60.93
140.20,135.19,60.94
140.49,135.30,60.95
140.28,135.22,60.94
140.28,135.22,60.94
140.50,135.30,60.95
140.66,135.37,60.95
140.55,135.33,60.95
140.67,135.37,60.95
140.78,135.42,60.95
140.84,135.45,60.95
140.97,135.52,60.94
141.00,135.53,60.94
141.07,135.57,60.94
141.03,135.55,60.94
141.21,135.66,60.93
141.20,135.65,60.93
141.29,135.71,60.92
141.43,135.80,60.90
141.31,135.72,60.92
141.48,135.84,60.90
141.51,135.86,60.89
141.56,135.91,60.89
141.77,136.09,60.86
141.71,136.03,60.87
141.72,136.04,60.87
141.67,136.00,60.87
141.87,136.18,60.85
141.87,136.18,60.85
142.12,136.42,60.82
142.34,136.64,60.79
142.12,136.42,60.81
142.21,136.51,60.81
142.43,136.73,60.78
142.43,136.73,60.78
142.65,136.95,60.76
142.64,136.93,60.76
142.64,136.94,60.76
142.62,136.91,60.77
142.86,137.15,60.74
142.86,137.15,60.74
143.08,137.36,60.72
143.09,137.37,60.72
143.08,137.36,60.72
143.05,137.32,60.73
143.32,137.56,60.69
143.31,137.55,60.69
143.50,137.71,60.66
143.52,137.73,60.66
143.52,137.73,60.66
143.49,137.70,60.67
143.75,137.87,60.60
143.75,137.88,60.60
143.93,137.99,60.55
143.93,137.99,60.55
144.00,138.02,60.52
143.91,137.98,60.55
144.00,138.02,60.52
144.30,138.11,60.37
144.21,138.09,60.42
144.18,138.08,60.44
144.32,138.11,60.36
144.53,138.14,60.22
144.69,138.14,60.11
144.60,138.14,60.17
144.75,138.14,60.06
144.42,138.13,60.30
144.54,138.14,60.21
144.87,138.13,59.98
145.02,138.11,59.85
145.00,138.12,59.87
144.97,138.12,59.90
144.82,138.13,60.02
145.09,138.10,59.80
145.18,138.09,59.73
145.44,138.06,59.53
145.83,138.03,59.24
145.55,138.05,59.44
145.48,138.06,59.50
145.74,138.04,59.30
146.06,138.03,59.08
146.24,138.05,58.97
146.08,138.03,59.07
146.19,138.04,59.00
145.85,138.03,59.22
146.10,138.03,59.05
146.49,138.09,58.83
146.45,138.08,58.85
146.46,138.08,58.85
146.46,138.09,58.84
146.79,138.18,58.69
146.75,138.17,58.71
146.73,138.16,58.72
146.78,138.18,58.70
147.08,138.30,58.59
146.98,138.26,58.62
147.06,138.29,58.60
147.15,138.33,58.56
147.26,138.38,58.53
147.53,138.50,58.46
147.42,138.45,58.49
147.58,138.52,58.44
147.39,138.44,58.49
147.60,138.53,58.44
147.87,138.64,58.37
148.09,138.72,58.32
147.92,138.66,58.36
148.03,138.70,58.33
147.74,138.59,58.40
147.94,138.67,58.36
148.33,138.79,58.25
148.23,138.76,58.28
148.33,138.79,58.25
148.41,138.81,58.23
148.57,138.84,58.18
148.83,138.88,58.10
148.75,138.87,58.13
148.96,138.90,58.05
148.80,138.88,58.11
148.95,138.90,58.06
149.39,138.92,57.90
149.27,138.91,57.95
149.17,138.91,57.98
149.27,138.91,57.94
149.73,138.91,57.77
149.95,138.90,57.68
149.78,138.91,57.75
149.91,138.91,57.70
149.54,138.91,57.84
149.79,138.91,57.75
150.16,138.89,57.60
150.19,138.89,57.58
150.22,138.89,57.57
150.20,138.89,57.58
150.44,138.87,57.48
150.47,138.86,57.46
150.51,138.86,57.44
150.41,138.87,57.49
150.64,138.85,57.39
150.64,138.85,57.39
150.71,138.84,57.36
150.69,138.84,57.37
150.57,138.85,57.42
150.66,138.85,57.38
150.71,138.84,57.36
134.31,133.25,60.92
134.33,133.25,60.93
134.31,133.25,60.93
134.30,133.25,60.92
134.32,133.25,60.93
134.32,133.25,60.93
134.30,133.25,60.92
134.31,133.25,60.93
134.37,133.26,60.95
134.44,133.27,60.98
134.40,133.27,60.96
134.40,133.27,60.96
134.36,133.26,60.95
134.39,133.26,60.96
134.34,133.26,60.94
134.45,133.28,60.98
134.38,133.26,60.95
134.37,133.26,60.95
134.34,133.26,60.94
134.40,133.27,60.96
134.61,133.31,61.04
134.65,133.32,61.06
134.64,133.31,61.06
134.53,133.29,61.01
134.54,133.29,61.02
134.51,133.29,61.00
134.58,133.30,61.03
134.70,133.33,61.08
134.73,133.33,61.09
134.48,133.28,60.99
134.45,133.28,60.98
134.72,133.33,61.08
134.67,133.32,61.07
134.80,133.35,61.11
134.64,133.31,61.06
134.49,133.28,61.00
134.58,133.30,61.03
134.60,133.31,61.04
134.75,133.34,61.10
134.79,133.34,61.11
134.87,133.36,61.13
134.81,133.35,61.12
135.06,133.40,61.20
135.08,133.41,61.20
135.27,133.45,61.26
135.07,133.41,61.20
135.00,133.39,61.18
135.21,133.44,61.25
134.95,133.38,61.16
135.02,133.39,61.18
135.22,133.44,61.25
135.30,133.46,61.28
135.36,133.47,61.29
135.35,133.47,61.29
135.31,133.46,61.28
135.45,133.49,61.32
135.48,133.50,61.32
135.68,133.55,61.37
135.47,133.50,61.32
135.47,133.50,61.32
135.55,133.52,61.34
135.72,133.56,61.37
135.59,133.53,61.35
135.70,133.56,61.37
135.50,133.51,61.32
135.60,133.53,61.35
135.59,133.53,61.35
135.74,133.57,61.38
135.84,133.60,61.39
135.98,133.64,61.42
135.81,133.59,61.39
135.82,133.59,61.39
135.86,133.60,61.40
136.03,133.65,61.42
135.90,133.62,61.40
136.04,133.66,61.42
135.92,133.62,61.40
135.91,133.62,61.40
135.89,133.61,61.40
136.12,133.68,61.43
136.11,133.68,61.43
136.08,133.67,61.42
136.46,133.80,61.43
136.40,133.78,61.43
136.28,133.74,61.43
136.20,133.71,61.43
136.21,133.71,61.43
136.20,133.71,61.43
136.35,133.76,61.43
136.42,133.78,61.43
136.43,133.79,61.43
136.20,133.71,61.43
136.38,133.77,61.43
136.22,133.72,61.42
136.37,133.77,61.43
136.25,133.73,61.43
136.48,133.81,61.42
136.56,133.84,61.42
136.53,133.82,61.42
136.64,133.87,61.41
136.60,133.85,61.42
136.99,134.01,61.34
137.13,134.07,61.31
137.09,134.05,61.32
136.66,133.87,61.41
136.83,133.94,61.37
136.85,133.95,61.37
137.03,134.02,61.34
136.87,133.96,61.37
136.81,133.93,61.38
136.77,133.92,61.39
136.79,133.93,61.38
137.00,134.01,61.34
137.22,134.10,61.29
137.08,134.05,61.32
137.13,134.06,61.31
137.16,134.07,61.30
137.34,134.15,61.25
137.21,134.10,61.29
137.31,134.14,61.26
137.16,134.08,61.30
137.33,134.15,61.25
137.19,134.09,61.29
137.43,134.19,61.22
137.35,134.16,61.25
137.34,134.15,61.25
137.29,134.13,61.26
137.42,134.19,61.22
137.42,134.18,61.22
137.47,134.21,61.21
137.46,134.20,61.21
137.73,134.31,61.12
137.58,134.26,61.17
137.62,134.27,61.15
137.58,134.25,61.17
137.66,134.29,61.14
137.67,134.29,61.14
137.78,134.34,61.10
137.73,134.32,61.12
137.61,134.26,61.16
137.52,134.23,61.19
137.57,134.25,61.17
137.68,134.29,61.13
137.80,134.35,61.09
137.76,134.33,61.11
137.75,134.32,61.11
138.05,134.44,61.02
138.14,134.47,61.00
138.12,134.47,61.01
137.90,134.38,61.07
137.92,134.39,61.06
137.93,134.40,61.06
138.01,134.42,61.04
138.06,134.45,61.02
138.13,134.47,61.01
137.87,134.37,61.08
137.81,134.35,61.09
138.16,134.48,61.00
138.08,134.45,61.02
138.15,134.48,61.00
138.03,134.43,61.03
137.88,134.38,61.07
137.96,134.41,61.05
137.95,134.40,61.05
138.20,134.50,60.99
138.34,134.54,60.97
138.21,134.50,60.99
138.28,134.52,60.98
138.25,134.51,60.98
138.42,134.57,60.96
138.35,134.55,60.97
138.43,134.57,60.96
138.36,134.55,60.97
138.32,134.54,60.97
138.31,134.53,60.98
138.51,134.60,60.95
138.47,134.59,60.95
138.48,134.59,60.95
138.55,134.62,60.94
138.57,134.62,60.94
138.74,134.68,60.93
138.79,134.70,60.93
138.98,134.76,60.92
138.80,134.70,60.93
138.76,134.69,60.93
138.94,134.75,60.92
138.70,134.67,60.93
138.69,134.66,60.93
138.93,134.74,60.92
139.01,134.77,60.92
139.06,134.79,60.91
139.07,134.79,60.91
139.02,134.77,60.92
139.15,134.82,60.91
139.18,134.83,60.91
139.39,134.90,60.91
139.20,134.83,60.91
139.19,134.83,60.91
139.28,134.86,60.91
139.38,134.90,60.91
139.25,134.85,60.91
139.40,134.90,60.91
139.18,134.83,60.91
139.28,134.86,60.91
139.27,134.86,60.91
139.39,134.90,60.91
139.51,134.94,60.92
139.71,135.01,60.92
139.58,134.96,60.92
139.60,134.97,60.92
139.50,134.94,60.92
139.62,134.98,60.92
139.51,134.94,60.92
139.80,135.04,60.93
139.60,134.97,60.92
139.59,134.97,60.92
139.52,134.94,60.92
139.73,135.01,60.92
139.76,135.03,60.92
139.85,135.06,60.93
139.77,135.03,60.92
140.24,135.20,60.94
140.38,135.26,60.95
140.34,135.24,60.95
139.87,135.06,60.93
140.05,135.13,60.94
140.10,135.15,60.94
140.28,135.22,60.94
140.09,135.15,60.94
140.04,135.13,60.93
140.00,135.11,60.93
140.01,135.12,60.93
140.25,135.20,60.94
140.49,135.30,60.95
140.34,135.24,60.95
140.39,135.26,60.95
140.41,135.27,60.95
140.61,135.35,60.95
140.46,135.29,60.95
140.58,135.34,60.95
140.40,135.26,60.95
140.61,135.35,60.95
140.47,135.29,60.95
140.72,135.40,60.95
140.63,135.36,60.95
140.63,135.36,60.95
140.58,135.34,60.95
140.72,135.40,60.95
140.70,135.39,60.95
140.75,135.41,60.95
140.75,135.41,60.95
140.99,135.53,60.94
140.89,135.48,60.95
140.87,135.47,60.95
140.82,135.44,60.95
140.91,135.49,60.95
140.95,135.51,60.95
141.03,135.55,60.94
141.05,135.56,60.94
140.93,135.50,60.95
140.85,135.46,60.95
140.91,135.49,60.95
141.02,135.54,60.94
141.09,135.59,60.94
141.11,135.59,60.94
141.13,135.60,60.94
141.14,135.61,60.93
141.09,135.58,60.94
141.36,135.76,60.91
141.31,135.73,60.92
141.25,135.68,60.92
141.18,135.64,60.93
141.16,135.63,60.93
141.17,135.64,60.93
141.30,135.71,60.92
141.39,135.77,60.91
141.38,135.77,60.91
141.21,135.65,60.93
141.32,135.73,60.92
141.47,135.83,60.90
141.37,135.76,60.91
141.26,135.69,60.92
141.41,135.79,60.91
141.48,135.84,60.90
141.43,135.81,60.90
141.49,135.85,60.90
141.51,135.87,60.89
141.74,136.06,60.86
141.61,135.95,60.88
141.87,136.18,60.85
141.60,135.94,60.88
141.66,135.99,60.87
141.64,135.97,60.88
141.74,136.06,60.86
141.69,136.02,60.87
141.61,135.95,60.88
141.57,135.91,60.89
141.59,135.93,60.88
141.69,136.01,60.87
141.82,136.14,60.85
141.80,136.11,60.85
141.78,136.09,60.86
141.81,136.12,60.85
141.83,136.14,60.85
141.78,136.10,60.86
142.12,136.42,60.81
142.24,136.54,60.80
142.23,136.53,60.80
141.87,136.18,60.85
142.05,136.35,60.82
142.06,136.36,60.82
142.17,136.47,60.81
142.01,136.31,60.83
141.94,136.25,60.84
141.93,136.24,60.84
142.00,136.31,60.83
142.16,136.46,60.81
142.39,136.68,60.79
142.27,136.57,60.80
142.32,136.62,60.79
142.28,136.58,60.80
142.40,136.69,60.79
142.32,136.62,60.79
142.65,136.94,60.76
142.53,136.83,60.77
142.54,136.84,60.77
142.50,136.79,60.78
142.56,136.85,60.77
142.54,136.83,60.77
142.65,136.94,60.76
142.64,136.93,60.76
142.53,136.83,60.77
142.42,136.72,60.78
142.53,136.82,60.77
142.64,136.93,60.76
142.76,137.05,60.75
142.75,137.04,60.75
142.74,137.03,60.76
142.75,137.04,60.75
142.76,137.05,60.75
142.74,137.03,60.76
143.08,137.35,60.72
142.98,137.26,60.73
142.97,137.25,60.74
142.87,137.16,60.74
142.97,137.25,60.73
142.97,137.25,60.73
143.08,137.35,60.72
143.07,137.35,60.73
142.96,137.24,60.74
142.83,137.12,60.75
142.95,137.23,60.74
143.07,137.35,60.73
143.19,137.45,60.71
143.20,137.46,60.71
143.18,137.44,60.71
143.20,137.46,60.71
143.19,137.45,60.71
143.18,137.44,60.71
143.52,137.72,60.66
143.43,137.66,60.68
143.40,137.63,60.68
143.28,137.53,60.70
143.40,137.62,60.68
143.42,137.65,60.68
143.52,137.72,60.66
143.52,137.72,60.66
143.41,137.63,60.68
143.27,137.52,60.70
143.41,137.63,60.68
143.51,137.72,60.66
143.63,137.80,60.64
143.61,137.79,60.64
143.62,137.80,60.64
143.64,137.81,60.63
143.63,137.80,60.63
143.63,137.80,60.63
143.92,137.98,60.55
143.83,137.93,60.58
143.83,137.93,60.58
143.71,137.85,60.61
143.84,137.94,60.57
143.90,137.97,60.56
143.97,138.01,60.53
143.97,138.01,60.53
143.84,137.93,60.58
143.71,137.85,60.61
143.81,137.92,60.59
143.92,137.98,60.55
143.98,138.01,60.53
143.99,138.02,60.53
143.98,138.01,60.53
144.14,138.07,60.45
144.28,138.11,60.38
144.16,138.07,60.44
144.20,138.09,60.42
144.09,138.05,60.48
144.20,138.09,60.42
144.02,138.03,60.51
144.27,138.11,60.39
144.09,138.05,60.48
144.20,138.09,60.42
144.12,138.06,60.46
144.20,138.09,60.42
144.57,138.14,60.20
144.65,138.14,60.14
144.61,138.14,60.17
144.42,138.13,60.29
144.45,138.13,60.27
144.41,138.13,60.30
144.51,138.14,60.24
144.59,138.14,60.18
144.68,138.14,60.12
144.35,138.12,60.34
144.30,138.11,60.37
144.62,138.14,60.16
144.54,138.14,60.22
144.64,138.14,60.14
144.49,138.14,60.25
144.34,138.11,60.34
144.39,138.12,60.31
144.42,138.13,60.29
144.93,138.12,59.93
145.01,138.11,59.86
144.94,138.12,59.92
144.92,138.12,59.93
144.99,138.12,59.88
145.06,138.11,59.83
144.95,138.12,59.91
144.92,138.12,59.94
144.76,138.14,60.06
144.86,138.13,59.98
144.82,138.13,60.01
144.74,138.14,60.07
144.79,138.14,60.04
144.92,138.12,59.93
145.03,138.11,59.85
144.86,138.13,59.98
144.81,138.13,60.02
144.68,138.14,60.12
145.09,138.10,59.80
145.10,138.10,59.79
145.08,138.11,59.81
145.50,138.05,59.48
145.69,138.04,59.34
145.64,138.04,59.38
145.13,138.10,59.77
145.28,138.08,59.65
145.33,138.07,59.62
145.51,138.05,59.48
145.36,138.07,59.59
145.29,138.08,59.64
145.24,138.08,59.68
145.27,138.08,59.66
145.46,138.06,59.51
145.78,138.03,59.27
145.59,138.05,59.41
145.60,138.04,59.40
146.07,138.03,59.07
146.15,138.04,59.02
146.15,138.03,59.02
145.94,138.03,59.16
145.95,138.03,59.15
145.81,138.03,59.25
145.97,138.03,59.14
146.02,138.03,59.11
146.13,138.03,59.03
145.70,138.04,59.33
145.65,138.04,59.37
146.16,138.04,59.01
146.09,138.03,59.06
146.14,138.03,59.03
145.98,138.03,59.13
145.79,138.03,59.26
145.92,138.03,59.18
145.96,138.03,59.14
146.26,138.05,58.96
146.45,138.08,58.85
146.27,138.06,58.95
146.34,138.06,58.91
146.33,138.06,58.92
146.45,138.08,58.85
146.32,138.06,58.92
146.47,138.09,58.84
146.35,138.07,58.91
146.28,138.06,58.95
146.28,138.06,58.95
146.46,138.08,58.84
146.60,138.12,58.78
146.77,138.17,58.70
146.62,138.13,58.77
146.63,138.13,58.77
146.59,138.12,58.78
146.75,138.16,58.71
146.57,138.12,58.79
146.78,138.18,58.70
146.62,138.13,58.77
146.64,138.14,58.76
146.61,138.13,58.78
146.76,138.17,58.70
146.87,138.21,58.66
147.03,138.27,58.60
146.91,138.23,58.65
146.93,138.23,58.64
146.86,138.21,58.67
147.02,138.27,58.61
146.90,138.22,58.65
147.11,138.31,58.58
146.97,138.25,58.63
146.96,138.25,58.63
146.92,138.23,58.65
147.10,138.31,58.58
147.12,138.31,58.57
147.17,138.34,58.56
147.16,138.33,58.56
147.48,138.48,58.47
147.29,138.39,58.52
147.34,138.41,58.51
147.30,138.40,58.52
147.40,138.44,58.49
147.42,138.45,58.49
147.55,138.51,58.45
147.48,138.48,58.47
147.33,138.41,58.51
147.23,138.36,58.54
147.27,138.38,58.53
147.41,138.45,58.49
147.57,138.52,58.45
147.51,138.49,58.46
147.50,138.49,58.46
147.89,138.65,58.37
148.01,138.70,58.34
147.98,138.69,58.35
147.70,138.58,58.41
147.73,138.59,58.41
147.75,138.60,58.40
147.83,138.63,58.38
147.88,138.65,58.37
147.97,138.68,58.35
147.65,138.56,58.43
147.57,138.52,58.45
148.02,138.70,58.33
147.91,138.66,58.36
147.99,138.69,58.34
147.85,138.63,58.38
147.68,138.56,58.42
147.77,138.60,58.40
147.74,138.59,58.41
148.07,138.72,58.32
148.28,138.78,58.26
148.13,138.73,58.31
148.21,138.76,58.28
148.12,138.73,58.31
148.28,138.78,58.27
148.17,138.75,58.29
148.38,138.80,58.24
148.27,138.77,58.27
148.19,138.75,58.29
148.13,138.73,58.30
148.37,138.80,58.24
148.38,138.80,58.24
148.46,138.82,58.21
148.45,138.82,58.22
148.79,138.88,58.11
148.59,138.84,58.17
148.63,138.85,58.16
148.58,138.84,58.18
148.70,138.86,58.14
148.77,138.88,58.12
148.90,138.89,58.08
148.88,138.89,58.08
148.69,138.86,58.14
148.55,138.84,58.18
148.62,138.85,58.17
148.77,138.88,58.12
148.89,138.89,58.08
148.85,138.89,58.09
148.88,138.89,58.08
149.11,138.91,58.00
149.32,138.92,57.93
149.18,138.91,57.98
149.11,138.91,58.00
149.04,138.90,58.03
149.22,138.91,57.96
148.99,138.90,58.04
149.33,138.92,57.92
149.05,138.90,58.02
149.12,138.91,58.00
149.06,138.90,58.02
149.21,138.91,57.97
149.76,138.91,57.76
149.87,138.91,57.72
149.84,138.91,57.73
149.56,138.91,57.83
149.58,138.91,57.83
149.51,138.91,57.86
149.66,138.91,57.80
149.73,138.91,57.77
149.84,138.91,57.72
149.41,138.92,57.89
149.35,138.92,57.92
149.87,138.91,57.71
149.76,138.91,57.76
149.85,138.91,57.72
149.67,138.91,57.79
149.41,138.92,57.89
149.52,138.91,57.85
149.58,138.91,57.83
149.99,138.90,57.67
150.18,138.89,57.59
149.98,138.90,57.67
150.06,138.90,57.63
150.05,138.90,57.64
150.19,138.89,57.58
150.06,138.90,57.64
150.19,138.89,57.58
150.07,138.90,57.63
149.99,138.90,57.66
150.00,138.90,57.66
150.20,138.89,57.58
150.33,138.88,57.52
150.45,138.87,57.47
150.32,138.88,57.53
150.31,138.88,57.53
150.34,138.88,57.52
150.49,138.86,57.45
150.36,138.87,57.51
150.42,138.87,57.48
150.29,138.88,57.54
150.30,138.88,57.54
150.35,138.87,57.51
150.46,138.87,57.47
150.67,138.84,57.38
150.67,138.84,57.38
150.64,138.85,57.39
150.66,138.84,57.38
150.70,138.84,57.36
150.65,138.85,57.39
150.61,138.85,57.40
150.60,138.85,57.41
150.50,138.86,57.45
150.54,138.86,57.43
150.55,138.86,57.43
150.56,138.86,57.43
150.54,138.86,57.43
150.59,138.85,57.41
150.67,138.84,57.38
150.60,138.85,57.41
150.57,138.85,57.42
150.49,138.86,57.46
150.71,138.84,57.36
150.68,138.84,57.37
150.70,138.84,57.36
150.69,138.84,57.37
134.32,133.25,60.93
134.33,133.25,60.93
134.32,133.25,60.93
134.32,133.25,60.93
134.33,133.25,60.94
134.32,133.25,60.93
134.31,133.25,60.93
134.30,133.25,60.92
134.30,133.25,60.92
134.29,133.25,60.92
134.30,133.25,60.92
134.31,133.25,60.93
134.30,133.25,60.92
134.31,133.25,60.93
134.31,133.25,60.93
134.32,133.25,60.93
134.33,133.25,60.93
134.32,133.25,60.93
134.31,133.25,60.93
134.32,133.25,60.93
134.31,133.25,60.92
134.30,133.25,60.92
134.29,133.25,60.92
134.30,133.25,60.92
134.31,133.25,60.92
134.31,133.25,60.93
134.30,133.25,60.92
134.31,133.25,60.93
134.39,133.26,60.96
134.42,133.27,60.97
134.40,133.27,60.96
134.42,133.27,60.97
134.45,133.28,60.98
134.43,133.27,60.97
134.38,133.26,60.96
134.36,133.26,60.95
134.35,133.26,60.94
134.36,133.26,60.95
134.40,133.27,60.96
134.43,133.27,60.98
134.37,133.26,60.95
134.37,133.26,60.95
134.34,133.26,60.94
134.34,133.25,60.94
134.33,133.25,60.94
134.36,133.26,60.95
134.38,133.26,60.96
134.40,133.27,60.96
134.37,133.26,60.95
134.35,133.26,60.94
134.32,133.25,60.93
134.36,133.26,60.95
134.35,133.26,60.94
134.38,133.26,60.95
134.46,133.28,60.98
134.42,133.27,60.97
134.41,133.27,60.97
134.44,133.27,60.98
134.41,133.27,60.96
134.39,133.27,60.96
134.36,133.26,60.95
134.35,133.26,60.94
134.38,133.26,60.95
134.40,133.27,60.96
134.35,133.26,60.94
134.34,133.26,60.94
134.32,133.25,60.93
134.33,133.25,60.93
134.33,133.25,60.93
134.34,133.26,60.94
134.36,133.26,60.94
134.38,133.26,60.96
134.37,133.26,60.95
134.36,133.26,60.95
134.39,133.26,60.96
134.42,133.27,60.97
134.61,133.31,61.04
134.63,133.31,61.05
134.63,133.31,61.05
134.65,133.31,61.06
134.66,133.32,61.06
134.67,133.32,61.07
134.62,133.31,61.05
134.62,133.31,61.05
134.61,133.31,61.04
134.57,133.30,61.03
134.57,133.30,61.03
134.54,133.29,61.02
134.50,133.29,61.00
134.50,133.29,61.00
134.57,133.30,61.03
134.57,133.30,61.03
134.48,133.28,60.99
134.47,133.28,60.99
134.46,133.28,60.99
134.52,133.29,61.01
134.55,133.30,61.02
134.56,133.30,61.03
134.62,133.31,61.05
134.63,133.31,61.05
134.71,133.33,61.08
134.78,133.34,61.10
134.79,133.34,61.11
134.65,133.32,61.06
134.67,133.32,61.07
134.59,133.30,61.04
134.51,133.29,61.01
134.53,133.29,61.01
134.55,133.29,61.02
134.49,133.28,61.00
134.44,133.27,60.98
134.41,133.27,60.97
134.42,133.27,60.97
134.47,133.28,60.99
134.50,133.29,61.00
134.43,133.27,60.98
134.70,133.33,61.08
134.68,133.32,61.07
134.69,133.32,61.08
134.73,133.33,61.09
134.71,133.33,61.08
134.66,133.32,61.06
134.64,133.31,61.05
134.82,133.35,61.12
134.75,133.34,61.09
134.67,133.32,61.07
134.59,133.30,61.04
134.72,133.33,61.09
134.69,133.32,61.07
134.77,133.34,61.10
134.52,133.29,61.01
134.56,133.30,61.03
134.53,133.29,61.01
134.46,133.28,60.99
134.51,133.29,61.01
134.61,133.31,61.05
134.67,133.32,61.07
134.54,133.29,61.02
134.57,133.30,61.03
134.60,133.31,61.04
134.64,133.31,61.06
134.68,133.32,61.07
134.53,133.29,61.01
134.60,133.31,61.04
134.52,133.29,61.01
134.45,133.28,60.98
134.47,133.28,60.99
134.43,133.27,60.97
134.82,133.35,61.12
134.83,133.35,61.12
134.77,133.34,61.10
134.72,133.33,61.08
134.74,133.33,61.09
134.70,133.33,61.08
134.68,133.32,61.07
134.86,133.36,61.13
134.80,133.35,61.11
134.81,133.35,61.12
134.89,133.37,61.14
134.74,133.33,61.09
134.86,133.36,61.13
134.80,133.35,61.11
134.77,133.34,61.10
134.78,133.34,61.11
134.76,133.34,61.10
134.96,133.38,61.16
134.97,133.38,61.17
135.07,133.41,61.20
135.16,133.43,61.23
135.19,133.43,61.24
134.97,133.38,61.17
135.00,133.39,61.18
135.27,133.45,61.26
135.17,133.43,61.23
135.17,133.43,61.23
135.08,133.41,61.20
134.99,133.39,61.17
135.18,133.43,61.24
135.27,133.45,61.26
134.94,133.38,61.16
135.04,133.40,61.19
135.13,133.42,61.22
134.91,133.37,61.15
134.87,133.36,61.14
135.19,133.43,61.24
135.05,133.40,61.19
135.08,133.41,61.21
134.98,133.39,61.17
134.84,133.36,61.13
135.10,133.41,61.21
135.24,133.44,61.26
134.88,133.36,61.14
134.98,133.39,61.17
135.09,133.41,61.21
134.90,133.37,61.15
134.93,133.37,61.15
135.25,133.45,61.26
135.14,133.42,61.22
135.03,133.40,61.19
135.12,133.42,61.22
135.20,133.43,61.24
135.23,133.44,61.25
135.26,133.45,61.26
135.33,133.47,61.28
135.38,133.48,61.30
135.40,133.48,61.30
135.30,133.46,61.27
135.33,133.46,61.28
135.32,133.46,61.28
135.29,133.45,61.27
135.34,133.47,61.29
135.41,133.48,61.31
135.40,133.48,61.30
135.25,133.45,61.26
135.24,133.44,61.26
135.31,133.46,61.28
135.39,133.48,61.30
135.46,133.49,61.32
135.39,133.48,61.30
135.45,133.49,61.32
135.58,133.53,61.34
135.68,133.55,61.37
135.58,133.53,61.34
135.57,133.53,61.34
135.67,133.55,61.37
135.57,133.53,61.34
135.48,133.50,61.32
135.37,133.48,61.29
135.38,133.48,61.29
135.37,133.48,61.29
135.47,133.50,61.32
135.56,133.52,61.34
135.36,133.47,61.29
135.37,133.47,61.29
135.42,133.49,61.31
135.46,133.50,61.32
135.50,133.51,61.33
135.51,133.51,61.33
135.62,133.54,61.35
135.71,133.56,61.37
135.63,133.54,61.36
135.58,133.53,61.35
135.52,133.51,61.33
135.64,133.54,61.36
135.66,133.55,61.36
135.74,133.57,61.38
135.69,133.56,61.37
135.56,133.52,61.34
135.61,133.53,61.35
135.73,133.57,61.38
135.62,133.54,61.35
135.49,133.50,61.32
135.38,133.48,61.29
135.43,133.49,61.31
135.54,133.52,61.34
135.65,133.54,61.36
135.49,133.50,61.32
135.52,133.51,61.33
135.53,133.51,61.34
135.53,133.51,61.34
135.54,133.52,61.34
135.60,133.53,61.35
135.67,133.55,61.37
135.74,133.57,61.38
135.66,133.55,61.36
135.60,133.53,61.35
135.65,133.55,61.36
135.74,133.57,61.38
135.91,133.62,61.40
135.99,133.64,61.42
135.92,133.62,61.40
135.90,133.62,61.40
135.95,133.63,61.41
135.88,133.61,61.40
135.84,133.60,61.39
135.75,133.57,61.38
135.76,133.58,61.38
135.75,133.57,61.38
135.81,133.59,61.39
135.87,133.61,61.40
135.75,133.57,61.38
135.75,133.57,61.38
135.77,133.58,61.38
135.78,133.58,61.38
135.74,133.57,61.38
135.85,133.60,61.40
135.94,133.63,61.41
136.02,133.65,61.42
135.94,133.63,61.41
135.88,133.61,61.40
135.80,133.59,61.39
135.96,133.63,61.41
135.98,133.64,61.42
136.04,133.66,61.42
136.00,133.64,61.42
135.93,133.63,61.40
135.97,133.63,61.41
136.15,133.69,61.42
136.05,133.66,61.42
135.74,133.57,61.38
135.79,133.58,61.39
135.79,133.59,61.39
135.93,133.63,61.40
136.04,133.66,61.42
135.82,133.59,61.39
135.83,133.60,61.39
135.81,133.59,61.39
135.82,133.59,61.39
135.80,133.59,61.39
135.89,133.61,61.40
135.97,133.64,61.41
136.07,133.67,61.42
136.01,133.65,61.42
135.92,133.62,61.40
136.05,133.66,61.42
136.21,133.71,61.42
136.20,133.71,61.43
136.20,133.71,61.43
136.10,133.67,61.43
136.02,133.65,61.42
136.01,133.65,61.42
136.03,133.66,61.42
136.05,133.66,61.42
136.53,133.83,61.42
136.49,133.81,61.42
136.44,133.79,61.43
136.33,133.75,61.43
136.31,133.75,61.43
136.24,133.72,61.43
136.37,133.77,61.43
136.22,133.72,61.42
136.41,133.78,61.43
136.20,133.71,61.43
136.20,133.71,61.43
136.09,133.67,61.43
136.23,133.72,61.43
136.26,133.73,61.43
136.20,133.71,61.43
136.20,133.71,61.43
136.20,133.71,61.43
136.27,133.73,61.43
136.26,133.73,61.43
136.34,133.76,61.43
136.27,133.73,61.43
136.35,133.76,61.43
136.28,133.74,61.43
136.22,133.72,61.42
136.20,133.71,61.43
136.10,133.68,61.43
136.39,133.77,61.43
136.39,133.77,61.43
136.43,133.79,61.43
136.22,133.72,61.42
136.22,133.72,61.42
136.39,133.78,61.43
136.40,133.78,61.43
136.20,133.71,61.43
136.20,133.71,61.43
136.18,133.70,61.42
136.20,133.71,61.43
136.06,133.67,61.42
136.29,133.74,61.43
136.37,133.77,61.43
136.22,133.72,61.42
136.22,133.72,61.42
136.22,133.72,61.42
136.59,133.85,61.42
136.22,133.72,61.42
136.49,133.81,61.42
136.62,133.86,61.41
136.50,133.81,61.42
136.38,133.77,61.43
136.22,133.72,61.42
136.30,133.74,61.43
136.22,133.72,61.43
136.20,133.71,61.43
136.20,133.71,61.43
136.21,133.72,61.42
136.41,133.78,61.43
136.36,133.76,61.43
136.32,133.75,61.43
136.45,133.79,61.43
136.55,133.83,61.42
136.45,133.80,61.43
136.52,133.82,61.42
136.59,133.85,61.42
136.51,133.82,61.42
136.54,133.83,61.42
136.61,133.85,61.42
136.67,133.88,61.41
136.57,133.84,61.42
136.55,133.83,61.42
136.62,133.86,61.41
136.50,133.81,61.42
136.44,133.79,61.43
136.57,133.84,61.42
136.52,133.82,61.42
136.56,133.84,61.42
136.65,133.87,61.41
136.47,133.80,61.43
137.01,134.02,61.34
137.07,134.04,61.33
137.06,134.03,61.33
137.11,134.06,61.32
137.18,134.08,61.30
137.15,134.07,61.30
137.05,134.03,61.33
137.03,134.02,61.34
136.98,134.00,61.35
136.64,133.86,61.41
136.72,133.90,61.39
136.74,133.91,61.39
136.84,133.95,61.37
136.93,133.98,61.35
136.95,133.99,61.35
136.76,133.91,61.39
136.79,133.92,61.38
136.67,133.88,61.40
137.03,134.02,61.34
136.94,133.99,61.35
136.95,133.99,61.35
136.86,133.95,61.37
136.78,133.92,61.38
136.95,133.99,61.35
137.04,134.02,61.33
136.75,133.91,61.39
136.84,133.94,61.37
136.92,133.98,61.36
136.73,133.90,61.39
136.70,133.89,61.40
136.87,133.96,61.37
136.88,133.96,61.37
136.80,133.93,61.38
136.68,133.88,61.40
136.90,133.97,61.36
136.69,133.89,61.40
136.77,133.92,61.39
136.88,133.96,61.37
136.69,133.89,61.40
136.70,133.89,61.40
137.02,134.02,61.34
136.91,133.97,61.36
136.82,133.94,61.38
136.89,133.97,61.36
136.98,134.00,61.35
136.61,133.85,61.42
136.63,133.86,61.41
136.60,133.85,61.42
137.22,134.10,61.29
137.15,134.07,61.31
137.15,134.07,61.31
137.23,134.10,61.29
137.14,134.07,61.31
137.09,134.05,61.32
137.02,134.02,61.34
137.04,134.03,61.33
137.10,134.05,61.32
137.17,134.08,61.30
137.06,134.04,61.33
137.08,134.04,61.32
137.21,134.10,61.29
137.31,134.14,61.26
137.24,134.11,61.28
137.27,134.12,61.27
137.36,134.16,61.24
137.30,134.13,61.26
137.19,134.09,61.29
137.12,134.06,61.31
137.09,134.05,61.32
137.17,134.08,61.30
137.26,134.12,61.27
137.35,134.16,61.25
137.21,134.10,61.29
137.26,134.12,61.27
137.09,134.05,61.32
137.10,134.05,61.32
137.10,134.05,61.32
137.16,134.08,61.30
137.22,134.10,61.29
137.30,134.14,61.26
137.23,134.11,61.28
137.18,134.09,61.30
137.12,134.06,61.31
137.27,134.12,61.27
137.29,134.13,61.27
137.35,134.16,61.24
137.41,134.18,61.23
137.37,134.16,61.24
137.39,134.17,61.23
137.46,134.20,61.21
137.41,134.18,61.23
137.33,134.15,61.25
137.29,134.13,61.27
137.28,134.13,61.27
137.35,134.16,61.25
137.41,134.18,61.23
137.28,134.13,61.27
137.28,134.13,61.27
137.16,134.08,61.30
137.20,134.09,61.29
137.25,134.12,61.28
137.25,134.11,61.28
137.33,134.15,61.25
137.40,134.18,61.23
137.36,134.16,61.24
137.32,134.14,61.26
137.39,134.17,61.23
137.45,134.20,61.21
137.48,134.21,61.20
137.51,134.22,61.19
137.44,134.19,61.22
137.40,134.18,61.23
137.43,134.19,61.22
137.38,134.17,61.24
137.34,134.15,61.25
137.42,134.19,61.22
137.39,134.18,61.23
137.44,134.19,61.22
137.50,134.22,61.19
137.37,134.17,61.24
137.71,134.31,61.13
137.63,134.28,61.15
137.65,134.28,61.14
137.60,134.26,61.16
137.53,134.23,61.19
137.55,134.24,61.18
137.68,134.29,61.14
137.69,134.30,61.13
137.75,134.32,61.11
137.53,134.23,61.19
137.51,134.22,61.19
137.49,134.21,61.20
137.60,134.26,61.16
137.67,134.29,61.14
137.71,134.31,61.12
137.62,134.27,61.16
137.52,134.23,61.19
137.56,134.25,61.17
137.60,134.26,61.16
137.74,134.32,61.11
137.79,134.34,61.10
137.72,134.31,61.12
137.72,134.31,61.12
137.78,134.33,61.10
137.66,134.29,61.14
137.61,134.27,61.16
137.76,134.33,61.11
137.70,134.30,61.13
137.64,134.28,61.15
137.58,134.25,61.17
137.67,134.29,61.14
137.64,134.28,61.15
137.70,134.30,61.13
137.54,134.23,61.18
137.49,134.22,61.20
137.45,134.20,61.21
137.56,134.24,61.18
137.59,134.26,61.17
137.52,134.23,61.19
137.57,134.25,61.17
137.63,134.27,61.15
137.68,134.30,61.13
137.63,134.27,61.15
137.67,134.29,61.14
137.61,134.27,61.16
137.50,134.22,61.20
137.54,134.24,61.18
137.47,134.21,61.21
137.78,134.34,61.10
137.76,134.33,61.11
137.78,134.34,61.10
137.82,134.35,61.09
137.79,134.34,61.10
137.74,134.32,61.11
137.72,134.31,61.12
137.72,134.31,61.12
137.75,134.33,61.11
137.79,134.34,61.10
137.71,134.31,61.12
137.70,134.30,61.13
138.06,134.44,61.02
138.11,134.46,61.01
138.10,134.46,61.01
138.13,134.47,61.01
138.18,134.49,60.99
138.16,134.48,61.00
138.09,134.45,61.02
138.08,134.45,61.02
138.05,134.44,61.02
137.97,134.41,61.05
137.98,134.41,61.04
137.91,134.39,61.06
137.84,134.36,61.08
137.85,134.36,61.08
137.99,134.42,61.04
137.99,134.42,61.04
137.85,134.36,61.08
137.86,134.37,61.08
137.86,134.37,61.08
137.93,134.39,61.06
138.00,134.42,61.04
137.98,134.41,61.04
138.01,134.42,61.04
138.03,134.43,61.03
138.10,134.46,61.01
138.13,134.47,61.01
138.16,134.48,61.00
138.07,134.45,61.02
138.10,134.46,61.01
138.04,134.44,61.03
137.91,134.39,61.06
137.94,134.40,61.06
137.97,134.41,61.05
137.90,134.38,61.07
137.82,134.35,61.09
137.73,134.32,61.12
137.77,134.33,61.11
137.83,134.36,61.08
137.88,134.37,61.07
137.80,134.34,61.09
138.18,134.49,60.99
138.15,134.48,61.00
138.12,134.47,61.01
138.13,134.47,61.01
138.09,134.46,61.01
138.10,134.46,61.01
138.06,134.44,61.02
138.17,134.49,61.00
138.11,134.46,61.01
138.05,134.44,61.03
137.98,134.42,61.04
138.09,134.46,61.02
138.07,134.45,61.02
138.14,134.47,61.00
137.91,134.39,61.06
137.95,134.40,61.05
137.93,134.39,61.06
137.86,134.37,61.08
137.90,134.38,61.07
138.00,134.42,61.04
138.04,134.44,61.03
137.85,134.36,61.08
137.92,134.39,61.06
137.99,134.42,61.04
138.01,134.43,61.04
138.02,134.43,61.03
137.87,134.37,61.07
137.96,134.41,61.05
137.89,134.38,61.07
137.82,134.35,61.09
137.84,134.36,61.08
137.77,134.33,61.10
138.27,134.52,60.98
138.34,134.54,60.97
138.27,134.52,60.98
138.27,134.52,60.98
138.34,134.55,60.97
138.28,134.52,60.98
138.20,134.50,60.99
138.14,134.47,61.00
138.14,134.47,61.00
138.18,134.49,61.00
138.24,134.51,60.99
138.30,134.53,60.98
138.21,134.50,60.99
138.25,134.51,60.98
138.17,134.48,61.00
138.19,134.49,60.99
138.22,134.50,60.99
138.23,134.51,60.99
138.29,134.53,60.98
138.37,134.56,60.96
138.35,134.55,60.97
138.31,134.53,60.98
138.26,134.52,60.98
138.39,134.56,60.96
138.43,134.58,60.96
138.46,134.59,60.95
138.38,134.56,60.96
138.36,134.55,60.97
138.39,134.56,60.96
138.47,134.59,60.95
138.44,134.58,60.96
138.32,134.54,60.97
138.29,134.53,60.98
138.26,134.52,60.98
138.33,134.54,60.97
138.42,134.57,60.96
138.24,134.51,60.99
138.22,134.50,60.99
138.25,134.51,60.98
138.23,134.51,60.99
138.21,134.50,60.99
138.33,134.54,60.97
138.41,134.57,60.96
138.51,134.60,60.95
138.41,134.57,60.96
138.31,134.54,60.97
138.42,134.57,60.96
138.51,134.60,60.95
138.54,134.61,60.94
138.55,134.62,60.94
138.48,134.59,60.95
138.40,134.57,60.96
138.41,134.57,60.96
138.40,134.57,60.96
138.40,134.56,60.96
138.52,134.61,60.95
138.49,134.60,60.95
138.52,134.61,60.95
138.58,134.63,60.94
138.44,134.58,60.96
138.58,134.63,60.94
138.52,134.61,60.95
138.50,134.60,60.95
138.53,134.61,60.95
138.45,134.58,60.95
138.62,134.64,60.94
138.65,134.65,60.94
138.77,134.69,60.93
138.85,134.72,60.93
138.88,134.73,60.92
138.67,134.66,60.94
138.70,134.67,60.93
138.99,134.76,60.92
138.90,134.73,60.92
138.89,134.73,60.92
138.80,134.70,60.93
138.71,134.67,60.93
138.89,134.73,60.92
138.98,134.76,60.92
138.68,134.66,60.94
138.77,134.69,60.93
138.86,134.72,60.93
138.66,134.65,60.94
138.64,134.65,60.94
138.92,134.74,60.92
138.79,134.70,60.93
138.82,134.71,60.93
138.73,134.68,60.93
138.62,134.64,60.94
138.84,134.72,60.93
138.96,134.75,60.92
138.61,134.64,60.94
138.70,134.67,60.93
138.78,134.69,60.93
138.61,134.64,60.94
138.60,134.63,60.94
138.95,134.75,60.92
138.84,134.71,60.93
138.71,134.67,60.93
138.81,134.70,60.93
138.90,134.74,60.92
138.94,134.75,60.92
138.97,134.76,60.92
139.04,134.78,60.92
139.09,134.80,60.91
139.11,134.80,60.91
139.00,134.77,60.92
139.02,134.78,60.92
139.03,134.78,60.92
139.00,134.77,60.92
139.05,134.78,60.91
139.12,134.81,60.91
139.10,134.80,60.91
138.97,134.76,60.92
138.95,134.75,60.92
139.01,134.77,60.92
139.10,134.80,60.91
139.16,134.82,60.91
139.09,134.80,60.91
139.15,134.82,60.91
139.28,134.86,60.91
139.39,134.90,60.91
139.29,134.86,60.91
139.29,134.87,60.91
139.40,134.90,60.91
139.30,134.87,60.91
139.18,134.83,60.91
139.09,134.80,60.92
139.07,134.79,60.92
139.09,134.80,60.92
139.19,134.83,60.91
139.30,134.87,60.91
139.08,134.80,60.92
139.08,134.80,60.92
139.12,134.81,60.91
139.17,134.82,60.91
139.22,134.84,60.91
139.23,134.84,60.91
139.34,134.88,60.91
139.39,134.90,60.91
139.33,134.88,60.91
139.27,134.86,60.91
139.20,134.83,60.91
139.33,134.88,60.91
139.31,134.87,60.91
139.37,134.89,60.91
139.40,134.90,60.91
139.29,134.87,60.91
139.29,134.87,60.91
139.39,134.90,60.91
139.28,134.86,60.91
139.19,134.83,60.91
139.08,134.79,60.92
139.13,134.81,60.91
139.24,134.85,60.91
139.35,134.88,60.91
139.17,134.83,60.91
139.22,134.84,60.91
139.21,134.84,60.91
139.21,134.84,60.91
139.21,134.84,60.91
139.26,134.85,60.91
139.32,134.87,60.91
139.38,134.90,60.91
139.33,134.88,60.91
139.27,134.86,60.91
139.34,134.88,60.91
139.39,134.90,60.91
139.57,134.96,60.92
139.66,134.99,60.92
139.60,134.97,60.92
139.64,134.98,60.92
139.75,135.02,60.92
139.70,135.00,60.92
139.53,134.95,60.92
139.47,134.93,60.92
139.46,134.92,60.91
139.49,134.93,60.92
139.59,134.97,60.92
139.70,135.01,60.92
139.49,134.93,60.92
139.50,134.94,60.92
139.45,134.92,60.91
139.44,134.92,60.91
139.42,134.91,60.91
139.51,134.94,60.92
139.55,134.95,60.92
139.62,134.98,60.92
139.56,134.96,60.92
139.50,134.94,60.92
139.43,134.91,60.91
139.56,134.96,60.92
139.57,134.96,60.92
139.63,134.98,60.92
139.80,135.04,60.93
139.70,135.01,60.92
139.71,135.01,60.92
139.80,135.04,60.93
139.71,135.01,60.92
139.60,134.97,60.92
139.50,134.94,60.92
139.50,134.94,60.92
139.60,134.97,60.92
139.70,135.01,60.92
139.49,134.93,60.92
139.48,134.93,60.92
139.45,134.92,60.91
139.45,134.92,60.91
139.46,134.92,60.91
139.51,134.94,60.91
139.57,134.96,60.92
139.67,135.00,60.92
139.61,134.97,60.92
139.54,134.95,60.92
139.65,134.99,60.92
139.76,135.03,60.92
139.84,135.05,60.93
139.88,135.07,60.93
139.81,135.04,60.93
139.78,135.04,60.92
139.83,135.05,60.93
139.74,135.02,60.92
139.68,135.00,60.92
139.69,135.00,60.92
139.69,135.00,60.92
139.77,135.03,60.92
139.84,135.06,60.93
139.69,135.00,60.92
140.26,135.21,60.94
140.33,135.24,60.95
140.31,135.23,60.95
140.36,135.25,60.95
140.43,135.28,60.95
140.42,135.27,60.95
140.29,135.22,60.94
140.27,135.21,60.94
140.22,135.19,60.94
139.83,135.05,60.93
139.93,135.09,60.93
139.96,135.10,60.93
140.08,135.14,60.94
140.17,135.18,60.94
140.19,135.19,60.94
139.98,135.11,60.93
139.99,135.11,60.93
139.89,135.07,60.93
140.28,135.22,60.94
140.18,135.18,60.94
140.19,135.18,60.94
140.09,135.15,60.94
139.99,135.11,60.93
140.19,135.18,60.94
140.28,135.22,60.94
139.97,135.10,60.93
140.07,135.14,60.94
140.16,135.17,60.94
139.95,135.09,60.93
139.92,135.09,60.93
140.10,135.15,60.94
140.12,135.16,60.94
140.02,135.12,60.93
139.89,135.07,60.93
140.14,135.17,60.94
139.90,135.08,60.93
140.00,135.12,60.93
140.11,135.15,60.94
139.90,135.08,60.93
139.91,135.08,60.93
140.26,135.21,60.94
140.15,135.17,60.94
140.03,135.13,60.93
140.13,135.16,60.94
140.23,135.20,60.94
139.79,135.04,60.92
139.82,135.05,60.93
139.74,135.02,60.92
140.49,135.30,60.95
140.42,135.27,60.95
140.42,135.27,60.95
140.49,135.30,60.95
140.42,135.27,60.95
140.34,135.24,60.95
140.27,135.22,60.94
140.30,135.23,60.94
140.36,135.25,60.95
140.44,135.28,60.95
140.32,135.23,60.95
140.33,135.24,60.95
140.48,135.30,60.95
140.59,135.34,60.95
140.51,135.31,60.95
140.54,135.32,60.95
140.63,135.36,60.95
140.56,135.33,60.95
140.45,135.28,60.95
140.37,135.25,60.95
140.35,135.24,60.95
140.42,135.27,60.95
140.52,135.31,60.95
140.62,135.35,60.95
140.47,135.29,60.95
140.53,135.32,60.95
140.35,135.24,60.95
140.35,135.25,60.95
140.35,135.25,60.95
140.41,135.27,60.95
140.49,135.30,60.95
140.59,135.34,60.95
140.52,135.31,60.95
140.46,135.29,60.95
140.38,135.26,60.95
140.54,135.32,60.95
140.57,135.33,60.95
140.64,135.36,60.95
140.69,135.38,60.95
140.64,135.36,60.95
140.67,135.38,60.95
140.74,135.41,60.95
140.70,135.39,60.95
140.60,135.35,60.95
140.55,135.33,60.95
140.56,135.33,60.95
140.63,135.36,60.95
140.70,135.39,60.95
140.56,135.33,60.95
140.56,135.33,60.95
140.43,135.28,60.95
140.48,135.30,60.95
140.54,135.32,60.95
140.53,135.32,60.95
140.62,135.35,60.95
140.69,135.39,60.95
140.65,135.37,60.95
140.60,135.35,60.95
140.68,135.38,60.95
140.74,135.41,60.95
140.77,135.42,60.95
140.79,135.43,60.95
140.72,135.40,60.95
140.68,135.38,60.95
140.70,135.39,60.95
140.65,135.37,60.95
140.63,135.36,60.95
140.71,135.39,60.95
140.68,135.38,60.95
140.73,135.40,60.95
140.80,135.43,60.95
140.66,135.37,60.95
141.00,135.53,60.94
140.94,135.51,60.95
140.94,135.50,60.95
140.88,135.47,60.95
140.83,135.45,60.95
140.82,135.45,60.95
140.93,135.50,60.95
140.92,135.49,60.95
140.98,135.52,60.94
140.79,135.43,60.95
140.76,135.42,60.95
140.73,135.40,60.95
140.85,135.46,60.95
140.90,135.48,60.95
140.94,135.50,60.95
140.86,135.46,60.95
140.78,135.43,60.95
140.83,135.45,60.95
140.86,135.47,60.95
141.01,135.54,60.94
141.05,135.56,60.94
140.99,135.53,60.94
140.96,135.52,60.94
141.00,135.53,60.94
140.93,135.50,60.95
140.90,135.48,60.95
141.07,135.57,60.94
141.01,135.54,60.94
140.94,135.50,60.95
140.88,135.48,60.95
140.99,135.53,60.94
140.98,135.52,60.94
141.04,135.56,60.94
140.84,135.46,60.95
140.80,135.44,60.95
140.76,135.42,60.95
140.89,135.48,60.95
140.95,135.51,60.95
140.83,135.45,60.95
140.89,135.48,60.95
140.95,135.51,60.95
141.01,135.54,60.94
140.96,135.51,60.95
141.02,135.54,60.94
140.97,135.52,60.94
140.81,135.44,60.95
140.87,135.47,60.95
140.79,135.43,60.95
141.04,135.55,60.94
141.04,135.56,60.94
141.10,135.59,60.94
141.16,135.62,60.93
141.16,135.62,60.93
141.05,135.56,60.94
141.06,135.56,60.94
141.06,135.57,60.94
141.12,135.60,60.94
141.17,135.63,60.93
141.07,135.57,60.94
141.08,135.58,60.94
141.14,135.61,60.93
141.15,135.62,60.93
141.11,135.60,60.94
141.06,135.57,60.94
141.03,135.55,60.94
141.08,135.58,60.94
141.10,135.59,60.94
141.39,135.78,60.91
141.37,135.76,60.91
141.34,135.74,60.91
141.28,135.70,60.92
141.25,135.68,60.92
141.22,135.66,60.93
141.31,135.72,60.92
141.27,135.70,60.92
141.33,135.73,60.92
141.20,135.65,60.93
141.16,135.63,60.93
141.13,135.61,60.93
141.22,135.66,60.93
141.24,135.68,60.92
141.10,135.59,60.94
141.10,135.59,60.94
141.17,135.63,60.93
141.24,135.67,60.92
141.24,135.68,60.92
141.30,135.72,60.92
141.23,135.67,60.93
141.30,135.71,60.92
141.23,135.67,60.93
141.11,135.60,60.94
141.18,135.64,60.93
141.12,135.60,60.94
141.35,135.75,60.91
141.35,135.75,60.91
141.38,135.77,60.91
141.42,135.80,60.90
141.42,135.80,60.90
141.35,135.75,60.91
141.34,135.74,60.91
141.20,135.65,60.93
141.15,135.62,60.93
141.15,135.62,60.93
141.21,135.65,60.93
141.09,135.58,60.94
141.26,135.69,60.92
141.32,135.73,60.92
141.37,135.77,60.91
141.27,135.69,60.92
141.27,135.69,60.92
141.44,135.82,60.90
141.40,135.78,60.91
141.41,135.80,60.91
141.49,135.85,60.90
141.44,135.81,60.90
141.34,135.74,60.91
141.29,135.71,60.92
141.28,135.70,60.92
141.22,135.66,60.93
141.15,135.62,60.93
141.19,135.64,60.93
141.24,135.67,60.93
141.36,135.75,60.91
141.33,135.74,60.92
141.31,135.72,60.92
141.39,135.78,60.91
141.46,135.82,60.90
141.40,135.79,60.91
141.45,135.82,60.90
141.50,135.86,60.89
141.44,135.81,60.90
141.48,135.84,60.90
141.50,135.86,60.89
141.52,135.88,60.89
141.46,135.83,60.90
141.43,135.81,60.90
141.46,135.83,60.90
141.40,135.78,60.91
141.36,135.76,60.91
141.49,135.85,60.90
141.45,135.82,60.90
141.47,135.84,60.90
141.53,135.88,60.89
141.41,135.79,60.91
141.72,136.04,60.86
141.66,135.99,60.87
141.67,136.00,60.87
141.62,135.96,60.88
141.56,135.90,60.89
141.57,135.92,60.88
141.69,136.01,60.87
141.70,136.03,60.87
141.75,136.07,60.86
141.55,135.90,60.89
141.54,135.89,60.89
141.52,135.87,60.89
141.87,136.19,60.85
141.69,136.02,60.87
141.72,136.04,60.86
141.63,135.97,60.88
141.55,135.90,60.89
141.58,135.92,60.88
141.61,135.95,60.88
141.68,136.00,60.87
141.73,136.05,60.86
141.69,136.01,60.87
141.70,136.02,60.87
141.76,136.07,60.86
141.65,135.98,60.87
141.60,135.94,60.88
141.71,136.03,60.87
141.67,135.99,60.87
141.63,135.96,60.88
141.59,135.93,60.88
141.66,135.98,60.87
141.64,135.98,60.88
141.68,136.01,60.87
141.57,135.91,60.89
141.54,135.89,60.89
141.52,135.87,60.89
141.59,135.93,60.88
141.62,135.96,60.88
141.55,135.90,60.89
141.60,135.94,60.88
141.65,135.98,60.87
141.70,136.02,60.87
141.64,135.97,60.88
141.68,136.01,60.87
141.63,135.96,60.88
141.54,135.89,60.89
141.58,135.92,60.88
141.53,135.88,60.89
141.80,136.11,60.85
141.79,136.10,60.86
141.81,136.12,60.85
141.86,136.17,60.85
141.84,136.15,60.85
141.77,136.08,60.86
141.75,136.07,60.86
141.75,136.06,60.86
141.79,136.10,60.86
141.83,136.14,60.85
141.74,136.05,60.86
141.73,136.05,60.86
141.85,136.16,60.85
141.87,136.18,60.85
141.82,136.13,60.85
141.79,136.10,60.86
141.80,136.12,60.85
141.77,136.09,60.86
141.76,136.08,60.86
141.73,136.05,60.86
141.74,136.06,60.86
141.79,136.11,60.86
141.84,136.15,60.85
141.75,136.07,60.86
142.12,136.42,60.81
142.18,136.48,60.81
142.18,136.48,60.81
142.23,136.53,60.80
142.29,136.59,60.80
142.29,136.59,60.80
142.18,136.48,60.81
142.18,136.48,60.81
142.12,136.42,60.82
141.87,136.18,60.85
141.97,136.27,60.83
141.97,136.28,60.83
142.05,136.36,60.82
142.13,136.43,60.81
142.14,136.44,60.81
141.97,136.28,60.83
141.98,136.28,60.83
141.87,136.18,60.85
142.15,136.45,60.81
142.07,136.38,60.82
142.10,136.40,60.82
142.02,136.33,60.83
141.96,136.27,60.83
142.11,136.41,60.82
142.19,136.49,60.81
141.89,136.20,60.84
141.99,136.29,60.83
142.04,136.34,60.83
141.87,136.18,60.85
141.86,136.17,60.85
142.03,136.33,60.83
142.03,136.34,60.83
141.94,136.25,60.84
141.85,136.16,60.85
142.04,136.34,60.83
141.87,136.18,60.85
141.98,136.28,60.83
142.06,136.36,60.82
141.88,136.19,60.84
141.95,136.26,60.84
142.19,136.49,60.81
142.11,136.41,60.82
142.02,136.32,60.83
142.08,136.39,60.82
142.14,136.44,60.81
141.84,136.15,60.85
141.84,136.15,60.85
141.78,136.10,60.86
142.36,136.66,60.79
142.31,136.61,60.80
142.33,136.63,60.79
142.41,136.70,60.79
142.35,136.65,60.79
142.25,136.55,60.80
142.20,136.50,60.81
142.22,136.52,60.80
142.30,136.59,60.80
142.38,136.67,60.79
142.24,136.54,60.80
142.26,136.56,60.80
142.35,136.65,60.79
142.41,136.71,60.78
142.33,136.63,60.79
142.31,136.61,60.79
142.36,136.66,60.79
142.26,136.56,60.80
142.20,136.50,60.81
142.27,136.57,60.80
142.25,136.55,60.80
142.30,136.60,60.80
142.38,136.68,60.79
142.23,136.52,60.80
142.64,136.94,60.76
142.59,136.88,60.77
142.59,136.88,60.77
142.54,136.83,60.77
142.48,136.78,60.78
142.48,136.78,60.78
142.59,136.89,60.77
142.60,136.89,60.77
142.65,136.94,60.76
142.46,136.76,60.78
142.44,136.74,60.78
142.41,136.71,60.78
142.52,136.81,60.78
142.58,136.87,60.77
142.61,136.90,60.77
142.52,136.82,60.77
142.45,136.75,60.78
142.47,136.76,60.78
142.49,136.79,60.78
142.59,136.88,60.77
142.64,136.94,60.76
142.59,136.89,60.77
142.60,136.89,60.77
142.65,136.95,60.76
142.54,136.83,60.77
142.48,136.78,60.78
142.64,136.93,60.76
142.59,136.88,60.77
142.53,136.83,60.77
142.48,136.78,60.78
142.59,136.88,60.77
142.58,136.88,60.77
142.63,136.93,60.77
142.43,136.72,60.78
142.37,136.67,60.79
142.31,136.61,60.79
142.47,136.77,60.78
142.53,136.82,60.77
142.48,136.77,60.78
142.53,136.83,60.77
142.59,136.88,60.77
142.64,136.93,60.76
142.58,136.88,60.77
142.63,136.92,60.77
142.58,136.88,60.77
142.43,136.72,60.78
142.47,136.77,60.78
142.37,136.67,60.79
142.70,137.00,60.76
142.70,136.99,60.76
142.75,137.04,60.75
142.81,137.10,60.75
142.80,137.09,60.75
142.70,136.99,60.76
142.69,136.99,60.76
142.69,136.98,60.76
142.74,137.04,60.76
142.80,137.09,60.75
142.69,136.98,60.76
142.67,136.97,60.76
142.81,137.09,60.75
142.81,137.10,60.75
142.75,137.04,60.75
142.70,136.99,60.76
142.71,137.01,60.76
142.70,136.99,60.76
142.70,136.99,60.76
142.68,136.98,60.76
142.69,136.98,60.76
142.75,137.04,60.76
142.80,137.09,60.75
142.69,136.99,60.76
143.08,137.35,60.73
143.04,137.32,60.73
143.02,137.30,60.73
142.97,137.25,60.74
142.92,137.20,60.74
142.91,137.20,60.74
143.02,137.30,60.73
143.03,137.30,60.73
143.08,137.35,60.72
142.87,137.15,60.74
142.81,137.10,60.75
142.77,137.06,60.75
142.92,137.20,60.74
142.98,137.26,60.73
143.03,137.30,60.73
142.93,137.21,60.74
142.82,137.11,60.75
142.87,137.15,60.74
142.91,137.20,60.74
143.03,137.31,60.73
143.08,137.35,60.73
143.02,137.30,60.73
143.02,137.30,60.73
143.08,137.35,60.72
142.97,137.25,60.74
142.92,137.20,60.74
143.08,137.35,60.73
143.02,137.30,60.73
142.97,137.25,60.74
142.91,137.19,60.74
143.02,137.30,60.73
143.01,137.29,60.73
143.07,137.34,60.73
142.85,137.13,60.75
142.78,137.07,60.75
142.73,137.02,60.76
142.90,137.18,60.74
142.94,137.22,60.74
142.91,137.19,60.74
142.96,137.24,60.74
143.02,137.30,60.73
143.07,137.35,60.73
143.01,137.29,60.73
143.06,137.34,60.73
142.99,137.27,60.73
142.85,137.14,60.75
142.89,137.17,60.74
142.79,137.08,60.75
143.13,137.40,60.72
143.13,137.40,60.72
143.19,137.45,60.71
143.25,137.50,60.70
143.24,137.50,60.70
143.14,137.40,60.72
143.14,137.41,60.72
143.13,137.40,60.72
143.19,137.45,60.71
143.25,137.50,60.70
143.12,137.39,60.72
143.12,137.39,60.72
143.24,137.49,60.70
143.26,137.51,60.70
143.19,137.45,60.71
143.13,137.40,60.72
143.13,137.40,60.72
143.13,137.40,60.72
143.14,137.41,60.72
143.10,137.38,60.72
143.13,137.40,60.72
143.19,137.45,60.71
143.25,137.50,60.70
143.13,137.40,60.72
143.53,137.73,60.66
143.47,137.69,60.67
143.46,137.68,60.67
143.41,137.64,60.68
143.37,137.60,60.69
143.36,137.59,60.69
143.46,137.68,60.67
143.46,137.67,60.67
143.50,137.71,60.66
143.30,137.54,60.69
143.23,137.49,60.70
143.17,137.43,60.71
143.34,137.58,60.69
143.39,137.62,60.68
143.46,137.67,60.67
143.35,137.58,60.69
143.24,137.49,60.70
143.30,137.55,60.69
143.35,137.59,60.69
143.47,137.69,60.67
143.52,137.73,60.66
143.47,137.68,60.67
143.48,137.69,60.67
143.53,137.74,60.66
143.42,137.64,60.68
143.37,137.60,60.68
143.52,137.73,60.66
143.47,137.68,60.67
143.41,137.64,60.68
143.35,137.59,60.69
143.46,137.68,60.67
143.45,137.67,60.67
143.51,137.72,60.66
143.30,137.54,60.69
143.23,137.48,60.70
143.16,137.42,60.71
143.34,137.57,60.69
143.38,137.61,60.68
143.36,137.60,60.69
143.41,137.63,60.68
143.46,137.68,60.67
143.53,137.73,60.66
143.46,137.68,60.67
143.51,137.72,60.66
143.45,137.67,60.67
143.29,137.53,60.70
143.33,137.56,60.69
143.21,137.47,60.71
143.57,137.76,60.65
143.56,137.76,60.65
143.62,137.79,60.64
143.66,137.82,60.63
143.65,137.81,60.63
143.56,137.75,60.65
143.54,137.74,60.66
143.55,137.75,60.65
143.62,137.79,60.64
143.66,137.82,60.63
143.57,137.76,60.65
143.57,137.76,60.65
143.70,137.84,60.61
143.69,137.84,60.62
143.64,137.81,60.63
143.58,137.76,60.65
143.57,137.76,60.65
143.58,137.77,60.64
143.59,137.77,60.64
143.57,137.76,60.65
143.58,137.76,60.65
143.63,137.80,60.63
143.69,137.84,60.62
143.58,137.76,60.65
143.92,137.99,60.55
144.00,138.02,60.52
144.00,138.02,60.52
143.82,137.92,60.58
143.80,137.91,60.59
143.79,137.90,60.59
143.88,137.95,60.56
143.89,137.96,60.56
143.93,137.99,60.55
143.74,137.87,60.60
143.68,137.83,60.62
143.60,137.78,60.64
143.77,137.89,60.59
143.85,137.94,60.57
143.89,137.96,60.56
143.78,137.89,60.59
143.68,137.83,60.62
143.72,137.86,60.61
143.79,137.90,60.59
143.97,138.01,60.54
143.99,138.02,60.52
143.94,137.99,60.55
143.91,137.97,60.55
143.96,138.00,60.54
143.86,137.95,60.57
143.80,137.91,60.59
144.00,138.02,60.52
143.94,137.99,60.54
143.86,137.94,60.57
143.78,137.90,60.59
143.90,137.97,60.56
143.88,137.96,60.56
143.94,137.99,60.54
143.73,137.86,60.61
143.68,137.83,60.62
143.60,137.78,60.64
143.77,137.89,60.60
143.81,137.92,60.59
143.79,137.91,60.59
143.82,137.93,60.58
144.00,138.02,60.52
143.93,137.99,60.55
144.00,138.02,60.52
143.92,137.98,60.55
143.87,137.95,60.56
143.74,137.87,60.60
143.76,137.88,60.60
143.67,137.83,60.62
143.96,138.00,60.54
143.95,138.00,60.54
143.99,138.01,60.53
143.99,138.02,60.52
143.99,138.02,60.52
143.95,138.00,60.54
143.96,138.00,60.54
143.96,138.00,60.54
143.99,138.02,60.53
143.99,138.02,60.52
143.95,138.00,60.54
143.95,138.00,60.54
144.19,138.09,60.43
144.26,138.10,60.39
144.20,138.09,60.43
144.20,138.09,60.43
144.29,138.11,60.37
144.20,138.09,60.42
144.15,138.07,60.45
144.10,138.05,60.47
144.08,138.05,60.48
144.10,138.05,60.47
144.15,138.07,60.45
144.20,138.09,60.43
144.06,138.04,60.49
144.00,138.02,60.52
144.04,138.04,60.50
144.00,138.02,60.52
144.00,138.02,60.52
144.11,138.06,60.47
144.16,138.07,60.44
144.20,138.09,60.42
144.14,138.07,60.45
144.06,138.04,60.49
143.98,138.01,60.53
144.13,138.07,60.46
144.12,138.06,60.46
144.19,138.08,60.43
144.28,138.11,60.38
144.20,138.09,60.43
144.20,138.09,60.42
144.25,138.10,60.40
144.17,138.08,60.44
144.10,138.05,60.47
144.00,138.02,60.52
144.00,138.02,60.52
144.11,138.06,60.47
144.18,138.08,60.43
144.07,138.04,60.49
144.08,138.05,60.48
143.99,138.02,60.52
144.01,138.02,60.51
144.07,138.05,60.49
144.08,138.05,60.48
144.20,138.09,60.42
144.18,138.08,60.43
144.20,138.09,60.42
144.13,138.06,60.46
144.17,138.08,60.44
144.20,138.09,60.42
144.58,138.14,60.19
144.63,138.14,60.16
144.61,138.14,60.17
144.63,138.14,60.15
144.67,138.14,60.13
144.65,138.14,60.14
144.59,138.14,60.18
144.57,138.14,60.20
144.55,138.14,60.21
144.47,138.13,60.26
144.49,138.14,60.25
144.44,138.13,60.28
144.36,138.12,60.33
144.38,138.12,60.32
144.51,138.14,60.23
144.52,138.14,60.23
144.35,138.12,60.34
144.35,138.12,60.34
144.33,138.11,60.35
144.44,138.13,60.28
144.52,138.14,60.23
144.47,138.13,60.27
144.51,138.14,60.24
144.55,138.14,60.21
144.63,138.14,60.15
144.67,138.14,60.12
144.72,138.14,60.09
144.60,138.14,60.18
144.64,138.14,60.15
144.56,138.14,60.21
144.38,138.12,60.32
144.43,138.13,60.29
144.32,138.11,60.35
144.39,138.12,60.31
144.29,138.11,60.37
144.31,138.11,60.36
144.26,138.10,60.39
144.31,138.11,60.36
144.37,138.12,60.33
144.27,138.11,60.38
144.66,138.14,60.13
144.62,138.14,60.16
144.58,138.14,60.19
144.58,138.14,60.19
144.54,138.14,60.22
144.57,138.14,60.19
144.53,138.14,60.22
144.70,138.14,60.10
144.62,138.14,60.16
144.53,138.14,60.23
144.45,138.13,60.27
144.56,138.14,60.20
144.50,138.14,60.24
144.59,138.14,60.18
144.37,138.12,60.32
144.40,138.12,60.31
144.36,138.12,60.33
144.28,138.11,60.38
144.30,138.11,60.37
144.43,138.13,60.29
144.46,138.13,60.27
144.36,138.12,60.33
144.42,138.13,60.29
144.47,138.14,60.26
144.48,138.14,60.25
144.48,138.14,60.26
144.35,138.12,60.34
144.40,138.12,60.30
144.34,138.11,60.34
144.26,138.10,60.39
144.31,138.11,60.36
144.23,138.09,60.41
144.97,138.12,59.90
145.01,138.11,59.86
144.97,138.12,59.89
144.98,138.12,59.89
145.02,138.11,59.86
144.98,138.12,59.89
144.94,138.12,59.92
144.91,138.13,59.95
144.90,138.13,59.95
144.89,138.13,59.96
144.93,138.12,59.93
144.96,138.12,59.91
144.95,138.12,59.91
144.98,138.12,59.89
144.96,138.12,59.90
145.00,138.12,59.88
145.07,138.11,59.82
145.02,138.11,59.86
145.01,138.12,59.87
144.93,138.12,59.92
144.88,138.13,59.97
144.87,138.13,59.97
144.99,138.12,59.88
145.08,138.11,59.81
145.04,138.11,59.84
144.79,138.14,60.03
144.83,138.13,60.00
144.81,138.13,60.02
144.72,138.14,60.08
144.78,138.14,60.04
144.89,138.13,59.96
144.94,138.12,59.92
144.70,138.14,60.10
144.67,138.14,60.12
144.77,138.14,60.05
144.85,138.13,59.99
144.80,138.13,60.03
144.88,138.13,59.97
144.92,138.12,59.93
144.73,138.14,60.08
144.84,138.13,59.99
144.76,138.14,60.06
144.80,138.14,60.03
144.87,138.13,59.97
144.94,138.12,59.92
145.01,138.11,59.87
144.85,138.13,59.99
144.84,138.13,60.00
144.76,138.14,60.05
145.06,138.11,59.82
144.98,138.12,59.89
144.95,138.12,59.91
145.00,138.12,59.87
144.91,138.13,59.94
144.90,138.13,59.95
144.81,138.13,60.02
144.84,138.13,60.00
144.77,138.14,60.05
144.71,138.14,60.10
144.74,138.14,60.07
144.78,138.14,60.04
144.86,138.13,59.98
144.83,138.13,60.01
144.89,138.13,59.96
144.75,138.14,60.07
144.71,138.14,60.09
144.65,138.14,60.14
144.60,138.14,60.17
144.69,138.14,60.11
144.66,138.14,60.13
144.73,138.14,60.08
144.72,138.14,60.09
145.14,138.10,59.76
145.14,138.10,59.76
145.10,138.10,59.80
145.06,138.11,59.83
145.06,138.11,59.82
145.05,138.11,59.83
145.05,138.11,59.84
145.03,138.11,59.85
145.03,138.11,59.85
145.09,138.10,59.81
145.12,138.10,59.78
145.04,138.11,59.84
145.52,138.05,59.47
145.62,138.04,59.39
145.59,138.05,59.41
145.66,138.04,59.36
145.76,138.03,59.29
145.73,138.04,59.31
145.57,138.05,59.43
145.55,138.05,59.45
145.47,138.06,59.50
145.11,138.10,59.78
145.19,138.09,59.72
145.21,138.09,59.71
145.30,138.08,59.63
145.38,138.07,59.57
145.40,138.07,59.56
145.22,138.09,59.70
145.25,138.08,59.67
145.16,138.09,59.75
145.53,138.05,59.46
145.46,138.06,59.52
145.43,138.06,59.53
145.34,138.07,59.60
145.27,138.08,59.66
145.42,138.06,59.54
145.49,138.05,59.49
145.23,138.09,59.69
145.32,138.08,59.62
145.41,138.06,59.55
145.20,138.09,59.72
145.15,138.10,59.75
145.34,138.07,59.61
145.37,138.07,59.58
145.26,138.08,59.67
145.13,138.10,59.77
145.39,138.07,59.57
145.15,138.10,59.76
145.25,138.08,59.68
145.35,138.07,59.60
145.17,138.09,59.74
145.18,138.09,59.73
145.47,138.06,59.51
145.37,138.07,59.58
145.28,138.08,59.65
145.36,138.07,59.59
145.45,138.06,59.52
145.08,138.11,59.81
145.11,138.10,59.79
145.05,138.11,59.83
145.80,138.03,59.26
145.71,138.04,59.32
145.69,138.04,59.34
145.77,138.03,59.28
145.67,138.04,59.36
145.61,138.04,59.40
145.52,138.05,59.47
145.53,138.05,59.46
145.60,138.04,59.41
145.67,138.04,59.35
145.53,138.05,59.46
145.54,138.05,59.45
146.07,138.03,59.07
146.36,138.07,58.90
146.11,138.03,59.04
146.15,138.03,59.02
146.20,138.04,58.99
146.20,138.04,58.99
146.11,138.03,59.05
146.11,138.03,59.05
146.06,138.03,59.07
146.00,138.03,59.12
146.01,138.03,59.11
145.95,138.03,59.16
145.89,138.03,59.20
145.89,138.03,59.19
146.01,138.03,59.11
146.02,138.03,59.11
145.81,138.03,59.25
145.74,138.04,59.30
145.68,138.04,59.35
145.88,138.03,59.21
145.93,138.03,59.17
145.91,138.03,59.19
145.93,138.03,59.17
145.99,138.03,59.13
146.07,138.03,59.07
146.09,138.03,59.06
146.16,138.04,59.02
146.04,138.03,59.09
146.10,138.03,59.05
146.02,138.03,59.10
145.78,138.03,59.27
145.84,138.03,59.23
145.88,138.03,59.20
145.75,138.03,59.30
145.62,138.04,59.39
145.57,138.05,59.43
145.58,138.05,59.42
145.68,138.04,59.35
145.75,138.03,59.29
145.61,138.04,59.40
146.21,138.04,58.99
146.36,138.07,58.90
146.12,138.03,59.04
146.14,138.03,59.03
146.09,138.03,59.06
146.12,138.03,59.04
146.06,138.03,59.08
146.17,138.04,59.01
146.08,138.03,59.06
145.99,138.03,59.12
145.91,138.03,59.18
146.05,138.03,59.08
146.04,138.03,59.09
146.12,138.03,59.04
145.82,138.03,59.24
145.89,138.03,59.20
145.86,138.03,59.22
145.77,138.03,59.28
145.83,138.03,59.24
145.95,138.03,59.15
146.01,138.03,59.11
145.90,138.03,59.19
145.96,138.03,59.15
146.00,138.03,59.12
146.03,138.03,59.10
146.03,138.03,59.10
145.87,138.03,59.21
145.94,138.03,59.16
145.84,138.03,59.23
145.70,138.04,59.33
145.72,138.04,59.32
145.63,138.04,59.38
146.35,138.07,58.91
146.45,138.08,58.85
146.35,138.07,58.91
146.35,138.07,58.91
146.43,138.08,58.86
146.35,138.07,58.91
146.27,138.05,58.96
146.18,138.04,59.01
146.17,138.04,59.01
146.22,138.04,58.98
146.31,138.06,58.93
146.42,138.08,58.86
146.25,138.05,58.97
146.30,138.06,58.94
146.36,138.07,58.90
146.22,138.05,58.98
146.26,138.05,58.96
146.29,138.06,58.94
146.39,138.07,58.89
146.45,138.08,58.85
146.39,138.07,58.88
146.32,138.06,58.92
146.25,138.05,58.96
146.39,138.07,58.88
146.38,138.07,58.89
146.46,138.08,58.85
146.48,138.09,58.84
146.42,138.08,58.87
146.41,138.07,58.87
146.47,138.09,58.84
146.40,138.07,58.88
146.34,138.06,58.91
146.30,138.06,58.93
146.26,138.05,58.96
146.31,138.06,58.93
146.37,138.07,58.89
146.23,138.05,58.98
146.19,138.04,59.00
146.23,138.05,58.97
146.21,138.04,58.99
146.18,138.04,59.00
146.29,138.06,58.94
146.35,138.07,58.91
146.46,138.08,58.85
146.35,138.07,58.91
146.28,138.06,58.95
146.37,138.07,58.90
146.46,138.08,58.84
146.68,138.15,58.74
146.76,138.17,58.70
146.68,138.15,58.74
146.69,138.15,58.74
146.77,138.18,58.70
146.70,138.15,58.74
146.61,138.13,58.78
146.54,138.11,58.81
146.50,138.10,58.83
146.54,138.11,58.81
146.62,138.13,58.77
146.72,138.16,58.73
146.54,138.11,58.81
146.55,138.11,58.81
146.51,138.10,58.82
146.52,138.10,58.82
146.53,138.10,58.81
146.60,138.12,58.78
146.67,138.14,58.74
146.75,138.17,58.71
146.67,138.14,58.75
146.59,138.12,58.78
146.52,138.10,58.81
146.66,138.14,58.75
146.65,138.14,58.76
146.74,138.16,58.71
146.79,138.18,58.70
146.71,138.16,58.73
146.70,138.15,58.73
146.78,138.18,58.70
146.70,138.16,58.73
146.62,138.13,58.77
146.54,138.11,58.81
146.55,138.11,58.80
146.63,138.13,58.77
146.71,138.16,58.73
146.55,138.11,58.80
146.56,138.11,58.80
146.53,138.10,58.81
146.53,138.11,58.81
146.53,138.11,58.81
146.61,138.13,58.78
146.68,138.15,58.74
146.76,138.17,58.71
146.69,138.15,58.74
146.61,138.13,58.77
146.69,138.15,58.74
146.77,138.17,58.70
146.93,138.24,58.64
147.01,138.27,58.61
146.94,138.24,58.64
146.97,138.25,58.63
147.05,138.28,58.60
146.99,138.26,58.62
146.89,138.22,58.66
146.83,138.20,58.68
146.81,138.19,58.68
146.84,138.20,58.68
146.92,138.23,58.64
147.00,138.26,58.61
146.85,138.20,58.67
146.85,138.21,58.67
146.81,138.19,58.69
146.80,138.19,58.69
146.79,138.18,58.69
146.86,138.21,58.67
146.93,138.24,58.64
147.01,138.27,58.61
146.94,138.24,58.64
146.89,138.22,58.66
146.82,138.19,58.68
146.96,138.25,58.63
146.98,138.26,58.62
147.03,138.28,58.60
147.09,138.30,58.58
147.02,138.27,58.61
147.04,138.28,58.60
147.14,138.32,58.57
147.06,138.29,58.59
146.95,138.24,58.63
146.88,138.22,58.66
146.88,138.22,58.66
146.96,138.25,58.63
147.06,138.29,58.59
146.87,138.21,58.66
146.87,138.21,58.66
146.83,138.20,58.68
146.84,138.20,58.67
146.85,138.21,58.67
146.91,138.23,58.65
146.99,138.26,58.62
147.08,138.30,58.59
147.00,138.26,58.61
146.95,138.25,58.63
147.04,138.28,58.60
147.13,138.32,58.57
147.20,138.35,58.55
147.22,138.36,58.54
147.15,138.33,58.56
147.10,138.31,58.58
147.13,138.32,58.57
147.07,138.29,58.59
147.05,138.29,58.60
147.11,138.31,58.58
147.09,138.30,58.58
147.15,138.33,58.57
147.21,138.36,58.55
147.07,138.29,58.59
147.45,138.46,58.48
147.35,138.42,58.50
147.38,138.43,58.50
147.31,138.40,58.52
147.22,138.36,58.54
147.24,138.37,58.54
147.41,138.45,58.49
147.43,138.46,58.48
147.50,138.49,58.46
147.23,138.36,58.54
147.20,138.35,58.55
147.19,138.35,58.55
147.32,138.41,58.51
147.43,138.45,58.48
147.47,138.47,58.47
147.36,138.42,58.50
147.24,138.37,58.54
147.29,138.39,58.52
147.33,138.41,58.51
147.49,138.48,58.47
147.56,138.52,58.45
147.49,138.48,58.47
147.47,138.48,58.47
147.54,138.51,58.45
147.41,138.45,58.49
147.35,138.42,58.51
147.53,138.50,58.46
147.45,138.47,58.48
147.37,138.43,58.50
147.30,138.39,58.52
147.40,138.44,58.49
147.37,138.43,58.50
147.44,138.46,58.48
147.25,138.37,58.54
147.19,138.35,58.55
147.14,138.32,58.57
147.28,138.39,58.53
147.32,138.40,58.52
147.21,138.35,58.55
147.28,138.39,58.53
147.35,138.42,58.51
147.41,138.45,58.49
147.34,138.42,58.51
147.40,138.44,58.49
147.34,138.41,58.51
147.18,138.34,58.56
147.26,138.38,58.53
147.17,138.34,58.56
147.55,138.51,58.45
147.52,138.50,58.46
147.54,138.50,58.45
147.59,138.53,58.44
147.56,138.51,58.45
147.50,138.49,58.47
147.46,138.47,58.47
147.46,138.47,58.47
147.51,138.49,58.46
147.55,138.51,58.45
147.46,138.47,58.48
147.45,138.46,58.48
147.90,138.66,58.36
147.96,138.68,58.35
147.95,138.68,58.35
147.99,138.69,58.34
148.05,138.71,58.33
148.03,138.70,58.33
147.94,138.67,58.36
147.92,138.67,58.36
147.88,138.65,58.37
147.78,138.61,58.40
147.80,138.62,58.39
147.71,138.58,58.41
147.62,138.54,58.44
147.63,138.54,58.43
147.81,138.62,58.39
147.82,138.62,58.39
147.64,138.55,58.43
147.64,138.55,58.43
147.66,138.56,58.42
147.73,138.59,58.41
147.83,138.63,58.38
147.78,138.61,58.39
147.81,138.62,58.39
147.85,138.64,58.38
147.93,138.67,58.36
147.95,138.68,58.35
148.00,138.69,58.34
147.90,138.66,58.37
147.95,138.67,58.35
147.87,138.65,58.37
147.69,138.57,58.42
147.74,138.59,58.40
147.79,138.61,58.39
147.70,138.57,58.41
147.60,138.53,58.44
147.49,138.48,58.47
147.53,138.50,58.46
147.61,138.54,58.44
147.66,138.56,58.42
147.57,138.52,58.45
148.05,138.71,58.33
148.00,138.69,58.34
147.96,138.68,58.35
147.98,138.69,58.34
147.92,138.67,58.36
147.94,138.67,58.35
147.89,138.65,58.37
148.00,138.70,58.34
147.93,138.67,58.36
147.86,138.64,58.37
147.79,138.61,58.39
147.91,138.66,58.36
147.89,138.66,58.37
147.97,138.68,58.35
147.71,138.58,58.41
147.76,138.60,58.40
147.72,138.58,58.41
147.64,138.55,58.43
147.68,138.57,58.42
147.80,138.62,58.39
147.86,138.64,58.38
147.63,138.54,58.43
147.72,138.58,58.41
147.80,138.62,58.39
147.82,138.62,58.38
147.84,138.63,58.38
147.65,138.55,58.43
147.75,138.60,58.40
147.67,138.56,58.42
147.59,138.53,58.44
147.62,138.54,58.43
147.53,138.50,58.46
148.14,138.74,58.30
148.26,138.77,58.27
148.18,138.75,58.29
148.20,138.76,58.29
148.31,138.79,58.26
148.24,138.77,58.28
148.10,138.73,58.31
148.01,138.70,58.34
147.99,138.69,58.34
148.07,138.71,58.32
148.17,138.75,58.30
148.27,138.78,58.27
148.11,138.73,58.31
148.15,138.74,58.30
148.02,138.70,58.33
148.05,138.71,58.33
148.08,138.72,58.32
148.09,138.72,58.32
148.19,138.75,58.29
148.25,138.77,58.27
148.21,138.76,58.29
148.15,138.74,58.30
148.10,138.73,58.31
148.22,138.76,58.28
148.25,138.77,58.27
148.30,138.78,58.26
148.36,138.80,58.24
148.30,138.78,58.26
148.32,138.79,58.25
148.39,138.80,58.23
148.35,138.80,58.25
148.24,138.77,58.28
148.18,138.75,58.29
148.14,138.74,58.30
148.39,138.80,58.23
148.39,138.80,58.23
148.11,138.73,58.31
148.06,138.71,58.32
148.08,138.72,58.32
148.06,138.71,58.32
148.04,138.71,58.33
148.16,138.74,58.30
148.23,138.76,58.28
148.35,138.80,58.24
148.26,138.77,58.27
148.16,138.74,58.30
148.29,138.78,58.26
148.38,138.80,58.24
148.49,138.82,58.20
148.52,138.83,58.20
148.40,138.80,58.23
148.37,138.80,58.24
148.38,138.80,58.24
148.34,138.79,58.25
148.32,138.79,58.26
148.38,138.80,58.24
148.37,138.80,58.24
148.39,138.80,58.23
148.52,138.83,58.20
148.34,138.79,58.25
148.76,138.88,58.12
148.66,138.86,58.15
148.69,138.86,58.14
148.61,138.85,58.17
148.51,138.83,58.20
148.54,138.83,58.19
148.71,138.86,58.14
148.73,138.87,58.13
148.81,138.88,58.11
148.50,138.83,58.20
148.48,138.82,58.21
148.46,138.82,58.21
148.61,138.85,58.17
148.72,138.86,58.13
148.78,138.88,58.12
148.65,138.85,58.16
148.52,138.83,58.19
148.58,138.84,58.18
148.64,138.85,58.16
148.87,138.89,58.09
148.93,138.89,58.07
148.83,138.88,58.10
148.80,138.88,58.11
148.86,138.89,58.09
148.74,138.87,58.13
148.67,138.86,58.15
148.91,138.89,58.07
148.83,138.88,58.10
148.72,138.87,58.13
148.63,138.85,58.16
148.78,138.88,58.12
148.74,138.87,58.13
148.85,138.89,58.09
148.57,138.84,58.18
148.51,138.83,58.20
148.43,138.81,58.22
148.62,138.85,58.16
148.67,138.86,58.15
148.53,138.83,58.19
148.60,138.84,58.17
148.68,138.86,58.15
148.76,138.87,58.12
148.70,138.86,58.14
148.79,138.88,58.11
148.70,138.86,58.14
148.49,138.82,58.20
148.59,138.84,58.17
148.47,138.82,58.21
148.86,138.89,58.09
148.84,138.88,58.10
148.88,138.89,58.08
148.91,138.89,58.07
148.90,138.89,58.08
148.82,138.88,58.10
148.91,138.89,58.07
148.81,138.88,58.11
148.87,138.89,58.09
148.90,138.89,58.08
148.82,138.88,58.10
148.84,138.88,58.10
149.19,138.91,57.97
149.30,138.91,57.94
149.21,138.91,57.97
149.23,138.91,57.96
149.36,138.92,57.91
149.28,138.91,57.94
149.14,138.91,57.99
149.07,138.90,58.02
149.04,138.90,58.03
149.05,138.90,58.02
149.14,138.91,57.99
149.23,138.91,57.96
149.00,138.90,58.04
148.98,138.90,58.05
149.00,138.90,58.04
148.96,138.90,58.06
148.91,138.89,58.07
149.08,138.90,58.01
149.15,138.91,57.99
149.24,138.91,57.96
149.13,138.91,58.00
149.01,138.90,58.04
148.89,138.89,58.08
149.10,138.90,58.01
149.07,138.90,58.02
149.20,138.91,57.97
149.36,138.92,57.91
149.21,138.91,57.97
149.18,138.91,57.98
149.30,138.92,57.93
149.16,138.91,57.98
149.08,138.90,58.01
148.94,138.90,58.06
148.98,138.90,58.05
149.09,138.90,58.01
149.19,138.91,57.97
149.01,138.90,58.04
149.03,138.90,58.03
148.92,138.89,58.07
148.97,138.90,58.05
149.02,138.90,58.04
149.02,138.90,58.03
149.12,138.91,58.00
149.20,138.91,57.97
149.22,138.91,57.96
149.09,138.90,58.01
149.17,138.91,57.98
149.25,138.91,57.95
149.77,138.91,57.75
149.82,138.91,57.73
149.81,138.91,57.74
149.86,138.91,57.72
149.90,138.91,57.70
149.90,138.91,57.70
149.80,138.91,57.74
149.79,138.91,57.74
149.74,138.91,57.77
149.64,138.91,57.80
149.66,138.91,57.80
149.57,138.91,57.83
149.47,138.92,57.87
149.48,138.92,57.86
149.67,138.91,57.79
149.68,138.91,57.79
149.45,138.92,57.88
149.42,138.92,57.89
149.40,138.92,57.90
149.55,138.91,57.84
149.65,138.91,57.80
149.61,138.92,57.82
149.63,138.92,57.81
149.70,138.91,57.78
149.79,138.91,57.75
149.82,138.91,57.73
149.88,138.91,57.71
149.75,138.91,57.76
149.82,138.91,57.74
149.72,138.91,57.77
149.47,138.92,57.87
149.53,138.91,57.84
149.59,138.91,57.82
149.46,138.92,57.87
149.34,138.92,57.92
149.26,138.91,57.95
149.29,138.91,57.94
149.37,138.92,57.91
149.44,138.92,57.88
149.31,138.92,57.93
149.91,138.91,57.70
149.86,138.91,57.72
149.81,138.91,57.74
149.83,138.91,57.73
149.77,138.91,57.75
149.81,138.91,57.74
149.75,138.91,57.76
149.88,138.91,57.71
149.79,138.91,57.75
149.71,138.91,57.78
149.62,138.92,57.81
149.76,138.91,57.76
149.73,138.91,57.77
149.82,138.91,57.73
149.48,138.92,57.87
149.54,138.91,57.84
149.47,138.92,57.87
149.34,138.92,57.92
149.40,138.92,57.90
149.60,138.91,57.82
149.65,138.91,57.80
149.50,138.91,57.86
149.57,138.91,57.83
149.66,138.91,57.80
149.67,138.91,57.79
149.69,138.91,57.79
149.46,138.92,57.87
149.56,138.91,57.84
149.43,138.92,57.88
149.32,138.92,57.93
149.38,138.92,57.90
149.29,138.91,57.94
150.09,138.89,57.62
150.19,138.89,57.58
150.09,138.89,57.62
150.08,138.90,57.63
150.17,138.89,57.59
150.08,138.90,57.63
149.98,138.90,57.67
149.88,138.91,57.71
149.89,138.91,57.71
149.93,138.90,57.69
150.03,138.90,57.65
150.12,138.89,57.61
149.96,138.90,57.68
150.00,138.90,57.66
149.92,138.91,57.69
149.94,138.90,57.68
149.98,138.90,57.67
150.02,138.90,57.65
150.12,138.89,57.61
150.19,138.89,57.58
150.12,138.89,57.61
150.05,138.90,57.64
149.99,138.90,57.67
150.13,138.89,57.61
150.13,138.89,57.61
150.20,138.89,57.58
150.19,138.89,57.58
150.13,138.89,57.61
150.14,138.89,57.60
150.19,138.89,57.58
150.15,138.89,57.60
150.07,138.90,57.63
150.01,138.90,57.66
149.97,138.90,57.67
150.04,138.90,57.64
150.09,138.89,57.62
149.93,138.90,57.69
149.89,138.91,57.71
149.96,138.90,57.68
149.92,138.91,57.69
149.89,138.91,57.70
150.02,138.90,57.65
150.11,138.89,57.62
150.21,138.89,57.57
150.10,138.89,57.62
149.99,138.90,57.66
150.10,138.89,57.62
150.20,138.89,57.58
150.40,138.87,57.49
150.46,138.87,57.47
150.39,138.87,57.50
150.39,138.87,57.50
150.45,138.87,57.47
150.38,138.87,57.50
150.32,138.88,57.53
150.25,138.88,57.56
150.26,138.88,57.55
150.25,138.88,57.56
150.31,138.88,57.53
150.37,138.87,57.50
150.25,138.88,57.56
150.25,138.88,57.56
150.26,138.88,57.55
150.26,138.88,57.55
150.27,138.88,57.55
150.33,138.88,57.52
150.40,138.87,57.49
150.48,138.86,57.46
150.41,138.87,57.49
150.34,138.88,57.52
150.28,138.88,57.54
150.42,138.87,57.48
150.44,138.87,57.48
150.50,138.86,57.45
150.43,138.87,57.48
150.37,138.87,57.51
150.36,138.87,57.51
150.42,138.87,57.49
150.35,138.88,57.51
150.30,138.88,57.53
150.24,138.89,57.56
150.24,138.88,57.56
150.30,138.88,57.54
150.36,138.87,57.51
150.25,138.88,57.56
150.25,138.88,57.56
150.28,138.88,57.54
150.28,138.88,57.55
150.28,138.88,57.55
150.35,138.87,57.51
150.43,138.87,57.48
150.48,138.86,57.46
150.41,138.87,57.49
150.33,138.88,57.52
150.38,138.87,57.50
150.44,138.87,57.48
150.69,138.84,57.37
150.69,138.84,57.37
150.67,138.84,57.38
150.66,138.85,57.38
150.65,138.85,57.38
150.64,138.85,57.39
150.66,138.85,57.38
150.64,138.85,57.39
150.66,138.85,57.38
150.65,138.85,57.38
150.67,138.84,57.38
150.68,138.84,57.37
150.68,138.84,57.37
150.69,138.84,57.37
150.69,138.84,57.37
150.70,138.84,57.36
150.66,138.85,57.38
150.64,138.85,57.39
150.63,138.85,57.39
150.61,138.85,57.40
150.59,138.85,57.41
150.58,138.85,57.42
150.63,138.85,57.40
150.62,138.85,57.40
150.65,138.85,57.39
150.53,138.86,57.44
150.55,138.86,57.43
150.52,138.86,57.44
150.47,138.86,57.46
150.49,138.86,57.46
150.57,138.85,57.42
150.59,138.85,57.41
150.51,138.86,57.45
150.51,138.86,57.45
150.55,138.86,57.43
150.60,138.85,57.41
150.60,138.85,57.41
150.59,138.85,57.41
150.59,138.85,57.41
150.51,138.86,57.45
150.54,138.86,57.43
150.50,138.86,57.45
150.55,138.86,57.43
150.58,138.85,57.42
150.60,138.85,57.41
150.62,138.85,57.40
150.56,138.86,57.42
150.55,138.86,57.43
150.53,138.86,57.44
150.67,138.84,57.38
150.63,138.85,57.40
150.63,138.85,57.39
150.68,138.84,57.37
150.64,138.85,57.39
150.59,138.85,57.41
150.56,138.86,57.43
150.61,138.85,57.40
150.56,138.86,57.42
150.52,138.86,57.44
150.53,138.86,57.44
150.54,138.86,57.43
150.62,138.85,57.40
150.59,138.85,57.41
150.63,138.85,57.39
150.53,138.86,57.44
150.49,138.86,57.45
150.46,138.87,57.47
150.45,138.87,57.47
150.46,138.87,57.47
150.48,138.86,57.46
150.52,138.86,57.44
150.50,138.86,57.45
150.71,138.84,57.36
150.69,138.84,57.37
150.69,138.84,57.37
150.67,138.84,57.38
150.66,138.85,57.38
150.69,138.84,57.37
150.71,138.84,57.36
150.69,138.84,57.37
150.70,138.84,57.36
150.71,138.84,57.36
150.71,138.84,57.36
150.70,138.84,57.36
150.70,138.84,57.36
150.68,138.84,57.37
150.67,138.84,57.38
150.67,138.84,57.38
150.66,138.84,57.38
150.68,138.84,57.37
150.69,138.84,57.37
150.69,138.84,57.37
