85.60,143.58,57.92
85.64,143.58,57.95
85.63,143.58,57.95
85.64,143.58,57.95
85.65,143.57,57.96
85.73,143.55,58.02
85.73,143.55,58.03
85.76,143.54,58.05
85.74,143.55,58.04
85.89,143.50,58.15
85.92,143.49,58.17
85.95,143.48,58.19
85.92,143.49,58.17
86.09,143.43,58.29
86.28,143.35,58.40
86.27,143.36,58.40
86.07,143.44,58.28
86.68,143.17,58.61
86.77,143.12,58.65
87.03,142.98,58.74
87.08,142.95,58.76
86.35,143.32,58.44
86.70,143.16,58.62
87.28,142.81,58.79
87.28,142.81,58.79
87.54,142.59,58.79
87.51,142.62,58.80
87.03,142.97,58.74
87.28,142.81,58.79
87.73,142.42,58.77
87.74,142.39,58.76
87.96,142.16,58.70
87.93,142.18,58.71
87.54,142.59,58.79
87.72,142.42,58.77
88.14,141.94,58.65
88.11,141.96,58.66
88.31,141.72,58.62
88.28,141.76,58.62
87.95,142.16,58.70
88.13,141.95,58.65
88.44,141.56,58.62
88.46,141.53,58.63
88.63,141.33,58.69
88.62,141.35,58.69
88.30,141.73,58.62
88.44,141.55,58.62
88.79,141.17,58.81
88.77,141.19,58.80
89.00,140.97,59.04
88.98,141.00,59.01
88.63,141.34,58.69
88.80,141.17,58.82
89.24,140.78,59.36
89.22,140.79,59.33
89.39,140.66,59.58
89.46,140.62,59.67
89.03,140.95,59.08
89.36,140.69,59.53
89.91,140.26,60.35
89.88,140.29,60.30
90.05,140.14,60.51
90.06,140.13,60.52
89.43,140.63,59.64
89.60,140.51,59.89
89.56,140.54,59.83
89.68,140.45,60.02
89.86,140.30,60.28
89.72,140.42,60.07
89.62,140.49,59.93
90.20,139.99,60.65
90.16,140.04,60.62
90.37,139.82,60.77
90.34,139.85,60.75
89.99,140.19,60.44
90.19,140.00,60.65
89.75,140.39,60.13
90.55,139.63,60.86
90.64,139.54,60.90
90.70,139.48,60.92
90.65,139.53,60.90
90.38,139.81,60.78
90.59,139.59,60.88
90.81,139.38,60.96
91.15,139.10,61.14
90.92,139.28,61.01
91.00,139.22,61.04
90.78,139.41,60.95
90.82,139.37,60.96
91.17,139.09,61.14
91.23,139.03,61.18
91.49,138.85,61.37
91.51,138.83,61.39
91.02,139.20,61.05
91.27,139.00,61.21
91.75,138.66,61.63
91.76,138.65,61.64
92.01,138.47,61.94
91.99,138.48,61.92
91.54,138.81,61.42
91.79,138.63,61.68
92.22,138.30,62.25
92.25,138.27,62.31
92.46,138.07,62.64
92.42,138.11,62.58
92.03,138.45,61.98
92.23,138.29,62.27
92.60,137.90,62.88
92.64,137.85,62.94
92.77,137.69,63.12
92.80,137.65,63.16
92.43,138.09,62.60
92.61,137.89,62.90
92.91,137.51,63.28
92.87,137.55,63.25
93.08,137.29,63.43
93.04,137.33,63.41
92.76,137.69,63.12
92.91,137.50,63.28
93.29,137.03,63.58
93.34,136.97,63.61
93.51,136.79,63.70
93.56,136.75,63.72
93.09,137.27,63.44
93.30,137.02,63.58
93.73,136.60,63.80
93.68,136.64,63.78
94.00,136.40,63.93
93.95,136.44,63.90
93.52,136.79,63.70
93.74,136.60,63.81
94.30,136.22,64.07
94.37,136.18,64.10
94.55,136.09,64.19
94.57,136.07,64.20
94.02,136.39,63.94
94.38,136.18,64.10
94.72,136.01,64.27
94.79,135.98,64.31
94.83,135.96,64.33
94.64,136.05,64.23
95.03,135.89,64.44
95.08,135.87,64.47
95.21,135.83,64.54
95.19,135.84,64.53
94.89,135.94,64.36
95.16,135.85,64.51
95.36,135.78,64.61
95.43,135.76,64.65
95.46,135.75,64.66
95.50,135.74,64.68
95.58,135.71,64.72
95.79,135.64,64.80
95.81,135.63,64.81
95.72,135.66,64.77
96.02,135.55,64.87
95.82,135.63,64.81
96.16,135.49,64.91
96.21,135.47,64.92
96.43,135.38,64.96
96.41,135.38,64.96
96.04,135.54,64.88
96.34,135.42,64.94
96.65,135.27,64.99
96.72,135.24,64.99
96.80,135.20,65.00
96.56,135.31,64.98
97.07,135.06,65.02
97.11,135.04,65.02
97.36,134.91,65.02
97.31,134.94,65.02
96.86,135.17,65.01
97.23,134.98,65.02
97.59,134.79,65.02
97.69,134.74,65.02
97.74,134.71,65.02
97.50,134.84,65.02
98.00,134.57,65.02
98.04,134.55,65.02
98.24,134.44,65.01
98.20,134.47,65.02
97.81,134.67,65.02
98.12,134.51,65.02
98.40,134.36,65.01
98.45,134.33,65.01
98.47,134.32,65.01
98.34,134.39,65.01
98.61,134.24,65.01
98.61,134.25,65.01
98.68,134.21,65.00
98.65,134.22,65.00
98.52,134.29,65.01
98.63,134.24,65.01
98.68,134.21,65.00
102.09,131.61,65.00
102.09,131.61,65.00
102.09,131.61,65.00
102.09,131.61,65.00
102.09,131.61,65.00
102.09,131.61,65.00
85.62,143.58,57.93
85.62,143.58,57.94
85.64,143.58,57.95
85.64,143.58,57.95
85.62,143.58,57.94
85.62,143.58,57.94
85.64,143.58,57.95
85.64,143.58,57.95
85.68,143.56,57.99
85.68,143.56,57.98
85.73,143.55,58.03
85.68,143.56,57.99
85.68,143.56,57.99
85.74,143.55,58.03
85.69,143.56,57.99
85.69,143.56,57.99
85.74,143.55,58.03
85.69,143.56,58.00
85.70,143.56,58.00
85.75,143.55,58.04
85.83,143.52,58.10
85.81,143.53,58.09
85.91,143.49,58.16
85.81,143.53,58.09
85.84,143.52,58.11
85.93,143.49,58.18
85.84,143.51,58.11
85.82,143.52,58.10
85.91,143.50,58.16
85.83,143.52,58.10
85.85,143.51,58.12
85.94,143.49,58.18
86.10,143.42,58.29
86.01,143.46,58.23
86.18,143.40,58.34
85.99,143.47,58.22
86.12,143.42,58.30
86.27,143.36,58.40
86.11,143.42,58.30
85.98,143.47,58.22
86.08,143.44,58.28
86.00,143.46,58.23
86.10,143.43,58.29
86.17,143.40,58.34
86.84,143.08,58.67
86.74,143.14,58.63
86.91,143.04,58.70
87.05,142.96,58.75
86.88,143.06,58.69
86.32,143.34,58.43
86.22,143.38,58.37
86.56,143.22,58.55
86.52,143.25,58.53
86.75,143.13,58.64
86.53,143.24,58.53
86.31,143.34,58.42
86.49,143.26,58.51
86.69,143.17,58.62
86.47,143.27,58.50
86.48,143.26,58.51
86.90,143.05,58.69
86.21,143.38,58.36
87.41,142.70,58.80
87.29,142.80,58.79
87.39,142.72,58.80
87.52,142.61,58.80
87.43,142.69,58.80
87.29,142.80,58.79
87.15,142.90,58.77
87.17,142.88,58.77
87.01,142.99,58.73
86.92,143.04,58.70
87.14,142.90,58.76
87.17,142.89,58.77
87.06,142.96,58.75
87.19,142.87,58.78
87.32,142.77,58.79
87.42,142.70,58.80
87.20,142.87,58.78
86.86,143.07,58.68
87.86,142.27,58.73
87.73,142.40,58.76
87.83,142.30,58.74
87.94,142.18,58.71
87.84,142.29,58.74
87.73,142.41,58.77
87.63,142.51,58.78
87.62,142.52,58.78
87.55,142.58,58.79
87.40,142.71,58.80
87.63,142.51,58.78
87.63,142.51,58.78
87.52,142.61,58.80
87.65,142.49,58.78
87.77,142.37,58.75
87.84,142.29,58.74
87.64,142.49,58.78
87.41,142.71,58.80
88.22,141.83,58.63
88.12,141.96,58.65
88.20,141.85,58.63
88.29,141.74,58.62
88.19,141.86,58.64
88.12,141.96,58.65
88.02,142.08,58.68
88.05,142.05,58.68
87.92,142.20,58.71
87.83,142.30,58.74
88.02,142.08,58.68
88.04,142.06,58.68
87.94,142.18,58.71
88.03,142.07,58.68
88.10,141.98,58.66
88.19,141.87,58.64
88.03,142.07,58.68
87.85,142.28,58.73
88.53,141.45,58.65
88.45,141.54,58.62
88.52,141.46,58.65
88.61,141.36,58.68
88.54,141.43,58.66
88.45,141.54,58.62
88.36,141.65,58.62
88.39,141.62,58.61
88.27,141.77,58.62
88.20,141.86,58.63
88.37,141.65,58.62
88.38,141.63,58.61
88.29,141.75,58.62
88.36,141.65,58.62
88.44,141.56,58.62
88.55,141.43,58.66
88.36,141.65,58.62
88.21,141.84,58.63
88.90,141.07,58.92
88.78,141.18,58.80
88.88,141.09,58.91
88.99,140.99,59.03
88.89,141.08,58.91
88.78,141.18,58.80
88.68,141.28,58.73
88.70,141.26,58.74
88.60,141.37,58.68
88.52,141.46,58.65
88.69,141.28,58.73
88.70,141.26,58.74
88.61,141.36,58.68
88.72,141.25,58.75
88.75,141.21,58.79
88.89,141.08,58.91
88.71,141.25,58.75
88.53,141.45,58.65
89.31,140.72,59.45
89.23,140.79,59.35
89.32,140.72,59.46
89.42,140.64,59.62
89.35,140.70,59.50
89.01,140.97,59.05
88.88,141.09,58.90
89.14,140.86,59.22
89.13,140.87,59.20
89.31,140.73,59.45
89.20,140.82,59.30
89.00,140.98,59.03
89.21,140.81,59.31
89.30,140.73,59.44
89.11,140.89,59.18
89.12,140.88,59.19
89.41,140.65,59.60
88.92,141.05,58.95
89.98,140.20,60.44
89.90,140.28,60.33
89.97,140.21,60.41
90.06,140.13,60.52
90.00,140.19,60.45
89.42,140.65,59.61
89.34,140.70,59.50
89.58,140.53,59.86
89.52,140.57,59.77
89.49,140.59,59.73
89.50,140.59,59.73
89.53,140.56,59.79
89.63,140.49,59.95
89.57,140.53,59.85
89.72,140.42,60.08
89.77,140.38,60.16
89.80,140.36,60.20
89.80,140.36,60.19
89.89,140.28,60.32
89.77,140.38,60.15
89.73,140.41,60.10
89.97,140.21,60.42
89.40,140.66,59.58
89.47,140.61,59.69
89.50,140.59,59.74
89.59,140.52,59.88
89.52,140.57,59.77
89.65,140.47,59.98
89.68,140.45,60.02
90.29,139.90,60.72
90.18,140.01,60.64
90.26,139.93,60.70
90.35,139.84,60.76
90.27,139.92,60.70
90.17,140.02,60.63
90.07,140.12,60.53
90.09,140.10,60.55
90.07,140.12,60.53
89.94,140.24,60.38
90.10,140.09,60.57
90.12,140.07,60.59
90.04,140.15,60.50
90.13,140.06,60.60
90.21,139.99,60.66
90.27,139.93,60.70
90.14,140.06,60.60
89.67,140.46,60.01
89.65,140.47,59.98
89.82,140.34,60.22
89.87,140.30,60.29
89.81,140.35,60.21
89.75,140.40,60.12
89.92,140.25,60.36
89.69,140.45,60.03
90.62,139.56,60.89
90.59,139.59,60.88
90.66,139.52,60.91
90.67,139.51,60.91
90.60,139.58,60.88
90.38,139.81,60.78
90.26,139.94,60.69
90.51,139.67,60.84
90.51,139.68,60.84
90.61,139.57,60.89
90.49,139.70,60.83
90.36,139.83,60.77
90.47,139.72,60.82
90.56,139.62,60.87
90.45,139.74,60.81
90.46,139.73,60.82
90.62,139.56,60.89
90.29,139.91,60.72
90.86,139.33,60.98
90.85,139.34,60.97
90.90,139.30,61.00
90.77,139.41,60.95
90.72,139.46,60.93
90.80,139.38,60.96
90.84,139.35,60.97
90.95,139.25,61.02
90.89,139.31,60.99
90.74,139.44,60.94
90.71,139.47,60.93
90.81,139.37,60.96
90.85,139.34,60.98
90.91,139.29,61.00
90.80,139.39,60.96
90.70,139.48,60.92
90.68,139.50,60.91
90.73,139.46,60.93
91.36,138.94,61.27
91.21,139.05,61.17
91.37,138.93,61.28
91.50,138.84,61.38
91.37,138.93,61.28
90.97,139.24,61.03
91.15,139.10,61.13
91.13,139.12,61.12
91.09,139.15,61.10
91.25,139.02,61.19
91.14,139.10,61.13
91.00,139.21,61.05
91.12,139.12,61.11
91.24,139.03,61.19
91.11,139.13,61.11
91.08,139.16,61.09
91.38,138.92,61.29
90.91,139.28,61.00
91.88,138.56,61.79
91.76,138.65,61.64
91.88,138.56,61.79
92.00,138.47,61.94
91.88,138.57,61.78
91.51,138.84,61.38
91.37,138.93,61.28
91.64,138.74,61.52
91.63,138.75,61.51
91.77,138.65,61.65
91.67,138.72,61.55
91.51,138.83,61.39
91.64,138.74,61.52
91.77,138.65,61.64
91.63,138.74,61.51
91.62,138.76,61.50
91.89,138.56,61.80
91.41,138.91,61.31
92.33,138.19,62.44
92.23,138.29,62.27
92.33,138.19,62.44
92.43,138.09,62.60
92.31,138.22,62.39
92.01,138.47,61.95
91.89,138.56,61.79
92.15,138.36,62.15
92.13,138.38,62.12
92.23,138.29,62.28
92.12,138.38,62.11
92.01,138.47,61.94
92.12,138.38,62.11
92.23,138.29,62.27
92.12,138.38,62.11
92.12,138.38,62.11
92.33,138.19,62.43
91.92,138.54,61.83
92.69,137.79,63.01
92.63,137.87,62.92
92.70,137.77,63.03
92.78,137.68,63.13
92.71,137.77,63.03
92.43,138.09,62.60
92.33,138.19,62.44
92.54,137.97,62.77
92.54,137.97,62.77
92.63,137.87,62.92
92.52,137.99,62.75
92.43,138.09,62.60
92.52,137.99,62.75
92.61,137.89,62.90
92.52,137.99,62.75
92.52,137.99,62.75
92.72,137.76,63.05
92.33,138.19,62.44
92.99,137.40,63.36
92.89,137.53,63.26
92.97,137.42,63.34
93.06,137.31,63.42
92.96,137.43,63.33
92.89,137.52,63.26
92.82,137.62,63.18
92.83,137.61,63.20
92.76,137.71,63.10
92.70,137.77,63.03
92.82,137.62,63.19
92.83,137.60,63.20
92.78,137.67,63.14
92.85,137.58,63.22
92.92,137.49,63.29
92.97,137.43,63.34
92.85,137.58,63.22
92.69,137.79,63.01
93.39,136.92,63.64
93.31,137.00,63.59
93.42,136.89,63.65
93.53,136.77,63.71
93.43,136.88,63.66
93.08,137.28,63.44
92.98,137.41,63.34
93.22,137.11,63.53
93.21,137.13,63.52
93.32,137.00,63.59
93.19,137.15,63.51
93.06,137.30,63.42
93.17,137.17,63.50
93.29,137.02,63.58
93.16,137.19,63.49
93.18,137.16,63.51
93.44,136.87,63.66
92.99,137.39,63.36
93.87,136.50,63.87
93.71,136.62,63.79
93.84,136.52,63.85
93.97,136.42,63.91
93.83,136.53,63.85
93.71,136.62,63.80
93.60,136.71,63.74
93.62,136.69,63.75
93.50,136.81,63.69
93.43,136.88,63.65
93.60,136.72,63.74
93.62,136.70,63.75
93.54,136.77,63.71
93.65,136.67,63.77
93.75,136.59,63.81
93.83,136.53,63.85
93.64,136.68,63.76
93.40,136.91,63.64
94.42,136.15,64.12
94.33,136.20,64.08
94.47,136.13,64.15
94.56,136.08,64.19
94.43,136.15,64.13
94.01,136.40,63.93
93.85,136.52,63.86
94.19,136.29,64.01
94.18,136.29,64.01
94.37,136.18,64.10
94.20,136.28,64.02
93.98,136.42,63.92
94.16,136.31,64.00
94.34,136.20,64.08
94.12,136.33,63.98
94.15,136.31,64.00
94.47,136.13,64.15
93.87,136.50,63.87
94.67,136.03,64.25
94.64,136.04,64.23
94.76,135.99,64.29
94.54,136.09,64.18
94.68,136.03,64.25
94.81,135.97,64.32
94.68,136.03,64.26
94.50,136.11,64.16
94.68,136.03,64.25
94.51,136.11,64.17
94.60,136.06,64.21
94.73,136.01,64.28
95.12,135.86,64.49
95.05,135.88,64.45
95.15,135.85,64.50
95.20,135.83,64.53
95.11,135.86,64.48
95.12,135.86,64.49
94.98,135.91,64.41
95.02,135.89,64.43
94.90,135.94,64.37
94.80,135.98,64.32
94.94,135.92,64.39
94.90,135.94,64.37
94.86,135.95,64.35
94.99,135.91,64.42
95.01,135.90,64.43
95.17,135.84,64.52
94.93,135.93,64.38
94.76,135.99,64.30
95.33,135.79,64.60
95.29,135.80,64.58
95.40,135.77,64.63
95.22,135.83,64.54
95.31,135.80,64.59
95.44,135.75,64.65
95.32,135.79,64.59
95.28,135.81,64.57
95.43,135.76,64.65
95.32,135.79,64.59
95.30,135.80,64.58
95.48,135.74,64.67
95.51,135.73,64.68
95.47,135.75,64.66
95.80,135.63,64.80
95.69,135.67,64.76
95.70,135.67,64.76
95.61,135.70,64.73
95.63,135.69,64.73
95.76,135.65,64.79
95.59,135.71,64.72
95.91,135.59,64.84
95.88,135.60,64.83
95.54,135.72,64.70
95.66,135.68,64.75
95.65,135.69,64.74
95.82,135.63,64.81
95.60,135.70,64.72
95.77,135.64,64.79
95.92,135.59,64.84
96.29,135.44,64.94
96.19,135.48,64.91
96.32,135.42,64.94
96.42,135.38,64.96
96.28,135.44,64.93
96.27,135.44,64.93
96.13,135.50,64.90
96.19,135.48,64.91
96.01,135.55,64.87
95.94,135.58,64.85
96.00,135.56,64.86
95.99,135.56,64.86
96.03,135.55,64.88
96.18,135.48,64.91
96.22,135.47,64.92
96.37,135.40,64.95
96.10,135.52,64.89
95.93,135.59,64.85
96.58,135.30,64.98
96.53,135.33,64.97
96.70,135.25,64.99
96.44,135.37,64.96
96.57,135.31,64.98
96.77,135.21,65.00
96.61,135.29,64.98
96.39,135.39,64.95
96.60,135.29,64.98
96.45,135.37,64.96
96.73,135.23,64.99
96.68,135.25,64.99
97.21,134.99,65.02
97.09,135.05,65.02
97.23,134.98,65.02
97.33,134.93,65.02
97.19,135.00,65.02
97.17,135.01,65.02
96.98,135.11,65.01
97.05,135.07,65.01
96.89,135.15,65.01
96.72,135.23,64.99
96.93,135.13,65.01
96.90,135.15,65.01
96.84,135.18,65.00
97.02,135.09,65.01
97.06,135.07,65.01
97.27,134.96,65.02
96.93,135.13,65.01
96.72,135.24,64.99
97.52,134.83,65.02
97.47,134.86,65.02
97.64,134.76,65.02
97.35,134.92,65.02
97.50,134.84,65.02
97.71,134.72,65.02
97.53,134.82,65.02
97.31,134.94,65.02
97.55,134.81,65.02
97.36,134.91,65.02
97.48,134.85,65.02
97.63,134.77,65.02
98.12,134.51,65.02
98.02,134.56,65.02
98.15,134.49,65.02
98.22,134.46,65.02
98.10,134.52,65.02
98.08,134.53,65.02
97.92,134.61,65.02
97.96,134.59,65.02
97.82,134.67,65.02
97.70,134.73,65.02
97.86,134.64,65.02
97.84,134.66,65.02
97.78,134.69,65.02
97.93,134.61,65.02
97.97,134.59,65.02
98.16,134.49,65.02
97.87,134.64,65.02
97.66,134.76,65.02
98.35,134.38,65.01
98.32,134.40,65.01
98.43,134.34,65.01
98.22,134.45,65.01
98.33,134.40,65.01
98.46,134.32,65.01
98.34,134.39,65.01
98.19,134.47,65.02
98.37,134.37,65.01
98.23,134.45,65.01
98.30,134.41,65.01
98.41,134.35,65.01
98.64,134.23,65.00
98.61,134.25,65.01
98.64,134.23,65.00
98.67,134.21,65.00
98.63,134.23,65.00
98.62,134.24,65.01
98.57,134.27,65.01
98.58,134.26,65.01
98.50,134.30,65.01
98.46,134.32,65.01
98.53,134.29,65.01
98.53,134.29,65.01
98.50,134.30,65.01
98.55,134.28,65.01
98.56,134.27,65.01
98.64,134.23,65.00
98.54,134.28,65.01
98.43,134.34,65.01
98.68,134.21,65.00
98.64,134.23,65.00
98.67,134.21,65.00
98.65,134.22,65.00
102.09,131.61,65.00
102.09,131.61,65.00
102.09,131.61,65.00
102.09,131.61,65.00
102.09,131.61,65.00
102.09,131.61,65.00
102.09,131.61,65.00
102.09,131.61,65.00
102.09,131.61,65.00
102.09,131.61,65.00
102.09,131.61,65.00
102.09,131.61,65.00
85.61,143.58,57.93
85.61,143.58,57.93
85.62,143.58,57.94
85.63,143.58,57.94
85.63,143.58,57.94
85.64,143.58,57.95
85.63,143.58,57.94
85.64,143.58,57.95
85.63,143.58,57.94
85.64,143.58,57.95
85.63,143.58,57.94
85.63,143.58,57.94
85.64,143.58,57.95
85.63,143.58,57.94
85.62,143.58,57.94
85.61,143.58,57.93
85.61,143.58,57.93
85.62,143.58,57.94
85.63,143.58,57.95
85.63,143.58,57.95
85.64,143.57,57.95
85.63,143.58,57.94
85.64,143.58,57.95
85.64,143.58,57.95
85.63,143.58,57.95
85.63,143.58,57.95
85.64,143.57,57.96
85.62,143.58,57.94
85.66,143.57,57.97
85.65,143.57,57.97
85.68,143.56,57.99
85.71,143.56,58.01
85.70,143.56,58.00
85.73,143.55,58.03
85.71,143.56,58.01
85.73,143.55,58.03
85.71,143.56,58.01
85.66,143.57,57.97
85.66,143.57,57.97
85.68,143.56,57.99
85.71,143.56,58.01
85.66,143.57,57.97
85.71,143.56,58.01
85.68,143.56,57.99
85.66,143.57,57.97
85.66,143.57,57.97
85.66,143.57,57.97
85.74,143.55,58.03
85.72,143.55,58.01
85.71,143.55,58.01
85.69,143.56,57.99
85.66,143.57,57.97
85.71,143.56,58.01
85.73,143.55,58.03
85.66,143.57,57.97
85.69,143.56,57.99
85.71,143.56,58.01
85.72,143.55,58.01
85.74,143.55,58.03
85.71,143.56,58.01
85.73,143.55,58.03
85.67,143.57,57.98
85.67,143.57,57.97
85.69,143.56,57.99
85.72,143.55,58.02
85.66,143.57,57.97
85.72,143.55,58.02
85.69,143.56,57.99
85.67,143.57,57.98
85.67,143.57,57.98
85.67,143.57,57.97
85.74,143.55,58.04
85.72,143.55,58.02
85.70,143.56,58.00
85.72,143.55,58.02
85.75,143.54,58.04
85.78,143.54,58.06
85.77,143.54,58.06
85.82,143.52,58.10
85.86,143.51,58.13
85.86,143.51,58.12
85.90,143.50,58.15
85.87,143.51,58.13
85.92,143.49,58.17
85.87,143.51,58.14
85.76,143.54,58.05
85.77,143.54,58.06
85.81,143.53,58.09
85.85,143.51,58.12
85.77,143.54,58.06
85.88,143.50,58.14
85.83,143.52,58.10
85.79,143.53,58.07
85.79,143.53,58.07
85.78,143.53,58.07
85.95,143.48,58.19
85.90,143.50,58.16
85.90,143.50,58.15
85.84,143.52,58.11
85.80,143.53,58.08
85.89,143.50,58.14
85.93,143.49,58.18
85.78,143.54,58.06
85.82,143.52,58.09
85.86,143.51,58.13
85.87,143.51,58.13
85.91,143.49,58.17
85.86,143.51,58.12
85.90,143.50,58.15
85.79,143.53,58.07
85.78,143.53,58.07
85.83,143.52,58.10
85.88,143.50,58.14
85.78,143.53,58.07
85.90,143.50,58.16
85.85,143.51,58.11
85.80,143.53,58.08
85.79,143.53,58.07
85.80,143.53,58.08
85.93,143.49,58.18
85.88,143.50,58.14
85.84,143.52,58.11
85.89,143.50,58.15
85.95,143.48,58.19
86.01,143.46,58.23
85.98,143.47,58.21
86.07,143.44,58.27
86.10,143.43,58.29
86.05,143.45,58.26
86.13,143.41,58.31
86.14,143.41,58.32
86.23,143.37,58.38
86.19,143.39,58.34
85.94,143.48,58.19
85.95,143.48,58.19
86.00,143.46,58.23
86.04,143.45,58.26
85.96,143.48,58.20
86.20,143.39,58.35
86.11,143.42,58.30
86.03,143.45,58.24
86.03,143.45,58.25
86.02,143.45,58.24
86.27,143.36,58.40
86.19,143.39,58.35
86.19,143.39,58.35
86.12,143.42,58.30
86.03,143.45,58.25
86.20,143.39,58.35
86.28,143.36,58.40
85.94,143.48,58.18
85.99,143.47,58.22
86.04,143.45,58.25
86.04,143.45,58.25
86.08,143.44,58.28
86.04,143.45,58.25
86.09,143.43,58.28
85.96,143.48,58.20
85.96,143.48,58.20
85.99,143.47,58.22
86.05,143.45,58.26
85.94,143.48,58.19
86.18,143.39,58.34
86.11,143.42,58.29
86.02,143.46,58.24
86.01,143.46,58.23
86.02,143.45,58.24
86.13,143.41,58.31
86.09,143.43,58.29
86.06,143.44,58.27
86.14,143.41,58.32
86.23,143.38,58.37
86.77,143.12,58.65
86.71,143.16,58.62
86.79,143.11,58.65
86.81,143.10,58.66
86.76,143.13,58.64
86.82,143.09,58.67
86.87,143.07,58.68
86.96,143.01,58.72
86.94,143.02,58.71
87.04,142.97,58.75
86.95,143.02,58.71
86.97,143.01,58.72
87.07,142.95,58.75
86.99,143.00,58.72
86.87,143.07,58.68
86.78,143.12,58.65
86.30,143.35,58.42
86.25,143.37,58.39
86.21,143.38,58.36
86.17,143.40,58.33
86.26,143.36,58.39
86.29,143.35,58.41
86.34,143.33,58.44
86.46,143.27,58.50
86.43,143.29,58.49
86.54,143.24,58.54
86.67,143.18,58.60
86.64,143.19,58.59
86.41,143.29,58.47
86.40,143.30,58.47
86.77,143.12,58.64
86.65,143.18,58.59
86.55,143.23,58.54
86.45,143.28,58.49
86.63,143.19,58.58
86.61,143.20,58.57
86.71,143.15,58.63
86.29,143.35,58.41
86.38,143.31,58.45
86.40,143.30,58.46
86.51,143.25,58.52
86.60,143.21,58.57
86.42,143.29,58.48
86.33,143.33,58.43
86.69,143.16,58.62
86.59,143.21,58.56
86.48,143.26,58.51
86.36,143.32,58.45
86.58,143.22,58.56
86.57,143.22,58.55
86.69,143.17,58.61
86.39,143.30,58.46
86.38,143.31,58.45
86.47,143.27,58.50
86.58,143.22,58.56
86.37,143.31,58.45
86.60,143.21,58.57
86.50,143.25,58.52
86.62,143.20,58.58
87.00,142.99,58.73
86.89,143.05,58.69
86.79,143.11,58.65
86.80,143.11,58.66
86.79,143.11,58.65
86.16,143.40,58.33
86.16,143.41,58.33
86.15,143.41,58.33
86.22,143.38,58.37
86.28,143.35,58.41
86.24,143.37,58.38
86.26,143.36,58.39
86.20,143.39,58.36
87.36,142.75,58.80
87.30,142.80,58.79
87.35,142.76,58.80
87.34,142.76,58.80
87.29,142.80,58.79
87.33,142.77,58.79
87.40,142.71,58.80
87.46,142.67,58.80
87.47,142.66,58.80
87.53,142.61,58.80
87.46,142.66,58.80
87.48,142.65,58.80
87.52,142.62,58.80
87.49,142.63,58.80
87.42,142.70,58.80
87.37,142.74,58.80
87.29,142.80,58.79
87.21,142.86,58.78
87.22,142.85,58.78
87.16,142.89,58.77
87.09,142.94,58.76
87.10,142.93,58.76
87.23,142.84,58.79
87.24,142.84,58.79
87.30,142.79,58.79
87.14,142.90,58.76
87.13,142.91,58.76
86.93,143.03,58.70
86.76,143.13,58.64
86.83,143.09,58.67
87.02,142.98,58.74
86.97,143.01,58.72
87.21,142.86,58.78
87.22,142.85,58.78
87.23,142.85,58.78
87.23,142.84,58.79
87.16,142.89,58.77
87.10,142.94,58.76
87.09,142.94,58.76
86.94,143.03,58.71
87.13,142.91,58.76
87.01,142.98,58.73
87.07,142.95,58.76
87.12,142.91,58.76
87.11,142.92,58.76
87.18,142.88,58.78
87.25,142.83,58.79
87.11,142.93,58.76
87.05,142.97,58.75
87.20,142.86,58.78
87.27,142.82,58.79
87.38,142.73,58.80
87.44,142.68,58.80
87.49,142.64,58.80
87.31,142.78,58.79
87.36,142.74,58.80
87.12,142.92,58.76
87.11,142.92,58.76
87.10,142.93,58.76
87.18,142.88,58.78
87.25,142.83,58.79
87.37,142.73,58.80
87.26,142.82,58.79
87.32,142.78,58.79
86.82,143.10,58.67
86.80,143.11,58.66
86.78,143.12,58.65
86.88,143.06,58.69
86.95,143.02,58.71
86.98,143.00,58.72
86.96,143.02,58.72
86.87,143.06,58.69
87.80,142.34,58.75
87.73,142.41,58.77
87.79,142.34,58.75
87.79,142.35,58.75
87.74,142.40,58.76
87.79,142.35,58.75
87.83,142.30,58.74
87.88,142.24,58.72
87.91,142.21,58.72
87.94,142.17,58.71
87.89,142.23,58.72
87.88,142.24,58.72
87.94,142.18,58.71
87.89,142.24,58.72
87.84,142.28,58.74
87.79,142.34,58.75
87.74,142.40,58.76
87.68,142.46,58.77
87.69,142.45,58.77
87.63,142.51,58.78
87.58,142.55,58.79
87.61,142.53,58.79
87.69,142.45,58.77
87.68,142.46,58.77
87.73,142.41,58.77
87.62,142.52,58.79
87.56,142.57,58.79
87.45,142.67,58.80
87.39,142.72,58.80
87.34,142.76,58.79
87.51,142.62,58.80
87.46,142.66,58.80
87.68,142.46,58.77
87.69,142.45,58.77
87.69,142.45,58.77
87.68,142.46,58.77
87.63,142.51,58.78
87.60,142.54,58.79
87.59,142.55,58.79
87.44,142.68,58.80
87.56,142.58,58.79
87.50,142.63,58.80
87.52,142.61,58.80
87.57,142.56,58.79
87.58,142.56,58.79
87.64,142.50,58.78
87.72,142.43,58.77
87.58,142.56,58.79
87.53,142.60,58.79
87.66,142.48,58.78
87.67,142.47,58.78
87.81,142.32,58.74
87.82,142.31,58.74
87.89,142.24,58.72
87.75,142.38,58.76
87.79,142.34,58.75
87.57,142.57,58.79
87.57,142.56,58.79
87.58,142.56,58.79
87.63,142.50,58.78
87.70,142.44,58.77
87.80,142.33,58.74
87.68,142.46,58.77
87.75,142.39,58.76
87.34,142.76,58.80
87.35,142.75,58.80
87.35,142.75,58.80
87.41,142.71,58.80
87.47,142.66,58.80
87.47,142.65,58.80
87.47,142.66,58.80
87.41,142.70,58.80
88.16,141.90,58.64
88.12,141.95,58.65
88.16,141.91,58.64
88.16,141.91,58.64
88.11,141.96,58.65
88.15,141.92,58.64
88.21,141.85,58.63
88.25,141.79,58.63
88.26,141.78,58.62
88.30,141.73,58.62
88.25,141.80,58.63
88.24,141.80,58.63
88.28,141.75,58.62
88.24,141.81,58.63
88.20,141.86,58.63
88.17,141.89,58.64
88.11,141.96,58.65
88.06,142.03,58.67
88.07,142.02,58.67
88.02,142.08,58.68
87.99,142.11,58.69
87.99,142.12,58.69
88.07,142.02,58.67
88.09,141.99,58.66
88.12,141.96,58.65
88.02,142.08,58.68
87.97,142.13,58.69
87.88,142.25,58.72
87.82,142.31,58.74
87.79,142.35,58.75
87.93,142.18,58.71
87.88,142.24,58.72
88.06,142.03,58.67
88.07,142.02,58.67
88.07,142.02,58.67
88.08,142.00,58.66
88.02,142.07,58.68
87.99,142.12,58.69
88.00,142.10,58.69
87.87,142.26,58.73
87.97,142.13,58.69
87.93,142.18,58.71
87.93,142.18,58.71
87.98,142.13,58.69
87.98,142.13,58.69
88.03,142.07,58.68
88.07,142.01,58.67
87.98,142.13,58.69
87.94,142.17,58.71
88.01,142.09,58.69
88.05,142.04,58.67
88.15,141.92,58.65
88.19,141.87,58.64
88.23,141.81,58.63
88.11,141.96,58.66
88.18,141.89,58.64
87.98,142.13,58.69
87.98,142.13,58.69
87.98,142.12,58.69
88.03,142.07,58.68
88.08,142.01,58.67
88.14,141.93,58.65
88.06,142.03,58.67
88.11,141.96,58.66
87.79,142.35,58.75
87.79,142.34,58.75
87.79,142.34,58.75
87.83,142.30,58.74
87.90,142.22,58.72
87.88,142.24,58.72
87.89,142.24,58.72
87.84,142.29,58.74
88.49,141.50,58.63
88.44,141.55,58.62
88.49,141.49,58.64
88.49,141.50,58.63
88.45,141.54,58.62
88.48,141.51,58.63
88.53,141.45,58.65
88.57,141.40,58.66
88.57,141.41,58.66
88.62,141.34,58.69
88.57,141.40,58.67
88.58,141.39,58.67
88.61,141.35,58.68
88.59,141.38,58.68
88.53,141.44,58.65
88.50,141.48,58.64
88.46,141.54,58.63
88.42,141.58,58.62
88.42,141.59,58.62
88.37,141.64,58.62
88.33,141.69,58.62
88.34,141.68,58.62
88.41,141.59,58.62
88.40,141.61,58.62
88.45,141.55,58.62
88.36,141.66,58.62
88.31,141.71,58.62
88.23,141.82,58.63
88.18,141.88,58.64
88.15,141.92,58.65
88.27,141.76,58.62
88.25,141.79,58.63
88.42,141.58,58.62
88.41,141.59,58.62
88.41,141.60,58.62
88.39,141.61,58.61
88.37,141.64,58.62
88.35,141.67,58.62
88.33,141.69,58.62
88.23,141.82,58.63
88.31,141.72,58.62
88.28,141.76,58.62
88.28,141.75,58.62
88.32,141.71,58.62
88.32,141.70,58.62
88.37,141.64,58.61
88.40,141.60,58.62
88.33,141.69,58.62
88.29,141.74,58.62
88.35,141.67,58.62
88.43,141.57,58.62
88.51,141.47,58.64
88.55,141.42,58.66
88.59,141.38,58.68
88.47,141.52,58.63
88.50,141.48,58.64
88.32,141.70,58.62
88.33,141.70,58.62
88.33,141.69,58.62
88.37,141.64,58.61
88.40,141.60,58.62
88.51,141.48,58.64
88.43,141.57,58.62
88.47,141.52,58.63
88.15,141.91,58.64
88.16,141.91,58.64
88.16,141.90,58.64
88.20,141.85,58.63
88.26,141.78,58.63
88.24,141.81,58.63
88.24,141.80,58.63
88.20,141.86,58.64
88.86,141.11,58.88
88.78,141.18,58.81
88.84,141.13,58.86
88.83,141.14,58.85
88.77,141.19,58.80
88.81,141.15,58.84
88.89,141.08,58.92
88.94,141.03,58.97
88.95,141.02,58.98
89.00,140.98,59.03
88.95,141.03,58.97
88.94,141.04,58.96
88.98,141.00,59.02
88.93,141.05,58.95
88.89,141.08,58.92
88.84,141.12,58.86
88.77,141.19,58.80
88.73,141.24,58.76
88.74,141.22,58.78
88.70,141.27,58.74
88.65,141.32,58.70
88.66,141.31,58.71
88.76,141.20,58.79
88.77,141.19,58.79
88.79,141.17,58.81
88.68,141.28,58.73
88.64,141.32,58.70
88.56,141.42,58.66
88.52,141.46,58.65
88.48,141.51,58.63
88.60,141.37,58.68
88.57,141.40,58.66
88.72,141.24,58.76
88.74,141.23,58.78
88.76,141.20,58.79
88.76,141.20,58.79
88.69,141.27,58.73
88.65,141.31,58.70
88.65,141.31,58.70
88.56,141.41,58.66
88.64,141.33,58.69
88.61,141.36,58.68
88.62,141.35,58.68
88.67,141.29,58.72
88.67,141.30,58.72
88.71,141.25,58.75
88.76,141.20,58.79
88.66,141.30,58.71
88.62,141.35,58.69
88.75,141.22,58.78
88.76,141.21,58.79
88.75,141.22,58.79
88.87,141.10,58.90
88.93,141.04,58.96
88.81,141.15,58.83
88.85,141.12,58.87
88.67,141.29,58.72
88.66,141.30,58.72
88.66,141.31,58.71
88.71,141.26,58.74
88.77,141.20,58.79
88.75,141.21,58.79
88.76,141.21,58.79
88.80,141.16,58.83
88.48,141.50,58.63
88.50,141.49,58.64
88.49,141.49,58.64
88.53,141.45,58.65
88.57,141.41,58.66
88.58,141.39,58.67
88.58,141.40,58.67
88.54,141.44,58.65
89.28,140.75,59.40
89.24,140.78,59.35
89.28,140.75,59.41
89.28,140.75,59.41
89.23,140.79,59.34
89.29,140.74,59.42
89.32,140.72,59.46
89.35,140.69,59.52
89.36,140.69,59.52
89.41,140.65,59.60
89.37,140.68,59.54
89.39,140.67,59.57
89.44,140.63,59.65
89.40,140.66,59.59
89.34,140.71,59.49
89.30,140.74,59.43
89.01,140.97,59.04
88.95,141.03,58.98
88.88,141.09,58.91
88.82,141.14,58.85
88.95,141.02,58.99
88.96,141.01,58.99
89.02,140.96,59.07
89.08,140.92,59.14
89.07,140.92,59.13
89.13,140.87,59.21
89.19,140.83,59.28
89.18,140.83,59.28
89.07,140.92,59.12
89.06,140.93,59.12
89.27,140.75,59.40
89.22,140.80,59.32
89.16,140.85,59.25
89.10,140.89,59.17
89.25,140.77,59.37
89.26,140.77,59.38
89.33,140.71,59.49
88.99,140.99,59.02
89.08,140.91,59.15
89.09,140.90,59.16
89.19,140.82,59.29
89.26,140.77,59.39
89.10,140.90,59.17
89.02,140.96,59.06
89.33,140.71,59.48
89.25,140.78,59.36
89.15,140.86,59.24
89.04,140.95,59.09
89.20,140.81,59.30
89.17,140.84,59.25
89.27,140.76,59.39
89.06,140.93,59.11
89.05,140.93,59.10
89.11,140.88,59.18
89.17,140.84,59.26
89.05,140.94,59.10
89.18,140.83,59.27
89.12,140.88,59.19
89.18,140.83,59.27
89.44,140.63,59.64
89.38,140.68,59.55
89.36,140.69,59.53
89.38,140.67,59.56
89.33,140.72,59.47
88.83,141.13,58.85
88.85,141.12,58.87
88.87,141.10,58.89
88.90,141.07,58.93
88.97,141.01,59.00
88.94,141.03,58.97
88.96,141.02,58.99
88.90,141.07,58.93
89.95,140.23,60.40
89.91,140.27,60.34
89.94,140.24,60.39
89.93,140.25,60.37
89.89,140.29,60.31
89.92,140.25,60.36
89.98,140.21,60.43
90.01,140.18,60.47
90.02,140.17,60.48
90.06,140.13,60.52
90.02,140.17,60.48
90.03,140.15,60.49
90.06,140.13,60.52
90.05,140.14,60.51
89.99,140.19,60.45
89.96,140.22,60.40
89.40,140.66,59.59
89.37,140.68,59.53
89.33,140.71,59.48
89.29,140.74,59.42
89.38,140.68,59.55
89.39,140.67,59.57
89.42,140.64,59.62
89.58,140.52,59.87
89.55,140.55,59.82
89.54,140.55,59.81
89.50,140.58,59.74
89.47,140.61,59.70
89.46,140.61,59.68
89.54,140.56,59.80
89.53,140.57,59.78
89.57,140.54,59.84
89.55,140.55,59.81
89.50,140.58,59.75
89.45,140.62,59.67
89.45,140.62,59.65
89.46,140.61,59.68
89.56,140.54,59.84
89.62,140.50,59.92
89.58,140.52,59.87
89.60,140.51,59.90
89.66,140.47,59.99
89.63,140.49,59.94
89.55,140.55,59.81
89.51,140.57,59.76
89.49,140.59,59.72
89.46,140.61,59.67
89.51,140.58,59.76
89.48,140.60,59.70
89.70,140.43,60.05
89.73,140.41,60.09
89.74,140.40,60.11
89.78,140.37,60.17
89.82,140.34,60.23
89.83,140.33,60.24
89.76,140.39,60.14
89.76,140.39,60.14
89.73,140.42,60.09
89.74,140.41,60.11
89.79,140.37,60.18
89.85,140.32,60.26
89.86,140.31,60.28
89.91,140.26,60.35
89.83,140.33,60.24
89.88,140.29,60.31
89.73,140.41,60.10
89.72,140.42,60.08
89.69,140.44,60.03
89.71,140.42,60.07
89.72,140.42,60.07
89.71,140.42,60.07
89.82,140.34,60.23
89.85,140.32,60.26
89.79,140.36,60.19
89.84,140.32,60.25
90.03,140.16,60.48
89.99,140.20,60.44
89.93,140.25,60.37
89.92,140.26,60.36
89.95,140.23,60.39
89.32,140.72,59.47
89.35,140.70,59.51
89.38,140.67,59.56
89.37,140.68,59.54
89.42,140.64,59.61
89.41,140.65,59.59
89.43,140.64,59.63
89.48,140.60,59.71
89.51,140.58,59.75
89.45,140.62,59.66
89.43,140.64,59.63
89.48,140.60,59.71
89.54,140.55,59.80
89.56,140.54,59.83
89.61,140.50,59.91
89.52,140.57,59.78
89.57,140.53,59.85
89.44,140.63,59.65
89.47,140.61,59.69
89.49,140.59,59.72
89.55,140.55,59.82
89.60,140.51,59.90
89.64,140.48,59.97
89.57,140.53,59.86
89.51,140.58,59.75
89.59,140.52,59.88
89.67,140.46,60.00
89.72,140.42,60.08
89.69,140.44,60.04
89.67,140.46,60.00
89.65,140.48,59.97
89.68,140.45,60.02
90.25,139.94,60.69
90.19,140.01,60.65
90.23,139.96,60.68
90.22,139.97,60.67
90.17,140.03,60.63
90.21,139.98,60.66
90.28,139.92,60.71
90.32,139.88,60.73
90.34,139.86,60.75
90.36,139.83,60.77
90.33,139.86,60.74
90.31,139.88,60.73
90.34,139.85,60.76
90.30,139.89,60.73
90.28,139.91,60.71
90.23,139.96,60.68
90.16,140.03,60.62
90.08,140.11,60.54
90.12,140.07,60.58
90.07,140.12,60.53
90.03,140.16,60.49
90.04,140.15,60.50
90.13,140.06,60.59
90.14,140.05,60.61
90.18,140.01,60.64
90.08,140.11,60.54
90.07,140.12,60.53
89.97,140.21,60.42
89.94,140.24,60.38
89.90,140.27,60.34
90.00,140.18,60.46
89.96,140.22,60.41
90.13,140.07,60.59
90.14,140.05,60.60
90.15,140.04,60.62
90.16,140.03,60.62
90.12,140.08,60.58
90.09,140.10,60.56
90.06,140.13,60.52
90.07,140.12,60.53
90.05,140.14,60.51
90.03,140.16,60.49
90.06,140.13,60.52
90.11,140.09,60.57
90.06,140.12,60.52
90.08,140.11,60.53
90.17,140.03,60.63
90.05,140.14,60.52
90.01,140.17,60.47
90.15,140.05,60.61
90.17,140.02,60.63
90.24,139.96,60.68
90.27,139.92,60.71
90.30,139.89,60.73
90.20,140.00,60.65
90.23,139.97,60.68
90.11,140.08,60.58
90.10,140.09,60.57
90.10,140.10,60.56
90.13,140.06,60.60
90.16,140.04,60.62
90.25,139.95,60.69
90.18,140.02,60.64
90.20,139.99,60.65
89.63,140.49,59.95
89.63,140.49,59.94
89.61,140.50,59.92
89.61,140.51,59.91
89.66,140.46,59.99
89.71,140.43,60.06
89.72,140.42,60.08
89.79,140.37,60.18
89.74,140.41,60.10
89.77,140.38,60.15
89.85,140.31,60.27
89.71,140.43,60.06
89.81,140.35,60.21
89.84,140.32,60.25
89.90,140.27,60.33
89.93,140.24,60.37
89.87,140.29,60.30
89.78,140.37,60.17
89.75,140.40,60.13
89.78,140.38,60.16
89.77,140.38,60.16
89.74,140.40,60.12
89.80,140.35,60.20
89.83,140.33,60.24
89.96,140.22,60.41
89.90,140.27,60.33
89.84,140.32,60.25
89.87,140.30,60.29
89.89,140.28,60.32
90.00,140.18,60.46
89.98,140.20,60.43
89.95,140.23,60.39
89.62,140.50,59.93
89.64,140.48,59.96
89.66,140.47,59.99
89.67,140.46,60.01
89.72,140.42,60.08
89.72,140.42,60.08
89.72,140.42,60.08
89.68,140.45,60.03
90.58,139.60,60.88
90.57,139.61,60.87
90.61,139.57,60.89
90.63,139.55,60.89
90.62,139.56,60.89
90.65,139.53,60.90
90.64,139.54,60.90
90.69,139.50,60.92
90.65,139.53,60.90
90.69,139.49,60.92
90.65,139.53,60.90
90.64,139.54,60.90
90.65,139.53,60.90
90.62,139.56,60.89
90.61,139.57,60.89
90.57,139.61,60.87
90.38,139.82,60.78
90.32,139.87,60.74
90.26,139.93,60.70
90.21,139.98,60.66
90.32,139.87,60.74
90.32,139.87,60.74
90.38,139.81,60.78
90.44,139.74,60.81
90.44,139.75,60.81
90.51,139.68,60.84
90.65,139.53,60.90
90.65,139.53,60.90
90.44,139.75,60.81
90.43,139.75,60.80
90.63,139.55,60.89
90.56,139.62,60.87
90.49,139.69,60.83
90.43,139.76,60.80
90.54,139.64,60.86
90.53,139.65,60.85
90.60,139.58,60.88
90.35,139.84,60.76
90.40,139.79,60.79
90.41,139.78,60.79
90.48,139.71,60.82
90.52,139.66,60.85
90.42,139.76,60.80
90.37,139.82,60.77
90.58,139.60,60.87
90.52,139.67,60.84
90.46,139.73,60.81
90.39,139.80,60.78
90.50,139.69,60.84
90.49,139.69,60.83
90.56,139.63,60.86
90.42,139.77,60.80
90.41,139.78,60.79
90.45,139.74,60.81
90.50,139.68,60.84
90.40,139.79,60.79
90.53,139.65,60.85
90.48,139.70,60.83
90.55,139.64,60.86
90.63,139.55,60.90
90.61,139.57,60.89
90.59,139.59,60.88
90.60,139.58,60.88
90.58,139.60,60.88
90.22,139.98,60.67
90.23,139.97,60.67
90.24,139.95,60.68
90.27,139.92,60.70
90.33,139.86,60.75
90.31,139.88,60.73
90.32,139.87,60.74
90.28,139.92,60.71
90.84,139.35,60.97
90.83,139.36,60.97
90.86,139.33,60.98
90.87,139.32,60.98
90.87,139.32,60.98
90.89,139.30,60.99
90.88,139.31,60.99
90.91,139.29,61.00
90.89,139.30,60.99
90.84,139.35,60.97
90.82,139.37,60.96
90.75,139.43,60.94
90.71,139.48,60.92
90.67,139.51,60.91
90.79,139.39,60.96
90.76,139.42,60.94
91.16,139.09,61.14
90.79,139.40,60.95
90.74,139.45,60.93
90.76,139.43,60.94
90.72,139.46,60.93
90.88,139.31,60.99
90.94,139.27,61.02
90.90,139.30,61.00
90.92,139.28,61.01
90.98,139.23,61.03
90.94,139.26,61.02
91.15,139.10,61.14
90.83,139.36,60.96
90.81,139.38,60.96
90.72,139.47,60.93
90.78,139.41,60.95
90.82,139.36,60.96
90.79,139.40,60.95
90.76,139.42,60.94
90.71,139.47,60.92
90.73,139.45,60.93
90.74,139.44,60.94
90.69,139.49,60.92
90.68,139.50,60.91
90.81,139.38,60.96
90.83,139.36,60.97
90.83,139.36,60.97
90.82,139.37,60.96
90.83,139.35,60.97
90.85,139.34,60.97
90.87,139.32,60.98
90.86,139.33,60.98
90.80,139.39,60.96
90.85,139.34,60.97
90.84,139.35,60.97
90.78,139.40,60.95
90.89,139.31,60.99
90.95,139.26,61.02
90.75,139.43,60.94
90.75,139.44,60.94
90.69,139.49,60.92
90.64,139.54,60.90
90.63,139.55,60.90
90.73,139.45,60.93
90.73,139.45,60.93
90.77,139.41,60.95
90.77,139.42,60.94
90.77,139.42,60.94
90.72,139.46,60.93
90.68,139.50,60.91
90.65,139.53,60.90
90.71,139.47,60.93
90.66,139.53,60.90
90.65,139.53,60.90
90.70,139.48,60.92
90.65,139.53,60.90
91.29,138.99,61.22
91.19,139.07,61.16
91.30,138.98,61.23
91.30,138.98,61.23
91.23,139.04,61.18
91.30,138.98,61.23
91.37,138.94,61.28
91.43,138.89,61.33
91.42,138.90,61.32
91.50,138.84,61.38
91.43,138.89,61.33
91.44,138.89,61.33
91.51,138.83,61.39
91.44,138.88,61.33
91.36,138.94,61.28
91.30,138.99,61.23
90.94,139.26,61.02
90.93,139.27,61.01
90.93,139.28,61.01
91.15,139.10,61.13
90.96,139.25,61.02
90.98,139.23,61.03
90.99,139.22,61.04
91.07,139.16,61.09
91.05,139.18,61.07
91.10,139.14,61.10
91.15,139.10,61.13
91.15,139.10,61.13
91.03,139.19,61.06
91.15,139.10,61.13
91.24,139.03,61.18
91.15,139.10,61.13
91.13,139.11,61.12
91.07,139.16,61.09
91.15,139.10,61.13
91.15,139.10,61.13
91.26,139.01,61.20
91.00,139.21,61.04
91.06,139.17,61.08
91.06,139.17,61.08
91.13,139.11,61.12
91.15,139.10,61.13
91.07,139.16,61.08
91.01,139.21,61.05
91.25,139.02,61.19
91.15,139.10,61.13
91.12,139.12,61.11
91.05,139.17,61.08
91.15,139.10,61.13
91.15,139.10,61.13
91.24,139.03,61.18
91.15,139.10,61.13
91.02,139.20,61.06
91.10,139.14,61.10
91.14,139.10,61.13
91.04,139.19,61.07
91.14,139.10,61.13
91.08,139.15,61.10
91.14,139.10,61.13
91.45,138.88,61.34
91.38,138.93,61.29
91.31,138.97,61.24
91.33,138.97,61.25
91.31,138.98,61.23
90.90,139.30,61.00
90.88,139.32,60.99
90.86,139.33,60.98
90.93,139.27,61.01
90.96,139.24,61.03
90.95,139.25,61.02
90.96,139.25,61.02
90.91,139.29,61.00
91.82,138.61,61.71
91.76,138.66,61.63
91.82,138.61,61.71
91.82,138.61,61.71
91.76,138.65,61.64
91.82,138.61,61.72
91.88,138.56,61.79
91.95,138.52,61.87
91.95,138.52,61.87
92.01,138.47,61.94
91.95,138.52,61.87
91.94,138.52,61.87
92.00,138.48,61.93
91.94,138.52,61.86
91.88,138.57,61.79
91.81,138.62,61.70
91.50,138.84,61.38
91.44,138.88,61.33
91.37,138.93,61.28
91.31,138.98,61.23
91.44,138.88,61.34
91.44,138.88,61.34
91.51,138.83,61.39
91.59,138.78,61.47
91.57,138.79,61.45
91.63,138.74,61.51
91.70,138.70,61.58
91.70,138.70,61.58
91.57,138.79,61.45
91.56,138.80,61.44
91.76,138.65,61.64
91.70,138.69,61.58
91.65,138.73,61.53
91.60,138.77,61.48
91.72,138.69,61.59
91.73,138.67,61.61
91.78,138.64,61.66
91.51,138.83,61.39
91.57,138.79,61.45
91.57,138.79,61.45
91.64,138.74,61.52
91.71,138.69,61.59
91.58,138.78,61.46
91.52,138.82,61.40
91.77,138.65,61.65
91.70,138.70,61.58
91.64,138.74,61.51
91.57,138.79,61.45
91.70,138.70,61.58
91.70,138.70,61.58
91.76,138.65,61.64
91.55,138.80,61.43
91.57,138.79,61.45
91.63,138.74,61.51
91.68,138.71,61.56
91.57,138.79,61.45
91.69,138.70,61.57
91.63,138.75,61.51
91.70,138.70,61.57
91.94,138.52,61.86
91.87,138.57,61.77
91.83,138.60,61.72
91.84,138.60,61.74
91.82,138.61,61.72
91.31,138.98,61.24
91.32,138.97,61.24
91.34,138.95,61.26
91.38,138.93,61.29
91.47,138.86,61.36
91.45,138.88,61.34
91.46,138.87,61.35
91.39,138.92,61.30
92.28,138.24,62.35
92.23,138.29,62.27
92.28,138.24,62.35
92.28,138.24,62.35
92.24,138.28,62.28
92.28,138.24,62.35
92.33,138.19,62.44
92.41,138.12,62.56
92.38,138.14,62.52
92.43,138.09,62.60
92.38,138.14,62.52
92.37,138.15,62.51
92.43,138.10,62.59
92.36,138.17,62.48
92.33,138.19,62.43
92.27,138.25,62.33
92.01,138.47,61.95
91.95,138.52,61.87
91.89,138.56,61.79
91.82,138.61,61.72
91.95,138.52,61.87
91.95,138.51,61.88
92.02,138.46,61.96
92.09,138.40,62.07
92.08,138.42,62.05
92.13,138.37,62.13
92.20,138.31,62.23
92.19,138.32,62.21
92.07,138.42,62.04
92.07,138.42,62.03
92.24,138.28,62.29
92.18,138.33,62.20
92.12,138.38,62.11
92.06,138.43,62.03
92.18,138.33,62.19
92.17,138.34,62.19
92.23,138.29,62.27
92.00,138.48,61.94
92.06,138.43,62.03
92.06,138.43,62.03
92.12,138.38,62.11
92.17,138.34,62.19
92.06,138.43,62.03
92.01,138.47,61.94
92.23,138.29,62.27
92.17,138.34,62.19
92.12,138.38,62.11
92.06,138.43,62.03
92.17,138.34,62.19
92.17,138.34,62.19
92.23,138.29,62.27
92.06,138.43,62.03
92.06,138.43,62.03
92.12,138.38,62.11
92.17,138.34,62.19
92.06,138.43,62.03
92.17,138.33,62.19
92.12,138.38,62.11
92.18,138.33,62.19
92.37,138.15,62.50
92.33,138.19,62.43
92.28,138.24,62.35
92.28,138.24,62.35
92.28,138.24,62.35
91.82,138.61,61.72
91.83,138.60,61.73
91.86,138.58,61.75
91.89,138.56,61.80
91.98,138.50,61.91
91.93,138.53,61.85
91.96,138.51,61.89
91.90,138.55,61.81
92.65,137.84,62.95
92.62,137.88,62.90
92.66,137.83,62.96
92.67,137.82,62.97
92.64,137.86,62.93
92.67,137.81,62.98
92.70,137.78,63.02
92.73,137.73,63.07
92.73,137.74,63.06
92.78,137.68,63.13
92.74,137.73,63.08
92.74,137.72,63.08
92.79,137.66,63.15
92.75,137.71,63.09
92.70,137.78,63.02
92.66,137.83,62.96
92.43,138.09,62.60
92.38,138.14,62.52
92.33,138.19,62.44
92.28,138.24,62.35
92.38,138.14,62.52
92.38,138.14,62.52
92.43,138.09,62.60
92.49,138.03,62.69
92.49,138.03,62.69
92.54,137.97,62.77
92.59,137.91,62.85
92.59,137.91,62.85
92.49,138.03,62.69
92.50,138.01,62.72
92.64,137.86,62.93
92.58,137.92,62.84
92.53,137.98,62.76
92.48,138.04,62.68
92.57,137.93,62.83
92.57,137.94,62.82
92.62,137.88,62.91
92.43,138.10,62.59
92.47,138.05,62.66
92.48,138.04,62.67
92.52,137.99,62.75
92.57,137.94,62.82
92.48,138.04,62.67
92.43,138.09,62.60
92.61,137.89,62.90
92.57,137.94,62.82
92.52,137.99,62.75
92.47,138.05,62.65
92.57,137.94,62.82
92.57,137.94,62.82
92.61,137.89,62.90
92.48,138.04,62.68
92.48,138.04,62.68
92.52,137.99,62.75
92.57,137.94,62.82
92.48,138.04,62.67
92.58,137.93,62.83
92.53,137.98,62.76
92.58,137.92,62.84
92.75,137.71,63.09
92.71,137.77,63.03
92.66,137.83,62.96
92.66,137.83,62.96
92.66,137.83,62.96
92.28,138.24,62.35
92.28,138.24,62.35
92.28,138.24,62.35
92.33,138.19,62.44
92.38,138.14,62.52
92.38,138.15,62.51
92.38,138.14,62.52
92.33,138.19,62.44
92.95,137.44,63.32
92.90,137.52,63.27
92.94,137.46,63.31
92.93,137.48,63.30
92.88,137.54,63.26
92.92,137.48,63.29
92.98,137.41,63.35
93.03,137.35,63.39
93.03,137.34,63.40
93.07,137.30,63.43
93.03,137.34,63.39
93.02,137.36,63.38
93.05,137.32,63.41
93.01,137.37,63.38
92.99,137.40,63.35
92.94,137.47,63.31
92.88,137.54,63.26
92.85,137.59,63.21
92.85,137.58,63.22
92.83,137.61,63.19
92.79,137.66,63.15
92.80,137.65,63.16
92.86,137.56,63.24
92.87,137.56,63.24
92.90,137.51,63.27
92.81,137.63,63.17
92.78,137.67,63.14
92.73,137.74,63.06
92.69,137.79,63.01
92.67,137.81,62.98
92.76,137.70,63.10
92.73,137.73,63.07
92.85,137.58,63.22
92.86,137.57,63.23
92.86,137.57,63.23
92.87,137.55,63.24
92.83,137.61,63.19
92.80,137.65,63.16
92.79,137.66,63.15
92.73,137.74,63.06
92.79,137.67,63.14
92.76,137.70,63.11
92.79,137.66,63.15
92.83,137.61,63.19
92.81,137.63,63.18
92.84,137.59,63.21
92.88,137.54,63.25
92.80,137.64,63.17
92.77,137.69,63.12
92.86,137.57,63.23
92.89,137.53,63.25
92.95,137.45,63.31
92.98,137.41,63.35
93.01,137.37,63.38
92.91,137.50,63.28
92.94,137.46,63.31
92.83,137.61,63.19
92.82,137.63,63.18
92.81,137.64,63.17
92.84,137.60,63.21
92.88,137.55,63.25
92.95,137.45,63.31
92.89,137.53,63.25
92.91,137.50,63.28
92.67,137.82,62.97
92.66,137.83,62.96
92.65,137.84,62.95
92.70,137.78,63.02
92.73,137.74,63.06
92.74,137.72,63.08
92.74,137.73,63.07
92.70,137.78,63.03
93.35,136.97,63.61
93.30,137.01,63.59
93.35,136.96,63.61
93.37,136.94,63.62
93.32,136.99,63.60
93.38,136.93,63.63
93.41,136.90,63.64
93.47,136.84,63.68
93.45,136.86,63.67
93.52,136.78,63.71
93.47,136.84,63.68
93.48,136.83,63.68
93.55,136.76,63.72
93.49,136.82,63.69
93.42,136.90,63.65
93.36,136.95,63.62
93.08,137.28,63.44
93.03,137.35,63.39
92.98,137.42,63.34
92.92,137.48,63.29
93.03,137.35,63.39
93.03,137.35,63.39
93.08,137.28,63.44
93.15,137.20,63.48
93.15,137.20,63.48
93.21,137.13,63.52
93.28,137.04,63.57
93.27,137.05,63.57
93.14,137.21,63.48
93.14,137.21,63.48
93.33,136.99,63.60
93.26,137.06,63.56
93.20,137.14,63.52
93.14,137.21,63.47
93.25,137.07,63.55
93.25,137.08,63.55
93.31,137.01,63.59
93.05,137.32,63.41
93.11,137.25,63.45
93.12,137.24,63.46
93.18,137.16,63.50
93.23,137.10,63.54
93.13,137.23,63.47
93.07,137.29,63.43
93.30,137.02,63.58
93.23,137.10,63.54
93.16,137.18,63.49
93.10,137.26,63.45
93.23,137.10,63.54
93.23,137.11,63.53
93.29,137.03,63.58
93.13,137.22,63.47
93.12,137.23,63.46
93.18,137.17,63.50
93.24,137.09,63.54
93.11,137.24,63.46
93.25,137.08,63.55
93.20,137.14,63.51
93.26,137.07,63.56
93.50,136.81,63.69
93.44,136.88,63.66
93.36,136.95,63.62
93.37,136.95,63.62
93.36,136.95,63.62
92.93,137.47,63.30
92.94,137.46,63.31
92.96,137.44,63.33
92.98,137.41,63.35
93.04,137.34,63.40
93.02,137.36,63.39
93.03,137.34,63.40
92.99,137.40,63.36
93.81,136.54,63.84
93.72,136.61,63.80
93.78,136.57,63.83
93.77,136.57,63.82
93.69,136.63,63.79
93.76,136.58,63.82
93.85,136.51,63.86
93.92,136.47,63.89
93.94,136.45,63.90
93.99,136.41,63.92
93.92,136.46,63.89
93.91,136.47,63.88
93.96,136.43,63.91
93.89,136.49,63.87
93.86,136.51,63.86
93.79,136.56,63.83
93.70,136.63,63.79
93.64,136.68,63.76
93.66,136.67,63.77
93.61,136.71,63.75
93.56,136.75,63.72
93.57,136.74,63.73
93.67,136.65,63.78
93.68,136.65,63.78
93.72,136.61,63.80
93.59,136.73,63.74
93.55,136.76,63.72
93.47,136.84,63.67
93.42,136.89,63.65
93.38,136.93,63.63
93.51,136.80,63.70
93.47,136.84,63.68
93.64,136.68,63.76
93.65,136.67,63.77
93.66,136.66,63.77
93.67,136.65,63.78
93.61,136.71,63.75
93.57,136.74,63.73
93.56,136.75,63.72
93.46,136.85,63.67
93.54,136.77,63.71
93.51,136.80,63.70
93.55,136.76,63.72
93.61,136.71,63.75
93.60,136.72,63.74
93.64,136.68,63.76
93.69,136.64,63.79
93.58,136.73,63.73
93.53,136.78,63.71
93.66,136.66,63.77
93.70,136.62,63.79
93.80,136.55,63.83
93.85,136.52,63.86
93.90,136.48,63.88
93.75,136.59,63.81
93.79,136.56,63.83
93.60,136.71,63.74
93.59,136.72,63.74
93.58,136.74,63.73
93.63,136.69,63.76
93.69,136.64,63.78
93.79,136.55,63.83
93.70,136.63,63.79
93.74,136.60,63.81
93.38,136.94,63.63
93.36,136.96,63.62
93.35,136.96,63.61
93.41,136.90,63.65
93.46,136.85,63.67
93.48,136.83,63.68
93.48,136.83,63.68
93.42,136.89,63.65
94.36,136.18,64.09
94.31,136.21,64.07
94.38,136.17,64.10
94.40,136.17,64.11
94.35,136.19,64.09
94.41,136.16,64.12
94.45,136.14,64.14
94.49,136.11,64.16
94.48,136.12,64.15
94.55,136.08,64.19
94.49,136.12,64.16
94.49,136.12,64.16
94.56,136.08,64.19
94.50,136.11,64.16
94.43,136.15,64.13
94.36,136.18,64.09
94.00,136.40,63.93
93.92,136.46,63.89
93.84,136.52,63.85
93.77,136.58,63.82
93.92,136.46,63.89
93.93,136.45,63.90
94.01,136.40,63.93
94.10,136.34,63.97
94.10,136.35,63.97
94.18,136.29,64.01
94.28,136.24,64.05
94.27,136.24,64.05
94.09,136.35,63.97
94.09,136.35,63.97
94.37,136.18,64.10
94.28,136.23,64.06
94.19,136.29,64.02
94.11,136.34,63.98
94.28,136.23,64.06
94.29,136.22,64.06
94.37,136.18,64.10
93.97,136.43,63.91
94.05,136.37,63.95
94.07,136.36,63.96
94.18,136.30,64.01
94.27,136.24,64.05
94.08,136.35,63.97
93.99,136.41,63.92
94.35,136.19,64.09
94.25,136.25,64.04
94.14,136.32,63.99
94.03,136.39,63.94
94.23,136.26,64.03
94.21,136.27,64.02
94.32,136.21,64.07
94.08,136.36,63.96
94.06,136.37,63.95
94.13,136.32,63.99
94.22,136.27,64.03
94.04,136.38,63.95
94.24,136.26,64.04
94.17,136.30,64.00
94.26,136.25,64.05
94.52,136.10,64.17
94.46,136.13,64.14
94.41,136.16,64.12
94.42,136.15,64.12
94.39,136.17,64.11
93.78,136.57,63.82
93.79,136.56,63.83
93.82,136.54,63.84
93.86,136.50,63.86
93.94,136.44,63.90
93.91,136.47,63.89
93.93,136.46,63.89
93.86,136.51,63.86
94.61,136.06,64.22
94.58,136.07,64.20
94.66,136.04,64.24
94.68,136.03,64.25
94.67,136.03,64.25
94.73,136.00,64.28
94.70,136.02,64.26
94.77,135.99,64.30
94.73,136.00,64.28
94.45,136.14,64.14
94.50,136.11,64.16
94.59,136.07,64.21
94.63,136.05,64.23
94.54,136.09,64.18
94.74,136.00,64.28
94.67,136.03,64.25
94.62,136.05,64.22
94.62,136.05,64.22
94.62,136.06,64.22
94.82,135.97,64.33
94.77,135.99,64.30
94.75,136.00,64.29
94.68,136.03,64.25
94.63,136.05,64.23
94.75,136.00,64.29
94.80,135.98,64.32
94.43,136.15,64.13
94.52,136.10,64.17
94.60,136.07,64.21
94.57,136.08,64.20
94.65,136.04,64.24
94.61,136.06,64.22
94.68,136.03,64.25
94.44,136.14,64.13
94.44,136.14,64.13
94.51,136.11,64.17
94.56,136.08,64.19
94.43,136.15,64.13
94.69,136.02,64.26
94.65,136.04,64.24
94.53,136.10,64.18
94.48,136.12,64.15
94.58,136.07,64.20
94.68,136.03,64.25
94.69,136.03,64.26
94.69,136.02,64.26
94.66,136.03,64.25
94.78,135.99,64.30
95.07,135.88,64.46
95.04,135.89,64.45
95.08,135.87,64.47
95.10,135.87,64.48
95.07,135.88,64.46
95.11,135.86,64.48
95.13,135.86,64.49
95.18,135.84,64.52
95.17,135.84,64.51
95.21,135.83,64.54
95.16,135.85,64.51
95.15,135.85,64.51
95.20,135.83,64.53
95.14,135.85,64.50
95.11,135.86,64.48
95.06,135.88,64.46
95.10,135.87,64.48
95.03,135.89,64.44
95.05,135.88,64.45
95.00,135.90,64.42
94.93,135.93,64.39
94.95,135.92,64.40
95.07,135.88,64.46
95.09,135.87,64.47
95.14,135.85,64.50
94.99,135.91,64.42
94.95,135.92,64.39
94.85,135.96,64.34
94.81,135.97,64.32
94.76,135.99,64.29
94.89,135.94,64.37
94.84,135.96,64.34
95.01,135.90,64.43
95.00,135.90,64.42
94.98,135.91,64.41
94.97,135.91,64.41
94.92,135.93,64.38
94.85,135.96,64.34
94.86,135.95,64.35
94.83,135.97,64.33
94.92,135.93,64.38
94.85,135.96,64.34
94.84,135.96,64.34
94.91,135.94,64.37
94.93,135.93,64.39
95.00,135.90,64.43
95.08,135.88,64.46
94.94,135.93,64.39
94.87,135.95,64.36
94.91,135.93,64.38
95.00,135.90,64.42
95.09,135.87,64.47
95.10,135.87,64.47
95.18,135.84,64.52
95.08,135.87,64.47
95.17,135.84,64.51
94.88,135.95,64.36
94.87,135.95,64.35
94.86,135.95,64.35
94.92,135.93,64.38
94.97,135.91,64.41
95.06,135.88,64.45
94.96,135.92,64.40
95.02,135.90,64.43
94.74,136.00,64.28
94.71,136.01,64.27
94.68,136.03,64.26
94.78,135.98,64.31
94.82,135.97,64.33
94.79,135.98,64.31
94.81,135.97,64.32
94.74,136.00,64.29
95.27,135.81,64.57
95.26,135.82,64.56
95.31,135.80,64.59
95.35,135.79,64.61
95.34,135.79,64.60
95.38,135.77,64.62
95.36,135.78,64.61
95.41,135.76,64.64
95.38,135.78,64.62
95.15,135.85,64.50
95.19,135.84,64.52
95.26,135.81,64.56
95.30,135.80,64.58
95.22,135.83,64.54
95.37,135.78,64.62
95.32,135.79,64.59
95.26,135.81,64.56
95.25,135.82,64.55
95.27,135.81,64.57
95.45,135.75,64.66
95.39,135.77,64.63
95.39,135.77,64.62
95.32,135.80,64.59
95.25,135.82,64.56
95.37,135.78,64.62
95.44,135.76,64.65
95.18,135.84,64.52
95.25,135.82,64.56
95.35,135.78,64.61
95.39,135.77,64.63
95.46,135.75,64.66
95.33,135.79,64.60
95.40,135.77,64.63
95.24,135.82,64.55
95.23,135.82,64.54
95.30,135.80,64.58
95.41,135.77,64.64
95.20,135.83,64.53
95.38,135.77,64.62
95.32,135.80,64.59
95.24,135.82,64.55
95.23,135.82,64.55
95.25,135.82,64.55
95.49,135.74,64.67
95.40,135.77,64.63
95.31,135.80,64.59
95.39,135.77,64.63
95.47,135.75,64.67
95.47,135.75,64.66
95.45,135.75,64.66
95.43,135.76,64.65
95.42,135.76,64.64
95.49,135.74,64.68
95.53,135.73,64.69
95.54,135.72,64.70
95.80,135.63,64.80
95.74,135.65,64.78
95.75,135.65,64.78
95.69,135.67,64.76
95.64,135.69,64.74
95.64,135.69,64.74
95.75,135.65,64.78
95.76,135.65,64.79
95.81,135.63,64.81
95.70,135.67,64.76
95.65,135.69,64.74
95.56,135.72,64.71
95.52,135.73,64.69
95.59,135.71,64.72
95.71,135.67,64.77
95.78,135.64,64.79
95.69,135.67,64.76
95.67,135.68,64.75
95.74,135.66,64.78
95.65,135.69,64.74
95.61,135.70,64.72
95.52,135.73,64.69
95.55,135.72,64.70
95.53,135.73,64.69
95.62,135.69,64.73
95.53,135.73,64.69
95.85,135.61,64.82
95.84,135.62,64.82
95.89,135.60,64.83
95.96,135.57,64.86
95.95,135.58,64.85
95.81,135.63,64.81
95.79,135.64,64.80
95.45,135.75,64.66
95.48,135.74,64.67
95.51,135.73,64.69
95.50,135.74,64.68
95.56,135.72,64.70
95.57,135.71,64.71
95.60,135.70,64.72
95.68,135.68,64.75
95.73,135.66,64.78
95.62,135.70,64.73
95.57,135.71,64.71
95.65,135.68,64.74
95.73,135.66,64.78
95.73,135.66,64.77
95.82,135.63,64.81
95.73,135.66,64.78
95.81,135.63,64.81
95.55,135.72,64.70
95.54,135.72,64.70
95.53,135.72,64.69
95.60,135.70,64.72
95.66,135.68,64.75
95.78,135.64,64.80
95.71,135.66,64.77
95.63,135.69,64.73
95.68,135.67,64.76
95.74,135.65,64.78
95.97,135.57,64.86
95.90,135.60,64.83
95.84,135.62,64.82
95.86,135.61,64.82
95.83,135.62,64.81
96.23,135.46,64.92
96.18,135.49,64.91
96.24,135.46,64.93
96.25,135.45,64.93
96.21,135.47,64.92
96.27,135.45,64.93
96.31,135.43,64.94
96.37,135.40,64.95
96.36,135.41,64.95
96.42,135.38,64.96
96.36,135.41,64.95
96.35,135.41,64.95
96.41,135.38,64.96
96.35,135.41,64.95
96.29,135.44,64.94
96.22,135.47,64.92
96.25,135.46,64.93
96.17,135.49,64.91
96.20,135.48,64.92
96.15,135.50,64.91
96.08,135.53,64.89
96.10,135.52,64.89
96.23,135.46,64.92
96.26,135.45,64.93
96.31,135.43,64.94
96.12,135.51,64.90
96.07,135.53,64.88
95.96,135.57,64.86
95.92,135.59,64.84
95.88,135.61,64.83
96.02,135.55,64.87
95.99,135.56,64.86
96.11,135.51,64.90
96.09,135.52,64.89
96.09,135.52,64.89
96.07,135.53,64.89
96.00,135.56,64.86
95.89,135.60,64.83
95.90,135.60,64.83
95.91,135.59,64.84
96.01,135.55,64.87
95.90,135.59,64.84
96.03,135.55,64.88
96.11,135.51,64.90
96.11,135.51,64.89
96.18,135.48,64.91
96.26,135.45,64.93
96.10,135.52,64.89
96.04,135.54,64.88
96.12,135.51,64.90
96.20,135.48,64.92
96.30,135.43,64.94
96.31,135.43,64.94
96.39,135.39,64.95
96.28,135.44,64.93
96.35,135.41,64.95
96.06,135.53,64.88
96.02,135.55,64.87
95.94,135.58,64.85
96.05,135.54,64.88
96.14,135.50,64.90
96.25,135.45,64.93
96.16,135.49,64.91
96.19,135.48,64.92
95.87,135.61,64.83
95.87,135.61,64.83
95.86,135.61,64.83
95.93,135.59,64.85
95.98,135.57,64.86
95.97,135.57,64.86
95.98,135.57,64.86
95.92,135.59,64.84
96.50,135.34,64.97
96.47,135.35,64.96
96.55,135.32,64.98
96.61,135.29,64.98
96.59,135.30,64.98
96.67,135.26,64.99
96.64,135.28,64.99
96.71,135.24,64.99
96.66,135.27,64.99
96.32,135.42,64.94
96.38,135.40,64.95
96.48,135.35,64.97
96.55,135.32,64.98
96.43,135.37,64.96
96.65,135.27,64.99
96.58,135.31,64.98
96.49,135.35,64.97
96.49,135.35,64.97
96.50,135.34,64.97
96.79,135.20,65.00
96.71,135.24,64.99
96.69,135.25,64.99
96.59,135.30,64.98
96.51,135.34,64.97
96.67,135.26,64.99
96.72,135.24,64.99
96.30,135.43,64.94
96.41,135.39,64.96
96.50,135.34,64.97
96.48,135.35,64.97
96.58,135.30,64.98
96.53,135.33,64.97
96.63,135.28,64.98
96.40,135.39,64.95
96.37,135.40,64.95
96.40,135.39,64.96
96.51,135.34,64.97
96.33,135.42,64.94
96.69,135.25,64.99
96.60,135.30,64.98
96.47,135.36,64.96
96.46,135.36,64.96
96.49,135.35,64.97
96.62,135.29,64.98
96.57,135.31,64.98
96.52,135.33,64.97
96.63,135.28,64.99
96.72,135.24,64.99
97.13,135.03,65.02
97.08,135.06,65.02
97.15,135.02,65.02
97.17,135.01,65.02
97.10,135.05,65.02
97.18,135.01,65.02
97.22,134.98,65.02
97.30,134.94,65.02
97.28,134.95,65.02
97.35,134.92,65.02
97.28,134.96,65.02
97.26,134.96,65.02
97.32,134.93,65.02
97.25,134.97,65.02
97.20,135.00,65.02
97.13,135.03,65.02
97.15,135.02,65.02
97.05,135.07,65.01
97.09,135.05,65.02
97.02,135.09,65.01
96.93,135.13,65.01
96.96,135.12,65.01
97.11,135.04,65.02
97.14,135.03,65.02
97.20,134.99,65.02
97.01,135.09,65.01
96.94,135.13,65.01
96.82,135.19,65.00
96.76,135.22,65.00
96.70,135.24,64.99
96.88,135.16,65.01
96.81,135.19,65.00
97.03,135.08,65.01
97.01,135.09,65.01
96.99,135.10,65.01
96.97,135.11,65.01
96.92,135.14,65.01
96.82,135.19,65.00
96.83,135.18,65.00
96.78,135.21,65.00
96.90,135.15,65.01
96.81,135.19,65.00
96.82,135.19,65.00
96.91,135.14,65.01
96.92,135.14,65.01
97.03,135.08,65.01
97.12,135.04,65.02
96.94,135.13,65.01
96.85,135.17,65.00
96.94,135.13,65.01
97.04,135.08,65.01
97.16,135.02,65.02
97.18,135.00,65.02
97.29,134.95,65.02
97.14,135.02,65.02
97.25,134.97,65.02
96.87,135.16,65.01
96.86,135.17,65.01
96.84,135.18,65.00
96.92,135.14,65.01
97.00,135.10,65.01
97.12,135.03,65.02
97.00,135.10,65.01
97.06,135.07,65.02
96.68,135.26,64.99
96.66,135.27,64.99
96.64,135.28,64.99
96.72,135.24,64.99
96.80,135.20,65.00
96.74,135.23,64.99
96.77,135.21,65.00
96.70,135.25,64.99
97.44,134.87,65.02
97.41,134.88,65.02
97.49,134.84,65.02
97.56,134.81,65.02
97.54,134.82,65.02
97.62,134.78,65.02
97.58,134.80,65.02
97.66,134.75,65.02
97.60,134.79,65.02
97.24,134.97,65.02
97.30,134.94,65.02
97.42,134.88,65.02
97.47,134.85,65.02
97.36,134.91,65.02
97.59,134.79,65.02
97.51,134.83,65.02
97.42,134.88,65.02
97.40,134.89,65.02
97.43,134.88,65.02
97.72,134.72,65.02
97.63,134.77,65.02
97.62,134.77,65.02
97.52,134.83,65.02
97.42,134.88,65.02
97.61,134.78,65.02
97.69,134.74,65.02
97.22,134.99,65.02
97.34,134.92,65.02
97.43,134.87,65.02
97.41,134.89,65.02
97.52,134.82,65.02
97.46,134.86,65.02
97.57,134.80,65.02
97.29,134.95,65.02
97.26,134.96,65.02
97.34,134.92,65.02
97.44,134.87,65.02
97.24,134.97,65.02
97.61,134.78,65.02
97.51,134.83,65.02
97.38,134.90,65.02
97.35,134.92,65.02
97.39,134.89,65.02
97.56,134.80,65.02
97.49,134.84,65.02
97.42,134.88,65.02
97.55,134.81,65.02
97.68,134.74,65.02
98.06,134.54,65.02
98.01,134.57,65.02
98.07,134.53,65.02
98.08,134.53,65.02
98.03,134.55,65.02
98.09,134.52,65.02
98.13,134.50,65.02
98.19,134.47,65.02
98.18,134.47,65.02
98.23,134.45,65.01
98.17,134.48,65.02
98.16,134.49,65.02
98.21,134.46,65.02
98.15,134.49,65.02
98.11,134.51,65.02
98.05,134.54,65.02
98.06,134.54,65.02
97.99,134.58,65.02
98.01,134.57,65.02
97.95,134.60,65.02
97.87,134.64,65.02
97.89,134.63,65.02
98.03,134.56,65.02
98.04,134.55,65.02
98.10,134.52,65.02
97.93,134.61,65.02
97.87,134.64,65.02
97.76,134.70,65.02
97.71,134.73,65.02
97.65,134.76,65.02
97.82,134.67,65.02
97.76,134.70,65.02
97.95,134.60,65.02
97.94,134.60,65.02
97.93,134.61,65.02
97.91,134.62,65.02
97.85,134.65,65.02
97.76,134.70,65.02
97.77,134.69,65.02
97.73,134.72,65.02
97.84,134.66,65.02
97.75,134.70,65.02
97.76,134.70,65.02
97.83,134.66,65.02
97.85,134.65,65.02
97.95,134.60,65.02
98.03,134.56,65.02
97.87,134.64,65.02
97.80,134.68,65.02
97.86,134.65,65.02
97.95,134.60,65.02
98.07,134.54,65.02
98.08,134.53,65.02
98.18,134.48,65.02
98.05,134.55,65.02
98.14,134.50,65.02
97.81,134.68,65.02
97.79,134.69,65.02
97.78,134.69,65.02
97.86,134.65,65.02
97.94,134.61,65.02
98.04,134.55,65.02
97.92,134.62,65.02
97.98,134.58,65.02
97.63,134.77,65.02
97.60,134.78,65.02
97.58,134.79,65.02
97.67,134.75,65.02
97.74,134.71,65.02
97.70,134.73,65.02
97.72,134.72,65.02
97.64,134.76,65.02
98.30,134.41,65.01
98.28,134.42,65.01
98.33,134.39,65.01
98.37,134.37,65.01
98.36,134.38,65.01
98.41,134.35,65.01
98.39,134.36,65.01
98.44,134.34,65.01
98.40,134.36,65.01
98.13,134.50,65.02
98.18,134.47,65.02
98.27,134.43,65.01
98.31,134.41,65.01
98.23,134.45,65.01
98.39,134.36,65.01
98.34,134.39,65.01
98.27,134.43,65.01
98.26,134.43,65.01
98.29,134.42,65.01
98.47,134.32,65.01
98.41,134.35,65.01
98.40,134.36,65.01
98.33,134.39,65.01
98.27,134.43,65.01
98.40,134.36,65.01
98.46,134.33,65.01
98.12,134.51,65.02
98.21,134.46,65.02
98.28,134.42,65.01
98.27,134.43,65.01
98.36,134.38,65.01
98.29,134.42,65.01
98.38,134.37,65.01
98.18,134.48,65.02
98.16,134.49,65.02
98.21,134.46,65.02
98.29,134.42,65.01
98.14,134.50,65.02
98.38,134.37,65.01
98.32,134.40,65.01
98.23,134.45,65.01
98.21,134.46,65.02
98.25,134.44,65.01
98.38,134.37,65.01
98.32,134.40,65.01
98.27,134.43,65.01
98.35,134.38,65.01
98.44,134.33,65.01
98.63,134.23,65.01
98.61,134.24,65.01
98.63,134.24,65.01
98.63,134.24,65.01
98.61,134.25,65.01
98.62,134.24,65.01
98.64,134.23,65.00
98.66,134.22,65.00
98.66,134.22,65.00
98.67,134.21,65.00
98.66,134.22,65.00
98.65,134.22,65.00
98.66,134.22,65.00
98.64,134.23,65.00
98.64,134.23,65.00
98.62,134.24,65.01
98.61,134.24,65.01
98.59,134.26,65.01
98.59,134.25,65.01
98.57,134.27,65.01
98.54,134.28,65.01
98.55,134.28,65.01
98.60,134.25,65.01
98.60,134.25,65.01
98.62,134.24,65.01
98.55,134.27,65.01
98.53,134.29,65.01
98.48,134.31,65.01
98.45,134.33,65.01
98.43,134.34,65.01
98.51,134.30,65.01
98.49,134.31,65.01
98.57,134.27,65.01
98.57,134.27,65.01
98.57,134.27,65.01
98.57,134.26,65.01
98.53,134.29,65.01
98.49,134.31,65.01
98.49,134.31,65.01
98.46,134.32,65.01
98.52,134.29,65.01
98.48,134.31,65.01
98.49,134.31,65.01
98.51,134.30,65.01
98.53,134.29,65.01
98.56,134.27,65.01
98.59,134.26,65.01
98.54,134.28,65.01
98.51,134.30,65.01
98.52,134.29,65.01
98.56,134.27,65.01
98.60,134.25,65.01
98.61,134.24,65.01
98.65,134.22,65.00
98.59,134.25,65.01
98.63,134.23,65.00
98.51,134.30,65.01
98.50,134.30,65.01
98.50,134.30,65.01
98.54,134.28,65.01
98.58,134.26,65.01
98.60,134.25,65.01
98.55,134.27,65.01
98.59,134.26,65.01
98.42,134.35,65.01
98.40,134.36,65.01
98.39,134.36,65.01
98.45,134.33,65.01
98.48,134.31,65.01
98.45,134.33,65.01
98.47,134.32,65.01
98.42,134.35,65.01
98.68,134.21,65.00
98.66,134.22,65.00
98.64,134.23,65.00
98.62,134.24,65.01
98.66,134.22,65.00
98.66,134.22,65.00
98.68,134.21,65.00
98.67,134.21,65.00
98.67,134.21,65.00
98.67,134.21,65.00
98.67,134.21,65.00
98.66,134.22,65.00
98.63,134.23,65.01
98.64,134.23,65.00
98.64,134.23,65.00
98.65,134.22,65.00
98.67,134.21,65.00
98.65,134.22,65.00
98.66,134.22,65.00
98.65,134.22,65.00
102.09,131.61,65.00
102.09,131.61,65.00
102.09,131.61,65.00
102.09,131.61,65.00
102.09,131.61,65.00
102.09,131.61,65.00
102.09,131.61,65.00
102.09,131.61,65.00
102.09,131.61,65.00
102.09,131.61,65.00
102.09,131.61,65.00
102.09,131.61,65.00
102.09,131.61,65.00
102.09,131.61,65.00
102.09,131.61,65.00
102.09,131.61,65.00
102.09,131.61,65.00
102.09,131.61,65.00
102.09,131.61,65.00
102.09,131.61,65.00
102.09,131.61,65.00
102.09,131.61,65.00
102.09,131.61,65.00
102.09,131.61,65.00
102.09,131.61,65.00
102.09,131.61,65.00
102.09,131.61,65.00
102.09,131.61,65.00
102.09,131.61,65.00
102.09,131.61,65.00
102.09,131.61,65.00
102.09,131.61,65.00
102.09,131.61,65.00
102.09,131.61,65.00
102.09,131.61,65.00
102.09,131.61,65.00
102.09,131.61,65.00
102.09,131.61,65.00
102.09,131.61,65.00
102.09,131.61,65.00
102.09,131.61,65.00
102.09,131.61,65.00
102.09,131.61,65.00
102.09,131.61,65.00
102.09,131.61,65.00
102.09,131.61,65.00
102.09,131.61,65.00
102.09,131.61,65.00
