0.00,1.00,2.00
2.00,3.00,0.00
4.00,1.00,0.00
5.00,1.00,4.00
6.00,0.00,3.00
4.00,0.00,6.00
7.00,5.00,4.00
8.00,5.00,7.00
9.00,4.00,6.00
7.00,4.00,9.00
7.00,10.00,8.00
9.00,10.00,7.00
11.00,12.00,13.00
11.00,14.00,15.00
13.00,14.00,11.00
15.00,2.00,1.00
15.00,14.00,2.00
14.00,16.00,2.00
16.00,3.00,2.00
17.00,3.00,16.00
18.00,12.00,11.00
19.00,12.00,18.00
15.00,20.00,11.00
20.00,18.00,11.00
1.00,5.00,20.00
15.00,1.00,20.00
3.00,17.00,6.00
17.00,21.00,6.00
22.00,19.00,18.00
23.00,19.00,22.00
20.00,24.00,18.00
24.00,22.00,18.00
5.00,8.00,24.00
20.00,5.00,24.00
6.00,21.00,9.00
21.00,25.00,9.00
26.00,23.00,22.00
27.00,23.00,26.00
24.00,28.00,22.00
28.00,26.00,22.00
8.00,10.00,29.00
8.00,29.00,24.00
24.00,29.00,28.00
10.00,30.00,29.00
10.00,9.00,30.00
9.00,25.00,30.00
31.00,27.00,26.00
32.00,27.00,31.00
28.00,33.00,26.00
33.00,31.00,26.00
34.00,29.00,35.00
34.00,33.00,29.00
33.00,28.00,29.00
30.00,35.00,29.00
36.00,32.00,31.00
37.00,32.00,36.00
38.00,33.00,39.00
38.00,36.00,33.00
36.00,31.00,33.00
34.00,39.00,33.00
36.00,40.00,37.00
38.00,40.00,36.00
13.00,41.00,42.00
12.00,41.00,13.00
14.00,13.00,43.00
13.00,42.00,43.00
16.00,14.00,44.00
14.00,43.00,44.00
44.00,17.00,16.00
45.00,17.00,44.00
12.00,19.00,41.00
41.00,19.00,46.00
17.00,45.00,21.00
45.00,47.00,21.00
19.00,23.00,46.00
46.00,23.00,48.00
21.00,47.00,25.00
47.00,49.00,25.00
50.00,51.00,52.00
50.00,52.00,48.00
50.00,48.00,27.00
27.00,48.00,23.00
25.00,49.00,30.00
49.00,53.00,30.00
54.00,51.00,50.00
55.00,51.00,54.00
27.00,32.00,54.00
50.00,27.00,54.00
35.00,56.00,34.00
35.00,57.00,56.00
35.00,30.00,57.00
30.00,53.00,57.00
54.00,58.00,55.00
58.00,54.00,32.00
58.00,32.00,59.00
59.00,32.00,37.00
39.00,60.00,61.00
38.00,39.00,61.00
56.00,39.00,34.00
56.00,62.00,39.00
62.00,60.00,39.00
57.00,62.00,56.00
37.00,63.00,59.00
40.00,63.00,37.00
61.00,40.00,38.00
63.00,40.00,61.00
42.00,64.00,65.00
41.00,64.00,42.00
66.00,65.00,67.00
66.00,43.00,65.00
43.00,42.00,65.00
43.00,68.00,44.00
66.00,68.00,43.00
44.00,68.00,45.00
41.00,46.00,64.00
64.00,46.00,69.00
66.00,67.00,70.00
68.00,66.00,70.00
71.00,68.00,70.00
71.00,45.00,68.00
71.00,72.00,45.00
72.00,47.00,45.00
73.00,74.00,75.00
73.00,75.00,69.00
73.00,69.00,48.00
48.00,69.00,46.00
47.00,72.00,49.00
72.00,76.00,49.00
52.00,74.00,73.00
52.00,51.00,74.00
51.00,77.00,74.00
48.00,52.00,73.00
49.00,76.00,53.00
76.00,78.00,53.00
51.00,55.00,77.00
77.00,55.00,79.00
53.00,78.00,57.00
78.00,80.00,57.00
81.00,55.00,58.00
81.00,82.00,55.00
82.00,79.00,55.00
58.00,59.00,81.00
60.00,83.00,61.00
60.00,62.00,84.00
83.00,60.00,84.00
62.00,85.00,84.00
62.00,57.00,85.00
57.00,80.00,85.00
81.00,86.00,82.00
59.00,86.00,81.00
59.00,63.00,86.00
63.00,87.00,86.00
83.00,63.00,61.00
83.00,88.00,63.00
88.00,87.00,63.00
84.00,88.00,83.00
89.00,88.00,84.00
85.00,89.00,84.00
65.00,64.00,90.00
65.00,90.00,67.00
90.00,91.00,92.00
90.00,64.00,91.00
64.00,69.00,91.00
67.00,90.00,92.00
67.00,92.00,70.00
70.00,92.00,93.00
71.00,70.00,94.00
70.00,93.00,94.00
94.00,72.00,71.00
95.00,72.00,94.00
96.00,97.00,98.00
96.00,75.00,74.00
96.00,98.00,75.00
98.00,99.00,75.00
91.00,69.00,75.00
99.00,91.00,75.00
72.00,95.00,76.00
95.00,100.00,76.00
101.00,97.00,96.00
102.00,97.00,101.00
74.00,77.00,101.00
96.00,74.00,101.00
76.00,100.00,78.00
100.00,103.00,78.00
104.00,102.00,101.00
105.00,102.00,104.00
77.00,79.00,104.00
101.00,77.00,104.00
78.00,103.00,80.00
103.00,106.00,80.00
107.00,105.00,104.00
108.00,105.00,107.00
79.00,82.00,107.00
104.00,79.00,107.00
80.00,106.00,85.00
106.00,109.00,85.00
107.00,110.00,108.00
82.00,110.00,107.00
82.00,86.00,110.00
86.00,111.00,110.00
112.00,113.00,111.00
112.00,111.00,87.00
87.00,111.00,86.00
114.00,112.00,87.00
114.00,87.00,115.00
115.00,87.00,88.00
89.00,116.00,88.00
88.00,116.00,115.00
109.00,89.00,85.00
116.00,89.00,109.00
112.00,117.00,113.00
114.00,117.00,112.00
92.00,118.00,119.00
91.00,118.00,92.00
93.00,92.00,120.00
92.00,119.00,120.00
121.00,120.00,122.00
121.00,94.00,120.00
94.00,93.00,120.00
94.00,121.00,95.00
98.00,123.00,124.00
97.00,123.00,98.00
99.00,98.00,125.00
98.00,124.00,125.00
118.00,91.00,99.00
125.00,118.00,99.00
121.00,122.00,126.00
126.00,95.00,121.00
126.00,127.00,95.00
127.00,100.00,95.00
97.00,102.00,123.00
123.00,102.00,128.00
100.00,127.00,103.00
127.00,129.00,103.00
102.00,105.00,128.00
128.00,105.00,130.00
103.00,129.00,106.00
129.00,131.00,106.00
105.00,108.00,130.00
130.00,108.00,132.00
106.00,131.00,109.00
131.00,133.00,109.00
108.00,134.00,132.00
110.00,134.00,108.00
135.00,136.00,134.00
135.00,134.00,111.00
111.00,134.00,110.00
111.00,113.00,135.00
115.00,137.00,114.00
138.00,137.00,115.00
138.00,115.00,139.00
139.00,115.00,116.00
133.00,116.00,109.00
139.00,116.00,133.00
135.00,140.00,136.00
113.00,140.00,135.00
113.00,117.00,140.00
117.00,141.00,140.00
137.00,117.00,114.00
137.00,142.00,117.00
142.00,141.00,117.00
138.00,142.00,137.00
119.00,118.00,143.00
119.00,144.00,120.00
143.00,144.00,119.00
120.00,144.00,122.00
124.00,145.00,146.00
123.00,145.00,124.00
125.00,124.00,147.00
124.00,146.00,147.00
143.00,118.00,125.00
143.00,125.00,148.00
148.00,125.00,147.00
144.00,143.00,148.00
149.00,144.00,148.00
122.00,144.00,149.00
122.00,149.00,126.00
126.00,149.00,150.00
150.00,127.00,126.00
151.00,127.00,150.00
123.00,128.00,145.00
145.00,128.00,152.00
127.00,151.00,129.00
151.00,153.00,129.00
128.00,130.00,152.00
152.00,130.00,154.00
129.00,153.00,131.00
153.00,155.00,131.00
130.00,132.00,154.00
154.00,132.00,156.00
131.00,155.00,133.00
155.00,157.00,133.00
158.00,132.00,134.00
158.00,159.00,132.00
159.00,156.00,132.00
134.00,136.00,158.00
139.00,160.00,161.00
138.00,139.00,161.00
157.00,139.00,133.00
160.00,139.00,157.00
158.00,162.00,159.00
136.00,162.00,158.00
136.00,140.00,162.00
140.00,163.00,162.00
164.00,165.00,163.00
164.00,163.00,141.00
141.00,163.00,140.00
166.00,164.00,141.00
166.00,141.00,167.00
167.00,141.00,142.00
161.00,142.00,138.00
167.00,142.00,161.00
164.00,168.00,165.00
166.00,168.00,164.00
146.00,169.00,170.00
145.00,169.00,146.00
147.00,146.00,171.00
146.00,170.00,171.00
148.00,147.00,172.00
147.00,171.00,172.00
149.00,148.00,173.00
148.00,172.00,173.00
150.00,149.00,174.00
149.00,173.00,174.00
174.00,151.00,150.00
175.00,151.00,174.00
145.00,152.00,169.00
169.00,152.00,176.00
151.00,175.00,153.00
175.00,177.00,153.00
152.00,154.00,176.00
176.00,154.00,178.00
153.00,177.00,155.00
177.00,179.00,155.00
154.00,156.00,178.00
178.00,156.00,180.00
155.00,179.00,157.00
179.00,181.00,157.00
156.00,159.00,180.00
180.00,159.00,182.00
160.00,183.00,184.00
161.00,160.00,184.00
181.00,160.00,157.00
183.00,160.00,181.00
159.00,185.00,182.00
162.00,185.00,159.00
186.00,187.00,185.00
186.00,185.00,163.00
163.00,185.00,162.00
163.00,165.00,186.00
167.00,188.00,189.00
166.00,167.00,189.00
184.00,167.00,161.00
188.00,167.00,184.00
186.00,190.00,187.00
165.00,190.00,186.00
165.00,168.00,190.00
168.00,191.00,190.00
189.00,168.00,166.00
191.00,168.00,189.00
170.00,192.00,193.00
169.00,192.00,170.00
171.00,170.00,194.00
170.00,193.00,194.00
172.00,171.00,195.00
171.00,194.00,195.00
173.00,172.00,196.00
172.00,195.00,196.00
174.00,173.00,197.00
173.00,196.00,197.00
197.00,175.00,174.00
198.00,175.00,197.00
169.00,176.00,192.00
192.00,176.00,199.00
175.00,198.00,177.00
198.00,200.00,177.00
176.00,178.00,199.00
199.00,178.00,201.00
177.00,200.00,179.00
200.00,202.00,179.00
178.00,180.00,201.00
201.00,180.00,203.00
179.00,202.00,181.00
202.00,204.00,181.00
180.00,182.00,203.00
203.00,182.00,205.00
183.00,206.00,207.00
184.00,183.00,207.00
204.00,183.00,181.00
206.00,183.00,204.00
182.00,208.00,205.00
185.00,208.00,182.00
208.00,185.00,187.00
209.00,208.00,187.00
188.00,210.00,211.00
189.00,188.00,211.00
207.00,188.00,184.00
210.00,188.00,207.00
187.00,212.00,209.00
190.00,212.00,187.00
191.00,213.00,190.00
190.00,213.00,212.00
211.00,191.00,189.00
213.00,191.00,211.00
193.00,192.00,214.00
215.00,193.00,214.00
215.00,216.00,193.00
216.00,194.00,193.00
195.00,194.00,217.00
194.00,216.00,217.00
218.00,217.00,219.00
218.00,196.00,217.00
196.00,195.00,217.00
220.00,196.00,218.00
220.00,221.00,196.00
221.00,197.00,196.00
221.00,198.00,197.00
222.00,198.00,221.00
214.00,223.00,224.00
214.00,192.00,223.00
192.00,199.00,223.00
215.00,214.00,224.00
218.00,219.00,225.00
220.00,218.00,225.00
198.00,222.00,200.00
222.00,226.00,200.00
199.00,201.00,223.00
223.00,201.00,227.00
200.00,226.00,202.00
226.00,228.00,202.00
201.00,203.00,227.00
227.00,203.00,229.00
202.00,228.00,204.00
228.00,230.00,204.00
203.00,205.00,229.00
229.00,205.00,231.00
206.00,232.00,233.00
207.00,206.00,233.00
230.00,206.00,204.00
232.00,206.00,230.00
205.00,234.00,231.00
208.00,234.00,205.00
234.00,208.00,209.00
235.00,234.00,209.00
210.00,236.00,211.00
210.00,237.00,236.00
210.00,207.00,237.00
207.00,233.00,237.00
209.00,238.00,235.00
212.00,238.00,209.00
213.00,239.00,212.00
212.00,239.00,238.00
236.00,213.00,211.00
236.00,240.00,213.00
240.00,239.00,213.00
237.00,240.00,236.00
216.00,241.00,242.00
215.00,241.00,216.00
243.00,242.00,244.00
243.00,217.00,242.00
217.00,216.00,242.00
217.00,243.00,219.00
221.00,245.00,246.00
220.00,245.00,221.00
246.00,222.00,221.00
247.00,222.00,246.00
224.00,223.00,248.00
224.00,248.00,249.00
224.00,249.00,215.00
215.00,249.00,241.00
243.00,244.00,250.00
219.00,243.00,250.00
219.00,250.00,225.00
225.00,250.00,251.00
245.00,220.00,225.00
251.00,245.00,225.00
222.00,247.00,226.00
247.00,252.00,226.00
248.00,253.00,254.00
248.00,223.00,253.00
223.00,227.00,253.00
249.00,248.00,254.00
226.00,252.00,228.00
252.00,255.00,228.00
227.00,229.00,253.00
253.00,229.00,256.00
228.00,255.00,230.00
255.00,257.00,230.00
229.00,231.00,256.00
256.00,231.00,258.00
232.00,259.00,233.00
232.00,260.00,259.00
232.00,230.00,260.00
230.00,257.00,260.00
231.00,261.00,258.00
234.00,261.00,231.00
235.00,262.00,263.00
235.00,263.00,234.00
234.00,263.00,261.00
263.00,262.00,264.00
259.00,265.00,266.00
259.00,266.00,233.00
233.00,266.00,237.00
260.00,265.00,259.00
235.00,238.00,262.00
262.00,267.00,264.00
262.00,238.00,267.00
238.00,239.00,267.00
240.00,268.00,239.00
239.00,268.00,267.00
266.00,240.00,237.00
268.00,240.00,266.00
242.00,269.00,270.00
241.00,269.00,242.00
270.00,244.00,242.00
271.00,244.00,270.00
246.00,272.00,273.00
245.00,272.00,246.00
273.00,247.00,246.00
274.00,247.00,273.00
241.00,249.00,269.00
269.00,249.00,275.00
244.00,271.00,276.00
250.00,244.00,276.00
251.00,250.00,277.00
250.00,276.00,277.00
272.00,245.00,251.00
277.00,272.00,251.00
247.00,274.00,252.00
274.00,278.00,252.00
254.00,279.00,280.00
253.00,279.00,254.00
275.00,249.00,254.00
280.00,275.00,254.00
252.00,278.00,255.00
278.00,281.00,255.00
253.00,256.00,279.00
279.00,256.00,282.00
255.00,281.00,257.00
281.00,283.00,257.00
256.00,258.00,282.00
282.00,258.00,284.00
257.00,283.00,260.00
283.00,285.00,260.00
286.00,258.00,261.00
286.00,287.00,258.00
287.00,284.00,258.00
261.00,263.00,288.00
286.00,261.00,288.00
263.00,264.00,288.00
265.00,289.00,290.00
266.00,265.00,290.00
285.00,265.00,260.00
289.00,265.00,285.00
286.00,291.00,287.00
288.00,291.00,286.00
292.00,291.00,288.00
264.00,292.00,288.00
264.00,267.00,292.00
267.00,293.00,292.00
268.00,294.00,267.00
267.00,294.00,293.00
290.00,268.00,266.00
294.00,268.00,290.00
270.00,269.00,295.00
270.00,295.00,271.00
273.00,296.00,297.00
272.00,296.00,273.00
297.00,274.00,273.00
298.00,274.00,297.00
295.00,299.00,300.00
295.00,269.00,299.00
269.00,275.00,299.00
271.00,295.00,300.00
271.00,300.00,276.00
276.00,300.00,301.00
277.00,276.00,302.00
276.00,301.00,302.00
296.00,272.00,277.00
302.00,296.00,277.00
274.00,298.00,278.00
298.00,303.00,278.00
280.00,304.00,305.00
279.00,304.00,280.00
299.00,275.00,280.00
305.00,299.00,280.00
278.00,303.00,281.00
303.00,306.00,281.00
279.00,282.00,304.00
304.00,282.00,307.00
281.00,306.00,283.00
306.00,308.00,283.00
282.00,284.00,307.00
307.00,284.00,309.00
283.00,308.00,285.00
308.00,310.00,285.00
284.00,287.00,309.00
309.00,287.00,311.00
289.00,312.00,313.00
290.00,289.00,313.00
310.00,289.00,285.00
312.00,289.00,310.00
287.00,314.00,311.00
291.00,314.00,287.00
315.00,316.00,314.00
315.00,314.00,292.00
292.00,314.00,291.00
292.00,293.00,317.00
315.00,292.00,317.00
293.00,294.00,318.00
317.00,293.00,318.00
294.00,319.00,318.00
294.00,290.00,319.00
290.00,313.00,319.00
320.00,316.00,315.00
321.00,316.00,320.00
317.00,322.00,315.00
322.00,320.00,315.00
323.00,318.00,324.00
323.00,322.00,318.00
322.00,317.00,318.00
319.00,324.00,318.00
320.00,325.00,321.00
322.00,325.00,320.00
326.00,325.00,322.00
323.00,326.00,322.00
297.00,327.00,328.00
296.00,327.00,297.00
328.00,298.00,297.00
329.00,298.00,328.00
300.00,299.00,330.00
331.00,300.00,330.00
331.00,332.00,300.00
332.00,301.00,300.00
302.00,301.00,333.00
301.00,332.00,333.00
327.00,296.00,302.00
333.00,327.00,302.00
298.00,329.00,303.00
329.00,334.00,303.00
305.00,335.00,336.00
304.00,335.00,305.00
330.00,299.00,305.00
330.00,305.00,337.00
337.00,305.00,336.00
331.00,330.00,337.00
303.00,334.00,306.00
334.00,338.00,306.00
304.00,307.00,335.00
335.00,307.00,339.00
306.00,338.00,308.00
338.00,340.00,308.00
307.00,309.00,339.00
339.00,309.00,341.00
308.00,340.00,310.00
340.00,342.00,310.00
309.00,311.00,341.00
341.00,311.00,343.00
312.00,344.00,345.00
313.00,312.00,345.00
342.00,312.00,310.00
344.00,312.00,342.00
346.00,311.00,314.00
346.00,347.00,311.00
347.00,343.00,311.00
314.00,316.00,346.00
313.00,345.00,319.00
345.00,348.00,319.00
346.00,349.00,347.00
349.00,346.00,316.00
349.00,316.00,350.00
350.00,316.00,321.00
324.00,351.00,323.00
324.00,352.00,351.00
324.00,319.00,352.00
319.00,348.00,352.00
321.00,353.00,350.00
325.00,353.00,321.00
326.00,354.00,325.00
325.00,354.00,353.00
351.00,326.00,323.00
351.00,355.00,326.00
355.00,354.00,326.00
352.00,355.00,351.00
328.00,327.00,356.00
328.00,356.00,329.00
332.00,331.00,357.00
332.00,358.00,333.00
357.00,358.00,332.00
333.00,358.00,359.00
327.00,333.00,359.00
327.00,359.00,360.00
327.00,360.00,356.00
360.00,329.00,356.00
360.00,361.00,329.00
361.00,334.00,329.00
336.00,335.00,362.00
363.00,336.00,362.00
363.00,364.00,336.00
364.00,337.00,336.00
357.00,331.00,337.00
357.00,337.00,365.00
365.00,337.00,364.00
358.00,357.00,365.00
366.00,358.00,365.00
359.00,358.00,366.00
334.00,361.00,338.00
361.00,367.00,338.00
362.00,368.00,369.00
362.00,335.00,368.00
335.00,339.00,368.00
363.00,362.00,369.00
338.00,367.00,340.00
367.00,370.00,340.00
339.00,341.00,368.00
368.00,341.00,371.00
340.00,370.00,342.00
370.00,372.00,342.00
341.00,343.00,371.00
371.00,343.00,373.00
344.00,374.00,345.00
344.00,375.00,374.00
344.00,342.00,375.00
342.00,372.00,375.00
343.00,347.00,373.00
373.00,347.00,376.00
374.00,377.00,378.00
374.00,378.00,345.00
345.00,378.00,348.00
375.00,377.00,374.00
379.00,347.00,349.00
379.00,380.00,347.00
380.00,376.00,347.00
349.00,350.00,379.00
348.00,378.00,352.00
378.00,381.00,352.00
379.00,382.00,380.00
350.00,382.00,379.00
350.00,353.00,382.00
353.00,383.00,382.00
354.00,384.00,353.00
353.00,384.00,383.00
355.00,385.00,354.00
354.00,385.00,384.00
381.00,355.00,352.00
385.00,355.00,381.00
360.00,386.00,387.00
359.00,386.00,360.00
387.00,361.00,360.00
388.00,361.00,387.00
364.00,389.00,390.00
363.00,389.00,364.00
365.00,364.00,391.00
364.00,390.00,391.00
366.00,365.00,392.00
365.00,391.00,392.00
386.00,359.00,366.00
392.00,386.00,366.00
361.00,388.00,367.00
388.00,393.00,367.00
369.00,394.00,395.00
368.00,394.00,369.00
389.00,363.00,369.00
395.00,389.00,369.00
367.00,393.00,370.00
393.00,396.00,370.00
368.00,371.00,394.00
394.00,371.00,397.00
370.00,396.00,372.00
396.00,398.00,372.00
371.00,373.00,397.00
397.00,373.00,399.00
372.00,398.00,375.00
398.00,400.00,375.00
373.00,376.00,399.00
399.00,376.00,401.00
377.00,402.00,378.00
377.00,403.00,402.00
377.00,375.00,403.00
375.00,400.00,403.00
376.00,380.00,401.00
401.00,380.00,404.00
402.00,405.00,406.00
402.00,406.00,378.00
378.00,406.00,381.00
403.00,405.00,402.00
380.00,407.00,404.00
382.00,407.00,380.00
383.00,408.00,382.00
382.00,408.00,407.00
384.00,409.00,383.00
383.00,409.00,408.00
410.00,411.00,409.00
410.00,409.00,385.00
385.00,409.00,384.00
385.00,412.00,410.00
385.00,381.00,412.00
381.00,406.00,412.00
410.00,413.00,411.00
412.00,413.00,410.00
387.00,414.00,415.00
386.00,414.00,387.00
415.00,388.00,387.00
416.00,388.00,415.00
390.00,417.00,418.00
389.00,417.00,390.00
391.00,390.00,419.00
390.00,418.00,419.00
420.00,419.00,421.00
420.00,392.00,419.00
392.00,391.00,419.00
392.00,420.00,422.00
392.00,422.00,386.00
386.00,422.00,414.00
388.00,416.00,393.00
416.00,423.00,393.00
395.00,424.00,425.00
394.00,424.00,395.00
417.00,389.00,395.00
425.00,417.00,395.00
420.00,421.00,426.00
422.00,420.00,426.00
393.00,423.00,396.00
423.00,427.00,396.00
394.00,397.00,424.00
424.00,397.00,428.00
396.00,427.00,398.00
427.00,429.00,398.00
397.00,399.00,428.00
428.00,399.00,430.00
398.00,429.00,400.00
429.00,431.00,400.00
399.00,401.00,430.00
430.00,401.00,432.00
400.00,431.00,403.00
431.00,433.00,403.00
401.00,404.00,432.00
432.00,404.00,434.00
405.00,435.00,436.00
406.00,405.00,436.00
433.00,405.00,403.00
435.00,405.00,433.00
404.00,437.00,434.00
407.00,437.00,404.00
438.00,439.00,437.00
438.00,437.00,408.00
408.00,437.00,407.00
408.00,409.00,440.00
438.00,408.00,440.00
409.00,411.00,440.00
406.00,436.00,412.00
436.00,441.00,412.00
438.00,442.00,439.00
440.00,442.00,438.00
443.00,442.00,440.00
411.00,443.00,440.00
411.00,413.00,443.00
413.00,444.00,443.00
441.00,413.00,412.00
444.00,413.00,441.00
415.00,414.00,445.00
415.00,445.00,416.00
418.00,446.00,447.00
417.00,446.00,418.00
419.00,418.00,448.00
418.00,447.00,448.00
448.00,421.00,419.00
449.00,421.00,448.00
445.00,450.00,451.00
445.00,414.00,450.00
414.00,422.00,450.00
451.00,416.00,445.00
451.00,452.00,416.00
452.00,423.00,416.00
425.00,453.00,454.00
424.00,453.00,425.00
446.00,417.00,425.00
454.00,446.00,425.00
421.00,449.00,455.00
426.00,421.00,455.00
450.00,422.00,426.00
455.00,450.00,426.00
423.00,452.00,427.00
452.00,456.00,427.00
424.00,428.00,453.00
453.00,428.00,457.00
427.00,456.00,429.00
456.00,458.00,429.00
428.00,430.00,457.00
457.00,430.00,459.00
429.00,458.00,431.00
458.00,460.00,431.00
430.00,432.00,459.00
459.00,432.00,461.00
431.00,460.00,433.00
460.00,462.00,433.00
432.00,434.00,461.00
461.00,434.00,463.00
435.00,464.00,436.00
435.00,465.00,464.00
435.00,433.00,465.00
433.00,462.00,465.00
434.00,466.00,463.00
437.00,466.00,434.00
466.00,437.00,439.00
467.00,466.00,439.00
464.00,468.00,469.00
464.00,469.00,436.00
436.00,469.00,441.00
465.00,468.00,464.00
439.00,470.00,467.00
442.00,470.00,439.00
443.00,471.00,442.00
442.00,471.00,470.00
444.00,472.00,443.00
443.00,472.00,471.00
469.00,444.00,441.00
472.00,444.00,469.00
447.00,446.00,473.00
447.00,474.00,448.00
473.00,474.00,447.00
448.00,474.00,449.00
451.00,475.00,476.00
450.00,475.00,451.00
476.00,452.00,451.00
477.00,452.00,476.00
454.00,453.00,478.00
454.00,478.00,479.00
446.00,454.00,479.00
446.00,479.00,480.00
446.00,480.00,473.00
474.00,473.00,480.00
481.00,474.00,480.00
449.00,474.00,481.00
449.00,481.00,455.00
455.00,481.00,482.00
475.00,450.00,455.00
482.00,475.00,455.00
452.00,477.00,456.00
477.00,483.00,456.00
478.00,457.00,484.00
453.00,457.00,478.00
485.00,479.00,478.00
484.00,485.00,478.00
456.00,483.00,458.00
483.00,486.00,458.00
484.00,487.00,488.00
484.00,457.00,487.00
457.00,459.00,487.00
485.00,484.00,488.00
458.00,486.00,460.00
486.00,489.00,460.00
459.00,461.00,487.00
487.00,461.00,490.00
460.00,489.00,462.00
489.00,491.00,462.00
461.00,463.00,490.00
490.00,463.00,492.00
462.00,491.00,465.00
491.00,493.00,465.00
494.00,463.00,466.00
494.00,495.00,463.00
495.00,492.00,463.00
466.00,467.00,494.00
468.00,496.00,469.00
468.00,497.00,496.00
468.00,465.00,497.00
465.00,493.00,497.00
494.00,498.00,495.00
467.00,498.00,494.00
467.00,470.00,498.00
470.00,499.00,498.00
471.00,500.00,470.00
470.00,500.00,499.00
472.00,501.00,471.00
471.00,501.00,500.00
496.00,472.00,469.00
496.00,502.00,472.00
502.00,501.00,472.00
497.00,502.00,496.00
476.00,475.00,503.00
476.00,503.00,477.00
480.00,504.00,505.00
479.00,504.00,480.00
481.00,480.00,506.00
480.00,505.00,506.00
507.00,506.00,508.00
507.00,482.00,506.00
482.00,481.00,506.00
482.00,507.00,509.00
475.00,482.00,509.00
475.00,509.00,510.00
475.00,510.00,503.00
510.00,477.00,503.00
510.00,511.00,477.00
511.00,483.00,477.00
479.00,485.00,504.00
504.00,485.00,512.00
507.00,508.00,513.00
509.00,507.00,513.00
483.00,511.00,486.00
511.00,514.00,486.00
488.00,515.00,516.00
487.00,515.00,488.00
512.00,485.00,488.00
516.00,512.00,488.00
486.00,514.00,489.00
514.00,517.00,489.00
487.00,490.00,515.00
515.00,490.00,518.00
489.00,517.00,491.00
517.00,519.00,491.00
490.00,492.00,518.00
518.00,492.00,520.00
491.00,519.00,493.00
519.00,521.00,493.00
492.00,495.00,520.00
520.00,495.00,522.00
493.00,521.00,497.00
521.00,523.00,497.00
524.00,495.00,498.00
524.00,525.00,495.00
525.00,522.00,495.00
498.00,499.00,526.00
524.00,498.00,526.00
499.00,500.00,527.00
526.00,499.00,527.00
500.00,501.00,528.00
527.00,500.00,528.00
529.00,528.00,501.00
529.00,501.00,530.00
530.00,501.00,502.00
523.00,502.00,497.00
530.00,502.00,523.00
524.00,531.00,525.00
526.00,531.00,524.00
532.00,531.00,526.00
527.00,532.00,526.00
533.00,532.00,527.00
528.00,533.00,527.00
534.00,533.00,528.00
529.00,534.00,528.00
505.00,504.00,535.00
505.00,536.00,506.00
535.00,536.00,505.00
506.00,536.00,508.00
510.00,509.00,537.00
510.00,537.00,511.00
535.00,538.00,539.00
535.00,504.00,538.00
504.00,512.00,538.00
536.00,535.00,539.00
540.00,536.00,539.00
508.00,536.00,540.00
508.00,540.00,513.00
513.00,540.00,541.00
537.00,509.00,513.00
537.00,513.00,542.00
542.00,513.00,541.00
542.00,511.00,537.00
542.00,543.00,511.00
543.00,514.00,511.00
516.00,544.00,545.00
515.00,544.00,516.00
538.00,512.00,516.00
545.00,538.00,516.00
514.00,543.00,517.00
543.00,546.00,517.00
515.00,518.00,544.00
544.00,518.00,547.00
517.00,546.00,519.00
546.00,548.00,519.00
518.00,520.00,547.00
547.00,520.00,549.00
519.00,548.00,521.00
548.00,550.00,521.00
520.00,522.00,549.00
549.00,522.00,551.00
521.00,550.00,523.00
550.00,552.00,523.00
522.00,525.00,551.00
551.00,525.00,553.00
530.00,554.00,555.00
529.00,530.00,555.00
552.00,530.00,523.00
554.00,530.00,552.00
556.00,525.00,531.00
556.00,557.00,525.00
557.00,553.00,525.00
531.00,532.00,558.00
556.00,531.00,558.00
559.00,558.00,532.00
559.00,532.00,560.00
560.00,532.00,533.00
534.00,561.00,533.00
533.00,561.00,560.00
555.00,534.00,529.00
561.00,534.00,555.00
556.00,562.00,557.00
558.00,562.00,556.00
563.00,562.00,558.00
559.00,563.00,558.00
539.00,564.00,565.00
538.00,564.00,539.00
540.00,539.00,566.00
539.00,565.00,566.00
567.00,566.00,568.00
567.00,541.00,566.00
541.00,540.00,566.00
541.00,569.00,542.00
567.00,569.00,541.00
542.00,569.00,543.00
545.00,570.00,571.00
544.00,570.00,545.00
564.00,538.00,545.00
571.00,564.00,545.00
567.00,568.00,572.00
569.00,567.00,572.00
573.00,569.00,572.00
573.00,543.00,569.00
573.00,574.00,543.00
574.00,546.00,543.00
544.00,547.00,570.00
570.00,547.00,575.00
546.00,574.00,548.00
574.00,576.00,548.00
547.00,549.00,575.00
575.00,549.00,577.00
548.00,576.00,550.00
576.00,578.00,550.00
579.00,580.00,581.00
579.00,581.00,577.00
579.00,577.00,551.00
551.00,577.00,549.00
550.00,578.00,552.00
578.00,582.00,552.00
583.00,580.00,579.00
584.00,580.00,583.00
551.00,553.00,583.00
579.00,551.00,583.00
554.00,585.00,555.00
554.00,586.00,585.00
554.00,552.00,586.00
552.00,582.00,586.00
583.00,587.00,584.00
587.00,583.00,553.00
587.00,553.00,588.00
588.00,553.00,557.00
560.00,589.00,559.00
590.00,589.00,560.00
590.00,560.00,591.00
591.00,560.00,561.00
585.00,561.00,555.00
585.00,592.00,561.00
592.00,591.00,561.00
586.00,592.00,585.00
557.00,593.00,588.00
562.00,593.00,557.00
563.00,594.00,562.00
562.00,594.00,593.00
589.00,563.00,559.00
589.00,595.00,563.00
595.00,594.00,563.00
590.00,595.00,589.00
565.00,596.00,597.00
564.00,596.00,565.00
598.00,597.00,599.00
598.00,566.00,597.00
566.00,565.00,597.00
566.00,598.00,568.00
571.00,600.00,601.00
570.00,600.00,571.00
596.00,564.00,571.00
601.00,596.00,571.00
598.00,599.00,602.00
568.00,598.00,602.00
568.00,602.00,572.00
572.00,602.00,603.00
604.00,603.00,605.00
604.00,573.00,603.00
573.00,572.00,603.00
573.00,604.00,574.00
570.00,575.00,600.00
600.00,575.00,606.00
604.00,605.00,607.00
607.00,574.00,604.00
607.00,608.00,574.00
608.00,576.00,574.00
575.00,577.00,606.00
606.00,577.00,609.00
576.00,608.00,578.00
608.00,610.00,578.00
581.00,611.00,612.00
580.00,611.00,581.00
609.00,577.00,581.00
612.00,609.00,581.00
578.00,610.00,582.00
610.00,613.00,582.00
580.00,584.00,611.00
611.00,584.00,614.00
582.00,613.00,586.00
613.00,615.00,586.00
584.00,616.00,614.00
587.00,616.00,584.00
616.00,587.00,588.00
617.00,616.00,588.00
591.00,618.00,590.00
619.00,618.00,591.00
619.00,591.00,620.00
620.00,591.00,592.00
615.00,592.00,586.00
620.00,592.00,615.00
621.00,588.00,593.00
621.00,622.00,588.00
622.00,617.00,588.00
623.00,621.00,593.00
623.00,593.00,624.00
624.00,593.00,594.00
625.00,626.00,624.00
625.00,624.00,595.00
595.00,624.00,594.00
595.00,627.00,625.00
590.00,627.00,595.00
590.00,628.00,627.00
590.00,618.00,628.00
619.00,628.00,618.00
621.00,629.00,622.00
623.00,629.00,621.00
630.00,626.00,625.00
631.00,626.00,630.00
632.00,625.00,627.00
630.00,625.00,632.00
630.00,633.00,631.00
632.00,633.00,630.00
597.00,596.00,634.00
597.00,634.00,599.00
601.00,600.00,635.00
601.00,635.00,636.00
596.00,601.00,636.00
596.00,636.00,637.00
596.00,637.00,634.00
599.00,634.00,637.00
599.00,637.00,602.00
602.00,637.00,638.00
603.00,602.00,639.00
602.00,638.00,639.00
639.00,605.00,603.00
640.00,605.00,639.00
635.00,641.00,642.00
635.00,600.00,641.00
600.00,606.00,641.00
636.00,635.00,642.00
605.00,640.00,643.00
607.00,605.00,643.00
643.00,608.00,607.00
644.00,608.00,643.00
606.00,609.00,641.00
641.00,609.00,645.00
608.00,644.00,610.00
644.00,646.00,610.00
612.00,647.00,648.00
611.00,647.00,612.00
645.00,609.00,612.00
648.00,645.00,612.00
610.00,646.00,613.00
646.00,649.00,613.00
611.00,614.00,647.00
647.00,614.00,650.00
613.00,649.00,615.00
649.00,651.00,615.00
614.00,652.00,650.00
616.00,652.00,614.00
652.00,616.00,617.00
653.00,652.00,617.00
620.00,654.00,655.00
619.00,620.00,655.00
651.00,620.00,615.00
654.00,620.00,651.00
617.00,622.00,653.00
653.00,622.00,656.00
624.00,657.00,623.00
624.00,626.00,657.00
628.00,658.00,627.00
628.00,659.00,658.00
628.00,619.00,659.00
619.00,655.00,659.00
660.00,622.00,629.00
660.00,661.00,622.00
661.00,656.00,622.00
629.00,662.00,660.00
623.00,662.00,629.00
623.00,663.00,662.00
623.00,657.00,663.00
663.00,657.00,626.00
663.00,626.00,664.00
664.00,626.00,631.00
658.00,665.00,666.00
658.00,666.00,627.00
627.00,666.00,632.00
659.00,665.00,658.00
660.00,667.00,661.00
662.00,667.00,660.00
631.00,668.00,664.00
633.00,668.00,631.00
666.00,633.00,632.00
668.00,633.00,666.00
637.00,636.00,669.00
670.00,637.00,669.00
670.00,671.00,637.00
671.00,638.00,637.00
672.00,671.00,673.00
672.00,639.00,671.00
639.00,638.00,671.00
639.00,672.00,640.00
642.00,641.00,674.00
642.00,674.00,675.00
636.00,642.00,675.00
636.00,675.00,676.00
636.00,676.00,669.00
670.00,669.00,676.00
672.00,673.00,677.00
678.00,677.00,679.00
643.00,677.00,678.00
643.00,672.00,677.00
643.00,640.00,672.00
643.00,678.00,644.00
674.00,680.00,681.00
674.00,641.00,680.00
641.00,645.00,680.00
675.00,674.00,681.00
678.00,679.00,682.00
682.00,644.00,678.00
682.00,683.00,644.00
683.00,646.00,644.00
648.00,647.00,684.00
648.00,684.00,685.00
648.00,685.00,645.00
645.00,685.00,680.00
646.00,683.00,649.00
683.00,686.00,649.00
684.00,687.00,688.00
684.00,647.00,687.00
647.00,650.00,687.00
685.00,684.00,688.00
649.00,686.00,651.00
686.00,689.00,651.00
690.00,650.00,652.00
690.00,691.00,650.00
691.00,687.00,650.00
652.00,653.00,690.00
654.00,692.00,655.00
654.00,693.00,692.00
654.00,651.00,693.00
651.00,689.00,693.00
690.00,694.00,691.00
694.00,690.00,653.00
694.00,653.00,695.00
695.00,653.00,656.00
692.00,696.00,697.00
692.00,697.00,655.00
655.00,697.00,659.00
693.00,696.00,692.00
656.00,661.00,695.00
695.00,661.00,698.00
663.00,699.00,662.00
663.00,664.00,699.00
665.00,700.00,701.00
666.00,665.00,701.00
697.00,665.00,659.00
700.00,665.00,697.00
661.00,702.00,698.00
667.00,702.00,661.00
699.00,667.00,662.00
699.00,703.00,667.00
703.00,702.00,667.00
704.00,705.00,703.00
668.00,704.00,703.00
668.00,703.00,699.00
668.00,699.00,664.00
668.00,706.00,704.00
668.00,666.00,706.00
666.00,701.00,706.00
704.00,707.00,705.00
706.00,707.00,704.00
671.00,670.00,708.00
671.00,708.00,673.00
676.00,709.00,710.00
675.00,709.00,676.00
708.00,670.00,676.00
708.00,676.00,711.00
711.00,676.00,710.00
712.00,711.00,713.00
677.00,711.00,712.00
677.00,708.00,711.00
677.00,673.00,708.00
677.00,712.00,679.00
681.00,680.00,714.00
681.00,714.00,715.00
681.00,715.00,675.00
675.00,715.00,709.00
712.00,713.00,716.00
717.00,716.00,718.00
682.00,716.00,717.00
682.00,712.00,716.00
682.00,679.00,712.00
682.00,717.00,683.00
714.00,719.00,720.00
714.00,680.00,719.00
680.00,685.00,719.00
715.00,714.00,720.00
721.00,717.00,718.00
722.00,721.00,718.00
683.00,721.00,686.00
717.00,721.00,683.00
688.00,723.00,724.00
687.00,723.00,688.00
719.00,685.00,688.00
724.00,719.00,688.00
721.00,722.00,725.00
725.00,686.00,721.00
725.00,726.00,686.00
726.00,689.00,686.00
687.00,691.00,723.00
723.00,691.00,727.00
689.00,726.00,693.00
726.00,728.00,693.00
729.00,691.00,694.00
729.00,730.00,691.00
730.00,727.00,691.00
694.00,695.00,729.00
696.00,731.00,697.00
696.00,732.00,731.00
696.00,693.00,732.00
693.00,728.00,732.00
733.00,730.00,729.00
734.00,730.00,733.00
695.00,698.00,733.00
729.00,695.00,733.00
700.00,735.00,736.00
701.00,700.00,736.00
731.00,700.00,697.00
731.00,737.00,700.00
737.00,735.00,700.00
732.00,737.00,731.00
738.00,734.00,733.00
739.00,734.00,738.00
698.00,702.00,740.00
698.00,740.00,733.00
733.00,740.00,738.00
702.00,703.00,741.00
740.00,702.00,741.00
703.00,705.00,741.00
701.00,736.00,706.00
736.00,742.00,706.00
738.00,743.00,739.00
743.00,744.00,745.00
743.00,738.00,744.00
738.00,740.00,744.00
741.00,746.00,740.00
746.00,744.00,740.00
705.00,707.00,747.00
705.00,747.00,741.00
741.00,747.00,746.00
707.00,748.00,747.00
707.00,706.00,748.00
706.00,742.00,748.00
744.00,749.00,745.00
749.00,750.00,751.00
749.00,744.00,750.00
744.00,746.00,750.00
752.00,747.00,753.00
752.00,750.00,747.00
750.00,746.00,747.00
748.00,753.00,747.00
750.00,754.00,751.00
752.00,754.00,750.00
710.00,709.00,755.00
756.00,710.00,755.00
756.00,757.00,710.00
757.00,711.00,710.00
757.00,713.00,711.00
758.00,713.00,757.00
755.00,715.00,759.00
709.00,715.00,755.00
760.00,756.00,755.00
759.00,760.00,755.00
761.00,716.00,713.00
761.00,713.00,762.00
762.00,713.00,758.00
716.00,761.00,718.00
720.00,763.00,764.00
719.00,763.00,720.00
759.00,715.00,720.00
759.00,720.00,765.00
765.00,720.00,764.00
760.00,759.00,765.00
766.00,761.00,762.00
767.00,766.00,762.00
718.00,766.00,722.00
761.00,766.00,718.00
724.00,723.00,768.00
724.00,768.00,769.00
724.00,769.00,719.00
719.00,769.00,763.00
770.00,766.00,767.00
771.00,770.00,767.00
722.00,772.00,725.00
722.00,766.00,772.00
766.00,770.00,772.00
725.00,772.00,726.00
768.00,773.00,774.00
768.00,723.00,773.00
723.00,727.00,773.00
769.00,768.00,774.00
770.00,771.00,775.00
772.00,770.00,775.00
776.00,772.00,775.00
776.00,726.00,772.00
776.00,777.00,726.00
777.00,728.00,726.00
727.00,730.00,773.00
773.00,730.00,778.00
728.00,777.00,732.00
777.00,779.00,732.00
730.00,734.00,778.00
778.00,734.00,780.00
735.00,781.00,736.00
735.00,737.00,782.00
781.00,735.00,782.00
737.00,783.00,782.00
737.00,732.00,783.00
732.00,779.00,783.00
734.00,739.00,780.00
780.00,739.00,784.00
781.00,785.00,786.00
781.00,786.00,736.00
736.00,786.00,742.00
782.00,785.00,781.00
787.00,785.00,782.00
783.00,787.00,782.00
788.00,739.00,743.00
788.00,789.00,739.00
789.00,784.00,739.00
743.00,745.00,788.00
742.00,786.00,748.00
786.00,790.00,748.00
788.00,791.00,789.00
792.00,793.00,791.00
749.00,792.00,791.00
749.00,791.00,788.00
749.00,788.00,745.00
749.00,751.00,792.00
753.00,794.00,752.00
753.00,795.00,794.00
753.00,748.00,795.00
748.00,790.00,795.00
792.00,796.00,793.00
797.00,798.00,796.00
754.00,797.00,796.00
754.00,796.00,792.00
754.00,792.00,751.00
754.00,752.00,794.00
754.00,794.00,797.00
797.00,794.00,799.00
800.00,794.00,795.00
799.00,794.00,800.00
797.00,801.00,798.00
799.00,801.00,797.00
802.00,801.00,799.00
800.00,802.00,799.00
757.00,756.00,803.00
757.00,803.00,758.00
803.00,760.00,804.00
756.00,760.00,803.00
758.00,804.00,762.00
803.00,804.00,758.00
764.00,763.00,805.00
806.00,764.00,805.00
806.00,807.00,764.00
807.00,765.00,764.00
804.00,760.00,765.00
804.00,765.00,808.00
808.00,765.00,807.00
808.00,762.00,804.00
808.00,809.00,762.00
809.00,767.00,762.00
805.00,810.00,811.00
805.00,763.00,810.00
763.00,769.00,810.00
806.00,805.00,811.00
767.00,809.00,771.00
809.00,812.00,771.00
774.00,773.00,813.00
774.00,813.00,814.00
774.00,814.00,769.00
769.00,814.00,810.00
771.00,812.00,815.00
775.00,771.00,815.00
776.00,775.00,816.00
775.00,815.00,816.00
816.00,777.00,776.00
817.00,777.00,816.00
813.00,818.00,819.00
813.00,773.00,818.00
773.00,778.00,818.00
814.00,813.00,819.00
777.00,817.00,779.00
817.00,820.00,779.00
778.00,780.00,818.00
818.00,780.00,821.00
779.00,820.00,783.00
820.00,822.00,783.00
780.00,784.00,821.00
821.00,784.00,823.00
785.00,824.00,786.00
785.00,787.00,825.00
824.00,785.00,825.00
787.00,826.00,825.00
787.00,783.00,826.00
783.00,822.00,826.00
784.00,789.00,823.00
823.00,789.00,827.00
824.00,828.00,790.00
786.00,824.00,790.00
829.00,825.00,830.00
829.00,828.00,825.00
828.00,824.00,825.00
826.00,830.00,825.00
789.00,831.00,827.00
791.00,831.00,789.00
831.00,791.00,793.00
832.00,831.00,793.00
828.00,833.00,834.00
828.00,834.00,790.00
790.00,834.00,795.00
829.00,833.00,828.00
793.00,835.00,832.00
796.00,835.00,793.00
835.00,796.00,798.00
836.00,835.00,798.00
795.00,834.00,800.00
834.00,837.00,800.00
798.00,838.00,836.00
801.00,838.00,798.00
839.00,840.00,838.00
839.00,838.00,802.00
802.00,838.00,801.00
802.00,841.00,839.00
802.00,800.00,841.00
800.00,837.00,841.00
839.00,842.00,840.00
841.00,842.00,839.00
807.00,806.00,843.00
807.00,844.00,808.00
843.00,844.00,807.00
808.00,844.00,809.00
811.00,810.00,845.00
811.00,845.00,846.00
806.00,811.00,846.00
806.00,846.00,847.00
806.00,847.00,843.00
847.00,848.00,849.00
847.00,849.00,843.00
843.00,849.00,844.00
809.00,849.00,812.00
844.00,849.00,809.00
845.00,850.00,851.00
845.00,810.00,850.00
810.00,814.00,850.00
846.00,845.00,851.00
849.00,848.00,852.00
853.00,852.00,854.00
815.00,852.00,853.00
815.00,849.00,852.00
815.00,812.00,849.00
815.00,855.00,816.00
853.00,855.00,815.00
816.00,855.00,817.00
819.00,818.00,856.00
819.00,856.00,857.00
819.00,857.00,814.00
814.00,857.00,850.00
853.00,854.00,858.00
855.00,853.00,858.00
859.00,855.00,858.00
859.00,817.00,855.00
859.00,860.00,817.00
860.00,820.00,817.00
856.00,861.00,862.00
856.00,818.00,861.00
818.00,821.00,861.00
857.00,856.00,862.00
820.00,860.00,822.00
860.00,863.00,822.00
821.00,823.00,861.00
861.00,823.00,864.00
822.00,863.00,826.00
863.00,865.00,826.00
823.00,827.00,864.00
864.00,827.00,866.00
830.00,867.00,868.00
829.00,830.00,868.00
865.00,830.00,826.00
867.00,830.00,865.00
869.00,827.00,831.00
869.00,870.00,827.00
870.00,866.00,827.00
831.00,832.00,869.00
833.00,871.00,872.00
834.00,833.00,872.00
868.00,833.00,829.00
871.00,833.00,868.00
869.00,873.00,870.00
832.00,873.00,869.00
832.00,835.00,873.00
835.00,874.00,873.00
874.00,835.00,836.00
875.00,874.00,836.00
834.00,872.00,837.00
872.00,876.00,837.00
877.00,836.00,838.00
877.00,878.00,836.00
878.00,875.00,836.00
838.00,840.00,877.00
837.00,876.00,841.00
876.00,879.00,841.00
877.00,880.00,878.00
881.00,882.00,880.00
842.00,881.00,880.00
842.00,880.00,877.00
842.00,877.00,840.00
842.00,883.00,881.00
842.00,841.00,883.00
841.00,879.00,883.00
881.00,884.00,882.00
883.00,884.00,881.00
847.00,846.00,885.00
847.00,885.00,848.00
851.00,886.00,887.00
850.00,886.00,851.00
885.00,846.00,851.00
885.00,851.00,888.00
888.00,851.00,887.00
889.00,888.00,890.00
852.00,888.00,889.00
852.00,885.00,888.00
852.00,848.00,885.00
852.00,889.00,854.00
850.00,857.00,886.00
886.00,857.00,891.00
889.00,890.00,892.00
893.00,892.00,894.00
858.00,892.00,893.00
858.00,889.00,892.00
858.00,854.00,889.00
858.00,895.00,859.00
893.00,895.00,858.00
859.00,895.00,860.00
862.00,896.00,897.00
861.00,896.00,862.00
891.00,857.00,862.00
897.00,891.00,862.00
893.00,894.00,898.00
898.00,899.00,900.00
898.00,900.00,893.00
893.00,900.00,895.00
860.00,900.00,863.00
895.00,900.00,860.00
861.00,864.00,896.00
896.00,864.00,901.00
902.00,900.00,899.00
903.00,902.00,899.00
863.00,902.00,865.00
900.00,902.00,863.00
864.00,866.00,901.00
901.00,866.00,904.00
905.00,906.00,907.00
903.00,906.00,905.00
902.00,903.00,905.00
902.00,905.00,868.00
902.00,868.00,867.00
865.00,902.00,867.00
866.00,870.00,904.00
904.00,870.00,908.00
871.00,905.00,907.00
871.00,907.00,872.00
872.00,907.00,909.00
868.00,905.00,871.00
870.00,910.00,908.00
873.00,910.00,870.00
874.00,911.00,873.00
873.00,911.00,910.00
911.00,874.00,875.00
912.00,911.00,875.00
872.00,909.00,876.00
909.00,913.00,876.00
875.00,878.00,912.00
912.00,878.00,914.00
876.00,913.00,879.00
913.00,915.00,879.00
916.00,878.00,880.00
916.00,917.00,878.00
917.00,914.00,878.00
880.00,882.00,916.00
879.00,915.00,883.00
915.00,918.00,883.00
916.00,919.00,917.00
882.00,919.00,916.00
882.00,884.00,919.00
884.00,920.00,919.00
918.00,884.00,883.00
920.00,884.00,918.00
887.00,921.00,922.00
886.00,921.00,887.00
888.00,887.00,923.00
887.00,922.00,923.00
923.00,890.00,888.00
924.00,890.00,923.00
886.00,891.00,921.00
921.00,891.00,925.00
890.00,924.00,926.00
892.00,890.00,926.00
926.00,894.00,892.00
927.00,894.00,926.00
897.00,928.00,929.00
896.00,928.00,897.00
925.00,891.00,897.00
929.00,925.00,897.00
930.00,898.00,894.00
930.00,894.00,931.00
931.00,894.00,927.00
898.00,930.00,899.00
932.00,933.00,934.00
932.00,934.00,928.00
932.00,928.00,901.00
901.00,928.00,896.00
935.00,930.00,931.00
936.00,935.00,931.00
899.00,935.00,903.00
930.00,935.00,899.00
937.00,933.00,932.00
938.00,933.00,937.00
901.00,904.00,937.00
932.00,901.00,937.00
906.00,935.00,936.00
906.00,936.00,907.00
907.00,936.00,939.00
903.00,935.00,906.00
937.00,940.00,938.00
940.00,937.00,904.00
940.00,904.00,941.00
941.00,904.00,908.00
907.00,939.00,909.00
939.00,942.00,909.00
943.00,908.00,910.00
943.00,944.00,908.00
944.00,941.00,908.00
945.00,943.00,910.00
945.00,910.00,946.00
946.00,910.00,911.00
946.00,911.00,912.00
947.00,946.00,912.00
909.00,942.00,913.00
942.00,948.00,913.00
943.00,949.00,944.00
945.00,949.00,943.00
912.00,914.00,947.00
947.00,914.00,950.00
913.00,948.00,915.00
948.00,951.00,915.00
914.00,917.00,950.00
950.00,917.00,952.00
915.00,951.00,918.00
951.00,953.00,918.00
917.00,954.00,952.00
919.00,954.00,917.00
920.00,955.00,919.00
919.00,955.00,954.00
953.00,920.00,918.00
955.00,920.00,953.00
922.00,921.00,956.00
922.00,957.00,923.00
956.00,957.00,922.00
923.00,957.00,924.00
956.00,958.00,959.00
956.00,921.00,958.00
921.00,925.00,958.00
957.00,956.00,959.00
960.00,957.00,959.00
961.00,960.00,962.00
926.00,960.00,961.00
926.00,957.00,960.00
926.00,924.00,957.00
926.00,961.00,927.00
929.00,963.00,964.00
928.00,963.00,929.00
958.00,925.00,929.00
964.00,958.00,929.00
961.00,962.00,965.00
965.00,927.00,961.00
965.00,966.00,927.00
966.00,931.00,927.00
934.00,967.00,968.00
933.00,967.00,934.00
963.00,928.00,934.00
968.00,963.00,934.00
931.00,966.00,936.00
966.00,969.00,936.00
933.00,938.00,967.00
967.00,938.00,970.00
936.00,969.00,939.00
969.00,971.00,939.00
938.00,972.00,970.00
940.00,972.00,938.00
972.00,940.00,941.00
973.00,972.00,941.00
939.00,971.00,942.00
971.00,974.00,942.00
941.00,944.00,973.00
973.00,944.00,975.00
946.00,976.00,977.00
945.00,946.00,977.00
976.00,946.00,947.00
978.00,976.00,947.00
942.00,974.00,948.00
974.00,979.00,948.00
944.00,980.00,975.00
949.00,980.00,944.00
977.00,949.00,945.00
980.00,949.00,977.00
947.00,950.00,978.00
978.00,950.00,981.00
948.00,979.00,951.00
979.00,982.00,951.00
950.00,952.00,981.00
981.00,952.00,983.00
951.00,982.00,953.00
982.00,984.00,953.00
952.00,985.00,983.00
954.00,985.00,952.00
955.00,986.00,954.00
954.00,986.00,985.00
984.00,955.00,953.00
986.00,955.00,984.00
959.00,987.00,988.00
958.00,987.00,959.00
960.00,959.00,989.00
959.00,988.00,989.00
989.00,962.00,960.00
990.00,962.00,989.00
964.00,991.00,992.00
963.00,991.00,964.00
987.00,958.00,964.00
992.00,987.00,964.00
962.00,990.00,993.00
965.00,962.00,993.00
993.00,966.00,965.00
994.00,966.00,993.00
968.00,995.00,996.00
967.00,995.00,968.00
991.00,963.00,968.00
996.00,991.00,968.00
966.00,994.00,969.00
994.00,997.00,969.00
967.00,970.00,995.00
995.00,970.00,998.00
969.00,997.00,971.00
997.00,999.00,971.00
1000.00,970.00,972.00
1000.00,1001.00,970.00
1001.00,998.00,970.00
972.00,973.00,1000.00
1002.00,1003.00,1004.00
1002.00,999.00,1003.00
1002.00,974.00,999.00
974.00,971.00,999.00
1000.00,1005.00,1001.00
1005.00,1000.00,973.00
1005.00,973.00,1006.00
1006.00,973.00,975.00
976.00,1007.00,1008.00
977.00,976.00,1008.00
1007.00,976.00,978.00
1009.00,1007.00,978.00
1010.00,1002.00,1004.00
1011.00,1010.00,1004.00
974.00,1010.00,979.00
1002.00,1010.00,974.00
975.00,1012.00,1006.00
980.00,1012.00,975.00
1008.00,980.00,977.00
1012.00,980.00,1008.00
978.00,981.00,1009.00
1009.00,981.00,1013.00
1014.00,1010.00,1011.00
1015.00,1014.00,1011.00
979.00,1014.00,982.00
1010.00,1014.00,979.00
1016.00,983.00,1017.00
1016.00,1013.00,983.00
1013.00,981.00,983.00
1015.00,1016.00,1017.00
1015.00,1017.00,1014.00
1014.00,1017.00,1018.00
982.00,1018.00,984.00
1014.00,1018.00,982.00
983.00,985.00,1017.00
986.00,1017.00,985.00
1018.00,1017.00,986.00
984.00,1018.00,986.00
988.00,987.00,1019.00
988.00,1020.00,989.00
1019.00,1020.00,988.00
989.00,1020.00,990.00
1021.00,1022.00,1023.00
1021.00,992.00,991.00
1021.00,1023.00,992.00
1023.00,1024.00,992.00
1019.00,987.00,992.00
1019.00,992.00,1025.00
1025.00,992.00,1024.00
1020.00,1019.00,1025.00
1026.00,1020.00,1025.00
1027.00,1026.00,1028.00
993.00,1026.00,1027.00
993.00,1020.00,1026.00
993.00,990.00,1020.00
993.00,1027.00,994.00
996.00,1022.00,1021.00
996.00,995.00,1022.00
995.00,1029.00,1022.00
991.00,996.00,1021.00
1030.00,1027.00,1028.00
1031.00,1030.00,1028.00
994.00,1030.00,997.00
1027.00,1030.00,994.00
995.00,998.00,1029.00
1029.00,998.00,1032.00
1033.00,1030.00,1031.00
1034.00,1033.00,1031.00
997.00,1033.00,999.00
1030.00,1033.00,997.00
998.00,1001.00,1032.00
1032.00,1001.00,1035.00
1036.00,1037.00,1038.00
1034.00,1037.00,1036.00
1033.00,1034.00,1036.00
1033.00,1036.00,1004.00
1033.00,1004.00,1003.00
999.00,1033.00,1003.00
1039.00,1001.00,1005.00
1039.00,1040.00,1001.00
1040.00,1035.00,1001.00
1005.00,1006.00,1039.00
1007.00,1041.00,1042.00
1008.00,1007.00,1042.00
1009.00,1043.00,1036.00
1009.00,1036.00,1041.00
1009.00,1041.00,1007.00
1041.00,1036.00,1038.00
1004.00,1043.00,1011.00
1036.00,1043.00,1004.00
1039.00,1044.00,1040.00
1006.00,1044.00,1039.00
1006.00,1012.00,1044.00
1012.00,1045.00,1044.00
1042.00,1012.00,1008.00
1045.00,1012.00,1042.00
1043.00,1013.00,1046.00
1009.00,1013.00,1043.00
1011.00,1046.00,1015.00
1043.00,1046.00,1011.00
1013.00,1016.00,1046.00
1015.00,1046.00,1016.00
1023.00,1047.00,1048.00
1022.00,1047.00,1023.00
1024.00,1023.00,1049.00
1023.00,1048.00,1049.00
1025.00,1024.00,1050.00
1024.00,1049.00,1050.00
1051.00,1050.00,1052.00
1051.00,1026.00,1050.00
1026.00,1025.00,1050.00
1026.00,1051.00,1028.00
1053.00,1054.00,1055.00
1053.00,1055.00,1047.00
1053.00,1047.00,1029.00
1029.00,1047.00,1022.00
1056.00,1051.00,1052.00
1057.00,1056.00,1052.00
1028.00,1056.00,1031.00
1051.00,1056.00,1028.00
1058.00,1054.00,1053.00
1059.00,1054.00,1058.00
1029.00,1032.00,1058.00
1053.00,1029.00,1058.00
1060.00,1056.00,1057.00
1061.00,1060.00,1057.00
1031.00,1060.00,1034.00
1056.00,1060.00,1031.00
1062.00,1059.00,1058.00
1063.00,1059.00,1062.00
1032.00,1035.00,1062.00
1058.00,1032.00,1062.00
1037.00,1060.00,1061.00
1037.00,1061.00,1038.00
1038.00,1061.00,1064.00
1034.00,1060.00,1037.00
1062.00,1065.00,1063.00
1065.00,1062.00,1035.00
1065.00,1035.00,1066.00
1066.00,1035.00,1040.00
1041.00,1067.00,1068.00
1042.00,1041.00,1068.00
1064.00,1041.00,1038.00
1067.00,1041.00,1064.00
1040.00,1069.00,1066.00
1044.00,1069.00,1040.00
1045.00,1070.00,1044.00
1044.00,1070.00,1069.00
1068.00,1045.00,1042.00
1070.00,1045.00,1068.00
1048.00,1071.00,1072.00
1047.00,1071.00,1048.00
1049.00,1048.00,1073.00
1048.00,1072.00,1073.00
1074.00,1073.00,1075.00
1074.00,1050.00,1073.00
1050.00,1049.00,1073.00
1050.00,1074.00,1052.00
1055.00,1076.00,1077.00
1054.00,1076.00,1055.00
1071.00,1047.00,1055.00
1077.00,1071.00,1055.00
1074.00,1075.00,1078.00
1078.00,1052.00,1074.00
1078.00,1079.00,1052.00
1079.00,1057.00,1052.00
1054.00,1059.00,1076.00
1076.00,1059.00,1080.00
1057.00,1079.00,1061.00
1079.00,1081.00,1061.00
1059.00,1063.00,1080.00
1080.00,1063.00,1082.00
1083.00,1084.00,1085.00
1083.00,1081.00,1084.00
1083.00,1064.00,1081.00
1064.00,1061.00,1081.00
1063.00,1086.00,1082.00
1065.00,1086.00,1063.00
1086.00,1065.00,1066.00
1087.00,1086.00,1066.00
1067.00,1083.00,1085.00
1067.00,1085.00,1068.00
1068.00,1085.00,1088.00
1064.00,1083.00,1067.00
1066.00,1089.00,1087.00
1069.00,1089.00,1066.00
1070.00,1090.00,1069.00
1069.00,1090.00,1089.00
1088.00,1070.00,1068.00
1090.00,1070.00,1088.00
1072.00,1091.00,1092.00
1071.00,1091.00,1072.00
1073.00,1072.00,1093.00
1072.00,1092.00,1093.00
1093.00,1075.00,1073.00
1094.00,1075.00,1093.00
1077.00,1095.00,1096.00
1076.00,1095.00,1077.00
1091.00,1071.00,1077.00
1096.00,1091.00,1077.00
1075.00,1094.00,1097.00
1078.00,1075.00,1097.00
1097.00,1079.00,1078.00
1098.00,1079.00,1097.00
1076.00,1080.00,1095.00
1095.00,1080.00,1099.00
1079.00,1098.00,1081.00
1098.00,1100.00,1081.00
1080.00,1082.00,1099.00
1099.00,1082.00,1101.00
1084.00,1102.00,1103.00
1085.00,1084.00,1103.00
1100.00,1084.00,1081.00
1102.00,1084.00,1100.00
1082.00,1104.00,1101.00
1086.00,1104.00,1082.00
1104.00,1086.00,1087.00
1105.00,1104.00,1087.00
1085.00,1103.00,1088.00
1103.00,1106.00,1088.00
1087.00,1107.00,1105.00
1089.00,1107.00,1087.00
1090.00,1108.00,1089.00
1089.00,1108.00,1107.00
1106.00,1090.00,1088.00
1108.00,1090.00,1106.00
1092.00,1091.00,1109.00
1110.00,1092.00,1109.00
1110.00,1111.00,1092.00
1111.00,1093.00,1092.00
1111.00,1094.00,1093.00
1112.00,1094.00,1111.00
1113.00,1114.00,1115.00
1113.00,1096.00,1095.00
1113.00,1115.00,1096.00
1115.00,1116.00,1096.00
1109.00,1091.00,1096.00
1109.00,1096.00,1117.00
1117.00,1096.00,1116.00
1110.00,1109.00,1117.00
1094.00,1112.00,1118.00
1097.00,1094.00,1118.00
1118.00,1098.00,1097.00
1119.00,1098.00,1118.00
1120.00,1114.00,1113.00
1121.00,1114.00,1120.00
1095.00,1099.00,1120.00
1113.00,1095.00,1120.00
1098.00,1119.00,1100.00
1119.00,1122.00,1100.00
1120.00,1123.00,1121.00
1123.00,1120.00,1099.00
1123.00,1099.00,1124.00
1124.00,1099.00,1101.00
1102.00,1125.00,1126.00
1103.00,1102.00,1126.00
1122.00,1102.00,1100.00
1125.00,1102.00,1122.00
1127.00,1101.00,1104.00
1127.00,1128.00,1101.00
1128.00,1124.00,1101.00
1104.00,1105.00,1127.00
1103.00,1126.00,1106.00
1126.00,1129.00,1106.00
1127.00,1130.00,1128.00
1131.00,1132.00,1130.00
1107.00,1131.00,1130.00
1107.00,1130.00,1127.00
1107.00,1127.00,1105.00
1133.00,1131.00,1107.00
1133.00,1107.00,1134.00
1134.00,1107.00,1108.00
1129.00,1108.00,1106.00
1134.00,1108.00,1129.00
1131.00,1135.00,1132.00
1133.00,1135.00,1131.00
1111.00,1110.00,1136.00
1111.00,1136.00,1112.00
1115.00,1137.00,1138.00
1114.00,1137.00,1115.00
1116.00,1115.00,1139.00
1115.00,1138.00,1139.00
1117.00,1116.00,1140.00
1116.00,1139.00,1140.00
1136.00,1110.00,1117.00
1136.00,1117.00,1141.00
1141.00,1117.00,1140.00
1142.00,1141.00,1143.00
1118.00,1141.00,1142.00
1118.00,1136.00,1141.00
1118.00,1112.00,1136.00
1118.00,1142.00,1119.00
1114.00,1121.00,1137.00
1137.00,1121.00,1144.00
1145.00,1142.00,1143.00
1146.00,1145.00,1143.00
1119.00,1145.00,1122.00
1142.00,1145.00,1119.00
1147.00,1121.00,1123.00
1147.00,1148.00,1121.00
1148.00,1144.00,1121.00
1123.00,1124.00,1147.00
1125.00,1145.00,1146.00
1125.00,1146.00,1126.00
1126.00,1146.00,1149.00
1122.00,1145.00,1125.00
1150.00,1148.00,1147.00
1151.00,1148.00,1150.00
1124.00,1128.00,1150.00
1147.00,1124.00,1150.00
1126.00,1149.00,1129.00
1149.00,1152.00,1129.00
1150.00,1153.00,1151.00
1154.00,1155.00,1153.00
1130.00,1154.00,1153.00
1130.00,1153.00,1150.00
1130.00,1150.00,1128.00
1130.00,1132.00,1154.00
1134.00,1156.00,1157.00
1133.00,1134.00,1157.00
1152.00,1134.00,1129.00
1156.00,1134.00,1152.00
1154.00,1158.00,1155.00
1132.00,1158.00,1154.00
1132.00,1135.00,1158.00
1135.00,1159.00,1158.00
1157.00,1135.00,1133.00
1159.00,1135.00,1157.00
1138.00,1160.00,1161.00
1137.00,1160.00,1138.00
1139.00,1138.00,1162.00
1138.00,1161.00,1162.00
1140.00,1139.00,1163.00
1139.00,1162.00,1163.00
1141.00,1140.00,1164.00
1140.00,1163.00,1164.00
1164.00,1143.00,1141.00
1165.00,1143.00,1164.00
1137.00,1144.00,1160.00
1160.00,1144.00,1166.00
1143.00,1165.00,1146.00
1165.00,1167.00,1146.00
1144.00,1148.00,1166.00
1166.00,1148.00,1168.00
1146.00,1167.00,1149.00
1167.00,1169.00,1149.00
1148.00,1151.00,1168.00
1168.00,1151.00,1170.00
1149.00,1169.00,1152.00
1169.00,1171.00,1152.00
1151.00,1172.00,1170.00
1153.00,1172.00,1151.00
1172.00,1153.00,1155.00
1173.00,1172.00,1155.00
1156.00,1174.00,1175.00
1157.00,1156.00,1175.00
1171.00,1156.00,1152.00
1174.00,1156.00,1171.00
1155.00,1176.00,1173.00
1158.00,1176.00,1155.00
1159.00,1177.00,1158.00
1158.00,1177.00,1176.00
1175.00,1159.00,1157.00
1177.00,1159.00,1175.00
1161.00,1178.00,1179.00
1160.00,1178.00,1161.00
1162.00,1161.00,1180.00
1161.00,1179.00,1180.00
1163.00,1162.00,1181.00
1162.00,1180.00,1181.00
1182.00,1181.00,1183.00
1182.00,1164.00,1181.00
1164.00,1163.00,1181.00
1164.00,1182.00,1165.00
1160.00,1166.00,1178.00
1178.00,1166.00,1184.00
1182.00,1183.00,1185.00
1185.00,1165.00,1182.00
1185.00,1186.00,1165.00
1186.00,1167.00,1165.00
1166.00,1168.00,1184.00
1184.00,1168.00,1187.00
1167.00,1186.00,1169.00
1186.00,1188.00,1169.00
1168.00,1170.00,1187.00
1187.00,1170.00,1189.00
1190.00,1191.00,1192.00
1190.00,1188.00,1191.00
1190.00,1171.00,1188.00
1171.00,1169.00,1188.00
1193.00,1170.00,1172.00
1193.00,1194.00,1170.00
1194.00,1189.00,1170.00
1172.00,1173.00,1193.00
1174.00,1190.00,1192.00
1174.00,1192.00,1175.00
1175.00,1192.00,1195.00
1171.00,1190.00,1174.00
1193.00,1196.00,1194.00
1173.00,1196.00,1193.00
1173.00,1176.00,1196.00
1176.00,1197.00,1196.00
1177.00,1198.00,1176.00
1176.00,1198.00,1197.00
1195.00,1177.00,1175.00
1198.00,1177.00,1195.00
1179.00,1199.00,1200.00
1178.00,1199.00,1179.00
1180.00,1179.00,1201.00
1179.00,1200.00,1201.00
1202.00,1201.00,1203.00
1202.00,1181.00,1201.00
1181.00,1180.00,1201.00
1181.00,1202.00,1183.00
1178.00,1184.00,1199.00
1199.00,1184.00,1204.00
1202.00,1203.00,1205.00
1183.00,1202.00,1205.00
1183.00,1205.00,1185.00
1185.00,1205.00,1206.00
1206.00,1186.00,1185.00
1207.00,1186.00,1206.00
1184.00,1187.00,1204.00
1204.00,1187.00,1208.00
1186.00,1207.00,1188.00
1207.00,1209.00,1188.00
1187.00,1189.00,1208.00
1208.00,1189.00,1210.00
1191.00,1211.00,1212.00
1192.00,1191.00,1212.00
1209.00,1191.00,1188.00
1211.00,1191.00,1209.00
1189.00,1194.00,1210.00
1210.00,1194.00,1213.00
1192.00,1212.00,1195.00
1212.00,1214.00,1195.00
1194.00,1215.00,1213.00
1196.00,1215.00,1194.00
1197.00,1216.00,1196.00
1196.00,1216.00,1215.00
1198.00,1217.00,1197.00
1197.00,1217.00,1216.00
1214.00,1198.00,1195.00
1217.00,1198.00,1214.00
1200.00,1218.00,1219.00
1199.00,1218.00,1200.00
1201.00,1200.00,1220.00
1200.00,1219.00,1220.00
1220.00,1203.00,1201.00
1221.00,1203.00,1220.00
1199.00,1204.00,1218.00
1218.00,1204.00,1222.00
1203.00,1221.00,1223.00
1205.00,1203.00,1223.00
1224.00,1223.00,1225.00
1224.00,1206.00,1223.00
1206.00,1205.00,1223.00
1206.00,1224.00,1207.00
1204.00,1208.00,1222.00
1222.00,1208.00,1226.00
1227.00,1224.00,1225.00
1228.00,1227.00,1225.00
1207.00,1227.00,1209.00
1224.00,1227.00,1207.00
1208.00,1210.00,1226.00
1226.00,1210.00,1229.00
1211.00,1227.00,1228.00
1211.00,1228.00,1212.00
1212.00,1228.00,1230.00
1209.00,1227.00,1211.00
1210.00,1213.00,1229.00
1229.00,1213.00,1231.00
1212.00,1230.00,1214.00
1230.00,1232.00,1214.00
1213.00,1233.00,1231.00
1215.00,1233.00,1213.00
1216.00,1234.00,1215.00
1215.00,1234.00,1233.00
1217.00,1235.00,1216.00
1216.00,1235.00,1234.00
1232.00,1217.00,1214.00
1235.00,1217.00,1232.00
1219.00,1236.00,1237.00
1218.00,1236.00,1219.00
1238.00,1237.00,1239.00
1238.00,1220.00,1237.00
1220.00,1219.00,1237.00
1220.00,1238.00,1221.00
1218.00,1222.00,1236.00
1236.00,1222.00,1240.00
1238.00,1239.00,1241.00
1242.00,1241.00,1243.00
1223.00,1241.00,1242.00
1223.00,1238.00,1241.00
1223.00,1221.00,1238.00
1223.00,1242.00,1225.00
1222.00,1226.00,1240.00
1240.00,1226.00,1244.00
1242.00,1243.00,1245.00
1245.00,1225.00,1242.00
1245.00,1246.00,1225.00
1246.00,1228.00,1225.00
1226.00,1229.00,1244.00
1244.00,1229.00,1247.00
1228.00,1246.00,1230.00
1246.00,1248.00,1230.00
1229.00,1231.00,1247.00
1247.00,1231.00,1249.00
1250.00,1251.00,1252.00
1250.00,1248.00,1251.00
1250.00,1232.00,1248.00
1232.00,1230.00,1248.00
1231.00,1253.00,1249.00
1233.00,1253.00,1231.00
1234.00,1254.00,1233.00
1233.00,1254.00,1253.00
1252.00,1235.00,1250.00
1252.00,1254.00,1235.00
1254.00,1234.00,1235.00
1232.00,1250.00,1235.00
1237.00,1255.00,1256.00
1236.00,1255.00,1237.00
1256.00,1239.00,1237.00
1257.00,1239.00,1256.00
1236.00,1240.00,1255.00
1255.00,1240.00,1258.00
1239.00,1257.00,1259.00
1241.00,1239.00,1259.00
1259.00,1243.00,1241.00
1260.00,1243.00,1259.00
1240.00,1244.00,1258.00
1258.00,1244.00,1261.00
1262.00,1245.00,1243.00
1262.00,1243.00,1263.00
1263.00,1243.00,1260.00
1245.00,1262.00,1246.00
1244.00,1247.00,1261.00
1261.00,1247.00,1264.00
1265.00,1262.00,1263.00
1266.00,1265.00,1263.00
1246.00,1265.00,1248.00
1262.00,1265.00,1246.00
1247.00,1249.00,1264.00
1264.00,1249.00,1267.00
1251.00,1265.00,1266.00
1251.00,1266.00,1252.00
1252.00,1266.00,1268.00
1248.00,1265.00,1251.00
1249.00,1269.00,1267.00
1253.00,1269.00,1249.00
1254.00,1270.00,1253.00
1253.00,1270.00,1269.00
1268.00,1254.00,1252.00
1270.00,1254.00,1268.00
1256.00,1271.00,1272.00
1255.00,1271.00,1256.00
1272.00,1257.00,1256.00
1273.00,1257.00,1272.00
1255.00,1258.00,1271.00
1271.00,1258.00,1274.00
1257.00,1273.00,1275.00
1259.00,1257.00,1275.00
1275.00,1260.00,1259.00
1276.00,1260.00,1275.00
1258.00,1261.00,1274.00
1274.00,1261.00,1277.00
1260.00,1276.00,1263.00
1276.00,1278.00,1263.00
1261.00,1264.00,1277.00
1277.00,1264.00,1279.00
1263.00,1278.00,1266.00
1278.00,1280.00,1266.00
1264.00,1267.00,1279.00
1279.00,1267.00,1281.00
1266.00,1280.00,1268.00
1280.00,1282.00,1268.00
1267.00,1283.00,1281.00
1269.00,1283.00,1267.00
1270.00,1284.00,1269.00
1269.00,1284.00,1283.00
1282.00,1270.00,1268.00
1284.00,1270.00,1282.00
1272.00,1285.00,1286.00
1271.00,1285.00,1272.00
1273.00,1287.00,1288.00
1273.00,1272.00,1287.00
1272.00,1286.00,1287.00
1287.00,1289.00,1288.00
1271.00,1274.00,1285.00
1285.00,1274.00,1290.00
1273.00,1288.00,1275.00
1288.00,1276.00,1275.00
1288.00,1289.00,1276.00
1289.00,1291.00,1276.00
1274.00,1277.00,1290.00
1290.00,1277.00,1292.00
1276.00,1291.00,1278.00
1291.00,1293.00,1278.00
1277.00,1279.00,1292.00
1292.00,1279.00,1294.00
1278.00,1293.00,1280.00
1293.00,1295.00,1280.00
1296.00,1281.00,1297.00
1296.00,1294.00,1281.00
1294.00,1279.00,1281.00
1296.00,1297.00,1298.00
1280.00,1295.00,1282.00
1295.00,1299.00,1282.00
1281.00,1283.00,1297.00
1297.00,1300.00,1298.00
1297.00,1283.00,1300.00
1283.00,1284.00,1300.00
1299.00,1284.00,1282.00
1300.00,1284.00,1299.00
1286.00,1301.00,1302.00
1285.00,1301.00,1286.00
1287.00,1286.00,1303.00
1286.00,1302.00,1303.00
1303.00,1289.00,1287.00
1304.00,1289.00,1303.00
1285.00,1290.00,1301.00
1301.00,1290.00,1305.00
1289.00,1304.00,1291.00
1304.00,1306.00,1291.00
1290.00,1292.00,1305.00
1305.00,1292.00,1307.00
1291.00,1306.00,1293.00
1306.00,1308.00,1293.00
1292.00,1294.00,1307.00
1307.00,1294.00,1309.00
1293.00,1308.00,1295.00
1308.00,1310.00,1295.00
1294.00,1311.00,1309.00
1296.00,1311.00,1294.00
1298.00,1312.00,1313.00
1298.00,1313.00,1296.00
1296.00,1313.00,1311.00
1312.00,1310.00,1313.00
1312.00,1299.00,1310.00
1299.00,1295.00,1310.00
1298.00,1300.00,1312.00
1299.00,1312.00,1300.00
1302.00,1301.00,1314.00
1302.00,1315.00,1303.00
1314.00,1315.00,1302.00
1303.00,1315.00,1304.00
1314.00,1305.00,1316.00
1301.00,1305.00,1314.00
1315.00,1314.00,1317.00
1317.00,1314.00,1316.00
1304.00,1317.00,1306.00
1315.00,1317.00,1304.00
1316.00,1307.00,1318.00
1305.00,1307.00,1316.00
1317.00,1316.00,1319.00
1319.00,1316.00,1318.00
1306.00,1319.00,1308.00
1317.00,1319.00,1306.00
1318.00,1309.00,1320.00
1307.00,1309.00,1318.00
1319.00,1318.00,1321.00
1321.00,1318.00,1320.00
1308.00,1321.00,1310.00
1319.00,1321.00,1308.00
1309.00,1311.00,1320.00
1313.00,1320.00,1311.00
1321.00,1320.00,1313.00
1310.00,1321.00,1313.00
