0.00,1.00,2.00
2.00,3.00,0.00
4.00,1.00,0.00
5.00,1.00,4.00
6.00,0.00,3.00
4.00,0.00,6.00
7.00,5.00,4.00
8.00,5.00,7.00
9.00,4.00,6.00
7.00,4.00,9.00
7.00,10.00,8.00
9.00,10.00,7.00
11.00,12.00,13.00
11.00,14.00,15.00
13.00,14.00,11.00
14.00,16.00,15.00
17.00,12.00,11.00
18.00,12.00,17.00
15.00,19.00,11.00
19.00,17.00,11.00
1.00,20.00,2.00
1.00,15.00,20.00
1.00,19.00,15.00
16.00,20.00,15.00
20.00,3.00,2.00
21.00,3.00,20.00
22.00,18.00,17.00
23.00,18.00,22.00
19.00,24.00,17.00
24.00,22.00,17.00
1.00,5.00,24.00
19.00,1.00,24.00
3.00,21.00,6.00
21.00,25.00,6.00
26.00,23.00,22.00
27.00,23.00,26.00
24.00,28.00,22.00
28.00,26.00,22.00
5.00,8.00,28.00
24.00,5.00,28.00
6.00,25.00,9.00
25.00,29.00,9.00
26.00,30.00,27.00
28.00,30.00,26.00
31.00,30.00,28.00
8.00,31.00,28.00
8.00,10.00,31.00
10.00,32.00,31.00
29.00,10.00,9.00
32.00,10.00,29.00
33.00,34.00,35.00
33.00,36.00,37.00
35.00,36.00,33.00
37.00,38.00,39.00
36.00,38.00,37.00
38.00,40.00,39.00
13.00,34.00,33.00
13.00,12.00,34.00
12.00,41.00,34.00
14.00,13.00,33.00
37.00,14.00,33.00
16.00,14.00,37.00
16.00,37.00,42.00
42.00,37.00,39.00
43.00,39.00,40.00
42.00,39.00,43.00
12.00,18.00,41.00
41.00,18.00,44.00
16.00,42.00,20.00
42.00,21.00,20.00
42.00,43.00,21.00
43.00,45.00,21.00
18.00,23.00,44.00
44.00,23.00,46.00
21.00,45.00,25.00
45.00,47.00,25.00
23.00,27.00,46.00
46.00,27.00,48.00
25.00,47.00,29.00
47.00,49.00,29.00
27.00,50.00,48.00
30.00,50.00,27.00
31.00,51.00,30.00
30.00,51.00,50.00
32.00,52.00,31.00
31.00,52.00,51.00
49.00,32.00,29.00
52.00,32.00,49.00
53.00,54.00,55.00
53.00,56.00,57.00
55.00,56.00,53.00
57.00,58.00,59.00
56.00,58.00,57.00
58.00,60.00,59.00
35.00,54.00,53.00
35.00,34.00,54.00
34.00,61.00,54.00
36.00,35.00,53.00
57.00,36.00,53.00
38.00,36.00,57.00
59.00,38.00,57.00
40.00,62.00,63.00
38.00,62.00,40.00
38.00,60.00,62.00
38.00,59.00,60.00
62.00,64.00,63.00
34.00,41.00,61.00
61.00,41.00,65.00
63.00,66.00,43.00
40.00,63.00,43.00
67.00,63.00,64.00
66.00,63.00,67.00
41.00,44.00,65.00
65.00,44.00,68.00
66.00,69.00,45.00
43.00,66.00,45.00
70.00,66.00,67.00
69.00,66.00,70.00
44.00,46.00,68.00
68.00,46.00,71.00
69.00,72.00,73.00
69.00,73.00,45.00
45.00,73.00,47.00
70.00,72.00,69.00
46.00,48.00,71.00
71.00,48.00,74.00
75.00,76.00,77.00
75.00,73.00,76.00
75.00,49.00,73.00
49.00,47.00,73.00
48.00,78.00,74.00
50.00,78.00,48.00
51.00,79.00,50.00
50.00,79.00,78.00
77.00,52.00,75.00
77.00,79.00,52.00
79.00,51.00,52.00
49.00,75.00,52.00
80.00,81.00,82.00
80.00,83.00,84.00
82.00,83.00,80.00
84.00,85.00,86.00
83.00,85.00,84.00
85.00,87.00,86.00
55.00,88.00,89.00
54.00,88.00,55.00
81.00,80.00,56.00
81.00,56.00,89.00
89.00,56.00,55.00
58.00,56.00,80.00
84.00,58.00,80.00
60.00,58.00,84.00
60.00,84.00,90.00
90.00,84.00,86.00
91.00,86.00,87.00
90.00,86.00,91.00
54.00,61.00,88.00
88.00,61.00,92.00
60.00,90.00,62.00
90.00,64.00,62.00
90.00,91.00,64.00
91.00,93.00,64.00
61.00,65.00,92.00
92.00,65.00,94.00
64.00,93.00,67.00
93.00,95.00,67.00
65.00,68.00,94.00
94.00,68.00,96.00
67.00,95.00,70.00
95.00,97.00,70.00
98.00,71.00,99.00
98.00,96.00,71.00
96.00,68.00,71.00
98.00,99.00,100.00
72.00,101.00,102.00
73.00,72.00,102.00
97.00,72.00,70.00
101.00,72.00,97.00
99.00,74.00,103.00
71.00,74.00,99.00
104.00,100.00,99.00
104.00,99.00,105.00
105.00,99.00,103.00
105.00,77.00,76.00
105.00,76.00,104.00
104.00,76.00,106.00
102.00,76.00,73.00
106.00,76.00,102.00
74.00,78.00,103.00
79.00,103.00,78.00
105.00,103.00,79.00
77.00,105.00,79.00
107.00,108.00,109.00
109.00,110.00,107.00
82.00,111.00,112.00
81.00,111.00,82.00
83.00,82.00,113.00
82.00,112.00,113.00
108.00,107.00,85.00
108.00,85.00,113.00
113.00,85.00,83.00
107.00,87.00,85.00
107.00,110.00,87.00
110.00,114.00,87.00
89.00,115.00,116.00
88.00,115.00,89.00
111.00,81.00,89.00
116.00,111.00,89.00
117.00,118.00,91.00
117.00,91.00,114.00
114.00,91.00,87.00
117.00,119.00,118.00
88.00,92.00,115.00
115.00,92.00,120.00
118.00,121.00,122.00
118.00,122.00,91.00
91.00,122.00,93.00
119.00,121.00,118.00
92.00,94.00,120.00
120.00,94.00,123.00
93.00,122.00,95.00
122.00,124.00,95.00
125.00,96.00,126.00
125.00,123.00,96.00
123.00,94.00,96.00
125.00,126.00,127.00
128.00,129.00,130.00
128.00,124.00,129.00
128.00,97.00,124.00
97.00,95.00,124.00
96.00,98.00,126.00
100.00,131.00,132.00
98.00,100.00,132.00
98.00,132.00,127.00
98.00,127.00,126.00
131.00,133.00,134.00
132.00,131.00,134.00
130.00,134.00,133.00
128.00,130.00,133.00
128.00,133.00,102.00
128.00,102.00,101.00
97.00,128.00,101.00
100.00,104.00,131.00
106.00,131.00,104.00
133.00,131.00,106.00
102.00,133.00,106.00
135.00,136.00,137.00
135.00,138.00,139.00
137.00,138.00,135.00
139.00,109.00,108.00
139.00,138.00,109.00
138.00,140.00,109.00
140.00,110.00,109.00
141.00,110.00,140.00
112.00,136.00,135.00
112.00,111.00,136.00
111.00,142.00,136.00
113.00,112.00,135.00
139.00,113.00,135.00
108.00,113.00,139.00
143.00,144.00,114.00
143.00,114.00,141.00
141.00,114.00,110.00
143.00,145.00,144.00
116.00,115.00,146.00
116.00,146.00,147.00
116.00,147.00,111.00
111.00,147.00,142.00
114.00,144.00,117.00
144.00,119.00,117.00
144.00,145.00,119.00
145.00,148.00,119.00
146.00,120.00,149.00
115.00,120.00,146.00
150.00,147.00,146.00
149.00,150.00,146.00
121.00,151.00,122.00
121.00,152.00,151.00
121.00,119.00,152.00
119.00,148.00,152.00
149.00,123.00,153.00
120.00,123.00,149.00
154.00,150.00,149.00
153.00,154.00,149.00
151.00,155.00,156.00
151.00,156.00,122.00
122.00,156.00,124.00
152.00,155.00,151.00
123.00,125.00,153.00
127.00,157.00,158.00
125.00,127.00,158.00
125.00,158.00,154.00
125.00,154.00,153.00
157.00,159.00,160.00
158.00,157.00,160.00
159.00,130.00,129.00
159.00,129.00,160.00
160.00,129.00,161.00
156.00,129.00,124.00
161.00,129.00,156.00
127.00,132.00,157.00
134.00,157.00,132.00
159.00,157.00,134.00
130.00,159.00,134.00
162.00,163.00,164.00
162.00,165.00,166.00
164.00,165.00,162.00
166.00,167.00,168.00
165.00,167.00,166.00
167.00,169.00,168.00
137.00,170.00,171.00
136.00,170.00,137.00
163.00,162.00,138.00
163.00,138.00,171.00
171.00,138.00,137.00
140.00,138.00,162.00
166.00,140.00,162.00
141.00,140.00,166.00
141.00,166.00,172.00
172.00,166.00,168.00
173.00,168.00,169.00
172.00,168.00,173.00
136.00,142.00,170.00
170.00,142.00,174.00
141.00,172.00,143.00
172.00,145.00,143.00
172.00,173.00,145.00
173.00,175.00,145.00
142.00,147.00,174.00
174.00,147.00,176.00
145.00,175.00,148.00
175.00,177.00,148.00
147.00,150.00,176.00
176.00,150.00,178.00
179.00,180.00,181.00
179.00,177.00,180.00
179.00,152.00,177.00
152.00,148.00,177.00
182.00,154.00,183.00
182.00,178.00,154.00
178.00,150.00,154.00
182.00,183.00,184.00
185.00,186.00,187.00
181.00,186.00,185.00
179.00,181.00,185.00
179.00,185.00,156.00
179.00,156.00,155.00
152.00,179.00,155.00
154.00,158.00,183.00
183.00,188.00,184.00
183.00,158.00,188.00
158.00,160.00,188.00
187.00,161.00,185.00
187.00,188.00,161.00
188.00,160.00,161.00
156.00,185.00,161.00
189.00,190.00,191.00
189.00,192.00,193.00
191.00,192.00,189.00
193.00,194.00,195.00
192.00,194.00,193.00
194.00,196.00,195.00
197.00,198.00,199.00
190.00,197.00,199.00
189.00,197.00,190.00
189.00,163.00,197.00
189.00,164.00,163.00
165.00,164.00,189.00
193.00,165.00,189.00
167.00,165.00,193.00
195.00,167.00,193.00
195.00,169.00,167.00
195.00,196.00,169.00
196.00,200.00,169.00
171.00,198.00,197.00
171.00,170.00,198.00
170.00,201.00,198.00
163.00,171.00,197.00
169.00,200.00,173.00
200.00,202.00,173.00
170.00,174.00,201.00
201.00,174.00,203.00
173.00,202.00,175.00
202.00,204.00,175.00
174.00,176.00,203.00
203.00,176.00,205.00
175.00,204.00,177.00
204.00,206.00,177.00
207.00,178.00,208.00
207.00,205.00,178.00
205.00,176.00,178.00
207.00,208.00,209.00
180.00,210.00,211.00
181.00,180.00,211.00
206.00,180.00,177.00
210.00,180.00,206.00
178.00,182.00,208.00
184.00,212.00,213.00
182.00,184.00,213.00
182.00,213.00,209.00
182.00,209.00,208.00
212.00,187.00,186.00
212.00,186.00,213.00
213.00,186.00,214.00
211.00,186.00,181.00
214.00,186.00,211.00
184.00,188.00,212.00
187.00,212.00,188.00
191.00,215.00,216.00
190.00,215.00,191.00
192.00,191.00,217.00
191.00,216.00,217.00
194.00,192.00,218.00
192.00,217.00,218.00
218.00,196.00,194.00
219.00,196.00,218.00
199.00,220.00,221.00
198.00,220.00,199.00
215.00,190.00,199.00
221.00,215.00,199.00
196.00,219.00,200.00
219.00,222.00,200.00
198.00,201.00,220.00
220.00,201.00,223.00
200.00,222.00,202.00
222.00,224.00,202.00
201.00,203.00,223.00
223.00,203.00,225.00
202.00,224.00,204.00
224.00,226.00,204.00
227.00,205.00,228.00
227.00,225.00,205.00
225.00,203.00,205.00
227.00,228.00,229.00
230.00,231.00,232.00
230.00,226.00,231.00
230.00,206.00,226.00
206.00,204.00,226.00
205.00,207.00,228.00
209.00,233.00,234.00
207.00,209.00,234.00
207.00,234.00,229.00
207.00,229.00,228.00
233.00,235.00,236.00
234.00,233.00,236.00
232.00,236.00,235.00
230.00,232.00,235.00
230.00,235.00,211.00
230.00,211.00,210.00
206.00,230.00,210.00
209.00,213.00,233.00
214.00,233.00,213.00
235.00,233.00,214.00
211.00,235.00,214.00
237.00,238.00,239.00
237.00,240.00,241.00
239.00,240.00,237.00
241.00,242.00,243.00
240.00,242.00,241.00
242.00,244.00,243.00
216.00,238.00,237.00
216.00,215.00,238.00
215.00,245.00,238.00
217.00,216.00,237.00
241.00,217.00,237.00
218.00,217.00,241.00
243.00,218.00,241.00
219.00,246.00,247.00
218.00,246.00,219.00
218.00,244.00,246.00
218.00,243.00,244.00
246.00,248.00,247.00
221.00,249.00,250.00
220.00,249.00,221.00
245.00,215.00,221.00
250.00,245.00,221.00
247.00,251.00,222.00
219.00,247.00,222.00
252.00,247.00,248.00
251.00,247.00,252.00
220.00,223.00,249.00
249.00,223.00,253.00
251.00,254.00,224.00
222.00,251.00,224.00
255.00,251.00,252.00
254.00,251.00,255.00
256.00,225.00,257.00
256.00,253.00,225.00
253.00,223.00,225.00
256.00,257.00,258.00
254.00,259.00,260.00
254.00,260.00,224.00
224.00,260.00,226.00
255.00,259.00,254.00
225.00,227.00,257.00
229.00,261.00,262.00
227.00,229.00,262.00
227.00,262.00,258.00
227.00,258.00,257.00
261.00,263.00,264.00
262.00,261.00,264.00
263.00,232.00,231.00
263.00,231.00,264.00
264.00,231.00,265.00
260.00,231.00,226.00
265.00,231.00,260.00
229.00,234.00,261.00
236.00,261.00,234.00
263.00,261.00,236.00
232.00,263.00,236.00
266.00,267.00,268.00
266.00,269.00,270.00
268.00,269.00,266.00
270.00,271.00,272.00
269.00,271.00,270.00
271.00,273.00,272.00
239.00,274.00,275.00
238.00,274.00,239.00
267.00,266.00,240.00
267.00,240.00,275.00
275.00,240.00,239.00
242.00,240.00,266.00
270.00,242.00,266.00
244.00,242.00,270.00
244.00,270.00,276.00
276.00,270.00,272.00
277.00,272.00,273.00
276.00,272.00,277.00
238.00,245.00,274.00
274.00,245.00,278.00
244.00,276.00,246.00
276.00,248.00,246.00
276.00,277.00,248.00
277.00,279.00,248.00
250.00,249.00,280.00
250.00,280.00,281.00
250.00,281.00,245.00
245.00,281.00,278.00
248.00,279.00,252.00
279.00,282.00,252.00
280.00,253.00,283.00
249.00,253.00,280.00
284.00,281.00,280.00
283.00,284.00,280.00
252.00,282.00,255.00
282.00,285.00,255.00
253.00,256.00,283.00
258.00,286.00,287.00
256.00,258.00,287.00
256.00,287.00,284.00
256.00,284.00,283.00
286.00,288.00,289.00
287.00,286.00,289.00
288.00,290.00,291.00
289.00,288.00,291.00
290.00,260.00,259.00
290.00,259.00,291.00
291.00,259.00,292.00
285.00,259.00,255.00
292.00,259.00,285.00
258.00,262.00,286.00
264.00,286.00,262.00
288.00,286.00,264.00
265.00,288.00,264.00
290.00,288.00,265.00
260.00,290.00,265.00
293.00,294.00,295.00
293.00,296.00,297.00
295.00,296.00,293.00
297.00,298.00,299.00
296.00,298.00,297.00
298.00,300.00,299.00
268.00,294.00,293.00
268.00,267.00,294.00
267.00,301.00,294.00
269.00,268.00,293.00
297.00,269.00,293.00
271.00,269.00,297.00
299.00,271.00,297.00
299.00,273.00,271.00
299.00,300.00,273.00
300.00,302.00,273.00
275.00,303.00,304.00
274.00,303.00,275.00
301.00,267.00,275.00
304.00,301.00,275.00
305.00,306.00,277.00
305.00,277.00,302.00
302.00,277.00,273.00
305.00,307.00,306.00
274.00,278.00,303.00
303.00,278.00,308.00
306.00,309.00,279.00
277.00,306.00,279.00
310.00,306.00,307.00
309.00,306.00,310.00
278.00,281.00,308.00
308.00,281.00,311.00
309.00,312.00,313.00
309.00,313.00,279.00
279.00,313.00,282.00
310.00,312.00,309.00
314.00,284.00,315.00
314.00,311.00,284.00
311.00,281.00,284.00
314.00,315.00,316.00
282.00,313.00,285.00
313.00,317.00,285.00
284.00,287.00,315.00
315.00,318.00,316.00
315.00,287.00,318.00
287.00,289.00,318.00
291.00,319.00,289.00
289.00,319.00,318.00
292.00,320.00,291.00
291.00,320.00,319.00
317.00,292.00,285.00
320.00,292.00,317.00
295.00,321.00,322.00
294.00,321.00,295.00
296.00,295.00,323.00
295.00,322.00,323.00
298.00,296.00,324.00
296.00,323.00,324.00
324.00,300.00,298.00
325.00,300.00,324.00
294.00,301.00,321.00
321.00,301.00,326.00
300.00,325.00,302.00
325.00,327.00,302.00
304.00,328.00,329.00
303.00,328.00,304.00
326.00,301.00,304.00
329.00,326.00,304.00
302.00,327.00,330.00
305.00,302.00,330.00
330.00,307.00,305.00
331.00,307.00,330.00
303.00,308.00,328.00
328.00,308.00,332.00
307.00,331.00,310.00
331.00,333.00,310.00
334.00,311.00,335.00
334.00,332.00,311.00
332.00,308.00,311.00
334.00,335.00,336.00
312.00,337.00,338.00
313.00,312.00,338.00
333.00,312.00,310.00
337.00,312.00,333.00
311.00,314.00,335.00
335.00,314.00,316.00
335.00,316.00,336.00
336.00,316.00,339.00
313.00,338.00,317.00
338.00,340.00,317.00
316.00,341.00,339.00
318.00,341.00,316.00
319.00,342.00,318.00
318.00,342.00,341.00
320.00,343.00,319.00
319.00,343.00,342.00
340.00,320.00,317.00
343.00,320.00,340.00
322.00,344.00,345.00
321.00,344.00,322.00
323.00,322.00,346.00
322.00,345.00,346.00
324.00,323.00,347.00
323.00,346.00,347.00
325.00,348.00,349.00
325.00,324.00,348.00
324.00,347.00,348.00
348.00,350.00,349.00
321.00,326.00,344.00
344.00,326.00,351.00
349.00,352.00,327.00
325.00,349.00,327.00
353.00,349.00,350.00
352.00,349.00,353.00
329.00,328.00,354.00
329.00,354.00,355.00
329.00,355.00,326.00
326.00,355.00,351.00
327.00,352.00,330.00
352.00,331.00,330.00
352.00,353.00,331.00
353.00,356.00,331.00
354.00,332.00,357.00
328.00,332.00,354.00
358.00,355.00,354.00
357.00,358.00,354.00
331.00,356.00,333.00
356.00,359.00,333.00
332.00,334.00,357.00
357.00,334.00,336.00
357.00,336.00,358.00
358.00,336.00,360.00
337.00,361.00,362.00
338.00,337.00,362.00
359.00,337.00,333.00
361.00,337.00,359.00
363.00,339.00,364.00
363.00,360.00,339.00
360.00,336.00,339.00
363.00,364.00,365.00
366.00,367.00,368.00
366.00,362.00,367.00
366.00,340.00,362.00
340.00,338.00,362.00
339.00,341.00,364.00
364.00,369.00,365.00
364.00,341.00,369.00
341.00,342.00,369.00
368.00,343.00,366.00
368.00,369.00,343.00
369.00,342.00,343.00
340.00,366.00,343.00
370.00,371.00,372.00
370.00,373.00,374.00
372.00,373.00,370.00
374.00,375.00,376.00
373.00,375.00,374.00
375.00,377.00,376.00
345.00,378.00,379.00
344.00,378.00,345.00
371.00,370.00,346.00
371.00,346.00,379.00
379.00,346.00,345.00
347.00,346.00,370.00
374.00,347.00,370.00
348.00,347.00,374.00
376.00,348.00,374.00
376.00,350.00,348.00
376.00,377.00,350.00
377.00,380.00,350.00
344.00,351.00,378.00
378.00,351.00,381.00
350.00,380.00,353.00
380.00,382.00,353.00
351.00,355.00,381.00
381.00,355.00,383.00
353.00,382.00,356.00
382.00,384.00,356.00
355.00,358.00,383.00
383.00,358.00,385.00
356.00,384.00,359.00
384.00,386.00,359.00
387.00,360.00,388.00
387.00,385.00,360.00
385.00,358.00,360.00
387.00,388.00,389.00
361.00,390.00,391.00
362.00,361.00,391.00
386.00,361.00,359.00
390.00,361.00,386.00
360.00,363.00,388.00
365.00,392.00,393.00
363.00,365.00,393.00
363.00,393.00,389.00
363.00,389.00,388.00
392.00,368.00,367.00
392.00,367.00,393.00
393.00,367.00,394.00
391.00,367.00,362.00
394.00,367.00,391.00
365.00,369.00,392.00
368.00,392.00,369.00
372.00,395.00,396.00
371.00,395.00,372.00
373.00,372.00,397.00
372.00,396.00,397.00
375.00,373.00,398.00
373.00,397.00,398.00
398.00,377.00,375.00
399.00,377.00,398.00
379.00,378.00,400.00
379.00,400.00,401.00
379.00,401.00,371.00
371.00,401.00,395.00
402.00,403.00,380.00
402.00,380.00,399.00
399.00,380.00,377.00
402.00,404.00,403.00
400.00,381.00,405.00
378.00,381.00,400.00
406.00,401.00,400.00
405.00,406.00,400.00
403.00,407.00,382.00
380.00,403.00,382.00
408.00,403.00,404.00
407.00,403.00,408.00
405.00,383.00,409.00
381.00,383.00,405.00
410.00,406.00,405.00
409.00,410.00,405.00
407.00,411.00,412.00
407.00,412.00,382.00
382.00,412.00,384.00
408.00,411.00,407.00
409.00,385.00,413.00
383.00,385.00,409.00
414.00,410.00,409.00
413.00,414.00,409.00
384.00,412.00,386.00
412.00,415.00,386.00
385.00,387.00,413.00
389.00,416.00,417.00
387.00,389.00,417.00
387.00,417.00,414.00
387.00,414.00,413.00
416.00,418.00,419.00
417.00,416.00,419.00
418.00,391.00,390.00
418.00,390.00,419.00
419.00,390.00,420.00
415.00,390.00,386.00
420.00,390.00,415.00
389.00,393.00,416.00
394.00,416.00,393.00
418.00,416.00,394.00
391.00,418.00,394.00
421.00,422.00,423.00
421.00,424.00,425.00
423.00,424.00,421.00
424.00,426.00,425.00
396.00,427.00,428.00
395.00,427.00,396.00
422.00,421.00,397.00
422.00,397.00,428.00
428.00,397.00,396.00
398.00,397.00,421.00
425.00,398.00,421.00
399.00,429.00,430.00
398.00,429.00,399.00
398.00,426.00,429.00
398.00,425.00,426.00
429.00,431.00,430.00
395.00,401.00,427.00
427.00,401.00,432.00
399.00,430.00,402.00
430.00,404.00,402.00
430.00,431.00,404.00
431.00,433.00,404.00
401.00,406.00,432.00
432.00,406.00,434.00
404.00,433.00,408.00
433.00,435.00,408.00
406.00,410.00,434.00
434.00,410.00,436.00
411.00,437.00,412.00
411.00,438.00,437.00
411.00,408.00,438.00
408.00,435.00,438.00
410.00,414.00,436.00
436.00,414.00,439.00
437.00,440.00,441.00
437.00,441.00,412.00
412.00,441.00,415.00
438.00,440.00,437.00
414.00,442.00,439.00
417.00,442.00,414.00
419.00,443.00,417.00
417.00,443.00,442.00
420.00,444.00,419.00
419.00,444.00,443.00
441.00,420.00,415.00
444.00,420.00,441.00
445.00,446.00,447.00
445.00,423.00,422.00
445.00,447.00,423.00
447.00,448.00,423.00
424.00,423.00,449.00
423.00,448.00,449.00
426.00,450.00,451.00
426.00,424.00,450.00
424.00,449.00,450.00
450.00,452.00,451.00
428.00,446.00,445.00
428.00,427.00,446.00
427.00,453.00,446.00
422.00,428.00,445.00
426.00,451.00,429.00
451.00,431.00,429.00
451.00,452.00,431.00
452.00,454.00,431.00
427.00,432.00,453.00
453.00,432.00,455.00
431.00,454.00,433.00
454.00,456.00,433.00
432.00,434.00,455.00
455.00,434.00,457.00
433.00,456.00,435.00
456.00,458.00,435.00
434.00,436.00,457.00
457.00,436.00,459.00
435.00,458.00,438.00
458.00,460.00,438.00
461.00,439.00,462.00
461.00,459.00,439.00
459.00,436.00,439.00
462.00,463.00,464.00
461.00,462.00,464.00
463.00,465.00,466.00
464.00,463.00,466.00
465.00,441.00,440.00
465.00,440.00,466.00
466.00,440.00,467.00
460.00,440.00,438.00
467.00,440.00,460.00
439.00,442.00,462.00
443.00,462.00,442.00
463.00,462.00,443.00
444.00,463.00,443.00
465.00,463.00,444.00
441.00,465.00,444.00
468.00,469.00,470.00
468.00,471.00,472.00
470.00,471.00,468.00
472.00,473.00,474.00
471.00,473.00,472.00
473.00,475.00,474.00
447.00,476.00,477.00
446.00,476.00,447.00
469.00,468.00,448.00
469.00,448.00,477.00
477.00,448.00,447.00
449.00,448.00,468.00
472.00,449.00,468.00
450.00,449.00,472.00
474.00,450.00,472.00
474.00,452.00,450.00
474.00,475.00,452.00
475.00,478.00,452.00
446.00,453.00,476.00
476.00,453.00,479.00
452.00,478.00,454.00
478.00,480.00,454.00
453.00,455.00,479.00
479.00,455.00,481.00
454.00,480.00,456.00
480.00,482.00,456.00
455.00,457.00,481.00
481.00,457.00,483.00
456.00,482.00,458.00
482.00,484.00,458.00
485.00,459.00,486.00
485.00,483.00,459.00
483.00,457.00,459.00
485.00,486.00,487.00
458.00,484.00,460.00
484.00,488.00,460.00
459.00,461.00,486.00
486.00,489.00,487.00
486.00,461.00,489.00
461.00,464.00,489.00
466.00,490.00,464.00
464.00,490.00,489.00
467.00,491.00,466.00
466.00,491.00,490.00
488.00,467.00,460.00
491.00,467.00,488.00
470.00,492.00,493.00
469.00,492.00,470.00
471.00,470.00,494.00
470.00,493.00,494.00
473.00,471.00,495.00
471.00,494.00,495.00
495.00,475.00,473.00
496.00,475.00,495.00
477.00,497.00,498.00
476.00,497.00,477.00
492.00,469.00,477.00
498.00,492.00,477.00
475.00,496.00,478.00
496.00,499.00,478.00
476.00,479.00,497.00
497.00,479.00,500.00
478.00,499.00,480.00
499.00,501.00,480.00
479.00,481.00,500.00
500.00,481.00,502.00
480.00,501.00,482.00
501.00,503.00,482.00
481.00,483.00,502.00
502.00,483.00,504.00
482.00,503.00,484.00
503.00,505.00,484.00
483.00,506.00,504.00
485.00,506.00,483.00
506.00,485.00,487.00
507.00,506.00,487.00
484.00,505.00,488.00
505.00,508.00,488.00
487.00,509.00,507.00
489.00,509.00,487.00
490.00,510.00,489.00
489.00,510.00,509.00
491.00,511.00,490.00
490.00,511.00,510.00
508.00,491.00,488.00
511.00,491.00,508.00
512.00,513.00,514.00
512.00,515.00,516.00
514.00,515.00,512.00
516.00,517.00,518.00
515.00,517.00,516.00
517.00,519.00,518.00
493.00,513.00,512.00
493.00,492.00,513.00
492.00,520.00,513.00
494.00,493.00,512.00
516.00,494.00,512.00
495.00,494.00,516.00
518.00,495.00,516.00
518.00,496.00,495.00
518.00,519.00,496.00
519.00,521.00,496.00
498.00,522.00,523.00
497.00,522.00,498.00
520.00,492.00,498.00
523.00,520.00,498.00
496.00,521.00,499.00
521.00,524.00,499.00
497.00,500.00,522.00
522.00,500.00,525.00
499.00,524.00,501.00
524.00,526.00,501.00
500.00,502.00,525.00
525.00,502.00,527.00
501.00,526.00,503.00
526.00,528.00,503.00
529.00,504.00,530.00
529.00,527.00,504.00
527.00,502.00,504.00
529.00,530.00,531.00
503.00,528.00,505.00
528.00,532.00,505.00
504.00,506.00,530.00
507.00,533.00,534.00
506.00,507.00,534.00
506.00,534.00,531.00
506.00,531.00,530.00
533.00,535.00,536.00
534.00,533.00,536.00
535.00,537.00,538.00
536.00,535.00,538.00
537.00,532.00,538.00
537.00,508.00,532.00
508.00,505.00,532.00
507.00,509.00,533.00
510.00,533.00,509.00
535.00,533.00,510.00
511.00,535.00,510.00
537.00,535.00,511.00
508.00,537.00,511.00
514.00,539.00,540.00
513.00,539.00,514.00
515.00,514.00,541.00
514.00,540.00,541.00
517.00,515.00,542.00
515.00,541.00,542.00
542.00,519.00,517.00
543.00,519.00,542.00
544.00,545.00,546.00
544.00,546.00,539.00
544.00,539.00,520.00
520.00,539.00,513.00
519.00,543.00,521.00
543.00,547.00,521.00
523.00,545.00,544.00
523.00,522.00,545.00
522.00,548.00,545.00
520.00,523.00,544.00
521.00,547.00,524.00
547.00,549.00,524.00
522.00,525.00,548.00
548.00,525.00,550.00
524.00,549.00,526.00
549.00,551.00,526.00
552.00,527.00,553.00
552.00,550.00,527.00
550.00,525.00,527.00
552.00,553.00,554.00
526.00,551.00,528.00
551.00,555.00,528.00
527.00,529.00,553.00
553.00,529.00,531.00
553.00,531.00,554.00
554.00,531.00,556.00
528.00,555.00,532.00
555.00,557.00,532.00
531.00,558.00,556.00
534.00,558.00,531.00
536.00,559.00,534.00
534.00,559.00,558.00
538.00,560.00,536.00
536.00,560.00,559.00
557.00,538.00,532.00
560.00,538.00,557.00
561.00,562.00,563.00
561.00,564.00,565.00
563.00,564.00,561.00
565.00,566.00,567.00
564.00,566.00,565.00
566.00,568.00,567.00
540.00,562.00,561.00
540.00,539.00,562.00
539.00,569.00,562.00
541.00,540.00,561.00
565.00,541.00,561.00
542.00,541.00,565.00
567.00,542.00,565.00
567.00,543.00,542.00
567.00,568.00,543.00
568.00,570.00,543.00
546.00,571.00,572.00
545.00,571.00,546.00
569.00,539.00,546.00
572.00,569.00,546.00
543.00,570.00,547.00
570.00,573.00,547.00
545.00,548.00,571.00
571.00,548.00,574.00
547.00,573.00,549.00
573.00,575.00,549.00
576.00,550.00,577.00
576.00,574.00,550.00
574.00,548.00,550.00
576.00,577.00,578.00
549.00,575.00,551.00
575.00,579.00,551.00
550.00,552.00,577.00
554.00,580.00,581.00
552.00,554.00,581.00
552.00,581.00,578.00
552.00,578.00,577.00
581.00,580.00,582.00
583.00,584.00,585.00
583.00,579.00,584.00
583.00,555.00,579.00
555.00,551.00,579.00
580.00,556.00,586.00
554.00,556.00,580.00
587.00,582.00,580.00
587.00,580.00,588.00
588.00,580.00,586.00
585.00,587.00,588.00
585.00,588.00,583.00
583.00,588.00,589.00
555.00,589.00,557.00
583.00,589.00,555.00
556.00,558.00,586.00
559.00,586.00,558.00
588.00,586.00,559.00
560.00,588.00,559.00
589.00,588.00,560.00
557.00,589.00,560.00
563.00,590.00,591.00
562.00,590.00,563.00
564.00,563.00,592.00
563.00,591.00,592.00
566.00,564.00,593.00
564.00,592.00,593.00
593.00,568.00,566.00
594.00,568.00,593.00
562.00,569.00,590.00
590.00,569.00,595.00
568.00,594.00,570.00
594.00,596.00,570.00
572.00,597.00,598.00
571.00,597.00,572.00
595.00,569.00,572.00
598.00,595.00,572.00
570.00,596.00,573.00
596.00,599.00,573.00
600.00,574.00,601.00
600.00,597.00,574.00
597.00,571.00,574.00
600.00,601.00,602.00
573.00,599.00,575.00
599.00,603.00,575.00
574.00,576.00,601.00
601.00,576.00,578.00
601.00,578.00,602.00
602.00,578.00,604.00
605.00,606.00,607.00
605.00,603.00,606.00
605.00,579.00,603.00
579.00,575.00,603.00
578.00,608.00,604.00
581.00,608.00,578.00
582.00,609.00,610.00
582.00,610.00,581.00
581.00,610.00,608.00
607.00,610.00,609.00
605.00,607.00,609.00
605.00,609.00,585.00
605.00,585.00,584.00
579.00,605.00,584.00
582.00,587.00,609.00
585.00,609.00,587.00
611.00,612.00,613.00
611.00,614.00,615.00
613.00,614.00,611.00
615.00,616.00,617.00
614.00,616.00,615.00
616.00,618.00,617.00
619.00,612.00,611.00
620.00,612.00,619.00
591.00,590.00,619.00
591.00,619.00,615.00
615.00,619.00,611.00
592.00,591.00,615.00
617.00,592.00,615.00
617.00,618.00,621.00
617.00,621.00,592.00
592.00,621.00,593.00
621.00,594.00,593.00
622.00,594.00,621.00
623.00,620.00,619.00
624.00,620.00,623.00
590.00,595.00,623.00
619.00,590.00,623.00
594.00,622.00,596.00
622.00,625.00,596.00
598.00,624.00,623.00
598.00,597.00,624.00
597.00,626.00,624.00
595.00,598.00,623.00
596.00,625.00,599.00
625.00,627.00,599.00
597.00,628.00,626.00
600.00,628.00,597.00
628.00,600.00,602.00
629.00,628.00,602.00
599.00,627.00,603.00
627.00,630.00,603.00
631.00,604.00,632.00
631.00,629.00,604.00
629.00,602.00,604.00
632.00,633.00,634.00
631.00,632.00,634.00
633.00,607.00,606.00
633.00,606.00,634.00
634.00,606.00,635.00
630.00,606.00,603.00
635.00,606.00,630.00
604.00,608.00,632.00
610.00,632.00,608.00
633.00,632.00,610.00
607.00,633.00,610.00
636.00,637.00,638.00
638.00,639.00,636.00
640.00,637.00,636.00
641.00,637.00,640.00
642.00,636.00,639.00
640.00,636.00,642.00
643.00,641.00,640.00
644.00,641.00,643.00
645.00,640.00,642.00
645.00,646.00,640.00
646.00,643.00,640.00
645.00,647.00,646.00
613.00,644.00,643.00
613.00,612.00,644.00
612.00,648.00,644.00
614.00,613.00,643.00
646.00,614.00,643.00
646.00,647.00,649.00
646.00,649.00,614.00
614.00,649.00,616.00
649.00,618.00,616.00
650.00,618.00,649.00
612.00,620.00,648.00
648.00,620.00,651.00
618.00,650.00,652.00
621.00,618.00,652.00
652.00,622.00,621.00
653.00,622.00,652.00
620.00,624.00,651.00
651.00,624.00,654.00
622.00,653.00,625.00
653.00,655.00,625.00
624.00,626.00,654.00
654.00,626.00,656.00
625.00,655.00,627.00
655.00,657.00,627.00
626.00,658.00,656.00
628.00,658.00,626.00
658.00,628.00,629.00
659.00,658.00,629.00
660.00,661.00,662.00
660.00,657.00,661.00
660.00,630.00,657.00
630.00,627.00,657.00
629.00,663.00,659.00
631.00,663.00,629.00
634.00,664.00,631.00
631.00,664.00,663.00
662.00,635.00,660.00
662.00,664.00,635.00
664.00,634.00,635.00
630.00,660.00,635.00
665.00,666.00,667.00
667.00,668.00,665.00
638.00,666.00,665.00
638.00,637.00,666.00
637.00,669.00,666.00
665.00,639.00,638.00
665.00,668.00,639.00
668.00,670.00,639.00
637.00,641.00,669.00
669.00,641.00,671.00
672.00,673.00,642.00
672.00,642.00,670.00
670.00,642.00,639.00
672.00,674.00,673.00
641.00,644.00,671.00
671.00,644.00,675.00
642.00,673.00,645.00
647.00,676.00,677.00
645.00,676.00,647.00
645.00,674.00,676.00
645.00,673.00,674.00
676.00,678.00,677.00
644.00,648.00,675.00
675.00,648.00,679.00
647.00,677.00,649.00
677.00,650.00,649.00
677.00,678.00,650.00
678.00,680.00,650.00
648.00,651.00,679.00
679.00,651.00,681.00
650.00,680.00,682.00
652.00,650.00,682.00
682.00,653.00,652.00
683.00,653.00,682.00
651.00,654.00,681.00
681.00,654.00,684.00
653.00,683.00,655.00
683.00,685.00,655.00
654.00,656.00,684.00
684.00,656.00,686.00
655.00,685.00,657.00
685.00,687.00,657.00
656.00,688.00,686.00
658.00,688.00,656.00
659.00,689.00,690.00
659.00,690.00,658.00
658.00,690.00,688.00
690.00,689.00,691.00
661.00,692.00,693.00
662.00,661.00,693.00
687.00,661.00,657.00
692.00,661.00,687.00
659.00,663.00,689.00
689.00,694.00,691.00
689.00,663.00,694.00
663.00,664.00,694.00
693.00,664.00,662.00
694.00,664.00,693.00
667.00,695.00,696.00
666.00,695.00,667.00
668.00,697.00,698.00
668.00,667.00,697.00
667.00,696.00,697.00
697.00,699.00,698.00
666.00,669.00,695.00
695.00,669.00,700.00
698.00,701.00,670.00
668.00,698.00,670.00
702.00,698.00,699.00
701.00,698.00,702.00
669.00,671.00,700.00
700.00,671.00,703.00
670.00,701.00,672.00
701.00,674.00,672.00
701.00,702.00,674.00
702.00,704.00,674.00
671.00,675.00,703.00
703.00,675.00,705.00
674.00,704.00,706.00
676.00,674.00,706.00
706.00,678.00,676.00
707.00,678.00,706.00
675.00,679.00,705.00
705.00,679.00,708.00
709.00,710.00,680.00
709.00,680.00,707.00
707.00,680.00,678.00
709.00,711.00,710.00
679.00,681.00,708.00
708.00,681.00,712.00
680.00,710.00,682.00
710.00,683.00,682.00
710.00,711.00,683.00
711.00,713.00,683.00
681.00,684.00,712.00
712.00,684.00,714.00
683.00,713.00,685.00
713.00,715.00,685.00
684.00,686.00,714.00
714.00,686.00,716.00
685.00,715.00,687.00
715.00,717.00,687.00
686.00,718.00,716.00
688.00,718.00,686.00
690.00,719.00,688.00
688.00,719.00,718.00
691.00,720.00,721.00
691.00,721.00,690.00
690.00,721.00,719.00
720.00,693.00,692.00
720.00,692.00,721.00
721.00,692.00,722.00
717.00,692.00,687.00
722.00,692.00,717.00
691.00,694.00,720.00
693.00,720.00,694.00
696.00,723.00,724.00
695.00,723.00,696.00
697.00,696.00,725.00
696.00,724.00,725.00
725.00,699.00,697.00
726.00,699.00,725.00
695.00,700.00,723.00
723.00,700.00,727.00
699.00,726.00,702.00
726.00,728.00,702.00
700.00,703.00,727.00
727.00,703.00,729.00
702.00,728.00,704.00
728.00,730.00,704.00
703.00,705.00,729.00
729.00,705.00,731.00
704.00,730.00,732.00
706.00,704.00,732.00
732.00,707.00,706.00
733.00,707.00,732.00
705.00,708.00,731.00
731.00,708.00,734.00
735.00,709.00,707.00
735.00,707.00,736.00
736.00,707.00,733.00
709.00,735.00,711.00
708.00,712.00,734.00
734.00,712.00,737.00
735.00,736.00,738.00
738.00,711.00,735.00
738.00,739.00,711.00
739.00,713.00,711.00
712.00,714.00,737.00
737.00,714.00,740.00
713.00,739.00,715.00
739.00,741.00,715.00
714.00,716.00,740.00
740.00,716.00,742.00
743.00,744.00,745.00
743.00,741.00,744.00
743.00,717.00,741.00
717.00,715.00,741.00
716.00,746.00,742.00
718.00,746.00,716.00
719.00,747.00,718.00
718.00,747.00,746.00
721.00,748.00,719.00
719.00,748.00,747.00
745.00,722.00,743.00
745.00,748.00,722.00
748.00,721.00,722.00
717.00,743.00,722.00
724.00,749.00,750.00
723.00,749.00,724.00
725.00,724.00,751.00
724.00,750.00,751.00
751.00,726.00,725.00
752.00,726.00,751.00
723.00,727.00,749.00
749.00,727.00,753.00
726.00,752.00,728.00
752.00,754.00,728.00
727.00,729.00,753.00
753.00,729.00,755.00
756.00,757.00,730.00
756.00,730.00,754.00
754.00,730.00,728.00
756.00,758.00,757.00
729.00,731.00,755.00
755.00,731.00,759.00
730.00,757.00,732.00
757.00,733.00,732.00
757.00,758.00,733.00
758.00,760.00,733.00
731.00,734.00,759.00
759.00,734.00,761.00
733.00,760.00,736.00
760.00,762.00,736.00
734.00,737.00,761.00
761.00,737.00,763.00
764.00,738.00,736.00
764.00,736.00,765.00
765.00,736.00,762.00
738.00,764.00,739.00
737.00,740.00,763.00
763.00,740.00,766.00
767.00,764.00,765.00
768.00,767.00,765.00
739.00,767.00,741.00
764.00,767.00,739.00
740.00,742.00,766.00
766.00,742.00,769.00
770.00,771.00,772.00
768.00,771.00,770.00
767.00,768.00,770.00
767.00,770.00,745.00
767.00,745.00,744.00
741.00,767.00,744.00
742.00,773.00,769.00
746.00,773.00,742.00
747.00,774.00,746.00
746.00,774.00,773.00
772.00,748.00,770.00
772.00,774.00,748.00
774.00,747.00,748.00
745.00,770.00,748.00
750.00,775.00,776.00
749.00,775.00,750.00
777.00,776.00,778.00
777.00,751.00,776.00
751.00,750.00,776.00
751.00,777.00,752.00
749.00,753.00,775.00
775.00,753.00,779.00
777.00,778.00,780.00
780.00,752.00,777.00
780.00,781.00,752.00
781.00,754.00,752.00
753.00,755.00,779.00
779.00,755.00,782.00
754.00,781.00,783.00
756.00,754.00,783.00
783.00,758.00,756.00
784.00,758.00,783.00
755.00,759.00,782.00
782.00,759.00,785.00
758.00,784.00,760.00
784.00,786.00,760.00
759.00,761.00,785.00
785.00,761.00,787.00
760.00,786.00,762.00
786.00,788.00,762.00
761.00,763.00,787.00
787.00,763.00,789.00
762.00,788.00,765.00
788.00,790.00,765.00
763.00,766.00,789.00
789.00,766.00,791.00
792.00,793.00,794.00
792.00,790.00,793.00
792.00,768.00,790.00
768.00,765.00,790.00
766.00,769.00,791.00
791.00,769.00,795.00
771.00,792.00,794.00
771.00,794.00,772.00
772.00,794.00,796.00
768.00,792.00,771.00
769.00,797.00,795.00
773.00,797.00,769.00
774.00,798.00,773.00
773.00,798.00,797.00
796.00,774.00,772.00
798.00,774.00,796.00
776.00,799.00,800.00
775.00,799.00,776.00
800.00,778.00,776.00
801.00,778.00,800.00
775.00,779.00,799.00
799.00,779.00,802.00
803.00,780.00,778.00
803.00,778.00,804.00
804.00,778.00,801.00
780.00,803.00,781.00
779.00,782.00,802.00
802.00,782.00,805.00
803.00,804.00,806.00
807.00,806.00,808.00
783.00,806.00,807.00
783.00,803.00,806.00
783.00,781.00,803.00
783.00,807.00,784.00
782.00,785.00,805.00
805.00,785.00,809.00
810.00,807.00,808.00
811.00,810.00,808.00
784.00,810.00,786.00
807.00,810.00,784.00
785.00,787.00,809.00
809.00,787.00,812.00
813.00,810.00,811.00
814.00,813.00,811.00
786.00,813.00,788.00
810.00,813.00,786.00
787.00,789.00,812.00
812.00,789.00,815.00
816.00,813.00,814.00
817.00,816.00,814.00
788.00,816.00,790.00
813.00,816.00,788.00
789.00,791.00,815.00
815.00,791.00,818.00
793.00,816.00,817.00
793.00,817.00,794.00
794.00,817.00,819.00
790.00,816.00,793.00
791.00,795.00,818.00
818.00,795.00,820.00
794.00,819.00,796.00
819.00,821.00,796.00
795.00,822.00,820.00
797.00,822.00,795.00
798.00,823.00,797.00
797.00,823.00,822.00
821.00,798.00,796.00
823.00,798.00,821.00
800.00,799.00,824.00
800.00,824.00,801.00
824.00,802.00,825.00
799.00,802.00,824.00
801.00,825.00,804.00
824.00,825.00,801.00
825.00,805.00,826.00
802.00,805.00,825.00
804.00,827.00,806.00
804.00,825.00,827.00
825.00,826.00,827.00
806.00,827.00,808.00
826.00,809.00,828.00
805.00,809.00,826.00
827.00,826.00,829.00
829.00,826.00,828.00
808.00,829.00,811.00
827.00,829.00,808.00
828.00,812.00,830.00
809.00,812.00,828.00
829.00,828.00,831.00
831.00,828.00,830.00
811.00,831.00,814.00
829.00,831.00,811.00
830.00,815.00,832.00
812.00,815.00,830.00
831.00,830.00,833.00
833.00,830.00,832.00
814.00,833.00,817.00
831.00,833.00,814.00
832.00,818.00,834.00
815.00,818.00,832.00
833.00,832.00,835.00
835.00,832.00,834.00
817.00,835.00,819.00
833.00,835.00,817.00
834.00,820.00,836.00
818.00,820.00,834.00
835.00,834.00,837.00
837.00,834.00,836.00
819.00,837.00,821.00
835.00,837.00,819.00
820.00,822.00,836.00
823.00,836.00,822.00
837.00,836.00,823.00
821.00,837.00,823.00
