0.00,1.00,2.00
0.00,3.00,4.00
2.00,3.00,0.00
3.00,5.00,4.00
6.00,1.00,0.00
7.00,1.00,6.00
4.00,8.00,0.00
8.00,6.00,0.00
9.00,4.00,5.00
8.00,4.00,9.00
10.00,7.00,6.00
11.00,7.00,10.00
8.00,12.00,6.00
12.00,10.00,6.00
13.00,8.00,9.00
12.00,8.00,13.00
10.00,14.00,11.00
14.00,15.00,16.00
14.00,10.00,15.00
10.00,12.00,15.00
17.00,12.00,13.00
15.00,12.00,17.00
18.00,16.00,15.00
19.00,16.00,18.00
20.00,15.00,17.00
18.00,15.00,20.00
18.00,21.00,19.00
20.00,21.00,18.00
22.00,23.00,24.00
22.00,25.00,26.00
24.00,25.00,22.00
25.00,27.00,26.00
28.00,29.00,30.00
23.00,28.00,30.00
22.00,28.00,23.00
22.00,1.00,28.00
22.00,2.00,1.00
3.00,2.00,22.00
26.00,3.00,22.00
5.00,31.00,32.00
3.00,31.00,5.00
3.00,27.00,31.00
3.00,26.00,27.00
31.00,33.00,32.00
34.00,29.00,28.00
35.00,29.00,34.00
1.00,7.00,34.00
28.00,1.00,34.00
32.00,36.00,9.00
5.00,32.00,9.00
37.00,32.00,33.00
36.00,32.00,37.00
38.00,35.00,34.00
39.00,35.00,38.00
7.00,11.00,38.00
34.00,7.00,38.00
36.00,40.00,13.00
9.00,36.00,13.00
41.00,36.00,37.00
40.00,36.00,41.00
38.00,42.00,39.00
43.00,44.00,42.00
14.00,43.00,42.00
14.00,42.00,38.00
14.00,38.00,11.00
14.00,16.00,43.00
40.00,45.00,46.00
40.00,46.00,13.00
13.00,46.00,17.00
41.00,45.00,40.00
43.00,47.00,44.00
47.00,43.00,16.00
47.00,16.00,48.00
48.00,16.00,19.00
17.00,46.00,20.00
46.00,49.00,20.00
19.00,50.00,48.00
21.00,50.00,19.00
49.00,21.00,20.00
50.00,21.00,49.00
24.00,51.00,52.00
23.00,51.00,24.00
25.00,24.00,53.00
24.00,52.00,53.00
53.00,27.00,25.00
54.00,27.00,53.00
30.00,55.00,56.00
29.00,55.00,30.00
51.00,23.00,30.00
56.00,51.00,30.00
27.00,54.00,57.00
31.00,27.00,57.00
57.00,33.00,31.00
58.00,33.00,57.00
29.00,35.00,55.00
55.00,35.00,59.00
33.00,58.00,37.00
58.00,60.00,37.00
35.00,39.00,59.00
59.00,39.00,61.00
37.00,60.00,41.00
60.00,62.00,41.00
63.00,39.00,42.00
63.00,64.00,39.00
64.00,61.00,39.00
42.00,44.00,63.00
45.00,65.00,46.00
45.00,66.00,65.00
45.00,41.00,66.00
41.00,62.00,66.00
63.00,67.00,64.00
68.00,69.00,67.00
47.00,68.00,67.00
47.00,67.00,63.00
47.00,63.00,44.00
47.00,48.00,68.00
65.00,70.00,71.00
65.00,71.00,46.00
46.00,71.00,49.00
66.00,70.00,65.00
68.00,72.00,69.00
73.00,74.00,72.00
50.00,73.00,72.00
50.00,72.00,68.00
50.00,68.00,48.00
50.00,75.00,73.00
50.00,49.00,75.00
49.00,71.00,75.00
73.00,76.00,74.00
75.00,76.00,73.00
77.00,78.00,79.00
77.00,52.00,51.00
77.00,79.00,52.00
79.00,80.00,52.00
53.00,52.00,81.00
52.00,80.00,81.00
81.00,54.00,53.00
82.00,54.00,81.00
56.00,78.00,77.00
56.00,55.00,78.00
55.00,83.00,78.00
51.00,56.00,77.00
54.00,82.00,84.00
57.00,54.00,84.00
84.00,58.00,57.00
85.00,58.00,84.00
55.00,59.00,83.00
83.00,59.00,86.00
58.00,85.00,60.00
85.00,87.00,60.00
59.00,61.00,86.00
86.00,61.00,88.00
60.00,87.00,62.00
87.00,89.00,62.00
61.00,64.00,88.00
88.00,64.00,90.00
62.00,89.00,66.00
89.00,91.00,66.00
64.00,92.00,90.00
67.00,92.00,64.00
92.00,67.00,69.00
93.00,92.00,69.00
70.00,94.00,95.00
71.00,70.00,95.00
91.00,70.00,66.00
94.00,70.00,91.00
69.00,96.00,93.00
72.00,96.00,69.00
96.00,72.00,74.00
97.00,96.00,74.00
71.00,95.00,75.00
95.00,98.00,75.00
74.00,99.00,97.00
76.00,99.00,74.00
98.00,76.00,75.00
99.00,76.00,98.00
79.00,100.00,101.00
78.00,100.00,79.00
80.00,79.00,102.00
79.00,101.00,102.00
81.00,80.00,103.00
80.00,102.00,103.00
103.00,82.00,81.00
104.00,82.00,103.00
78.00,83.00,100.00
100.00,83.00,105.00
82.00,104.00,106.00
84.00,82.00,106.00
106.00,85.00,84.00
107.00,85.00,106.00
83.00,86.00,105.00
105.00,86.00,108.00
85.00,107.00,87.00
107.00,109.00,87.00
86.00,88.00,108.00
108.00,88.00,110.00
87.00,109.00,89.00
109.00,111.00,89.00
88.00,90.00,110.00
110.00,90.00,112.00
89.00,111.00,91.00
111.00,113.00,91.00
90.00,114.00,112.00
92.00,114.00,90.00
114.00,92.00,93.00
115.00,114.00,93.00
94.00,116.00,117.00
95.00,94.00,117.00
113.00,94.00,91.00
116.00,94.00,113.00
93.00,118.00,115.00
96.00,118.00,93.00
97.00,119.00,120.00
97.00,120.00,96.00
96.00,120.00,118.00
119.00,117.00,120.00
119.00,98.00,117.00
98.00,95.00,117.00
97.00,99.00,119.00
98.00,119.00,99.00
101.00,121.00,122.00
100.00,121.00,101.00
102.00,101.00,123.00
101.00,122.00,123.00
103.00,102.00,124.00
102.00,123.00,124.00
124.00,104.00,103.00
125.00,104.00,124.00
100.00,105.00,121.00
121.00,105.00,126.00
104.00,125.00,127.00
106.00,104.00,127.00
127.00,107.00,106.00
128.00,107.00,127.00
105.00,108.00,126.00
126.00,108.00,129.00
107.00,128.00,109.00
128.00,130.00,109.00
108.00,110.00,129.00
129.00,110.00,131.00
109.00,130.00,111.00
130.00,132.00,111.00
110.00,112.00,131.00
131.00,112.00,133.00
111.00,132.00,113.00
132.00,134.00,113.00
112.00,135.00,133.00
114.00,135.00,112.00
135.00,114.00,115.00
136.00,135.00,115.00
116.00,137.00,138.00
117.00,116.00,138.00
134.00,116.00,113.00
137.00,116.00,134.00
115.00,139.00,136.00
118.00,139.00,115.00
120.00,140.00,118.00
118.00,140.00,139.00
138.00,120.00,117.00
140.00,120.00,138.00
141.00,142.00,143.00
143.00,144.00,141.00
122.00,145.00,146.00
121.00,145.00,122.00
142.00,141.00,123.00
142.00,123.00,146.00
146.00,123.00,122.00
141.00,144.00,147.00
141.00,147.00,123.00
123.00,147.00,124.00
125.00,148.00,149.00
125.00,124.00,148.00
124.00,147.00,148.00
148.00,150.00,149.00
121.00,126.00,145.00
145.00,126.00,151.00
125.00,149.00,127.00
149.00,128.00,127.00
149.00,150.00,128.00
150.00,152.00,128.00
126.00,129.00,151.00
151.00,129.00,153.00
128.00,152.00,130.00
152.00,154.00,130.00
129.00,131.00,153.00
153.00,131.00,155.00
130.00,154.00,132.00
154.00,156.00,132.00
157.00,133.00,158.00
157.00,155.00,133.00
155.00,131.00,133.00
157.00,158.00,159.00
160.00,161.00,162.00
160.00,156.00,161.00
160.00,134.00,156.00
134.00,132.00,156.00
133.00,135.00,158.00
158.00,135.00,136.00
158.00,136.00,159.00
159.00,136.00,163.00
164.00,165.00,166.00
162.00,165.00,164.00
160.00,162.00,164.00
160.00,164.00,138.00
160.00,138.00,137.00
134.00,160.00,137.00
136.00,167.00,163.00
139.00,167.00,136.00
166.00,140.00,164.00
166.00,167.00,140.00
167.00,139.00,140.00
138.00,164.00,140.00
143.00,168.00,169.00
142.00,168.00,143.00
144.00,170.00,171.00
144.00,143.00,170.00
143.00,169.00,170.00
171.00,172.00,173.00
170.00,172.00,171.00
172.00,174.00,173.00
146.00,175.00,176.00
145.00,175.00,146.00
168.00,142.00,146.00
176.00,168.00,146.00
144.00,171.00,147.00
148.00,147.00,171.00
173.00,148.00,171.00
173.00,150.00,148.00
173.00,174.00,150.00
174.00,177.00,150.00
145.00,151.00,175.00
175.00,151.00,178.00
150.00,177.00,152.00
177.00,179.00,152.00
151.00,153.00,178.00
178.00,153.00,180.00
152.00,179.00,154.00
179.00,181.00,154.00
153.00,155.00,180.00
180.00,155.00,182.00
154.00,181.00,156.00
181.00,183.00,156.00
155.00,184.00,182.00
157.00,184.00,155.00
184.00,157.00,159.00
185.00,184.00,159.00
161.00,186.00,187.00
162.00,161.00,187.00
183.00,161.00,156.00
186.00,161.00,183.00
188.00,163.00,189.00
188.00,185.00,163.00
185.00,159.00,163.00
189.00,166.00,165.00
189.00,165.00,188.00
188.00,165.00,190.00
187.00,165.00,162.00
190.00,165.00,187.00
163.00,167.00,189.00
166.00,189.00,167.00
191.00,192.00,193.00
193.00,194.00,191.00
195.00,196.00,197.00
195.00,198.00,199.00
197.00,198.00,195.00
199.00,200.00,201.00
198.00,200.00,199.00
192.00,201.00,200.00
192.00,191.00,201.00
191.00,202.00,201.00
203.00,191.00,194.00
202.00,191.00,203.00
204.00,196.00,195.00
205.00,196.00,204.00
169.00,168.00,204.00
169.00,204.00,199.00
199.00,204.00,195.00
170.00,169.00,199.00
201.00,170.00,199.00
172.00,170.00,201.00
202.00,172.00,201.00
202.00,174.00,172.00
202.00,203.00,174.00
203.00,206.00,174.00
176.00,205.00,204.00
176.00,175.00,205.00
175.00,207.00,205.00
168.00,176.00,204.00
174.00,206.00,177.00
206.00,208.00,177.00
175.00,178.00,207.00
207.00,178.00,209.00
177.00,208.00,179.00
208.00,210.00,179.00
178.00,180.00,209.00
209.00,180.00,211.00
179.00,210.00,181.00
210.00,212.00,181.00
180.00,182.00,211.00
211.00,182.00,213.00
214.00,215.00,216.00
214.00,212.00,215.00
214.00,183.00,212.00
183.00,181.00,212.00
182.00,217.00,213.00
184.00,217.00,182.00
185.00,218.00,219.00
185.00,219.00,184.00
184.00,219.00,217.00
218.00,220.00,221.00
219.00,218.00,221.00
216.00,221.00,220.00
214.00,216.00,220.00
214.00,220.00,187.00
214.00,187.00,186.00
183.00,214.00,186.00
185.00,188.00,218.00
190.00,218.00,188.00
220.00,218.00,190.00
187.00,220.00,190.00
222.00,223.00,224.00
224.00,225.00,222.00
226.00,223.00,222.00
227.00,223.00,226.00
228.00,222.00,225.00
226.00,222.00,228.00
229.00,230.00,231.00
227.00,229.00,231.00
227.00,226.00,229.00
226.00,232.00,229.00
192.00,233.00,193.00
192.00,226.00,233.00
192.00,232.00,226.00
228.00,233.00,226.00
233.00,194.00,193.00
234.00,194.00,233.00
197.00,235.00,236.00
196.00,235.00,197.00
230.00,229.00,198.00
230.00,198.00,236.00
236.00,198.00,197.00
200.00,198.00,229.00
232.00,200.00,229.00
192.00,200.00,232.00
194.00,234.00,203.00
234.00,237.00,203.00
196.00,205.00,235.00
235.00,205.00,238.00
203.00,237.00,206.00
237.00,239.00,206.00
205.00,207.00,238.00
238.00,207.00,240.00
206.00,239.00,208.00
239.00,241.00,208.00
207.00,209.00,240.00
240.00,209.00,242.00
208.00,241.00,210.00
241.00,243.00,210.00
209.00,211.00,242.00
242.00,211.00,244.00
210.00,243.00,212.00
243.00,245.00,212.00
211.00,213.00,244.00
244.00,213.00,246.00
215.00,247.00,248.00
216.00,215.00,248.00
245.00,215.00,212.00
247.00,215.00,245.00
213.00,249.00,246.00
217.00,249.00,213.00
219.00,250.00,217.00
217.00,250.00,249.00
221.00,251.00,219.00
219.00,251.00,250.00
248.00,221.00,216.00
251.00,221.00,248.00
252.00,253.00,254.00
254.00,255.00,252.00
256.00,257.00,258.00
256.00,259.00,260.00
258.00,259.00,256.00
253.00,260.00,259.00
252.00,260.00,253.00
252.00,223.00,260.00
252.00,224.00,223.00
225.00,261.00,262.00
224.00,261.00,225.00
224.00,255.00,261.00
224.00,252.00,255.00
261.00,263.00,262.00
264.00,257.00,256.00
265.00,257.00,264.00
260.00,266.00,256.00
266.00,264.00,256.00
223.00,227.00,266.00
260.00,223.00,266.00
262.00,267.00,228.00
225.00,262.00,228.00
268.00,262.00,263.00
267.00,262.00,268.00
269.00,265.00,264.00
270.00,265.00,269.00
231.00,230.00,269.00
231.00,269.00,266.00
266.00,269.00,264.00
227.00,231.00,266.00
228.00,267.00,233.00
234.00,271.00,272.00
233.00,271.00,234.00
233.00,268.00,271.00
233.00,267.00,268.00
271.00,273.00,272.00
236.00,270.00,269.00
236.00,235.00,270.00
235.00,274.00,270.00
230.00,236.00,269.00
272.00,275.00,237.00
234.00,272.00,237.00
276.00,272.00,273.00
275.00,272.00,276.00
235.00,238.00,274.00
274.00,238.00,277.00
275.00,278.00,279.00
275.00,279.00,237.00
237.00,279.00,239.00
276.00,278.00,275.00
238.00,240.00,277.00
277.00,240.00,280.00
239.00,279.00,241.00
279.00,281.00,241.00
240.00,242.00,280.00
280.00,242.00,282.00
241.00,281.00,243.00
281.00,283.00,243.00
284.00,244.00,285.00
284.00,282.00,244.00
282.00,242.00,244.00
284.00,285.00,286.00
287.00,288.00,289.00
287.00,283.00,288.00
287.00,245.00,283.00
245.00,243.00,283.00
285.00,246.00,290.00
244.00,246.00,285.00
291.00,286.00,285.00
291.00,285.00,292.00
292.00,285.00,290.00
292.00,293.00,294.00
291.00,292.00,294.00
289.00,294.00,293.00
287.00,289.00,293.00
287.00,293.00,248.00
287.00,248.00,247.00
245.00,287.00,247.00
246.00,249.00,290.00
250.00,290.00,249.00
292.00,290.00,250.00
251.00,292.00,250.00
293.00,292.00,251.00
248.00,293.00,251.00
295.00,296.00,297.00
297.00,298.00,295.00
299.00,300.00,301.00
296.00,299.00,301.00
296.00,295.00,299.00
295.00,302.00,299.00
253.00,303.00,254.00
253.00,295.00,303.00
253.00,302.00,295.00
298.00,303.00,295.00
255.00,304.00,305.00
255.00,254.00,304.00
254.00,303.00,304.00
305.00,306.00,307.00
304.00,306.00,305.00
306.00,308.00,307.00
258.00,300.00,299.00
258.00,257.00,300.00
257.00,309.00,300.00
259.00,258.00,299.00
302.00,259.00,299.00
253.00,259.00,302.00
255.00,305.00,261.00
263.00,261.00,305.00
263.00,305.00,310.00
310.00,305.00,307.00
311.00,307.00,308.00
310.00,307.00,311.00
257.00,265.00,309.00
309.00,265.00,312.00
310.00,313.00,268.00
263.00,310.00,268.00
314.00,310.00,311.00
313.00,310.00,314.00
265.00,270.00,312.00
312.00,270.00,315.00
268.00,313.00,271.00
313.00,273.00,271.00
313.00,314.00,273.00
314.00,316.00,273.00
270.00,274.00,315.00
315.00,274.00,317.00
273.00,316.00,276.00
316.00,318.00,276.00
274.00,277.00,317.00
317.00,277.00,319.00
278.00,320.00,279.00
278.00,321.00,320.00
278.00,276.00,321.00
276.00,318.00,321.00
277.00,280.00,319.00
319.00,280.00,322.00
320.00,323.00,281.00
279.00,320.00,281.00
324.00,320.00,321.00
323.00,320.00,324.00
280.00,282.00,322.00
322.00,282.00,325.00
326.00,327.00,328.00
323.00,329.00,327.00
323.00,327.00,283.00
323.00,283.00,281.00
283.00,327.00,326.00
324.00,329.00,323.00
282.00,330.00,325.00
284.00,330.00,282.00
330.00,284.00,286.00
331.00,330.00,286.00
332.00,333.00,334.00
328.00,333.00,332.00
326.00,328.00,332.00
326.00,332.00,289.00
326.00,289.00,288.00
283.00,326.00,288.00
286.00,335.00,331.00
291.00,335.00,286.00
334.00,294.00,332.00
334.00,335.00,294.00
335.00,291.00,294.00
289.00,332.00,294.00
336.00,337.00,338.00
336.00,297.00,296.00
336.00,338.00,297.00
338.00,339.00,297.00
339.00,298.00,297.00
340.00,298.00,339.00
341.00,342.00,343.00
341.00,344.00,345.00
343.00,344.00,341.00
345.00,346.00,347.00
344.00,346.00,345.00
346.00,348.00,347.00
301.00,337.00,336.00
301.00,300.00,337.00
300.00,349.00,337.00
296.00,301.00,336.00
298.00,340.00,350.00
303.00,298.00,350.00
342.00,341.00,304.00
342.00,304.00,350.00
350.00,304.00,303.00
306.00,304.00,341.00
345.00,306.00,341.00
308.00,306.00,345.00
308.00,345.00,351.00
351.00,345.00,347.00
352.00,347.00,348.00
351.00,347.00,352.00
300.00,309.00,349.00
349.00,309.00,353.00
351.00,354.00,311.00
308.00,351.00,311.00
355.00,351.00,352.00
354.00,351.00,355.00
309.00,312.00,353.00
353.00,312.00,356.00
354.00,357.00,314.00
311.00,354.00,314.00
358.00,354.00,355.00
357.00,354.00,358.00
312.00,315.00,356.00
356.00,315.00,359.00
357.00,360.00,361.00
357.00,361.00,314.00
314.00,361.00,316.00
358.00,360.00,357.00
315.00,317.00,359.00
359.00,317.00,362.00
316.00,361.00,318.00
361.00,363.00,318.00
317.00,319.00,362.00
362.00,319.00,364.00
318.00,363.00,321.00
363.00,365.00,321.00
366.00,322.00,367.00
366.00,364.00,322.00
364.00,319.00,322.00
366.00,367.00,368.00
369.00,370.00,371.00
370.00,369.00,372.00
321.00,365.00,324.00
365.00,373.00,324.00
367.00,325.00,374.00
322.00,325.00,367.00
375.00,368.00,367.00
375.00,367.00,376.00
376.00,367.00,374.00
376.00,377.00,378.00
375.00,376.00,378.00
371.00,378.00,377.00
369.00,371.00,377.00
369.00,377.00,328.00
369.00,328.00,327.00
369.00,379.00,372.00
369.00,327.00,379.00
327.00,329.00,379.00
373.00,329.00,324.00
379.00,329.00,373.00
325.00,330.00,374.00
331.00,374.00,330.00
331.00,380.00,374.00
380.00,376.00,374.00
333.00,380.00,334.00
333.00,377.00,380.00
377.00,376.00,380.00
328.00,377.00,333.00
331.00,335.00,380.00
334.00,380.00,335.00
381.00,382.00,383.00
381.00,384.00,385.00
383.00,384.00,381.00
385.00,386.00,387.00
384.00,386.00,385.00
387.00,388.00,389.00
386.00,388.00,387.00
388.00,390.00,389.00
338.00,391.00,392.00
337.00,391.00,338.00
339.00,338.00,393.00
338.00,392.00,393.00
340.00,394.00,395.00
340.00,339.00,394.00
339.00,393.00,394.00
382.00,395.00,394.00
381.00,395.00,382.00
381.00,342.00,395.00
381.00,343.00,342.00
344.00,343.00,381.00
385.00,344.00,381.00
346.00,344.00,385.00
387.00,346.00,385.00
348.00,346.00,387.00
348.00,387.00,396.00
396.00,387.00,389.00
397.00,389.00,390.00
396.00,389.00,397.00
337.00,349.00,391.00
391.00,349.00,398.00
340.00,395.00,350.00
342.00,350.00,395.00
396.00,399.00,352.00
348.00,396.00,352.00
400.00,396.00,397.00
399.00,396.00,400.00
349.00,353.00,398.00
398.00,353.00,401.00
399.00,402.00,355.00
352.00,399.00,355.00
403.00,399.00,400.00
402.00,399.00,403.00
353.00,356.00,401.00
401.00,356.00,404.00
402.00,405.00,358.00
355.00,402.00,358.00
406.00,402.00,403.00
405.00,402.00,406.00
356.00,359.00,404.00
404.00,359.00,407.00
360.00,408.00,361.00
360.00,409.00,408.00
358.00,409.00,360.00
358.00,410.00,409.00
358.00,405.00,410.00
406.00,410.00,405.00
359.00,362.00,407.00
407.00,362.00,411.00
408.00,412.00,413.00
408.00,413.00,361.00
361.00,413.00,363.00
409.00,412.00,408.00
414.00,364.00,415.00
414.00,411.00,364.00
411.00,362.00,364.00
414.00,415.00,416.00
363.00,413.00,365.00
413.00,417.00,365.00
364.00,366.00,415.00
368.00,418.00,419.00
366.00,368.00,419.00
366.00,419.00,416.00
366.00,416.00,415.00
418.00,420.00,421.00
419.00,418.00,421.00
420.00,371.00,370.00
420.00,370.00,421.00
421.00,370.00,422.00
372.00,423.00,424.00
372.00,424.00,370.00
370.00,424.00,422.00
423.00,417.00,424.00
423.00,373.00,417.00
373.00,365.00,417.00
368.00,375.00,418.00
378.00,418.00,375.00
420.00,418.00,378.00
371.00,420.00,378.00
372.00,379.00,423.00
373.00,423.00,379.00
425.00,426.00,427.00
425.00,428.00,429.00
427.00,428.00,425.00
429.00,430.00,431.00
428.00,430.00,429.00
431.00,432.00,433.00
430.00,432.00,431.00
433.00,434.00,435.00
432.00,434.00,433.00
434.00,436.00,435.00
383.00,426.00,425.00
383.00,382.00,426.00
382.00,437.00,426.00
384.00,383.00,425.00
429.00,384.00,425.00
386.00,384.00,429.00
431.00,386.00,429.00
388.00,386.00,431.00
433.00,388.00,431.00
390.00,388.00,433.00
390.00,433.00,438.00
438.00,433.00,435.00
439.00,435.00,436.00
438.00,435.00,439.00
392.00,391.00,440.00
441.00,392.00,440.00
441.00,442.00,392.00
442.00,393.00,392.00
394.00,393.00,443.00
393.00,442.00,443.00
437.00,382.00,394.00
443.00,437.00,394.00
438.00,444.00,397.00
390.00,438.00,397.00
445.00,438.00,439.00
444.00,438.00,445.00
440.00,446.00,447.00
440.00,391.00,446.00
391.00,398.00,446.00
441.00,440.00,447.00
444.00,448.00,400.00
397.00,444.00,400.00
449.00,444.00,445.00
448.00,444.00,449.00
398.00,401.00,446.00
446.00,401.00,450.00
448.00,451.00,403.00
400.00,448.00,403.00
452.00,448.00,449.00
451.00,448.00,452.00
401.00,404.00,450.00
450.00,404.00,453.00
451.00,454.00,406.00
403.00,451.00,406.00
455.00,451.00,452.00
454.00,451.00,455.00
404.00,407.00,453.00
453.00,407.00,456.00
410.00,457.00,409.00
410.00,458.00,457.00
406.00,458.00,410.00
406.00,459.00,458.00
406.00,454.00,459.00
455.00,459.00,454.00
460.00,411.00,461.00
460.00,456.00,411.00
456.00,407.00,411.00
460.00,461.00,462.00
412.00,463.00,413.00
412.00,464.00,463.00
409.00,464.00,412.00
409.00,465.00,464.00
409.00,457.00,465.00
458.00,465.00,457.00
411.00,414.00,461.00
416.00,466.00,467.00
414.00,416.00,467.00
414.00,467.00,462.00
414.00,462.00,461.00
466.00,468.00,469.00
467.00,466.00,469.00
468.00,470.00,471.00
469.00,468.00,471.00
471.00,470.00,472.00
463.00,473.00,474.00
463.00,474.00,413.00
413.00,474.00,417.00
464.00,473.00,463.00
416.00,419.00,466.00
421.00,466.00,419.00
468.00,466.00,421.00
422.00,468.00,421.00
470.00,468.00,422.00
470.00,475.00,472.00
470.00,422.00,475.00
422.00,424.00,475.00
474.00,424.00,417.00
475.00,424.00,474.00
476.00,477.00,478.00
478.00,479.00,476.00
480.00,481.00,482.00
480.00,483.00,484.00
482.00,483.00,480.00
484.00,485.00,486.00
483.00,485.00,484.00
477.00,486.00,485.00
477.00,476.00,486.00
476.00,487.00,486.00
488.00,476.00,479.00
488.00,489.00,476.00
489.00,487.00,476.00
488.00,490.00,489.00
427.00,491.00,492.00
426.00,491.00,427.00
481.00,480.00,428.00
481.00,428.00,492.00
492.00,428.00,427.00
430.00,428.00,480.00
484.00,430.00,480.00
432.00,430.00,484.00
486.00,432.00,484.00
434.00,432.00,486.00
487.00,434.00,486.00
436.00,434.00,487.00
436.00,487.00,493.00
493.00,487.00,489.00
494.00,489.00,490.00
493.00,489.00,494.00
426.00,437.00,491.00
491.00,437.00,495.00
493.00,496.00,439.00
436.00,493.00,439.00
497.00,493.00,494.00
496.00,493.00,497.00
442.00,498.00,499.00
441.00,498.00,442.00
443.00,442.00,500.00
442.00,499.00,500.00
495.00,437.00,443.00
500.00,495.00,443.00
496.00,501.00,445.00
439.00,496.00,445.00
502.00,496.00,497.00
501.00,496.00,502.00
447.00,446.00,503.00
447.00,503.00,504.00
447.00,504.00,441.00
441.00,504.00,498.00
501.00,505.00,506.00
501.00,506.00,445.00
445.00,506.00,449.00
502.00,505.00,501.00
503.00,450.00,507.00
446.00,450.00,503.00
508.00,504.00,503.00
507.00,508.00,503.00
449.00,506.00,452.00
506.00,509.00,452.00
507.00,453.00,510.00
450.00,453.00,507.00
511.00,508.00,507.00
510.00,511.00,507.00
452.00,509.00,455.00
509.00,512.00,455.00
510.00,456.00,513.00
453.00,456.00,510.00
514.00,511.00,510.00
514.00,510.00,515.00
515.00,510.00,513.00
514.00,515.00,516.00
459.00,517.00,518.00
458.00,459.00,518.00
512.00,459.00,455.00
517.00,459.00,512.00
456.00,460.00,513.00
462.00,513.00,460.00
462.00,519.00,513.00
519.00,515.00,513.00
520.00,516.00,515.00
519.00,520.00,515.00
465.00,521.00,522.00
464.00,465.00,522.00
518.00,465.00,458.00
521.00,465.00,518.00
462.00,467.00,519.00
519.00,523.00,520.00
519.00,467.00,523.00
467.00,469.00,523.00
471.00,524.00,469.00
469.00,524.00,523.00
472.00,525.00,526.00
472.00,526.00,471.00
471.00,526.00,524.00
525.00,474.00,473.00
525.00,473.00,526.00
526.00,473.00,527.00
522.00,473.00,464.00
527.00,473.00,522.00
472.00,475.00,525.00
474.00,525.00,475.00
528.00,529.00,530.00
530.00,531.00,528.00
532.00,533.00,534.00
529.00,532.00,534.00
528.00,532.00,529.00
528.00,477.00,532.00
528.00,478.00,477.00
479.00,535.00,536.00
478.00,535.00,479.00
478.00,531.00,535.00
478.00,528.00,531.00
536.00,537.00,538.00
535.00,537.00,536.00
537.00,539.00,538.00
482.00,540.00,541.00
481.00,540.00,482.00
483.00,482.00,542.00
482.00,541.00,542.00
533.00,532.00,485.00
533.00,485.00,542.00
542.00,485.00,483.00
477.00,485.00,532.00
479.00,536.00,488.00
490.00,488.00,536.00
490.00,536.00,543.00
543.00,536.00,538.00
544.00,538.00,539.00
543.00,538.00,544.00
492.00,545.00,546.00
491.00,545.00,492.00
540.00,481.00,492.00
546.00,540.00,492.00
543.00,547.00,494.00
490.00,543.00,494.00
548.00,543.00,544.00
547.00,543.00,548.00
491.00,495.00,545.00
545.00,495.00,549.00
547.00,550.00,497.00
494.00,547.00,497.00
551.00,547.00,548.00
550.00,547.00,551.00
499.00,498.00,552.00
553.00,499.00,552.00
553.00,554.00,499.00
554.00,500.00,499.00
549.00,495.00,500.00
554.00,549.00,500.00
550.00,555.00,556.00
550.00,556.00,497.00
497.00,556.00,502.00
551.00,555.00,550.00
552.00,504.00,557.00
498.00,504.00,552.00
558.00,553.00,552.00
557.00,558.00,552.00
505.00,559.00,560.00
506.00,505.00,560.00
556.00,505.00,502.00
559.00,505.00,556.00
557.00,508.00,561.00
504.00,508.00,557.00
562.00,558.00,557.00
561.00,562.00,557.00
506.00,560.00,509.00
560.00,563.00,509.00
561.00,511.00,564.00
508.00,511.00,561.00
565.00,562.00,561.00
564.00,565.00,561.00
509.00,563.00,512.00
563.00,566.00,512.00
511.00,514.00,564.00
564.00,514.00,516.00
564.00,516.00,565.00
565.00,516.00,567.00
517.00,568.00,569.00
518.00,517.00,569.00
566.00,517.00,512.00
568.00,517.00,566.00
570.00,520.00,571.00
570.00,567.00,520.00
567.00,516.00,520.00
571.00,572.00,573.00
570.00,571.00,573.00
573.00,572.00,574.00
521.00,575.00,576.00
522.00,521.00,576.00
569.00,521.00,518.00
575.00,521.00,569.00
520.00,523.00,571.00
524.00,571.00,523.00
572.00,571.00,524.00
572.00,577.00,574.00
572.00,524.00,577.00
524.00,526.00,577.00
527.00,578.00,526.00
526.00,578.00,577.00
576.00,527.00,522.00
578.00,527.00,576.00
579.00,580.00,581.00
579.00,530.00,529.00
579.00,581.00,530.00
581.00,582.00,530.00
531.00,583.00,584.00
531.00,530.00,583.00
530.00,582.00,583.00
584.00,585.00,586.00
583.00,585.00,584.00
585.00,587.00,586.00
588.00,589.00,590.00
580.00,588.00,590.00
579.00,588.00,580.00
579.00,533.00,588.00
579.00,534.00,533.00
529.00,534.00,579.00
531.00,584.00,535.00
537.00,535.00,584.00
586.00,537.00,584.00
539.00,591.00,592.00
537.00,591.00,539.00
537.00,587.00,591.00
537.00,586.00,587.00
591.00,593.00,592.00
541.00,594.00,595.00
540.00,594.00,541.00
589.00,588.00,542.00
589.00,542.00,595.00
595.00,542.00,541.00
533.00,542.00,588.00
592.00,596.00,597.00
592.00,597.00,539.00
539.00,597.00,544.00
593.00,596.00,592.00
546.00,545.00,598.00
546.00,598.00,599.00
546.00,599.00,540.00
540.00,599.00,594.00
544.00,597.00,548.00
597.00,600.00,548.00
598.00,601.00,602.00
598.00,545.00,601.00
545.00,549.00,601.00
599.00,598.00,602.00
548.00,600.00,551.00
600.00,603.00,551.00
554.00,553.00,604.00
554.00,604.00,605.00
554.00,605.00,549.00
549.00,605.00,601.00
555.00,606.00,607.00
556.00,555.00,607.00
603.00,555.00,551.00
606.00,555.00,603.00
604.00,558.00,608.00
553.00,558.00,604.00
609.00,605.00,604.00
608.00,609.00,604.00
559.00,610.00,611.00
560.00,559.00,611.00
607.00,559.00,556.00
610.00,559.00,607.00
608.00,562.00,612.00
558.00,562.00,608.00
613.00,609.00,608.00
612.00,613.00,608.00
560.00,611.00,563.00
611.00,614.00,563.00
612.00,565.00,615.00
562.00,565.00,612.00
616.00,613.00,612.00
615.00,616.00,612.00
563.00,614.00,566.00
614.00,617.00,566.00
615.00,567.00,618.00
565.00,567.00,615.00
619.00,616.00,615.00
618.00,619.00,615.00
620.00,621.00,622.00
620.00,569.00,568.00
620.00,568.00,621.00
621.00,568.00,623.00
617.00,568.00,566.00
623.00,568.00,617.00
567.00,570.00,618.00
618.00,624.00,619.00
618.00,570.00,624.00
570.00,573.00,624.00
574.00,625.00,626.00
574.00,626.00,573.00
573.00,626.00,624.00
625.00,627.00,628.00
626.00,625.00,628.00
622.00,628.00,627.00
620.00,622.00,627.00
620.00,627.00,576.00
620.00,576.00,575.00
569.00,620.00,575.00
574.00,577.00,625.00
578.00,625.00,577.00
627.00,625.00,578.00
576.00,627.00,578.00
629.00,630.00,631.00
629.00,632.00,633.00
631.00,632.00,629.00
633.00,634.00,635.00
632.00,634.00,633.00
635.00,636.00,637.00
634.00,636.00,635.00
636.00,638.00,637.00
581.00,639.00,640.00
580.00,639.00,581.00
630.00,629.00,582.00
630.00,582.00,640.00
640.00,582.00,581.00
583.00,582.00,629.00
633.00,583.00,629.00
585.00,583.00,633.00
635.00,585.00,633.00
587.00,585.00,635.00
587.00,635.00,641.00
641.00,635.00,637.00
642.00,637.00,638.00
641.00,637.00,642.00
590.00,643.00,644.00
589.00,643.00,590.00
639.00,580.00,590.00
644.00,639.00,590.00
587.00,641.00,591.00
641.00,593.00,591.00
641.00,642.00,593.00
642.00,645.00,593.00
595.00,646.00,647.00
594.00,646.00,595.00
643.00,589.00,595.00
647.00,643.00,595.00
596.00,648.00,597.00
596.00,649.00,648.00
596.00,593.00,649.00
593.00,645.00,649.00
594.00,599.00,646.00
646.00,599.00,650.00
648.00,651.00,652.00
648.00,652.00,597.00
597.00,652.00,600.00
649.00,651.00,648.00
602.00,601.00,653.00
602.00,653.00,654.00
602.00,654.00,599.00
599.00,654.00,650.00
600.00,652.00,603.00
652.00,655.00,603.00
653.00,605.00,656.00
601.00,605.00,653.00
657.00,654.00,653.00
656.00,657.00,653.00
606.00,658.00,659.00
607.00,606.00,659.00
655.00,606.00,603.00
658.00,606.00,655.00
656.00,609.00,660.00
605.00,609.00,656.00
661.00,657.00,656.00
660.00,661.00,656.00
610.00,662.00,663.00
611.00,610.00,663.00
659.00,610.00,607.00
662.00,610.00,659.00
660.00,613.00,664.00
609.00,613.00,660.00
665.00,661.00,660.00
664.00,665.00,660.00
611.00,663.00,614.00
663.00,666.00,614.00
664.00,616.00,667.00
613.00,616.00,664.00
668.00,665.00,664.00
667.00,668.00,664.00
669.00,670.00,671.00
669.00,666.00,670.00
669.00,617.00,666.00
617.00,614.00,666.00
667.00,619.00,672.00
616.00,619.00,667.00
673.00,668.00,667.00
673.00,667.00,674.00
674.00,667.00,672.00
674.00,675.00,676.00
673.00,674.00,676.00
675.00,622.00,621.00
675.00,621.00,676.00
676.00,621.00,677.00
671.00,623.00,669.00
671.00,677.00,623.00
677.00,621.00,623.00
617.00,669.00,623.00
619.00,624.00,672.00
626.00,672.00,624.00
674.00,672.00,626.00
628.00,674.00,626.00
675.00,674.00,628.00
622.00,675.00,628.00
678.00,679.00,680.00
678.00,681.00,682.00
680.00,681.00,678.00
681.00,683.00,682.00
631.00,684.00,685.00
630.00,684.00,631.00
632.00,631.00,686.00
631.00,685.00,686.00
679.00,678.00,634.00
679.00,634.00,686.00
686.00,634.00,632.00
636.00,634.00,678.00
682.00,636.00,678.00
682.00,638.00,636.00
682.00,683.00,638.00
683.00,687.00,638.00
640.00,688.00,689.00
639.00,688.00,640.00
684.00,630.00,640.00
689.00,684.00,640.00
638.00,687.00,642.00
687.00,690.00,642.00
644.00,691.00,692.00
643.00,691.00,644.00
688.00,639.00,644.00
692.00,688.00,644.00
642.00,690.00,645.00
690.00,693.00,645.00
647.00,694.00,695.00
646.00,694.00,647.00
691.00,643.00,647.00
695.00,691.00,647.00
645.00,693.00,649.00
693.00,696.00,649.00
646.00,650.00,694.00
694.00,650.00,697.00
651.00,698.00,652.00
651.00,699.00,698.00
651.00,649.00,699.00
649.00,696.00,699.00
650.00,654.00,697.00
697.00,654.00,700.00
698.00,701.00,702.00
698.00,702.00,652.00
652.00,702.00,655.00
699.00,701.00,698.00
654.00,657.00,700.00
700.00,657.00,703.00
658.00,704.00,705.00
659.00,658.00,705.00
702.00,658.00,655.00
704.00,658.00,702.00
657.00,661.00,703.00
703.00,661.00,706.00
662.00,707.00,708.00
663.00,662.00,708.00
705.00,662.00,659.00
707.00,662.00,705.00
661.00,665.00,706.00
706.00,665.00,709.00
663.00,708.00,666.00
708.00,710.00,666.00
711.00,668.00,712.00
711.00,709.00,668.00
709.00,665.00,668.00
711.00,712.00,713.00
670.00,714.00,715.00
671.00,670.00,715.00
710.00,670.00,666.00
714.00,670.00,710.00
668.00,673.00,712.00
712.00,716.00,713.00
712.00,673.00,716.00
673.00,676.00,716.00
677.00,717.00,676.00
676.00,717.00,716.00
715.00,677.00,671.00
717.00,677.00,715.00
718.00,719.00,720.00
718.00,721.00,722.00
720.00,721.00,718.00
721.00,723.00,722.00
724.00,725.00,726.00
719.00,724.00,726.00
718.00,724.00,719.00
718.00,679.00,724.00
718.00,680.00,679.00
681.00,680.00,718.00
722.00,681.00,718.00
683.00,727.00,728.00
681.00,727.00,683.00
681.00,723.00,727.00
681.00,722.00,723.00
727.00,729.00,728.00
685.00,730.00,731.00
684.00,730.00,685.00
725.00,724.00,686.00
725.00,686.00,731.00
731.00,686.00,685.00
679.00,686.00,724.00
728.00,732.00,687.00
683.00,728.00,687.00
733.00,728.00,729.00
732.00,728.00,733.00
689.00,734.00,735.00
688.00,734.00,689.00
730.00,684.00,689.00
735.00,730.00,689.00
732.00,736.00,690.00
687.00,732.00,690.00
737.00,732.00,733.00
736.00,732.00,737.00
692.00,738.00,739.00
691.00,738.00,692.00
734.00,688.00,692.00
739.00,734.00,692.00
736.00,740.00,693.00
690.00,736.00,693.00
741.00,736.00,737.00
740.00,736.00,741.00
695.00,694.00,742.00
695.00,742.00,743.00
695.00,743.00,691.00
691.00,743.00,738.00
740.00,744.00,745.00
740.00,745.00,693.00
693.00,745.00,696.00
741.00,744.00,740.00
742.00,746.00,747.00
742.00,694.00,746.00
694.00,697.00,746.00
743.00,742.00,747.00
696.00,745.00,699.00
745.00,748.00,699.00
697.00,700.00,746.00
746.00,700.00,749.00
701.00,750.00,751.00
702.00,701.00,751.00
748.00,701.00,699.00
750.00,701.00,748.00
700.00,703.00,749.00
749.00,703.00,752.00
704.00,753.00,754.00
705.00,704.00,754.00
751.00,704.00,702.00
753.00,704.00,751.00
755.00,706.00,756.00
755.00,752.00,706.00
752.00,703.00,706.00
756.00,757.00,758.00
755.00,756.00,758.00
758.00,757.00,759.00
707.00,760.00,761.00
708.00,707.00,761.00
754.00,707.00,705.00
760.00,707.00,754.00
756.00,709.00,762.00
706.00,709.00,756.00
757.00,756.00,763.00
763.00,756.00,762.00
764.00,759.00,757.00
764.00,757.00,765.00
765.00,757.00,763.00
765.00,766.00,767.00
764.00,765.00,767.00
766.00,761.00,767.00
766.00,710.00,761.00
710.00,708.00,761.00
709.00,711.00,762.00
713.00,762.00,711.00
713.00,768.00,762.00
768.00,763.00,762.00
765.00,763.00,769.00
769.00,763.00,768.00
714.00,769.00,715.00
714.00,766.00,769.00
766.00,765.00,769.00
710.00,766.00,714.00
713.00,716.00,768.00
717.00,768.00,716.00
769.00,768.00,717.00
715.00,769.00,717.00
720.00,770.00,771.00
719.00,770.00,720.00
721.00,720.00,772.00
720.00,771.00,772.00
723.00,773.00,774.00
723.00,721.00,773.00
721.00,772.00,773.00
773.00,775.00,774.00
726.00,776.00,777.00
725.00,776.00,726.00
770.00,719.00,726.00
777.00,770.00,726.00
723.00,774.00,727.00
774.00,729.00,727.00
774.00,775.00,729.00
775.00,778.00,729.00
731.00,779.00,780.00
730.00,779.00,731.00
776.00,725.00,731.00
780.00,776.00,731.00
781.00,782.00,733.00
781.00,733.00,778.00
778.00,733.00,729.00
781.00,783.00,782.00
735.00,784.00,785.00
734.00,784.00,735.00
779.00,730.00,735.00
785.00,779.00,735.00
782.00,786.00,787.00
782.00,787.00,733.00
733.00,787.00,737.00
783.00,786.00,782.00
739.00,788.00,789.00
738.00,788.00,739.00
784.00,734.00,739.00
789.00,784.00,739.00
737.00,787.00,741.00
787.00,790.00,741.00
738.00,743.00,788.00
788.00,743.00,791.00
744.00,792.00,745.00
744.00,793.00,792.00
744.00,741.00,793.00
741.00,790.00,793.00
747.00,746.00,794.00
747.00,794.00,795.00
747.00,795.00,743.00
743.00,795.00,791.00
792.00,796.00,797.00
792.00,797.00,745.00
745.00,797.00,748.00
793.00,796.00,792.00
794.00,749.00,798.00
746.00,749.00,794.00
799.00,795.00,794.00
798.00,799.00,794.00
750.00,800.00,801.00
751.00,750.00,801.00
797.00,750.00,748.00
800.00,750.00,797.00
798.00,752.00,802.00
749.00,752.00,798.00
803.00,799.00,798.00
803.00,798.00,804.00
804.00,798.00,802.00
803.00,804.00,805.00
806.00,807.00,808.00
806.00,754.00,753.00
806.00,753.00,807.00
807.00,753.00,809.00
801.00,753.00,751.00
809.00,753.00,801.00
752.00,755.00,802.00
758.00,802.00,755.00
804.00,802.00,758.00
759.00,810.00,811.00
758.00,759.00,811.00
758.00,811.00,805.00
758.00,805.00,804.00
810.00,812.00,813.00
811.00,810.00,813.00
808.00,813.00,812.00
806.00,808.00,812.00
806.00,812.00,761.00
806.00,761.00,760.00
754.00,806.00,760.00
759.00,764.00,810.00
767.00,810.00,764.00
812.00,810.00,767.00
761.00,812.00,767.00
814.00,815.00,816.00
814.00,817.00,818.00
816.00,817.00,814.00
818.00,819.00,820.00
817.00,819.00,818.00
820.00,821.00,822.00
819.00,821.00,820.00
821.00,823.00,822.00
824.00,825.00,826.00
815.00,824.00,826.00
814.00,824.00,815.00
814.00,770.00,824.00
814.00,771.00,770.00
772.00,771.00,814.00
818.00,772.00,814.00
773.00,772.00,818.00
820.00,773.00,818.00
775.00,773.00,820.00
775.00,820.00,827.00
827.00,820.00,822.00
828.00,822.00,823.00
827.00,822.00,828.00
777.00,825.00,824.00
777.00,776.00,825.00
776.00,829.00,825.00
770.00,777.00,824.00
827.00,830.00,778.00
775.00,827.00,778.00
831.00,827.00,828.00
830.00,827.00,831.00
780.00,832.00,833.00
779.00,832.00,780.00
829.00,776.00,780.00
833.00,829.00,780.00
778.00,830.00,781.00
830.00,783.00,781.00
830.00,831.00,783.00
831.00,834.00,783.00
785.00,784.00,835.00
785.00,835.00,836.00
785.00,836.00,779.00
779.00,836.00,832.00
786.00,837.00,787.00
786.00,838.00,837.00
786.00,783.00,838.00
783.00,834.00,838.00
789.00,788.00,839.00
789.00,839.00,840.00
784.00,789.00,840.00
784.00,840.00,841.00
784.00,841.00,835.00
836.00,835.00,841.00
837.00,842.00,843.00
837.00,843.00,787.00
787.00,843.00,790.00
838.00,842.00,837.00
839.00,791.00,844.00
788.00,791.00,839.00
845.00,840.00,839.00
844.00,845.00,839.00
790.00,843.00,793.00
843.00,846.00,793.00
844.00,795.00,847.00
791.00,795.00,844.00
848.00,845.00,844.00
847.00,848.00,844.00
796.00,849.00,850.00
797.00,796.00,850.00
846.00,796.00,793.00
849.00,796.00,846.00
847.00,799.00,851.00
795.00,799.00,847.00
852.00,848.00,847.00
851.00,852.00,847.00
853.00,854.00,855.00
853.00,801.00,800.00
853.00,800.00,854.00
854.00,800.00,856.00
850.00,800.00,797.00
856.00,800.00,850.00
799.00,803.00,851.00
805.00,857.00,858.00
803.00,805.00,858.00
803.00,858.00,852.00
803.00,852.00,851.00
857.00,859.00,860.00
858.00,857.00,860.00
859.00,808.00,807.00
859.00,807.00,860.00
860.00,807.00,861.00
855.00,809.00,853.00
855.00,861.00,809.00
861.00,807.00,809.00
801.00,853.00,809.00
805.00,811.00,857.00
813.00,857.00,811.00
859.00,857.00,813.00
808.00,859.00,813.00
862.00,863.00,864.00
862.00,865.00,866.00
864.00,865.00,862.00
866.00,867.00,868.00
865.00,867.00,866.00
867.00,869.00,868.00
816.00,870.00,871.00
815.00,870.00,816.00
863.00,862.00,817.00
863.00,817.00,871.00
871.00,817.00,816.00
819.00,817.00,862.00
866.00,819.00,862.00
821.00,819.00,866.00
868.00,821.00,866.00
823.00,872.00,873.00
821.00,872.00,823.00
821.00,869.00,872.00
821.00,868.00,869.00
872.00,874.00,873.00
826.00,875.00,876.00
825.00,875.00,826.00
870.00,815.00,826.00
876.00,870.00,826.00
873.00,877.00,828.00
823.00,873.00,828.00
878.00,873.00,874.00
877.00,873.00,878.00
825.00,829.00,875.00
875.00,829.00,879.00
877.00,880.00,831.00
828.00,877.00,831.00
881.00,877.00,878.00
880.00,877.00,881.00
833.00,832.00,882.00
833.00,882.00,883.00
833.00,883.00,829.00
829.00,883.00,879.00
880.00,884.00,885.00
880.00,885.00,831.00
831.00,885.00,834.00
881.00,884.00,880.00
882.00,886.00,887.00
882.00,832.00,886.00
832.00,836.00,886.00
883.00,882.00,887.00
834.00,885.00,838.00
885.00,888.00,838.00
841.00,840.00,889.00
841.00,889.00,890.00
841.00,890.00,836.00
836.00,890.00,886.00
842.00,891.00,892.00
843.00,842.00,892.00
888.00,842.00,838.00
891.00,842.00,888.00
889.00,845.00,893.00
840.00,845.00,889.00
894.00,890.00,889.00
893.00,894.00,889.00
895.00,896.00,897.00
895.00,892.00,896.00
895.00,846.00,892.00
846.00,843.00,892.00
893.00,848.00,898.00
845.00,848.00,893.00
899.00,894.00,893.00
899.00,893.00,900.00
900.00,893.00,898.00
899.00,900.00,901.00
902.00,903.00,904.00
897.00,903.00,902.00
895.00,897.00,902.00
895.00,902.00,850.00
895.00,850.00,849.00
846.00,895.00,849.00
898.00,852.00,905.00
848.00,852.00,898.00
900.00,898.00,906.00
906.00,898.00,905.00
907.00,901.00,900.00
907.00,900.00,908.00
908.00,900.00,906.00
908.00,855.00,854.00
908.00,854.00,907.00
907.00,854.00,909.00
904.00,856.00,902.00
904.00,909.00,856.00
909.00,854.00,856.00
850.00,902.00,856.00
852.00,858.00,905.00
860.00,905.00,858.00
906.00,905.00,860.00
861.00,906.00,860.00
908.00,906.00,861.00
855.00,908.00,861.00
910.00,911.00,912.00
910.00,913.00,914.00
912.00,913.00,910.00
914.00,915.00,916.00
913.00,915.00,914.00
915.00,917.00,916.00
918.00,919.00,920.00
911.00,918.00,920.00
910.00,918.00,911.00
910.00,863.00,918.00
910.00,864.00,863.00
865.00,864.00,910.00
914.00,865.00,910.00
867.00,865.00,914.00
916.00,867.00,914.00
869.00,921.00,922.00
867.00,921.00,869.00
867.00,917.00,921.00
867.00,916.00,917.00
921.00,923.00,922.00
871.00,919.00,918.00
871.00,870.00,919.00
870.00,924.00,919.00
863.00,871.00,918.00
869.00,922.00,872.00
922.00,874.00,872.00
922.00,923.00,874.00
923.00,925.00,874.00
876.00,926.00,927.00
875.00,926.00,876.00
924.00,870.00,876.00
927.00,924.00,876.00
874.00,925.00,878.00
925.00,928.00,878.00
875.00,879.00,926.00
926.00,879.00,929.00
878.00,928.00,881.00
928.00,930.00,881.00
879.00,883.00,929.00
929.00,883.00,931.00
884.00,932.00,933.00
885.00,884.00,933.00
930.00,884.00,881.00
932.00,884.00,930.00
887.00,886.00,934.00
887.00,934.00,935.00
887.00,935.00,883.00
883.00,935.00,931.00
885.00,933.00,888.00
933.00,936.00,888.00
934.00,890.00,937.00
886.00,890.00,934.00
938.00,935.00,934.00
937.00,938.00,934.00
891.00,939.00,940.00
892.00,891.00,940.00
936.00,891.00,888.00
939.00,891.00,936.00
937.00,894.00,941.00
890.00,894.00,937.00
942.00,938.00,937.00
941.00,942.00,937.00
896.00,943.00,944.00
897.00,896.00,944.00
940.00,896.00,892.00
943.00,896.00,940.00
894.00,899.00,941.00
901.00,945.00,946.00
899.00,901.00,946.00
899.00,946.00,942.00
899.00,942.00,941.00
945.00,947.00,948.00
946.00,945.00,948.00
947.00,904.00,903.00
947.00,903.00,948.00
948.00,903.00,949.00
944.00,903.00,897.00
949.00,903.00,944.00
901.00,907.00,945.00
909.00,945.00,907.00
947.00,945.00,909.00
904.00,947.00,909.00
950.00,951.00,952.00
952.00,953.00,950.00
954.00,951.00,950.00
955.00,951.00,954.00
956.00,950.00,953.00
956.00,957.00,950.00
957.00,954.00,950.00
957.00,958.00,959.00
956.00,958.00,957.00
959.00,960.00,961.00
958.00,960.00,959.00
960.00,962.00,961.00
963.00,955.00,954.00
964.00,955.00,963.00
912.00,911.00,963.00
912.00,963.00,957.00
957.00,963.00,954.00
913.00,912.00,957.00
959.00,913.00,957.00
915.00,913.00,959.00
961.00,915.00,959.00
917.00,965.00,966.00
915.00,965.00,917.00
915.00,962.00,965.00
915.00,961.00,962.00
965.00,967.00,966.00
920.00,964.00,963.00
920.00,919.00,964.00
919.00,968.00,964.00
911.00,920.00,963.00
917.00,966.00,921.00
966.00,923.00,921.00
966.00,967.00,923.00
967.00,969.00,923.00
919.00,924.00,968.00
968.00,924.00,970.00
923.00,969.00,925.00
969.00,971.00,925.00
927.00,926.00,972.00
927.00,972.00,973.00
927.00,973.00,924.00
924.00,973.00,970.00
925.00,971.00,928.00
971.00,974.00,928.00
972.00,975.00,976.00
972.00,926.00,975.00
926.00,929.00,975.00
973.00,972.00,976.00
928.00,974.00,930.00
974.00,977.00,930.00
929.00,931.00,975.00
975.00,931.00,978.00
932.00,979.00,933.00
932.00,980.00,979.00
932.00,930.00,980.00
930.00,977.00,980.00
931.00,935.00,978.00
978.00,935.00,981.00
979.00,982.00,983.00
979.00,983.00,933.00
933.00,983.00,936.00
980.00,982.00,979.00
984.00,938.00,985.00
984.00,981.00,938.00
981.00,935.00,938.00
984.00,985.00,986.00
939.00,987.00,988.00
940.00,939.00,988.00
983.00,939.00,936.00
987.00,939.00,983.00
985.00,942.00,989.00
938.00,942.00,985.00
990.00,986.00,985.00
990.00,985.00,991.00
991.00,985.00,989.00
991.00,992.00,993.00
990.00,991.00,993.00
992.00,944.00,943.00
992.00,943.00,993.00
993.00,943.00,994.00
988.00,943.00,940.00
994.00,943.00,988.00
942.00,946.00,989.00
948.00,989.00,946.00
991.00,989.00,948.00
949.00,991.00,948.00
992.00,991.00,949.00
944.00,992.00,949.00
952.00,995.00,996.00
951.00,995.00,952.00
953.00,997.00,998.00
953.00,952.00,997.00
952.00,996.00,997.00
998.00,999.00,1000.00
997.00,999.00,998.00
1000.00,1001.00,1002.00
999.00,1001.00,1000.00
1001.00,1003.00,1002.00
951.00,955.00,995.00
995.00,955.00,1004.00
953.00,998.00,956.00
958.00,956.00,998.00
1000.00,958.00,998.00
960.00,958.00,1000.00
1002.00,960.00,1000.00
962.00,1005.00,1006.00
960.00,1005.00,962.00
960.00,1003.00,1005.00
960.00,1002.00,1003.00
1005.00,1007.00,1006.00
955.00,964.00,1004.00
1004.00,964.00,1008.00
962.00,1006.00,965.00
1006.00,967.00,965.00
1006.00,1007.00,967.00
1007.00,1009.00,967.00
964.00,968.00,1008.00
1008.00,968.00,1010.00
967.00,1009.00,969.00
1009.00,1011.00,969.00
968.00,970.00,1010.00
1010.00,970.00,1012.00
969.00,1011.00,971.00
1011.00,1013.00,971.00
970.00,973.00,1012.00
1012.00,973.00,1014.00
971.00,1013.00,974.00
1013.00,1015.00,974.00
976.00,975.00,1016.00
976.00,1016.00,1017.00
976.00,1017.00,973.00
973.00,1017.00,1014.00
974.00,1015.00,977.00
1015.00,1018.00,977.00
1016.00,978.00,1019.00
975.00,978.00,1016.00
1020.00,1017.00,1016.00
1019.00,1020.00,1016.00
977.00,1018.00,980.00
1018.00,1021.00,980.00
1019.00,981.00,1022.00
978.00,981.00,1019.00
1023.00,1020.00,1019.00
1022.00,1023.00,1019.00
1024.00,1025.00,1026.00
1024.00,983.00,982.00
1024.00,982.00,1025.00
1025.00,982.00,1027.00
1021.00,982.00,980.00
1027.00,982.00,1021.00
981.00,984.00,1022.00
986.00,1028.00,1029.00
984.00,986.00,1029.00
984.00,1029.00,1023.00
984.00,1023.00,1022.00
1028.00,1030.00,1031.00
1029.00,1028.00,1031.00
1030.00,1032.00,1033.00
1031.00,1030.00,1033.00
1026.00,1033.00,1032.00
1024.00,1026.00,1032.00
1024.00,1032.00,988.00
1024.00,988.00,987.00
983.00,1024.00,987.00
986.00,990.00,1028.00
993.00,1028.00,990.00
1030.00,1028.00,993.00
994.00,1030.00,993.00
1032.00,1030.00,994.00
988.00,1032.00,994.00
996.00,995.00,1034.00
1035.00,996.00,1034.00
1035.00,1036.00,996.00
1036.00,997.00,996.00
999.00,997.00,1037.00
997.00,1036.00,1037.00
1001.00,999.00,1038.00
999.00,1037.00,1038.00
1003.00,1039.00,1040.00
1003.00,1001.00,1039.00
1001.00,1038.00,1039.00
1039.00,1041.00,1040.00
1034.00,1042.00,1043.00
1034.00,995.00,1042.00
995.00,1004.00,1042.00
1035.00,1034.00,1043.00
1003.00,1040.00,1005.00
1040.00,1007.00,1005.00
1040.00,1041.00,1007.00
1041.00,1044.00,1007.00
1004.00,1008.00,1042.00
1042.00,1008.00,1045.00
1007.00,1044.00,1009.00
1044.00,1046.00,1009.00
1008.00,1010.00,1045.00
1045.00,1010.00,1047.00
1009.00,1046.00,1011.00
1046.00,1048.00,1011.00
1010.00,1012.00,1047.00
1047.00,1012.00,1049.00
1011.00,1048.00,1013.00
1048.00,1050.00,1013.00
1012.00,1014.00,1049.00
1049.00,1014.00,1051.00
1052.00,1053.00,1015.00
1052.00,1015.00,1050.00
1050.00,1015.00,1013.00
1052.00,1054.00,1053.00
1014.00,1017.00,1051.00
1051.00,1017.00,1055.00
1053.00,1056.00,1018.00
1015.00,1053.00,1018.00
1057.00,1053.00,1054.00
1056.00,1053.00,1057.00
1058.00,1020.00,1059.00
1058.00,1055.00,1020.00
1055.00,1017.00,1020.00
1058.00,1059.00,1060.00
1056.00,1061.00,1062.00
1056.00,1062.00,1018.00
1018.00,1062.00,1021.00
1057.00,1061.00,1056.00
1059.00,1023.00,1063.00
1020.00,1023.00,1059.00
1064.00,1060.00,1059.00
1064.00,1059.00,1065.00
1065.00,1059.00,1063.00
1065.00,1066.00,1067.00
1064.00,1065.00,1067.00
1066.00,1026.00,1025.00
1066.00,1025.00,1067.00
1067.00,1025.00,1068.00
1027.00,1069.00,1025.00
1025.00,1069.00,1068.00
1062.00,1027.00,1021.00
1069.00,1027.00,1062.00
1023.00,1029.00,1063.00
1031.00,1063.00,1029.00
1065.00,1063.00,1031.00
1033.00,1065.00,1031.00
1066.00,1065.00,1033.00
1026.00,1066.00,1033.00
1070.00,1071.00,1072.00
1070.00,1073.00,1074.00
1072.00,1073.00,1070.00
1073.00,1075.00,1074.00
1036.00,1076.00,1077.00
1035.00,1076.00,1036.00
1071.00,1070.00,1037.00
1071.00,1037.00,1077.00
1077.00,1037.00,1036.00
1038.00,1037.00,1070.00
1074.00,1038.00,1070.00
1074.00,1075.00,1078.00
1074.00,1078.00,1038.00
1038.00,1078.00,1039.00
1078.00,1041.00,1039.00
1079.00,1041.00,1078.00
1043.00,1042.00,1080.00
1043.00,1080.00,1081.00
1043.00,1081.00,1035.00
1035.00,1081.00,1076.00
1041.00,1079.00,1044.00
1079.00,1082.00,1044.00
1080.00,1045.00,1083.00
1042.00,1045.00,1080.00
1084.00,1081.00,1080.00
1083.00,1084.00,1080.00
1044.00,1082.00,1046.00
1082.00,1085.00,1046.00
1083.00,1047.00,1086.00
1045.00,1047.00,1083.00
1087.00,1084.00,1083.00
1086.00,1087.00,1083.00
1088.00,1089.00,1048.00
1088.00,1048.00,1085.00
1085.00,1048.00,1046.00
1088.00,1090.00,1089.00
1086.00,1049.00,1091.00
1047.00,1049.00,1086.00
1092.00,1087.00,1086.00
1091.00,1092.00,1086.00
1089.00,1093.00,1050.00
1048.00,1089.00,1050.00
1094.00,1089.00,1090.00
1093.00,1089.00,1094.00
1091.00,1051.00,1095.00
1049.00,1051.00,1091.00
1096.00,1092.00,1091.00
1095.00,1096.00,1091.00
1050.00,1093.00,1052.00
1093.00,1054.00,1052.00
1093.00,1094.00,1054.00
1094.00,1097.00,1054.00
1095.00,1055.00,1098.00
1051.00,1055.00,1095.00
1099.00,1096.00,1095.00
1098.00,1099.00,1095.00
1054.00,1097.00,1057.00
1097.00,1100.00,1057.00
1055.00,1058.00,1098.00
1060.00,1101.00,1102.00
1058.00,1060.00,1102.00
1058.00,1102.00,1099.00
1058.00,1099.00,1098.00
1102.00,1101.00,1103.00
1104.00,1105.00,1106.00
1104.00,1107.00,1108.00
1105.00,1104.00,1108.00
1107.00,1062.00,1061.00
1107.00,1061.00,1108.00
1108.00,1061.00,1109.00
1100.00,1061.00,1057.00
1109.00,1061.00,1100.00
1060.00,1064.00,1101.00
1101.00,1110.00,1103.00
1101.00,1064.00,1110.00
1064.00,1067.00,1110.00
1106.00,1068.00,1104.00
1106.00,1110.00,1068.00
1110.00,1067.00,1068.00
1069.00,1104.00,1068.00
1107.00,1104.00,1069.00
1062.00,1107.00,1069.00
1072.00,1111.00,1112.00
1071.00,1111.00,1072.00
1073.00,1072.00,1113.00
1072.00,1112.00,1113.00
1075.00,1114.00,1115.00
1075.00,1073.00,1114.00
1073.00,1113.00,1114.00
1114.00,1116.00,1115.00
1077.00,1117.00,1118.00
1076.00,1117.00,1077.00
1111.00,1071.00,1077.00
1118.00,1111.00,1077.00
1075.00,1115.00,1078.00
1115.00,1079.00,1078.00
1115.00,1116.00,1079.00
1116.00,1119.00,1079.00
1076.00,1081.00,1117.00
1117.00,1081.00,1120.00
1121.00,1122.00,1082.00
1121.00,1082.00,1119.00
1119.00,1082.00,1079.00
1121.00,1123.00,1122.00
1081.00,1084.00,1120.00
1120.00,1084.00,1124.00
1122.00,1125.00,1085.00
1082.00,1122.00,1085.00
1126.00,1122.00,1123.00
1125.00,1122.00,1126.00
1084.00,1087.00,1124.00
1124.00,1087.00,1127.00
1085.00,1125.00,1088.00
1125.00,1090.00,1088.00
1125.00,1126.00,1090.00
1126.00,1128.00,1090.00
1087.00,1092.00,1127.00
1127.00,1092.00,1129.00
1090.00,1128.00,1094.00
1128.00,1130.00,1094.00
1092.00,1096.00,1129.00
1129.00,1096.00,1131.00
1094.00,1130.00,1097.00
1130.00,1132.00,1097.00
1133.00,1099.00,1134.00
1133.00,1131.00,1099.00
1131.00,1096.00,1099.00
1133.00,1134.00,1135.00
1097.00,1132.00,1100.00
1132.00,1136.00,1100.00
1099.00,1102.00,1134.00
1103.00,1137.00,1138.00
1102.00,1103.00,1138.00
1102.00,1138.00,1135.00
1102.00,1135.00,1134.00
1137.00,1106.00,1105.00
1137.00,1105.00,1138.00
1138.00,1105.00,1139.00
1108.00,1140.00,1105.00
1105.00,1140.00,1139.00
1109.00,1141.00,1108.00
1108.00,1141.00,1140.00
1136.00,1109.00,1100.00
1141.00,1109.00,1136.00
1103.00,1110.00,1137.00
1106.00,1137.00,1110.00
1142.00,1143.00,1144.00
1144.00,1145.00,1142.00
1112.00,1146.00,1147.00
1111.00,1146.00,1112.00
1143.00,1142.00,1113.00
1143.00,1113.00,1147.00
1147.00,1113.00,1112.00
1142.00,1145.00,1148.00
1142.00,1148.00,1113.00
1113.00,1148.00,1114.00
1148.00,1116.00,1114.00
1149.00,1116.00,1148.00
1118.00,1150.00,1151.00
1117.00,1150.00,1118.00
1146.00,1111.00,1118.00
1151.00,1146.00,1118.00
1152.00,1153.00,1119.00
1152.00,1119.00,1149.00
1149.00,1119.00,1116.00
1152.00,1154.00,1153.00
1117.00,1120.00,1150.00
1150.00,1120.00,1155.00
1119.00,1153.00,1121.00
1153.00,1123.00,1121.00
1153.00,1154.00,1123.00
1154.00,1156.00,1123.00
1120.00,1124.00,1155.00
1155.00,1124.00,1157.00
1123.00,1156.00,1126.00
1156.00,1158.00,1126.00
1124.00,1127.00,1157.00
1157.00,1127.00,1159.00
1126.00,1158.00,1128.00
1158.00,1160.00,1128.00
1127.00,1129.00,1159.00
1159.00,1129.00,1161.00
1128.00,1160.00,1130.00
1160.00,1162.00,1130.00
1129.00,1131.00,1161.00
1161.00,1131.00,1163.00
1130.00,1162.00,1132.00
1162.00,1164.00,1132.00
1131.00,1165.00,1163.00
1133.00,1165.00,1131.00
1135.00,1166.00,1167.00
1135.00,1167.00,1133.00
1133.00,1167.00,1165.00
1167.00,1166.00,1168.00
1169.00,1170.00,1171.00
1169.00,1172.00,1173.00
1170.00,1169.00,1173.00
1172.00,1164.00,1173.00
1172.00,1136.00,1164.00
1136.00,1132.00,1164.00
1135.00,1138.00,1166.00
1166.00,1174.00,1168.00
1166.00,1138.00,1174.00
1138.00,1139.00,1174.00
1171.00,1140.00,1169.00
1171.00,1174.00,1140.00
1174.00,1139.00,1140.00
1141.00,1169.00,1140.00
1172.00,1169.00,1141.00
1136.00,1172.00,1141.00
1175.00,1176.00,1177.00
1175.00,1144.00,1143.00
1175.00,1177.00,1144.00
1177.00,1178.00,1144.00
1145.00,1179.00,1180.00
1145.00,1144.00,1179.00
1144.00,1178.00,1179.00
1179.00,1181.00,1180.00
1147.00,1176.00,1175.00
1147.00,1146.00,1176.00
1146.00,1182.00,1176.00
1143.00,1147.00,1175.00
1145.00,1180.00,1148.00
1149.00,1183.00,1184.00
1148.00,1183.00,1149.00
1148.00,1181.00,1183.00
1148.00,1180.00,1181.00
1183.00,1185.00,1184.00
1151.00,1186.00,1187.00
1150.00,1186.00,1151.00
1182.00,1146.00,1151.00
1187.00,1182.00,1151.00
1149.00,1184.00,1152.00
1184.00,1154.00,1152.00
1184.00,1185.00,1154.00
1185.00,1188.00,1154.00
1150.00,1155.00,1186.00
1186.00,1155.00,1189.00
1154.00,1188.00,1156.00
1188.00,1190.00,1156.00
1155.00,1157.00,1189.00
1189.00,1157.00,1191.00
1156.00,1190.00,1158.00
1190.00,1192.00,1158.00
1157.00,1159.00,1191.00
1191.00,1159.00,1193.00
1158.00,1192.00,1160.00
1192.00,1194.00,1160.00
1159.00,1161.00,1193.00
1193.00,1161.00,1195.00
1160.00,1194.00,1162.00
1194.00,1196.00,1162.00
1197.00,1163.00,1198.00
1197.00,1195.00,1163.00
1195.00,1161.00,1163.00
1197.00,1198.00,1199.00
1162.00,1196.00,1164.00
1196.00,1200.00,1164.00
1163.00,1165.00,1198.00
1198.00,1201.00,1199.00
1198.00,1165.00,1201.00
1165.00,1167.00,1201.00
1168.00,1202.00,1203.00
1168.00,1203.00,1167.00
1167.00,1203.00,1201.00
1202.00,1171.00,1170.00
1202.00,1170.00,1203.00
1203.00,1170.00,1204.00
1173.00,1205.00,1170.00
1170.00,1205.00,1204.00
1200.00,1173.00,1164.00
1205.00,1173.00,1200.00
1168.00,1174.00,1202.00
1171.00,1202.00,1174.00
1177.00,1206.00,1207.00
1176.00,1206.00,1177.00
1178.00,1177.00,1208.00
1177.00,1207.00,1208.00
1179.00,1178.00,1209.00
1178.00,1208.00,1209.00
1209.00,1181.00,1179.00
1210.00,1181.00,1209.00
1211.00,1212.00,1213.00
1211.00,1213.00,1206.00
1211.00,1206.00,1182.00
1182.00,1206.00,1176.00
1181.00,1210.00,1214.00
1183.00,1181.00,1214.00
1214.00,1185.00,1183.00
1215.00,1185.00,1214.00
1187.00,1212.00,1211.00
1187.00,1186.00,1212.00
1186.00,1216.00,1212.00
1182.00,1187.00,1211.00
1185.00,1215.00,1188.00
1215.00,1217.00,1188.00
1186.00,1189.00,1216.00
1216.00,1189.00,1218.00
1188.00,1217.00,1190.00
1217.00,1219.00,1190.00
1189.00,1191.00,1218.00
1218.00,1191.00,1220.00
1190.00,1219.00,1192.00
1219.00,1221.00,1192.00
1191.00,1193.00,1220.00
1220.00,1193.00,1222.00
1192.00,1221.00,1194.00
1221.00,1223.00,1194.00
1193.00,1195.00,1222.00
1222.00,1195.00,1224.00
1194.00,1223.00,1196.00
1223.00,1225.00,1196.00
1195.00,1226.00,1224.00
1197.00,1226.00,1195.00
1226.00,1197.00,1199.00
1227.00,1226.00,1199.00
1228.00,1229.00,1230.00
1228.00,1225.00,1229.00
1228.00,1200.00,1225.00
1200.00,1196.00,1225.00
1199.00,1231.00,1227.00
1201.00,1231.00,1199.00
1203.00,1232.00,1201.00
1201.00,1232.00,1231.00
1204.00,1233.00,1203.00
1203.00,1233.00,1232.00
1230.00,1205.00,1228.00
1230.00,1233.00,1205.00
1233.00,1204.00,1205.00
1200.00,1228.00,1205.00
1207.00,1234.00,1235.00
1206.00,1234.00,1207.00
1208.00,1207.00,1236.00
1207.00,1235.00,1236.00
1209.00,1208.00,1237.00
1208.00,1236.00,1237.00
1237.00,1210.00,1209.00
1238.00,1210.00,1237.00
1213.00,1239.00,1240.00
1212.00,1239.00,1213.00
1234.00,1206.00,1213.00
1240.00,1234.00,1213.00
1210.00,1238.00,1241.00
1214.00,1210.00,1241.00
1241.00,1215.00,1214.00
1242.00,1215.00,1241.00
1212.00,1216.00,1239.00
1239.00,1216.00,1243.00
1215.00,1242.00,1217.00
1242.00,1244.00,1217.00
1216.00,1218.00,1243.00
1243.00,1218.00,1245.00
1217.00,1244.00,1219.00
1244.00,1246.00,1219.00
1218.00,1220.00,1245.00
1245.00,1220.00,1247.00
1219.00,1246.00,1221.00
1246.00,1248.00,1221.00
1220.00,1222.00,1247.00
1247.00,1222.00,1249.00
1221.00,1248.00,1223.00
1248.00,1250.00,1223.00
1251.00,1224.00,1252.00
1251.00,1249.00,1224.00
1249.00,1222.00,1224.00
1251.00,1252.00,1253.00
1223.00,1250.00,1225.00
1250.00,1254.00,1225.00
1224.00,1226.00,1252.00
1227.00,1255.00,1256.00
1226.00,1227.00,1256.00
1226.00,1256.00,1253.00
1226.00,1253.00,1252.00
1256.00,1255.00,1257.00
1258.00,1259.00,1260.00
1258.00,1230.00,1229.00
1258.00,1229.00,1259.00
1259.00,1229.00,1261.00
1254.00,1229.00,1225.00
1261.00,1229.00,1254.00
1227.00,1231.00,1255.00
1255.00,1262.00,1257.00
1255.00,1231.00,1262.00
1231.00,1232.00,1262.00
1260.00,1233.00,1258.00
1260.00,1262.00,1233.00
1262.00,1232.00,1233.00
1230.00,1258.00,1233.00
1263.00,1264.00,1265.00
1263.00,1266.00,1267.00
1265.00,1266.00,1263.00
1267.00,1268.00,1269.00
1266.00,1268.00,1267.00
1268.00,1270.00,1269.00
1235.00,1264.00,1263.00
1235.00,1234.00,1264.00
1234.00,1271.00,1264.00
1236.00,1235.00,1263.00
1267.00,1236.00,1263.00
1237.00,1236.00,1267.00
1269.00,1237.00,1267.00
1238.00,1272.00,1273.00
1237.00,1272.00,1238.00
1237.00,1270.00,1272.00
1237.00,1269.00,1270.00
1272.00,1274.00,1273.00
1240.00,1275.00,1276.00
1239.00,1275.00,1240.00
1271.00,1234.00,1240.00
1276.00,1271.00,1240.00
1238.00,1273.00,1241.00
1273.00,1242.00,1241.00
1273.00,1274.00,1242.00
1274.00,1277.00,1242.00
1239.00,1243.00,1275.00
1275.00,1243.00,1278.00
1242.00,1277.00,1244.00
1277.00,1279.00,1244.00
1243.00,1245.00,1278.00
1278.00,1245.00,1280.00
1244.00,1279.00,1246.00
1279.00,1281.00,1246.00
1245.00,1247.00,1280.00
1280.00,1247.00,1282.00
1246.00,1281.00,1248.00
1281.00,1283.00,1248.00
1247.00,1249.00,1282.00
1282.00,1249.00,1284.00
1248.00,1283.00,1250.00
1283.00,1285.00,1250.00
1249.00,1286.00,1284.00
1251.00,1286.00,1249.00
1286.00,1251.00,1253.00
1287.00,1286.00,1253.00
1288.00,1289.00,1290.00
1288.00,1285.00,1289.00
1288.00,1254.00,1285.00
1254.00,1250.00,1285.00
1253.00,1291.00,1287.00
1256.00,1291.00,1253.00
1257.00,1292.00,1293.00
1257.00,1293.00,1256.00
1256.00,1293.00,1291.00
1292.00,1260.00,1259.00
1292.00,1259.00,1293.00
1293.00,1259.00,1294.00
1290.00,1261.00,1288.00
1290.00,1294.00,1261.00
1294.00,1259.00,1261.00
1254.00,1288.00,1261.00
1257.00,1262.00,1292.00
1260.00,1292.00,1262.00
1265.00,1295.00,1296.00
1264.00,1295.00,1265.00
1266.00,1265.00,1297.00
1265.00,1296.00,1297.00
1268.00,1266.00,1298.00
1266.00,1297.00,1298.00
1298.00,1270.00,1268.00
1299.00,1270.00,1298.00
1300.00,1301.00,1302.00
1300.00,1302.00,1295.00
1300.00,1295.00,1271.00
1271.00,1295.00,1264.00
1270.00,1299.00,1303.00
1272.00,1270.00,1303.00
1303.00,1274.00,1272.00
1304.00,1274.00,1303.00
1276.00,1301.00,1300.00
1276.00,1275.00,1301.00
1275.00,1305.00,1301.00
1271.00,1276.00,1300.00
1274.00,1304.00,1277.00
1304.00,1306.00,1277.00
1275.00,1278.00,1305.00
1305.00,1278.00,1307.00
1277.00,1306.00,1279.00
1306.00,1308.00,1279.00
1278.00,1280.00,1307.00
1307.00,1280.00,1309.00
1279.00,1308.00,1281.00
1308.00,1310.00,1281.00
1280.00,1282.00,1309.00
1309.00,1282.00,1311.00
1281.00,1310.00,1283.00
1310.00,1312.00,1283.00
1313.00,1284.00,1314.00
1313.00,1311.00,1284.00
1311.00,1282.00,1284.00
1313.00,1314.00,1315.00
1283.00,1312.00,1285.00
1312.00,1316.00,1285.00
1284.00,1286.00,1314.00
1287.00,1317.00,1318.00
1286.00,1287.00,1318.00
1286.00,1318.00,1315.00
1286.00,1315.00,1314.00
1318.00,1317.00,1319.00
1320.00,1321.00,1322.00
1320.00,1290.00,1289.00
1320.00,1289.00,1321.00
1321.00,1289.00,1323.00
1316.00,1289.00,1285.00
1323.00,1289.00,1316.00
1287.00,1291.00,1317.00
1317.00,1324.00,1319.00
1317.00,1291.00,1324.00
1291.00,1293.00,1324.00
1322.00,1294.00,1320.00
1322.00,1324.00,1294.00
1324.00,1293.00,1294.00
1290.00,1320.00,1294.00
1325.00,1326.00,1327.00
1325.00,1328.00,1329.00
1327.00,1328.00,1325.00
1329.00,1330.00,1331.00
1328.00,1330.00,1329.00
1330.00,1332.00,1331.00
1296.00,1326.00,1325.00
1296.00,1295.00,1326.00
1295.00,1333.00,1326.00
1297.00,1296.00,1325.00
1329.00,1297.00,1325.00
1298.00,1297.00,1329.00
1331.00,1298.00,1329.00
1299.00,1334.00,1335.00
1298.00,1334.00,1299.00
1298.00,1332.00,1334.00
1298.00,1331.00,1332.00
1334.00,1336.00,1335.00
1302.00,1337.00,1338.00
1301.00,1337.00,1302.00
1333.00,1295.00,1302.00
1338.00,1333.00,1302.00
1299.00,1335.00,1303.00
1335.00,1304.00,1303.00
1335.00,1336.00,1304.00
1336.00,1339.00,1304.00
1301.00,1305.00,1337.00
1337.00,1305.00,1340.00
1304.00,1339.00,1306.00
1339.00,1341.00,1306.00
1305.00,1307.00,1340.00
1340.00,1307.00,1342.00
1306.00,1341.00,1308.00
1341.00,1343.00,1308.00
1307.00,1309.00,1342.00
1342.00,1309.00,1344.00
1308.00,1343.00,1310.00
1343.00,1345.00,1310.00
1346.00,1311.00,1347.00
1346.00,1344.00,1311.00
1344.00,1309.00,1311.00
1346.00,1347.00,1348.00
1310.00,1345.00,1312.00
1345.00,1349.00,1312.00
1311.00,1313.00,1347.00
1347.00,1313.00,1315.00
1347.00,1315.00,1348.00
1348.00,1315.00,1350.00
1351.00,1352.00,1353.00
1351.00,1349.00,1352.00
1351.00,1316.00,1349.00
1316.00,1312.00,1349.00
1315.00,1354.00,1350.00
1318.00,1354.00,1315.00
1319.00,1355.00,1356.00
1319.00,1356.00,1318.00
1318.00,1356.00,1354.00
1355.00,1322.00,1321.00
1355.00,1321.00,1356.00
1356.00,1321.00,1357.00
1353.00,1323.00,1351.00
1353.00,1357.00,1323.00
1357.00,1321.00,1323.00
1316.00,1351.00,1323.00
1319.00,1324.00,1355.00
1322.00,1355.00,1324.00
1358.00,1359.00,1360.00
1360.00,1361.00,1358.00
1327.00,1362.00,1363.00
1326.00,1362.00,1327.00
1359.00,1358.00,1328.00
1359.00,1328.00,1363.00
1363.00,1328.00,1327.00
1358.00,1361.00,1364.00
1358.00,1364.00,1328.00
1328.00,1364.00,1330.00
1332.00,1365.00,1366.00
1332.00,1330.00,1365.00
1330.00,1364.00,1365.00
1365.00,1367.00,1366.00
1326.00,1333.00,1362.00
1362.00,1333.00,1368.00
1332.00,1366.00,1334.00
1366.00,1336.00,1334.00
1366.00,1367.00,1336.00
1367.00,1369.00,1336.00
1338.00,1370.00,1371.00
1337.00,1370.00,1338.00
1368.00,1333.00,1338.00
1371.00,1368.00,1338.00
1336.00,1369.00,1339.00
1369.00,1372.00,1339.00
1337.00,1340.00,1370.00
1370.00,1340.00,1373.00
1339.00,1372.00,1341.00
1372.00,1374.00,1341.00
1340.00,1342.00,1373.00
1373.00,1342.00,1375.00
1341.00,1374.00,1343.00
1374.00,1376.00,1343.00
1377.00,1344.00,1378.00
1377.00,1375.00,1344.00
1375.00,1342.00,1344.00
1377.00,1378.00,1379.00
1343.00,1376.00,1345.00
1376.00,1380.00,1345.00
1344.00,1346.00,1378.00
1378.00,1346.00,1348.00
1378.00,1348.00,1379.00
1379.00,1348.00,1381.00
1382.00,1383.00,1384.00
1382.00,1380.00,1383.00
1382.00,1349.00,1380.00
1349.00,1345.00,1380.00
1385.00,1350.00,1386.00
1385.00,1381.00,1350.00
1381.00,1348.00,1350.00
1385.00,1386.00,1387.00
1352.00,1382.00,1384.00
1352.00,1384.00,1353.00
1353.00,1384.00,1388.00
1349.00,1382.00,1352.00
1350.00,1354.00,1386.00
1386.00,1389.00,1387.00
1386.00,1354.00,1389.00
1354.00,1356.00,1389.00
1357.00,1390.00,1356.00
1356.00,1390.00,1389.00
1388.00,1357.00,1353.00
1390.00,1357.00,1388.00
1391.00,1392.00,1393.00
1391.00,1360.00,1359.00
1391.00,1393.00,1360.00
1393.00,1394.00,1360.00
1361.00,1395.00,1396.00
1361.00,1360.00,1395.00
1360.00,1394.00,1395.00
1395.00,1397.00,1396.00
1363.00,1392.00,1391.00
1363.00,1362.00,1392.00
1362.00,1398.00,1392.00
1359.00,1363.00,1391.00
1361.00,1396.00,1364.00
1396.00,1397.00,1399.00
1396.00,1399.00,1364.00
1364.00,1399.00,1365.00
1399.00,1367.00,1365.00
1400.00,1367.00,1399.00
1362.00,1368.00,1398.00
1398.00,1368.00,1401.00
1367.00,1400.00,1369.00
1400.00,1402.00,1369.00
1371.00,1403.00,1404.00
1370.00,1403.00,1371.00
1401.00,1368.00,1371.00
1404.00,1401.00,1371.00
1369.00,1402.00,1372.00
1402.00,1405.00,1372.00
1370.00,1373.00,1403.00
1403.00,1373.00,1406.00
1372.00,1405.00,1374.00
1405.00,1407.00,1374.00
1373.00,1375.00,1406.00
1406.00,1375.00,1408.00
1374.00,1407.00,1376.00
1407.00,1409.00,1376.00
1375.00,1410.00,1408.00
1377.00,1410.00,1375.00
1410.00,1377.00,1379.00
1411.00,1410.00,1379.00
1412.00,1413.00,1414.00
1412.00,1409.00,1413.00
1412.00,1380.00,1409.00
1380.00,1376.00,1409.00
1379.00,1381.00,1411.00
1411.00,1381.00,1415.00
1383.00,1412.00,1414.00
1383.00,1414.00,1384.00
1384.00,1414.00,1416.00
1380.00,1412.00,1383.00
1381.00,1417.00,1415.00
1385.00,1417.00,1381.00
1387.00,1418.00,1419.00
1387.00,1419.00,1385.00
1385.00,1419.00,1417.00
1418.00,1420.00,1421.00
1419.00,1418.00,1421.00
1420.00,1416.00,1421.00
1420.00,1388.00,1416.00
1388.00,1384.00,1416.00
1387.00,1389.00,1418.00
1390.00,1418.00,1389.00
1420.00,1418.00,1390.00
1388.00,1420.00,1390.00
1422.00,1423.00,1424.00
1424.00,1425.00,1422.00
1393.00,1426.00,1427.00
1392.00,1426.00,1393.00
1423.00,1422.00,1394.00
1423.00,1394.00,1427.00
1427.00,1394.00,1393.00
1422.00,1425.00,1428.00
1422.00,1428.00,1394.00
1394.00,1428.00,1395.00
1428.00,1397.00,1395.00
1429.00,1397.00,1428.00
1392.00,1398.00,1426.00
1426.00,1398.00,1430.00
1431.00,1399.00,1397.00
1431.00,1397.00,1432.00
1432.00,1397.00,1429.00
1399.00,1431.00,1400.00
1398.00,1401.00,1430.00
1430.00,1401.00,1433.00
1431.00,1432.00,1434.00
1434.00,1400.00,1431.00
1434.00,1435.00,1400.00
1435.00,1402.00,1400.00
1404.00,1403.00,1436.00
1404.00,1436.00,1437.00
1404.00,1437.00,1401.00
1401.00,1437.00,1433.00
1402.00,1435.00,1405.00
1435.00,1438.00,1405.00
1436.00,1406.00,1439.00
1403.00,1406.00,1436.00
1440.00,1437.00,1436.00
1439.00,1440.00,1436.00
1441.00,1442.00,1443.00
1441.00,1438.00,1442.00
1441.00,1407.00,1438.00
1407.00,1405.00,1438.00
1439.00,1408.00,1444.00
1406.00,1408.00,1439.00
1445.00,1440.00,1439.00
1444.00,1445.00,1439.00
1446.00,1441.00,1443.00
1447.00,1446.00,1443.00
1407.00,1446.00,1409.00
1441.00,1446.00,1407.00
1408.00,1410.00,1444.00
1444.00,1410.00,1411.00
1444.00,1411.00,1445.00
1445.00,1411.00,1448.00
1449.00,1450.00,1451.00
1447.00,1450.00,1449.00
1446.00,1447.00,1449.00
1446.00,1449.00,1414.00
1446.00,1414.00,1413.00
1409.00,1446.00,1413.00
1452.00,1415.00,1453.00
1452.00,1448.00,1415.00
1448.00,1411.00,1415.00
1453.00,1454.00,1455.00
1452.00,1453.00,1455.00
1451.00,1455.00,1454.00
1451.00,1454.00,1449.00
1449.00,1454.00,1456.00
1414.00,1456.00,1416.00
1449.00,1456.00,1414.00
1415.00,1417.00,1453.00
1419.00,1453.00,1417.00
1454.00,1453.00,1419.00
1421.00,1454.00,1419.00
1456.00,1454.00,1421.00
1416.00,1456.00,1421.00
1424.00,1423.00,1457.00
1424.00,1457.00,1425.00
1427.00,1426.00,1458.00
1427.00,1457.00,1423.00
1427.00,1458.00,1457.00
1458.00,1459.00,1457.00
1425.00,1457.00,1459.00
1425.00,1459.00,1460.00
1425.00,1460.00,1428.00
1460.00,1459.00,1461.00
1460.00,1429.00,1428.00
1462.00,1429.00,1460.00
1458.00,1430.00,1463.00
1426.00,1430.00,1458.00
1459.00,1458.00,1464.00
1464.00,1458.00,1463.00
1465.00,1461.00,1459.00
1464.00,1465.00,1459.00
1429.00,1462.00,1432.00
1462.00,1466.00,1432.00
1463.00,1467.00,1468.00
1463.00,1430.00,1467.00
1430.00,1433.00,1467.00
1464.00,1463.00,1468.00
1469.00,1464.00,1468.00
1465.00,1464.00,1469.00
1470.00,1434.00,1432.00
1470.00,1432.00,1471.00
1471.00,1432.00,1466.00
1434.00,1470.00,1435.00
1433.00,1437.00,1467.00
1467.00,1437.00,1472.00
1473.00,1470.00,1471.00
1474.00,1473.00,1471.00
1435.00,1473.00,1438.00
1470.00,1473.00,1435.00
1437.00,1440.00,1472.00
1472.00,1440.00,1475.00
1442.00,1473.00,1474.00
1442.00,1474.00,1443.00
1443.00,1474.00,1476.00
1438.00,1473.00,1442.00
1440.00,1445.00,1475.00
1475.00,1445.00,1477.00
1443.00,1476.00,1447.00
1476.00,1478.00,1447.00
1479.00,1448.00,1480.00
1479.00,1477.00,1448.00
1477.00,1445.00,1448.00
1480.00,1481.00,1482.00
1479.00,1480.00,1482.00
1481.00,1451.00,1450.00
1481.00,1450.00,1482.00
1482.00,1450.00,1483.00
1478.00,1450.00,1447.00
1483.00,1450.00,1478.00
1448.00,1452.00,1480.00
1455.00,1480.00,1452.00
1481.00,1480.00,1455.00
1451.00,1481.00,1455.00
1460.00,1461.00,1484.00
1460.00,1484.00,1462.00
1484.00,1465.00,1485.00
1461.00,1465.00,1484.00
1462.00,1485.00,1466.00
1484.00,1485.00,1462.00
1468.00,1467.00,1486.00
1468.00,1487.00,1469.00
1486.00,1487.00,1468.00
1469.00,1487.00,1488.00
1465.00,1469.00,1488.00
1465.00,1488.00,1489.00
1465.00,1489.00,1485.00
1489.00,1466.00,1485.00
1489.00,1490.00,1466.00
1490.00,1471.00,1466.00
1486.00,1491.00,1492.00
1486.00,1467.00,1491.00
1467.00,1472.00,1491.00
1487.00,1486.00,1492.00
1493.00,1487.00,1492.00
1488.00,1487.00,1493.00
1471.00,1490.00,1474.00
1490.00,1494.00,1474.00
1472.00,1475.00,1491.00
1491.00,1475.00,1495.00
1474.00,1494.00,1476.00
1494.00,1496.00,1476.00
1475.00,1477.00,1495.00
1495.00,1477.00,1497.00
1476.00,1496.00,1478.00
1496.00,1498.00,1478.00
1477.00,1499.00,1497.00
1479.00,1499.00,1477.00
1482.00,1500.00,1479.00
1479.00,1500.00,1499.00
1483.00,1501.00,1482.00
1482.00,1501.00,1500.00
1498.00,1483.00,1478.00
1501.00,1483.00,1498.00
1489.00,1502.00,1503.00
1488.00,1502.00,1489.00
1503.00,1490.00,1489.00
1504.00,1490.00,1503.00
1492.00,1491.00,1505.00
1492.00,1506.00,1493.00
1505.00,1506.00,1492.00
1507.00,1502.00,1488.00
1507.00,1488.00,1506.00
1507.00,1506.00,1508.00
1506.00,1488.00,1493.00
1508.00,1504.00,1507.00
1508.00,1494.00,1504.00
1494.00,1490.00,1504.00
1505.00,1495.00,1509.00
1491.00,1495.00,1505.00
1506.00,1505.00,1510.00
1510.00,1505.00,1509.00
1511.00,1512.00,1508.00
1511.00,1508.00,1510.00
1510.00,1508.00,1506.00
1512.00,1494.00,1508.00
1512.00,1513.00,1494.00
1513.00,1496.00,1494.00
1509.00,1514.00,1515.00
1509.00,1495.00,1514.00
1495.00,1497.00,1514.00
1510.00,1509.00,1515.00
1516.00,1510.00,1515.00
1511.00,1510.00,1516.00
1496.00,1513.00,1498.00
1513.00,1517.00,1498.00
1497.00,1518.00,1514.00
1499.00,1518.00,1497.00
1500.00,1519.00,1499.00
1499.00,1519.00,1518.00
1501.00,1520.00,1500.00
1500.00,1520.00,1519.00
1517.00,1501.00,1498.00
1520.00,1501.00,1517.00
1503.00,1502.00,1521.00
1503.00,1521.00,1504.00
1502.00,1507.00,1521.00
1504.00,1521.00,1507.00
1512.00,1511.00,1522.00
1512.00,1522.00,1513.00
1515.00,1523.00,1524.00
1514.00,1523.00,1515.00
1516.00,1515.00,1525.00
1515.00,1524.00,1525.00
1511.00,1516.00,1525.00
1511.00,1525.00,1526.00
1511.00,1526.00,1522.00
1527.00,1526.00,1525.00
1513.00,1526.00,1517.00
1522.00,1526.00,1513.00
1514.00,1528.00,1523.00
1518.00,1528.00,1514.00
1519.00,1529.00,1518.00
1518.00,1529.00,1528.00
1527.00,1520.00,1526.00
1527.00,1529.00,1520.00
1529.00,1519.00,1520.00
1517.00,1526.00,1520.00
1524.00,1523.00,1530.00
1524.00,1531.00,1525.00
1530.00,1531.00,1524.00
1525.00,1531.00,1527.00
1523.00,1528.00,1530.00
1529.00,1530.00,1528.00
1531.00,1530.00,1529.00
1527.00,1531.00,1529.00
1532.00,1533.00,1534.00
1534.00,1535.00,1532.00
1532.00,1536.00,1533.00
1535.00,1536.00,1532.00
1534.00,1533.00,1537.00
1534.00,1537.00,1535.00
1533.00,1536.00,1537.00
1535.00,1537.00,1536.00
