0.00,1.00,2.00
2.00,3.00,0.00
4.00,1.00,0.00
5.00,1.00,4.00
6.00,0.00,3.00
6.00,7.00,0.00
7.00,4.00,0.00
6.00,8.00,7.00
9.00,5.00,4.00
10.00,5.00,9.00
7.00,11.00,4.00
11.00,9.00,4.00
12.00,7.00,8.00
11.00,7.00,12.00
13.00,10.00,9.00
14.00,10.00,13.00
11.00,15.00,9.00
15.00,13.00,9.00
16.00,11.00,12.00
15.00,11.00,16.00
13.00,17.00,14.00
15.00,17.00,13.00
18.00,17.00,15.00
16.00,18.00,15.00
2.00,19.00,20.00
1.00,19.00,2.00
3.00,21.00,22.00
3.00,2.00,21.00
2.00,20.00,21.00
21.00,23.00,22.00
1.00,5.00,19.00
19.00,5.00,24.00
3.00,22.00,6.00
8.00,25.00,26.00
6.00,25.00,8.00
6.00,23.00,25.00
6.00,22.00,23.00
25.00,27.00,26.00
5.00,10.00,24.00
24.00,10.00,28.00
26.00,29.00,12.00
8.00,26.00,12.00
30.00,26.00,27.00
29.00,26.00,30.00
10.00,14.00,28.00
28.00,14.00,31.00
29.00,32.00,16.00
12.00,29.00,16.00
33.00,29.00,30.00
32.00,29.00,33.00
34.00,14.00,17.00
34.00,35.00,14.00
35.00,31.00,14.00
17.00,18.00,36.00
34.00,17.00,36.00
18.00,37.00,36.00
16.00,37.00,18.00
16.00,38.00,37.00
16.00,32.00,38.00
33.00,38.00,32.00
34.00,39.00,35.00
36.00,39.00,34.00
40.00,39.00,36.00
37.00,40.00,36.00
41.00,42.00,43.00
43.00,44.00,41.00
20.00,42.00,41.00
20.00,19.00,42.00
19.00,45.00,42.00
41.00,44.00,46.00
41.00,46.00,20.00
20.00,46.00,21.00
46.00,23.00,21.00
47.00,23.00,46.00
19.00,24.00,45.00
45.00,24.00,48.00
23.00,47.00,49.00
25.00,23.00,49.00
49.00,27.00,25.00
50.00,27.00,49.00
24.00,28.00,48.00
48.00,28.00,51.00
27.00,50.00,30.00
50.00,52.00,30.00
28.00,31.00,51.00
51.00,31.00,53.00
30.00,52.00,33.00
52.00,54.00,33.00
31.00,35.00,53.00
53.00,35.00,55.00
38.00,56.00,57.00
37.00,38.00,57.00
54.00,38.00,33.00
56.00,38.00,54.00
58.00,35.00,39.00
58.00,59.00,35.00
59.00,55.00,35.00
39.00,40.00,60.00
58.00,39.00,60.00
61.00,37.00,57.00
61.00,60.00,37.00
61.00,62.00,60.00
60.00,40.00,37.00
61.00,63.00,62.00
64.00,59.00,58.00
65.00,59.00,64.00
60.00,66.00,58.00
66.00,64.00,58.00
67.00,62.00,68.00
67.00,66.00,62.00
66.00,60.00,62.00
63.00,68.00,62.00
64.00,69.00,65.00
66.00,69.00,64.00
70.00,69.00,66.00
67.00,70.00,66.00
43.00,71.00,72.00
42.00,71.00,43.00
72.00,44.00,43.00
73.00,44.00,72.00
42.00,45.00,71.00
71.00,45.00,74.00
44.00,73.00,75.00
46.00,44.00,75.00
75.00,47.00,46.00
76.00,47.00,75.00
45.00,48.00,74.00
74.00,48.00,77.00
47.00,76.00,78.00
49.00,47.00,78.00
78.00,50.00,49.00
79.00,50.00,78.00
48.00,51.00,77.00
77.00,51.00,80.00
50.00,79.00,52.00
79.00,81.00,52.00
51.00,53.00,80.00
80.00,53.00,82.00
52.00,81.00,54.00
81.00,83.00,54.00
53.00,55.00,82.00
82.00,55.00,84.00
56.00,85.00,57.00
86.00,54.00,83.00
86.00,85.00,54.00
86.00,87.00,85.00
85.00,56.00,54.00
86.00,88.00,87.00
55.00,59.00,84.00
84.00,59.00,89.00
57.00,85.00,61.00
63.00,61.00,85.00
63.00,85.00,90.00
90.00,85.00,87.00
91.00,87.00,88.00
90.00,87.00,91.00
59.00,65.00,89.00
89.00,65.00,92.00
68.00,93.00,67.00
68.00,63.00,90.00
68.00,90.00,93.00
93.00,90.00,94.00
95.00,90.00,91.00
94.00,90.00,95.00
65.00,96.00,92.00
69.00,96.00,65.00
70.00,97.00,69.00
69.00,97.00,96.00
67.00,97.00,70.00
67.00,98.00,97.00
67.00,93.00,98.00
99.00,97.00,98.00
94.00,100.00,93.00
100.00,98.00,93.00
101.00,94.00,95.00
100.00,94.00,101.00
98.00,102.00,99.00
100.00,102.00,98.00
103.00,102.00,100.00
101.00,103.00,100.00
72.00,104.00,105.00
71.00,104.00,72.00
105.00,73.00,72.00
106.00,73.00,105.00
71.00,74.00,104.00
104.00,74.00,107.00
73.00,106.00,108.00
75.00,73.00,108.00
108.00,76.00,75.00
109.00,76.00,108.00
74.00,77.00,107.00
107.00,77.00,110.00
76.00,109.00,111.00
78.00,76.00,111.00
111.00,79.00,78.00
112.00,79.00,111.00
77.00,80.00,110.00
110.00,80.00,113.00
79.00,112.00,81.00
112.00,114.00,81.00
80.00,82.00,113.00
113.00,82.00,115.00
81.00,114.00,83.00
114.00,116.00,83.00
82.00,84.00,115.00
115.00,84.00,117.00
83.00,116.00,118.00
86.00,83.00,118.00
118.00,88.00,86.00
119.00,88.00,118.00
84.00,89.00,117.00
117.00,89.00,120.00
88.00,119.00,91.00
119.00,121.00,91.00
89.00,92.00,120.00
120.00,92.00,122.00
91.00,121.00,95.00
121.00,123.00,95.00
124.00,92.00,96.00
124.00,125.00,92.00
125.00,122.00,92.00
96.00,97.00,126.00
124.00,96.00,126.00
97.00,99.00,126.00
95.00,123.00,101.00
123.00,127.00,101.00
124.00,128.00,125.00
128.00,129.00,130.00
128.00,124.00,129.00
124.00,126.00,129.00
99.00,102.00,131.00
99.00,131.00,126.00
126.00,131.00,129.00
102.00,103.00,132.00
131.00,102.00,132.00
103.00,133.00,132.00
103.00,101.00,133.00
101.00,127.00,133.00
129.00,134.00,130.00
134.00,135.00,136.00
134.00,129.00,135.00
129.00,131.00,135.00
137.00,132.00,138.00
137.00,135.00,132.00
135.00,131.00,132.00
133.00,138.00,132.00
135.00,139.00,136.00
137.00,139.00,135.00
105.00,140.00,141.00
104.00,140.00,105.00
141.00,106.00,105.00
142.00,106.00,141.00
104.00,107.00,140.00
140.00,107.00,143.00
144.00,108.00,106.00
144.00,106.00,145.00
145.00,106.00,142.00
108.00,144.00,109.00
107.00,110.00,143.00
143.00,110.00,146.00
144.00,145.00,147.00
148.00,147.00,149.00
111.00,147.00,148.00
111.00,144.00,147.00
111.00,109.00,144.00
111.00,148.00,112.00
110.00,113.00,146.00
146.00,113.00,150.00
151.00,148.00,149.00
152.00,151.00,149.00
112.00,151.00,114.00
148.00,151.00,112.00
113.00,115.00,150.00
150.00,115.00,153.00
154.00,151.00,152.00
155.00,154.00,152.00
114.00,154.00,116.00
151.00,154.00,114.00
115.00,117.00,153.00
153.00,117.00,156.00
154.00,155.00,157.00
116.00,154.00,157.00
116.00,157.00,118.00
118.00,157.00,158.00
158.00,119.00,118.00
159.00,119.00,158.00
117.00,120.00,156.00
156.00,120.00,160.00
119.00,159.00,121.00
159.00,161.00,121.00
120.00,122.00,160.00
160.00,122.00,162.00
121.00,161.00,123.00
161.00,163.00,123.00
122.00,125.00,162.00
162.00,125.00,164.00
123.00,163.00,127.00
163.00,165.00,127.00
166.00,125.00,128.00
166.00,167.00,125.00
167.00,164.00,125.00
128.00,130.00,166.00
127.00,165.00,133.00
165.00,168.00,133.00
169.00,167.00,166.00
170.00,167.00,169.00
130.00,134.00,171.00
130.00,171.00,166.00
166.00,171.00,169.00
134.00,136.00,171.00
138.00,172.00,137.00
138.00,173.00,172.00
138.00,133.00,173.00
133.00,168.00,173.00
169.00,174.00,170.00
171.00,174.00,169.00
175.00,174.00,171.00
136.00,175.00,171.00
136.00,139.00,175.00
139.00,176.00,175.00
172.00,139.00,137.00
172.00,177.00,139.00
177.00,176.00,139.00
173.00,177.00,172.00
141.00,178.00,179.00
140.00,178.00,141.00
179.00,142.00,141.00
180.00,142.00,179.00
140.00,143.00,178.00
178.00,143.00,181.00
142.00,180.00,145.00
180.00,182.00,145.00
143.00,146.00,181.00
181.00,146.00,183.00
145.00,182.00,184.00
147.00,145.00,184.00
184.00,149.00,147.00
185.00,149.00,184.00
146.00,150.00,183.00
183.00,150.00,186.00
149.00,185.00,152.00
185.00,187.00,152.00
150.00,153.00,186.00
186.00,153.00,188.00
152.00,187.00,155.00
187.00,189.00,155.00
153.00,156.00,188.00
188.00,156.00,190.00
155.00,189.00,191.00
157.00,155.00,191.00
158.00,157.00,192.00
157.00,191.00,192.00
192.00,159.00,158.00
193.00,159.00,192.00
156.00,160.00,190.00
190.00,160.00,194.00
159.00,193.00,161.00
193.00,195.00,161.00
160.00,162.00,194.00
194.00,162.00,196.00
161.00,195.00,163.00
195.00,197.00,163.00
162.00,164.00,196.00
196.00,164.00,198.00
163.00,197.00,165.00
197.00,199.00,165.00
164.00,167.00,198.00
198.00,167.00,200.00
165.00,199.00,168.00
199.00,201.00,168.00
167.00,170.00,200.00
200.00,170.00,202.00
168.00,201.00,173.00
201.00,203.00,173.00
170.00,204.00,202.00
174.00,204.00,170.00
205.00,206.00,204.00
205.00,204.00,175.00
175.00,204.00,174.00
175.00,176.00,207.00
205.00,175.00,207.00
208.00,207.00,176.00
208.00,176.00,209.00
209.00,176.00,177.00
203.00,177.00,173.00
209.00,177.00,203.00
205.00,210.00,206.00
207.00,210.00,205.00
211.00,210.00,207.00
208.00,211.00,207.00
179.00,212.00,213.00
178.00,212.00,179.00
213.00,180.00,179.00
214.00,180.00,213.00
178.00,181.00,212.00
212.00,181.00,215.00
180.00,214.00,182.00
214.00,216.00,182.00
181.00,183.00,215.00
215.00,183.00,217.00
218.00,184.00,182.00
218.00,182.00,219.00
219.00,182.00,216.00
184.00,218.00,185.00
183.00,186.00,217.00
217.00,186.00,220.00
221.00,218.00,219.00
222.00,221.00,219.00
185.00,221.00,187.00
218.00,221.00,185.00
186.00,188.00,220.00
220.00,188.00,223.00
224.00,221.00,222.00
225.00,224.00,222.00
187.00,224.00,189.00
221.00,224.00,187.00
188.00,190.00,223.00
223.00,190.00,226.00
224.00,225.00,227.00
189.00,224.00,227.00
189.00,227.00,191.00
191.00,227.00,228.00
229.00,228.00,230.00
229.00,192.00,228.00
192.00,191.00,228.00
192.00,229.00,193.00
190.00,194.00,226.00
226.00,194.00,231.00
229.00,230.00,232.00
232.00,193.00,229.00
232.00,233.00,193.00
233.00,195.00,193.00
194.00,196.00,231.00
231.00,196.00,234.00
195.00,233.00,197.00
233.00,235.00,197.00
196.00,198.00,234.00
234.00,198.00,236.00
197.00,235.00,199.00
235.00,237.00,199.00
198.00,200.00,236.00
236.00,200.00,238.00
199.00,237.00,201.00
237.00,239.00,201.00
200.00,202.00,238.00
238.00,202.00,240.00
201.00,239.00,203.00
239.00,241.00,203.00
242.00,202.00,204.00
242.00,243.00,202.00
243.00,240.00,202.00
204.00,206.00,242.00
209.00,244.00,245.00
208.00,209.00,245.00
241.00,209.00,203.00
244.00,209.00,241.00
242.00,246.00,243.00
206.00,246.00,242.00
206.00,210.00,246.00
210.00,247.00,246.00
211.00,248.00,210.00
210.00,248.00,247.00
245.00,211.00,208.00
248.00,211.00,245.00
213.00,212.00,249.00
213.00,249.00,214.00
249.00,215.00,250.00
212.00,215.00,249.00
214.00,250.00,216.00
249.00,250.00,214.00
250.00,217.00,251.00
215.00,217.00,250.00
216.00,251.00,219.00
250.00,251.00,216.00
251.00,220.00,252.00
217.00,220.00,251.00
219.00,252.00,222.00
251.00,252.00,219.00
252.00,223.00,253.00
220.00,223.00,252.00
222.00,253.00,225.00
252.00,253.00,222.00
253.00,226.00,254.00
223.00,226.00,253.00
225.00,255.00,227.00
225.00,253.00,255.00
253.00,254.00,255.00
227.00,256.00,228.00
255.00,256.00,227.00
228.00,256.00,230.00
254.00,257.00,258.00
254.00,226.00,257.00
226.00,231.00,257.00
255.00,254.00,258.00
259.00,255.00,258.00
256.00,255.00,259.00
260.00,256.00,259.00
261.00,260.00,262.00
232.00,260.00,261.00
232.00,256.00,260.00
232.00,230.00,256.00
232.00,261.00,233.00
231.00,234.00,257.00
257.00,234.00,263.00
261.00,262.00,264.00
264.00,233.00,261.00
264.00,265.00,233.00
265.00,235.00,233.00
234.00,236.00,263.00
263.00,236.00,266.00
235.00,265.00,237.00
265.00,267.00,237.00
236.00,238.00,266.00
266.00,238.00,268.00
237.00,267.00,239.00
267.00,269.00,239.00
238.00,240.00,268.00
268.00,240.00,270.00
239.00,269.00,241.00
269.00,271.00,241.00
240.00,243.00,270.00
270.00,243.00,272.00
244.00,273.00,274.00
245.00,244.00,274.00
271.00,244.00,241.00
273.00,244.00,271.00
243.00,275.00,272.00
246.00,275.00,243.00
247.00,276.00,246.00
246.00,276.00,275.00
248.00,277.00,247.00
247.00,277.00,276.00
274.00,248.00,245.00
277.00,248.00,274.00
278.00,279.00,280.00
280.00,281.00,278.00
282.00,279.00,278.00
283.00,279.00,282.00
284.00,278.00,281.00
282.00,278.00,284.00
285.00,283.00,282.00
286.00,283.00,285.00
287.00,282.00,284.00
285.00,282.00,287.00
285.00,288.00,286.00
287.00,288.00,285.00
258.00,257.00,289.00
258.00,290.00,259.00
289.00,290.00,258.00
259.00,291.00,260.00
290.00,291.00,259.00
260.00,291.00,262.00
289.00,292.00,293.00
289.00,257.00,292.00
257.00,263.00,292.00
290.00,289.00,293.00
294.00,290.00,293.00
291.00,290.00,294.00
295.00,291.00,294.00
262.00,291.00,295.00
262.00,295.00,264.00
264.00,295.00,296.00
296.00,265.00,264.00
297.00,265.00,296.00
263.00,266.00,292.00
292.00,266.00,298.00
265.00,297.00,267.00
297.00,299.00,267.00
266.00,268.00,298.00
298.00,268.00,300.00
267.00,299.00,269.00
299.00,301.00,269.00
268.00,270.00,300.00
300.00,270.00,302.00
269.00,301.00,271.00
301.00,303.00,271.00
270.00,272.00,302.00
302.00,272.00,304.00
273.00,305.00,274.00
273.00,306.00,305.00
273.00,271.00,306.00
271.00,303.00,306.00
272.00,307.00,304.00
275.00,307.00,272.00
276.00,308.00,275.00
275.00,308.00,307.00
309.00,310.00,308.00
309.00,308.00,277.00
277.00,308.00,276.00
277.00,311.00,309.00
274.00,311.00,277.00
274.00,312.00,311.00
274.00,305.00,312.00
306.00,312.00,305.00
309.00,313.00,310.00
311.00,313.00,309.00
280.00,314.00,315.00
279.00,314.00,280.00
315.00,281.00,280.00
316.00,281.00,315.00
279.00,283.00,314.00
314.00,283.00,317.00
281.00,316.00,284.00
316.00,318.00,284.00
283.00,286.00,317.00
317.00,286.00,319.00
284.00,318.00,287.00
318.00,320.00,287.00
286.00,321.00,319.00
288.00,321.00,286.00
320.00,288.00,287.00
321.00,288.00,320.00
293.00,292.00,322.00
323.00,293.00,322.00
323.00,324.00,293.00
324.00,294.00,293.00
295.00,294.00,325.00
294.00,324.00,325.00
326.00,325.00,327.00
326.00,296.00,325.00
296.00,295.00,325.00
296.00,326.00,297.00
322.00,328.00,329.00
322.00,292.00,328.00
292.00,298.00,328.00
323.00,322.00,329.00
326.00,327.00,330.00
330.00,297.00,326.00
330.00,331.00,297.00
331.00,299.00,297.00
298.00,300.00,328.00
328.00,300.00,332.00
299.00,331.00,301.00
331.00,333.00,301.00
300.00,302.00,332.00
332.00,302.00,334.00
301.00,333.00,303.00
333.00,335.00,303.00
336.00,304.00,337.00
336.00,334.00,304.00
334.00,302.00,304.00
336.00,337.00,338.00
303.00,335.00,306.00
335.00,339.00,306.00
304.00,307.00,337.00
337.00,307.00,308.00
337.00,308.00,340.00
337.00,340.00,338.00
340.00,308.00,341.00
308.00,310.00,341.00
312.00,342.00,343.00
311.00,312.00,343.00
339.00,312.00,306.00
342.00,312.00,339.00
341.00,344.00,340.00
310.00,344.00,341.00
310.00,313.00,344.00
313.00,345.00,344.00
343.00,313.00,311.00
345.00,313.00,343.00
315.00,346.00,347.00
314.00,346.00,315.00
347.00,316.00,315.00
348.00,316.00,347.00
314.00,317.00,346.00
346.00,317.00,349.00
316.00,348.00,318.00
348.00,350.00,318.00
317.00,319.00,349.00
349.00,319.00,351.00
318.00,350.00,320.00
350.00,352.00,320.00
319.00,353.00,351.00
321.00,353.00,319.00
352.00,321.00,320.00
353.00,321.00,352.00
324.00,323.00,354.00
355.00,324.00,354.00
355.00,356.00,324.00
356.00,325.00,324.00
356.00,327.00,325.00
357.00,327.00,356.00
329.00,358.00,359.00
328.00,358.00,329.00
354.00,323.00,329.00
354.00,329.00,360.00
360.00,329.00,359.00
355.00,354.00,360.00
327.00,357.00,361.00
330.00,327.00,361.00
361.00,331.00,330.00
362.00,331.00,361.00
328.00,332.00,358.00
358.00,332.00,363.00
331.00,362.00,333.00
362.00,364.00,333.00
332.00,334.00,363.00
363.00,334.00,365.00
333.00,364.00,335.00
364.00,366.00,335.00
334.00,367.00,365.00
336.00,367.00,334.00
367.00,336.00,338.00
368.00,367.00,338.00
335.00,366.00,339.00
366.00,369.00,339.00
338.00,340.00,368.00
368.00,340.00,370.00
342.00,371.00,372.00
343.00,342.00,372.00
369.00,342.00,339.00
371.00,342.00,369.00
340.00,373.00,370.00
344.00,373.00,340.00
345.00,374.00,344.00
344.00,374.00,373.00
372.00,345.00,343.00
374.00,345.00,372.00
347.00,346.00,375.00
347.00,375.00,348.00
375.00,349.00,376.00
346.00,349.00,375.00
348.00,376.00,350.00
375.00,376.00,348.00
376.00,351.00,377.00
349.00,351.00,376.00
350.00,377.00,352.00
376.00,377.00,350.00
351.00,353.00,377.00
352.00,377.00,353.00
378.00,379.00,380.00
378.00,356.00,355.00
378.00,380.00,356.00
380.00,381.00,356.00
381.00,357.00,356.00
382.00,357.00,381.00
359.00,383.00,384.00
358.00,383.00,359.00
379.00,378.00,360.00
379.00,360.00,384.00
384.00,360.00,359.00
355.00,360.00,378.00
357.00,382.00,385.00
361.00,357.00,385.00
385.00,362.00,361.00
386.00,362.00,385.00
358.00,363.00,383.00
383.00,363.00,387.00
362.00,386.00,364.00
386.00,388.00,364.00
363.00,365.00,387.00
387.00,365.00,389.00
364.00,388.00,366.00
388.00,390.00,366.00
391.00,365.00,367.00
391.00,392.00,365.00
392.00,389.00,365.00
367.00,368.00,391.00
366.00,390.00,369.00
390.00,393.00,369.00
391.00,394.00,392.00
394.00,391.00,368.00
394.00,368.00,395.00
395.00,368.00,370.00
371.00,396.00,397.00
372.00,371.00,397.00
393.00,371.00,369.00
396.00,371.00,393.00
370.00,398.00,395.00
373.00,398.00,370.00
374.00,399.00,373.00
373.00,399.00,398.00
397.00,374.00,372.00
399.00,374.00,397.00
380.00,400.00,401.00
379.00,400.00,380.00
381.00,380.00,402.00
380.00,401.00,402.00
402.00,382.00,381.00
403.00,382.00,402.00
384.00,404.00,405.00
383.00,404.00,384.00
400.00,379.00,384.00
405.00,400.00,384.00
382.00,403.00,406.00
385.00,382.00,406.00
406.00,386.00,385.00
407.00,386.00,406.00
383.00,387.00,404.00
404.00,387.00,408.00
386.00,407.00,388.00
407.00,409.00,388.00
387.00,389.00,408.00
408.00,389.00,410.00
388.00,409.00,390.00
409.00,411.00,390.00
389.00,392.00,410.00
410.00,392.00,412.00
390.00,411.00,393.00
411.00,413.00,393.00
414.00,392.00,394.00
414.00,415.00,392.00
415.00,412.00,392.00
394.00,395.00,414.00
396.00,416.00,417.00
397.00,396.00,417.00
413.00,396.00,393.00
416.00,396.00,413.00
414.00,418.00,415.00
395.00,418.00,414.00
395.00,398.00,418.00
398.00,419.00,418.00
399.00,420.00,398.00
398.00,420.00,419.00
417.00,399.00,397.00
420.00,399.00,417.00
401.00,421.00,422.00
400.00,421.00,401.00
402.00,401.00,423.00
401.00,422.00,423.00
423.00,403.00,402.00
424.00,403.00,423.00
405.00,425.00,426.00
404.00,425.00,405.00
421.00,400.00,405.00
426.00,421.00,405.00
403.00,424.00,427.00
406.00,403.00,427.00
427.00,407.00,406.00
428.00,407.00,427.00
404.00,408.00,425.00
425.00,408.00,429.00
407.00,428.00,409.00
428.00,430.00,409.00
408.00,410.00,429.00
429.00,410.00,431.00
409.00,430.00,411.00
430.00,432.00,411.00
410.00,412.00,431.00
431.00,412.00,433.00
411.00,432.00,413.00
432.00,434.00,413.00
412.00,415.00,433.00
433.00,415.00,435.00
416.00,436.00,437.00
417.00,416.00,437.00
434.00,416.00,413.00
436.00,416.00,434.00
415.00,438.00,435.00
418.00,438.00,415.00
419.00,439.00,418.00
418.00,439.00,438.00
420.00,440.00,419.00
419.00,440.00,439.00
437.00,420.00,417.00
440.00,420.00,437.00
422.00,441.00,442.00
421.00,441.00,422.00
423.00,422.00,443.00
422.00,442.00,443.00
443.00,424.00,423.00
444.00,424.00,443.00
426.00,445.00,446.00
425.00,445.00,426.00
441.00,421.00,426.00
446.00,441.00,426.00
447.00,427.00,424.00
447.00,424.00,448.00
448.00,424.00,444.00
427.00,447.00,428.00
425.00,429.00,445.00
445.00,429.00,449.00
447.00,448.00,450.00
450.00,428.00,447.00
450.00,451.00,428.00
451.00,430.00,428.00
429.00,431.00,449.00
449.00,431.00,452.00
430.00,451.00,432.00
451.00,453.00,432.00
431.00,433.00,452.00
452.00,433.00,454.00
432.00,453.00,434.00
453.00,455.00,434.00
433.00,435.00,454.00
454.00,435.00,456.00
436.00,457.00,458.00
437.00,436.00,458.00
455.00,436.00,434.00
457.00,436.00,455.00
435.00,459.00,456.00
438.00,459.00,435.00
439.00,460.00,438.00
438.00,460.00,459.00
440.00,461.00,439.00
439.00,461.00,460.00
458.00,440.00,437.00
461.00,440.00,458.00
442.00,462.00,463.00
441.00,462.00,442.00
443.00,442.00,464.00
442.00,463.00,464.00
464.00,444.00,443.00
465.00,444.00,464.00
446.00,466.00,467.00
445.00,466.00,446.00
462.00,441.00,446.00
467.00,462.00,446.00
444.00,465.00,448.00
465.00,468.00,448.00
445.00,449.00,466.00
466.00,449.00,469.00
470.00,450.00,448.00
470.00,448.00,471.00
471.00,448.00,468.00
450.00,470.00,451.00
449.00,452.00,469.00
469.00,452.00,472.00
473.00,470.00,471.00
474.00,473.00,471.00
451.00,473.00,453.00
470.00,473.00,451.00
452.00,454.00,472.00
472.00,454.00,475.00
476.00,473.00,474.00
477.00,476.00,474.00
453.00,476.00,455.00
473.00,476.00,453.00
454.00,456.00,475.00
475.00,456.00,478.00
457.00,476.00,477.00
457.00,477.00,458.00
458.00,477.00,479.00
455.00,476.00,457.00
456.00,480.00,478.00
459.00,480.00,456.00
460.00,481.00,459.00
459.00,481.00,480.00
461.00,482.00,460.00
460.00,482.00,481.00
479.00,461.00,458.00
482.00,461.00,479.00
463.00,483.00,484.00
462.00,483.00,463.00
464.00,463.00,485.00
463.00,484.00,485.00
485.00,465.00,464.00
486.00,465.00,485.00
467.00,487.00,488.00
466.00,487.00,467.00
483.00,462.00,467.00
488.00,483.00,467.00
465.00,486.00,468.00
486.00,489.00,468.00
466.00,469.00,487.00
487.00,469.00,490.00
468.00,489.00,471.00
489.00,491.00,471.00
469.00,472.00,490.00
490.00,472.00,492.00
471.00,491.00,474.00
491.00,493.00,474.00
472.00,475.00,492.00
492.00,475.00,494.00
474.00,493.00,477.00
493.00,495.00,477.00
475.00,478.00,494.00
494.00,478.00,496.00
477.00,495.00,479.00
495.00,497.00,479.00
478.00,498.00,496.00
480.00,498.00,478.00
481.00,499.00,480.00
480.00,499.00,498.00
482.00,500.00,481.00
481.00,500.00,499.00
497.00,482.00,479.00
500.00,482.00,497.00
501.00,502.00,503.00
501.00,484.00,483.00
501.00,503.00,484.00
503.00,504.00,484.00
485.00,484.00,505.00
484.00,504.00,505.00
505.00,486.00,485.00
506.00,486.00,505.00
488.00,502.00,501.00
488.00,487.00,502.00
487.00,507.00,502.00
483.00,488.00,501.00
486.00,506.00,489.00
506.00,508.00,489.00
487.00,490.00,507.00
507.00,490.00,509.00
489.00,508.00,491.00
508.00,510.00,491.00
490.00,492.00,509.00
509.00,492.00,511.00
491.00,510.00,493.00
510.00,512.00,493.00
492.00,494.00,511.00
511.00,494.00,513.00
493.00,512.00,495.00
512.00,514.00,495.00
494.00,496.00,513.00
513.00,496.00,515.00
495.00,514.00,497.00
514.00,516.00,497.00
517.00,496.00,498.00
517.00,518.00,496.00
518.00,515.00,496.00
519.00,517.00,498.00
519.00,498.00,520.00
520.00,498.00,499.00
500.00,521.00,499.00
499.00,521.00,520.00
516.00,500.00,497.00
521.00,500.00,516.00
517.00,522.00,518.00
519.00,522.00,517.00
503.00,523.00,524.00
502.00,523.00,503.00
504.00,503.00,525.00
503.00,524.00,525.00
526.00,525.00,527.00
526.00,505.00,525.00
505.00,504.00,525.00
505.00,526.00,506.00
502.00,507.00,523.00
523.00,507.00,528.00
526.00,527.00,529.00
529.00,506.00,526.00
529.00,530.00,506.00
530.00,508.00,506.00
531.00,532.00,533.00
531.00,533.00,528.00
531.00,528.00,509.00
509.00,528.00,507.00
508.00,530.00,510.00
530.00,534.00,510.00
535.00,532.00,531.00
536.00,532.00,535.00
509.00,511.00,535.00
531.00,509.00,535.00
510.00,534.00,512.00
534.00,537.00,512.00
535.00,538.00,536.00
538.00,535.00,511.00
538.00,511.00,539.00
539.00,511.00,513.00
512.00,537.00,514.00
537.00,540.00,514.00
513.00,515.00,539.00
539.00,515.00,541.00
542.00,543.00,544.00
542.00,540.00,543.00
542.00,516.00,540.00
516.00,514.00,540.00
515.00,518.00,541.00
541.00,518.00,545.00
520.00,546.00,547.00
519.00,520.00,547.00
544.00,521.00,542.00
544.00,546.00,521.00
546.00,520.00,521.00
516.00,542.00,521.00
518.00,548.00,545.00
522.00,548.00,518.00
547.00,522.00,519.00
548.00,522.00,547.00
524.00,549.00,550.00
523.00,549.00,524.00
525.00,524.00,551.00
524.00,550.00,551.00
551.00,527.00,525.00
552.00,527.00,551.00
553.00,554.00,555.00
553.00,555.00,549.00
553.00,549.00,528.00
528.00,549.00,523.00
527.00,552.00,556.00
529.00,527.00,556.00
556.00,530.00,529.00
557.00,530.00,556.00
533.00,554.00,553.00
533.00,532.00,554.00
532.00,558.00,554.00
528.00,533.00,553.00
530.00,557.00,534.00
557.00,559.00,534.00
532.00,536.00,558.00
558.00,536.00,560.00
534.00,559.00,537.00
559.00,561.00,537.00
562.00,536.00,538.00
562.00,563.00,536.00
563.00,560.00,536.00
538.00,539.00,562.00
537.00,561.00,540.00
561.00,564.00,540.00
562.00,565.00,563.00
565.00,562.00,539.00
565.00,539.00,566.00
566.00,539.00,541.00
543.00,567.00,568.00
544.00,543.00,568.00
564.00,543.00,540.00
567.00,543.00,564.00
569.00,545.00,570.00
569.00,566.00,545.00
566.00,541.00,545.00
570.00,547.00,546.00
570.00,546.00,569.00
569.00,546.00,571.00
568.00,546.00,544.00
571.00,546.00,568.00
545.00,548.00,570.00
547.00,570.00,548.00
550.00,572.00,573.00
549.00,572.00,550.00
574.00,573.00,575.00
574.00,551.00,573.00
551.00,550.00,573.00
551.00,574.00,552.00
555.00,576.00,577.00
554.00,576.00,555.00
572.00,549.00,555.00
577.00,572.00,555.00
574.00,575.00,578.00
579.00,578.00,580.00
556.00,578.00,579.00
556.00,574.00,578.00
556.00,552.00,574.00
556.00,579.00,557.00
554.00,558.00,576.00
576.00,558.00,581.00
579.00,580.00,582.00
582.00,557.00,579.00
582.00,583.00,557.00
583.00,559.00,557.00
558.00,560.00,581.00
581.00,560.00,584.00
559.00,583.00,561.00
583.00,585.00,561.00
560.00,563.00,584.00
584.00,563.00,586.00
561.00,585.00,564.00
585.00,587.00,564.00
563.00,588.00,586.00
565.00,588.00,563.00
588.00,565.00,566.00
589.00,588.00,566.00
567.00,590.00,591.00
568.00,567.00,591.00
587.00,567.00,564.00
590.00,567.00,587.00
566.00,592.00,589.00
569.00,592.00,566.00
571.00,593.00,569.00
569.00,593.00,592.00
591.00,571.00,568.00
593.00,571.00,591.00
573.00,594.00,595.00
572.00,594.00,573.00
595.00,575.00,573.00
596.00,575.00,595.00
577.00,597.00,598.00
576.00,597.00,577.00
594.00,572.00,577.00
598.00,594.00,577.00
575.00,596.00,599.00
578.00,575.00,599.00
599.00,580.00,578.00
600.00,580.00,599.00
576.00,581.00,597.00
597.00,581.00,601.00
580.00,600.00,602.00
582.00,580.00,602.00
602.00,583.00,582.00
603.00,583.00,602.00
581.00,584.00,601.00
601.00,584.00,604.00
583.00,603.00,585.00
603.00,605.00,585.00
584.00,586.00,604.00
604.00,586.00,606.00
607.00,608.00,609.00
607.00,605.00,608.00
607.00,587.00,605.00
587.00,585.00,605.00
586.00,610.00,606.00
588.00,610.00,586.00
610.00,588.00,589.00
611.00,610.00,589.00
590.00,607.00,609.00
590.00,609.00,591.00
591.00,609.00,612.00
587.00,607.00,590.00
589.00,613.00,611.00
592.00,613.00,589.00
593.00,614.00,592.00
592.00,614.00,613.00
612.00,593.00,591.00
614.00,593.00,612.00
595.00,615.00,616.00
594.00,615.00,595.00
616.00,596.00,595.00
617.00,596.00,616.00
598.00,618.00,619.00
597.00,618.00,598.00
615.00,594.00,598.00
619.00,615.00,598.00
596.00,617.00,620.00
599.00,596.00,620.00
620.00,600.00,599.00
621.00,600.00,620.00
597.00,601.00,618.00
618.00,601.00,622.00
623.00,602.00,600.00
623.00,600.00,624.00
624.00,600.00,621.00
602.00,623.00,603.00
601.00,604.00,622.00
622.00,604.00,625.00
626.00,623.00,624.00
627.00,626.00,624.00
603.00,626.00,605.00
623.00,626.00,603.00
604.00,606.00,625.00
625.00,606.00,628.00
608.00,626.00,627.00
608.00,627.00,609.00
609.00,627.00,629.00
605.00,626.00,608.00
630.00,606.00,610.00
630.00,631.00,606.00
631.00,628.00,606.00
610.00,611.00,630.00
609.00,629.00,612.00
629.00,632.00,612.00
630.00,633.00,631.00
611.00,633.00,630.00
611.00,613.00,633.00
613.00,634.00,633.00
614.00,635.00,613.00
613.00,635.00,634.00
632.00,614.00,612.00
635.00,614.00,632.00
636.00,637.00,638.00
636.00,616.00,615.00
636.00,638.00,616.00
638.00,639.00,616.00
639.00,617.00,616.00
640.00,617.00,639.00
641.00,642.00,643.00
637.00,641.00,643.00
636.00,641.00,637.00
636.00,618.00,641.00
636.00,619.00,618.00
615.00,619.00,636.00
617.00,640.00,644.00
620.00,617.00,644.00
644.00,621.00,620.00
645.00,621.00,644.00
646.00,642.00,641.00
647.00,642.00,646.00
618.00,622.00,646.00
641.00,618.00,646.00
621.00,645.00,624.00
645.00,648.00,624.00
649.00,647.00,646.00
650.00,647.00,649.00
622.00,625.00,649.00
646.00,622.00,649.00
624.00,648.00,627.00
648.00,651.00,627.00
652.00,650.00,649.00
653.00,650.00,652.00
625.00,628.00,652.00
649.00,625.00,652.00
627.00,651.00,629.00
651.00,654.00,629.00
652.00,655.00,653.00
655.00,652.00,628.00
655.00,628.00,656.00
656.00,628.00,631.00
657.00,658.00,659.00
657.00,654.00,658.00
657.00,632.00,654.00
632.00,629.00,654.00
631.00,660.00,656.00
633.00,660.00,631.00
634.00,661.00,633.00
633.00,661.00,660.00
659.00,635.00,657.00
659.00,661.00,635.00
661.00,634.00,635.00
632.00,657.00,635.00
638.00,662.00,663.00
637.00,662.00,638.00
639.00,638.00,664.00
638.00,663.00,664.00
664.00,640.00,639.00
665.00,640.00,664.00
643.00,666.00,667.00
642.00,666.00,643.00
662.00,637.00,643.00
667.00,662.00,643.00
668.00,644.00,640.00
668.00,640.00,669.00
669.00,640.00,665.00
644.00,668.00,645.00
642.00,647.00,666.00
666.00,647.00,670.00
668.00,669.00,671.00
671.00,645.00,668.00
671.00,672.00,645.00
672.00,648.00,645.00
647.00,650.00,670.00
670.00,650.00,673.00
648.00,672.00,651.00
672.00,674.00,651.00
650.00,653.00,673.00
673.00,653.00,675.00
676.00,677.00,678.00
676.00,674.00,677.00
676.00,654.00,674.00
654.00,651.00,674.00
679.00,653.00,655.00
679.00,680.00,653.00
680.00,675.00,653.00
655.00,656.00,679.00
658.00,676.00,678.00
658.00,678.00,659.00
659.00,678.00,681.00
654.00,676.00,658.00
679.00,682.00,680.00
656.00,682.00,679.00
656.00,660.00,682.00
660.00,683.00,682.00
661.00,684.00,660.00
660.00,684.00,683.00
681.00,661.00,659.00
684.00,661.00,681.00
663.00,662.00,685.00
663.00,686.00,664.00
685.00,686.00,663.00
664.00,686.00,665.00
667.00,687.00,688.00
666.00,687.00,667.00
685.00,662.00,667.00
685.00,667.00,689.00
689.00,667.00,688.00
686.00,685.00,689.00
690.00,686.00,689.00
690.00,665.00,686.00
690.00,691.00,665.00
691.00,669.00,665.00
666.00,670.00,687.00
687.00,670.00,692.00
693.00,671.00,669.00
693.00,669.00,694.00
694.00,669.00,691.00
671.00,693.00,672.00
670.00,673.00,692.00
692.00,673.00,695.00
696.00,693.00,694.00
697.00,696.00,694.00
672.00,696.00,674.00
693.00,696.00,672.00
673.00,675.00,695.00
695.00,675.00,698.00
677.00,696.00,697.00
677.00,697.00,678.00
678.00,697.00,699.00
674.00,696.00,677.00
675.00,680.00,698.00
698.00,680.00,700.00
678.00,699.00,681.00
699.00,701.00,681.00
680.00,702.00,700.00
682.00,702.00,680.00
683.00,703.00,682.00
682.00,703.00,702.00
684.00,704.00,683.00
683.00,704.00,703.00
701.00,684.00,681.00
704.00,684.00,701.00
688.00,705.00,706.00
687.00,705.00,688.00
689.00,688.00,707.00
688.00,706.00,707.00
708.00,707.00,709.00
708.00,690.00,707.00
690.00,689.00,707.00
690.00,708.00,691.00
710.00,711.00,712.00
710.00,712.00,705.00
710.00,705.00,692.00
692.00,705.00,687.00
708.00,709.00,713.00
713.00,691.00,708.00
713.00,714.00,691.00
714.00,694.00,691.00
715.00,711.00,710.00
716.00,711.00,715.00
692.00,695.00,715.00
710.00,692.00,715.00
694.00,714.00,697.00
714.00,717.00,697.00
718.00,716.00,715.00
719.00,716.00,718.00
695.00,698.00,718.00
715.00,695.00,718.00
697.00,717.00,699.00
717.00,720.00,699.00
721.00,719.00,718.00
722.00,719.00,721.00
698.00,700.00,721.00
718.00,698.00,721.00
699.00,720.00,701.00
720.00,723.00,701.00
721.00,724.00,722.00
725.00,726.00,724.00
702.00,725.00,724.00
702.00,724.00,721.00
702.00,721.00,700.00
702.00,703.00,727.00
725.00,702.00,727.00
728.00,727.00,703.00
728.00,703.00,729.00
729.00,703.00,704.00
723.00,704.00,701.00
729.00,704.00,723.00
725.00,730.00,726.00
727.00,730.00,725.00
731.00,730.00,727.00
728.00,731.00,727.00
706.00,732.00,733.00
705.00,732.00,706.00
707.00,706.00,734.00
706.00,733.00,734.00
734.00,709.00,707.00
735.00,709.00,734.00
712.00,736.00,737.00
711.00,736.00,712.00
732.00,705.00,712.00
737.00,732.00,712.00
738.00,713.00,709.00
738.00,709.00,739.00
739.00,709.00,735.00
713.00,738.00,714.00
711.00,716.00,736.00
736.00,716.00,740.00
741.00,738.00,739.00
742.00,741.00,739.00
714.00,741.00,717.00
738.00,741.00,714.00
743.00,744.00,745.00
743.00,745.00,740.00
743.00,740.00,719.00
719.00,740.00,716.00
746.00,741.00,742.00
747.00,746.00,742.00
717.00,746.00,720.00
741.00,746.00,717.00
743.00,748.00,744.00
748.00,743.00,719.00
748.00,719.00,749.00
749.00,719.00,722.00
750.00,746.00,747.00
751.00,750.00,747.00
720.00,750.00,723.00
746.00,750.00,720.00
752.00,722.00,724.00
752.00,753.00,722.00
753.00,749.00,722.00
724.00,726.00,752.00
729.00,750.00,751.00
729.00,751.00,728.00
728.00,751.00,754.00
723.00,750.00,729.00
752.00,755.00,753.00
726.00,755.00,752.00
726.00,730.00,755.00
730.00,756.00,755.00
731.00,757.00,730.00
730.00,757.00,756.00
754.00,731.00,728.00
757.00,731.00,754.00
733.00,758.00,759.00
732.00,758.00,733.00
760.00,759.00,761.00
760.00,734.00,759.00
734.00,733.00,759.00
734.00,760.00,735.00
737.00,762.00,763.00
736.00,762.00,737.00
758.00,732.00,737.00
763.00,758.00,737.00
760.00,761.00,764.00
764.00,735.00,760.00
764.00,765.00,735.00
765.00,739.00,735.00
766.00,767.00,768.00
766.00,768.00,762.00
766.00,762.00,740.00
740.00,762.00,736.00
739.00,765.00,742.00
765.00,769.00,742.00
745.00,767.00,766.00
745.00,744.00,767.00
744.00,770.00,767.00
740.00,745.00,766.00
742.00,769.00,747.00
769.00,771.00,747.00
772.00,744.00,748.00
772.00,773.00,744.00
773.00,770.00,744.00
748.00,749.00,772.00
747.00,771.00,751.00
771.00,774.00,751.00
775.00,773.00,772.00
776.00,773.00,775.00
749.00,753.00,775.00
772.00,749.00,775.00
751.00,774.00,754.00
774.00,777.00,754.00
775.00,778.00,776.00
779.00,780.00,778.00
755.00,779.00,778.00
755.00,778.00,775.00
755.00,775.00,753.00
755.00,756.00,781.00
779.00,755.00,781.00
782.00,781.00,756.00
782.00,756.00,783.00
783.00,756.00,757.00
777.00,757.00,754.00
783.00,757.00,777.00
779.00,784.00,780.00
781.00,784.00,779.00
785.00,784.00,781.00
782.00,785.00,781.00
759.00,758.00,786.00
759.00,786.00,761.00
763.00,787.00,788.00
762.00,787.00,763.00
786.00,758.00,763.00
786.00,763.00,789.00
789.00,763.00,788.00
790.00,789.00,791.00
764.00,789.00,790.00
764.00,786.00,789.00
764.00,761.00,786.00
764.00,790.00,765.00
768.00,767.00,792.00
768.00,792.00,793.00
768.00,793.00,762.00
762.00,793.00,787.00
790.00,791.00,794.00
794.00,765.00,790.00
794.00,795.00,765.00
795.00,769.00,765.00
792.00,796.00,797.00
792.00,767.00,796.00
767.00,770.00,796.00
793.00,792.00,797.00
769.00,795.00,771.00
795.00,798.00,771.00
770.00,773.00,796.00
796.00,773.00,799.00
771.00,798.00,774.00
798.00,800.00,774.00
773.00,776.00,799.00
799.00,776.00,801.00
802.00,803.00,804.00
802.00,800.00,803.00
802.00,777.00,800.00
777.00,774.00,800.00
805.00,776.00,778.00
805.00,806.00,776.00
806.00,801.00,776.00
778.00,780.00,805.00
783.00,802.00,804.00
783.00,804.00,782.00
782.00,804.00,807.00
777.00,802.00,783.00
805.00,808.00,806.00
780.00,808.00,805.00
780.00,784.00,808.00
784.00,809.00,808.00
785.00,810.00,784.00
784.00,810.00,809.00
807.00,785.00,782.00
810.00,785.00,807.00
788.00,811.00,812.00
787.00,811.00,788.00
813.00,812.00,814.00
813.00,789.00,812.00
789.00,788.00,812.00
789.00,813.00,791.00
787.00,793.00,811.00
811.00,793.00,815.00
813.00,814.00,816.00
817.00,816.00,818.00
794.00,816.00,817.00
794.00,813.00,816.00
794.00,791.00,813.00
794.00,817.00,795.00
797.00,819.00,820.00
796.00,819.00,797.00
815.00,793.00,797.00
820.00,815.00,797.00
821.00,817.00,818.00
822.00,821.00,818.00
795.00,821.00,798.00
817.00,821.00,795.00
823.00,824.00,825.00
823.00,825.00,819.00
823.00,819.00,799.00
799.00,819.00,796.00
826.00,821.00,822.00
827.00,826.00,822.00
798.00,826.00,800.00
821.00,826.00,798.00
828.00,824.00,823.00
829.00,824.00,828.00
799.00,801.00,828.00
823.00,799.00,828.00
803.00,826.00,827.00
803.00,827.00,804.00
804.00,827.00,830.00
800.00,826.00,803.00
828.00,831.00,829.00
831.00,828.00,801.00
831.00,801.00,832.00
832.00,801.00,806.00
804.00,830.00,807.00
830.00,833.00,807.00
806.00,834.00,832.00
808.00,834.00,806.00
809.00,835.00,808.00
808.00,835.00,834.00
810.00,836.00,809.00
809.00,836.00,835.00
833.00,810.00,807.00
836.00,810.00,833.00
812.00,811.00,837.00
812.00,837.00,814.00
837.00,838.00,839.00
837.00,811.00,838.00
811.00,815.00,838.00
814.00,837.00,839.00
814.00,839.00,816.00
816.00,839.00,840.00
840.00,818.00,816.00
841.00,818.00,840.00
820.00,842.00,843.00
819.00,842.00,820.00
838.00,815.00,820.00
843.00,838.00,820.00
818.00,841.00,822.00
841.00,844.00,822.00
825.00,845.00,846.00
824.00,845.00,825.00
842.00,819.00,825.00
846.00,842.00,825.00
822.00,844.00,827.00
844.00,847.00,827.00
824.00,829.00,845.00
845.00,829.00,848.00
827.00,847.00,830.00
847.00,849.00,830.00
850.00,829.00,831.00
850.00,851.00,829.00
851.00,848.00,829.00
831.00,832.00,850.00
830.00,849.00,833.00
849.00,852.00,833.00
850.00,853.00,851.00
854.00,855.00,853.00
834.00,854.00,853.00
834.00,853.00,850.00
834.00,850.00,832.00
834.00,835.00,856.00
854.00,834.00,856.00
857.00,856.00,835.00
857.00,835.00,858.00
858.00,835.00,836.00
852.00,836.00,833.00
858.00,836.00,852.00
854.00,859.00,855.00
856.00,859.00,854.00
860.00,859.00,856.00
857.00,860.00,856.00
839.00,838.00,861.00
839.00,862.00,840.00
861.00,862.00,839.00
840.00,862.00,841.00
843.00,863.00,864.00
842.00,863.00,843.00
861.00,838.00,843.00
861.00,843.00,865.00
865.00,843.00,864.00
862.00,861.00,865.00
866.00,862.00,865.00
866.00,841.00,862.00
866.00,867.00,841.00
867.00,844.00,841.00
846.00,868.00,869.00
845.00,868.00,846.00
863.00,842.00,846.00
869.00,863.00,846.00
844.00,867.00,847.00
867.00,870.00,847.00
845.00,848.00,868.00
868.00,848.00,871.00
847.00,870.00,849.00
870.00,872.00,849.00
848.00,851.00,871.00
871.00,851.00,873.00
849.00,872.00,852.00
872.00,874.00,852.00
875.00,851.00,853.00
875.00,876.00,851.00
876.00,873.00,851.00
853.00,855.00,875.00
858.00,877.00,878.00
857.00,858.00,878.00
874.00,858.00,852.00
877.00,858.00,874.00
875.00,879.00,876.00
855.00,879.00,875.00
855.00,859.00,879.00
859.00,880.00,879.00
860.00,881.00,859.00
859.00,881.00,880.00
878.00,860.00,857.00
881.00,860.00,878.00
864.00,882.00,883.00
863.00,882.00,864.00
865.00,864.00,884.00
864.00,883.00,884.00
885.00,884.00,886.00
885.00,866.00,884.00
866.00,865.00,884.00
866.00,885.00,867.00
869.00,887.00,888.00
868.00,887.00,869.00
882.00,863.00,869.00
888.00,882.00,869.00
885.00,886.00,889.00
889.00,867.00,885.00
889.00,890.00,867.00
890.00,870.00,867.00
868.00,871.00,887.00
887.00,871.00,891.00
870.00,890.00,872.00
890.00,892.00,872.00
871.00,873.00,891.00
891.00,873.00,893.00
872.00,892.00,874.00
892.00,894.00,874.00
895.00,896.00,897.00
895.00,897.00,893.00
895.00,893.00,876.00
876.00,893.00,873.00
877.00,898.00,899.00
878.00,877.00,899.00
894.00,877.00,874.00
898.00,877.00,894.00
895.00,900.00,896.00
901.00,902.00,900.00
879.00,901.00,900.00
879.00,900.00,895.00
879.00,895.00,876.00
879.00,880.00,903.00
901.00,879.00,903.00
904.00,903.00,880.00
904.00,880.00,905.00
905.00,880.00,881.00
899.00,881.00,878.00
905.00,881.00,899.00
901.00,906.00,902.00
903.00,906.00,901.00
907.00,906.00,903.00
904.00,907.00,903.00
883.00,882.00,908.00
883.00,909.00,884.00
908.00,909.00,883.00
884.00,909.00,886.00
888.00,887.00,910.00
888.00,910.00,911.00
882.00,888.00,911.00
882.00,911.00,912.00
882.00,912.00,908.00
909.00,908.00,912.00
913.00,909.00,912.00
914.00,913.00,915.00
889.00,913.00,914.00
889.00,909.00,913.00
889.00,886.00,909.00
889.00,914.00,890.00
910.00,916.00,917.00
910.00,887.00,916.00
887.00,891.00,916.00
911.00,910.00,917.00
918.00,914.00,915.00
919.00,918.00,915.00
890.00,918.00,892.00
914.00,918.00,890.00
920.00,921.00,922.00
920.00,922.00,916.00
920.00,916.00,893.00
893.00,916.00,891.00
923.00,918.00,919.00
924.00,923.00,919.00
892.00,923.00,894.00
918.00,923.00,892.00
897.00,921.00,920.00
897.00,896.00,921.00
896.00,925.00,921.00
893.00,897.00,920.00
898.00,923.00,924.00
898.00,924.00,899.00
899.00,924.00,926.00
894.00,923.00,898.00
927.00,896.00,900.00
927.00,928.00,896.00
928.00,925.00,896.00
900.00,902.00,927.00
905.00,929.00,904.00
905.00,930.00,929.00
905.00,899.00,930.00
899.00,926.00,930.00
931.00,928.00,927.00
932.00,928.00,931.00
902.00,906.00,933.00
902.00,933.00,927.00
927.00,933.00,931.00
906.00,907.00,934.00
933.00,906.00,934.00
907.00,935.00,934.00
904.00,935.00,907.00
904.00,936.00,935.00
904.00,929.00,936.00
930.00,936.00,929.00
931.00,937.00,932.00
933.00,937.00,931.00
938.00,937.00,933.00
934.00,938.00,933.00
939.00,938.00,934.00
935.00,939.00,934.00
912.00,911.00,940.00
912.00,941.00,913.00
940.00,941.00,912.00
913.00,941.00,915.00
917.00,942.00,943.00
916.00,942.00,917.00
940.00,911.00,917.00
940.00,917.00,944.00
944.00,917.00,943.00
944.00,945.00,946.00
944.00,946.00,940.00
940.00,946.00,941.00
915.00,946.00,919.00
941.00,946.00,915.00
922.00,947.00,948.00
921.00,947.00,922.00
942.00,916.00,922.00
948.00,942.00,922.00
946.00,945.00,949.00
949.00,919.00,946.00
949.00,950.00,919.00
950.00,924.00,919.00
951.00,952.00,953.00
951.00,953.00,947.00
951.00,947.00,925.00
925.00,947.00,921.00
924.00,950.00,926.00
950.00,954.00,926.00
955.00,952.00,951.00
956.00,952.00,955.00
925.00,928.00,955.00
951.00,925.00,955.00
926.00,954.00,930.00
954.00,957.00,930.00
958.00,956.00,955.00
959.00,956.00,958.00
928.00,932.00,958.00
955.00,928.00,958.00
936.00,960.00,961.00
935.00,936.00,961.00
957.00,936.00,930.00
960.00,936.00,957.00
958.00,962.00,959.00
963.00,964.00,962.00
937.00,963.00,962.00
937.00,962.00,958.00
937.00,958.00,932.00
937.00,938.00,965.00
963.00,937.00,965.00
938.00,939.00,966.00
965.00,938.00,966.00
939.00,967.00,966.00
939.00,935.00,967.00
935.00,961.00,967.00
968.00,964.00,963.00
969.00,964.00,968.00
965.00,970.00,963.00
970.00,968.00,963.00
971.00,966.00,972.00
971.00,970.00,966.00
970.00,965.00,966.00
967.00,972.00,966.00
968.00,973.00,969.00
970.00,973.00,968.00
974.00,973.00,970.00
971.00,974.00,970.00
943.00,942.00,975.00
943.00,976.00,944.00
975.00,976.00,943.00
944.00,976.00,945.00
948.00,977.00,978.00
947.00,977.00,948.00
975.00,942.00,948.00
975.00,948.00,979.00
979.00,948.00,978.00
976.00,975.00,979.00
980.00,976.00,979.00
981.00,980.00,982.00
949.00,980.00,981.00
949.00,976.00,980.00
949.00,945.00,976.00
949.00,981.00,950.00
953.00,983.00,984.00
952.00,983.00,953.00
977.00,947.00,953.00
984.00,977.00,953.00
985.00,981.00,982.00
986.00,985.00,982.00
950.00,985.00,954.00
981.00,985.00,950.00
952.00,956.00,983.00
983.00,956.00,987.00
988.00,985.00,986.00
989.00,988.00,986.00
954.00,988.00,957.00
985.00,988.00,954.00
956.00,959.00,987.00
987.00,959.00,990.00
960.00,988.00,989.00
960.00,989.00,961.00
961.00,989.00,991.00
957.00,988.00,960.00
992.00,959.00,962.00
992.00,993.00,959.00
993.00,990.00,959.00
962.00,964.00,992.00
961.00,991.00,967.00
991.00,994.00,967.00
992.00,995.00,993.00
995.00,992.00,964.00
995.00,964.00,996.00
996.00,964.00,969.00
972.00,997.00,971.00
972.00,998.00,997.00
972.00,967.00,998.00
967.00,994.00,998.00
999.00,969.00,973.00
999.00,1000.00,969.00
1000.00,996.00,969.00
973.00,974.00,1001.00
999.00,973.00,1001.00
974.00,971.00,997.00
974.00,997.00,1001.00
1001.00,997.00,1002.00
1003.00,997.00,998.00
1002.00,997.00,1003.00
999.00,1004.00,1000.00
1004.00,1005.00,1006.00
1004.00,999.00,1005.00
999.00,1001.00,1005.00
1007.00,1002.00,1008.00
1007.00,1005.00,1002.00
1005.00,1001.00,1002.00
1003.00,1008.00,1002.00
1005.00,1009.00,1006.00
1007.00,1009.00,1005.00
978.00,977.00,1010.00
978.00,1011.00,979.00
1010.00,1011.00,978.00
979.00,1012.00,980.00
1011.00,1012.00,979.00
980.00,1012.00,982.00
984.00,983.00,1013.00
984.00,1013.00,1014.00
977.00,984.00,1014.00
977.00,1014.00,1015.00
977.00,1015.00,1010.00
1011.00,1010.00,1015.00
1016.00,1011.00,1015.00
1016.00,1017.00,1018.00
1016.00,1018.00,1011.00
1011.00,1018.00,1012.00
982.00,1018.00,986.00
1012.00,1018.00,982.00
1013.00,1019.00,1020.00
1013.00,983.00,1019.00
983.00,987.00,1019.00
1014.00,1013.00,1020.00
1018.00,1017.00,1021.00
1021.00,986.00,1018.00
1021.00,1022.00,986.00
1022.00,989.00,986.00
987.00,990.00,1019.00
1019.00,990.00,1023.00
989.00,1022.00,991.00
1022.00,1024.00,991.00
990.00,993.00,1023.00
1023.00,993.00,1025.00
991.00,1024.00,994.00
1024.00,1026.00,994.00
1027.00,993.00,995.00
1027.00,1028.00,993.00
1028.00,1025.00,993.00
995.00,996.00,1027.00
994.00,1026.00,998.00
1026.00,1029.00,998.00
1027.00,1030.00,1028.00
1030.00,1027.00,996.00
1030.00,996.00,1031.00
1031.00,996.00,1000.00
998.00,1029.00,1003.00
1029.00,1032.00,1003.00
1033.00,1000.00,1004.00
1033.00,1034.00,1000.00
1034.00,1031.00,1000.00
1004.00,1006.00,1033.00
1008.00,1035.00,1007.00
1008.00,1036.00,1035.00
1008.00,1003.00,1036.00
1003.00,1032.00,1036.00
1037.00,1034.00,1033.00
1038.00,1034.00,1037.00
1006.00,1037.00,1033.00
1006.00,1039.00,1037.00
1006.00,1009.00,1039.00
1039.00,1040.00,1037.00
1035.00,1009.00,1007.00
1035.00,1041.00,1009.00
1041.00,1039.00,1009.00
1036.00,1041.00,1035.00
1037.00,1042.00,1038.00
1040.00,1042.00,1037.00
1015.00,1014.00,1043.00
1015.00,1044.00,1016.00
1043.00,1044.00,1015.00
1016.00,1044.00,1017.00
1020.00,1019.00,1045.00
1020.00,1045.00,1046.00
1014.00,1020.00,1046.00
1014.00,1046.00,1047.00
1014.00,1047.00,1043.00
1044.00,1043.00,1047.00
1048.00,1044.00,1047.00
1017.00,1044.00,1048.00
1017.00,1048.00,1021.00
1021.00,1048.00,1049.00
1049.00,1022.00,1021.00
1050.00,1022.00,1049.00
1045.00,1051.00,1052.00
1045.00,1019.00,1051.00
1019.00,1023.00,1051.00
1046.00,1045.00,1052.00
1022.00,1050.00,1024.00
1050.00,1053.00,1024.00
1023.00,1025.00,1051.00
1051.00,1025.00,1054.00
1024.00,1053.00,1026.00
1053.00,1055.00,1026.00
1025.00,1028.00,1054.00
1054.00,1028.00,1056.00
1026.00,1055.00,1029.00
1055.00,1057.00,1029.00
1028.00,1058.00,1056.00
1030.00,1058.00,1028.00
1058.00,1030.00,1031.00
1059.00,1058.00,1031.00
1029.00,1057.00,1032.00
1057.00,1060.00,1032.00
1031.00,1034.00,1059.00
1059.00,1034.00,1061.00
1032.00,1060.00,1036.00
1060.00,1062.00,1036.00
1034.00,1038.00,1061.00
1061.00,1038.00,1063.00
1039.00,1064.00,1065.00
1040.00,1039.00,1065.00
1041.00,1066.00,1039.00
1039.00,1066.00,1064.00
1062.00,1041.00,1036.00
1066.00,1041.00,1062.00
1038.00,1067.00,1063.00
1042.00,1067.00,1038.00
1065.00,1042.00,1040.00
1067.00,1042.00,1065.00
1047.00,1068.00,1069.00
1046.00,1068.00,1047.00
1070.00,1069.00,1071.00
1070.00,1048.00,1069.00
1048.00,1047.00,1069.00
1048.00,1072.00,1049.00
1070.00,1072.00,1048.00
1049.00,1072.00,1050.00
1052.00,1073.00,1074.00
1051.00,1073.00,1052.00
1068.00,1046.00,1052.00
1074.00,1068.00,1052.00
1070.00,1071.00,1075.00
1072.00,1070.00,1075.00
1076.00,1072.00,1075.00
1076.00,1050.00,1072.00
1076.00,1077.00,1050.00
1077.00,1053.00,1050.00
1051.00,1054.00,1073.00
1073.00,1054.00,1078.00
1053.00,1077.00,1055.00
1077.00,1079.00,1055.00
1054.00,1056.00,1078.00
1078.00,1056.00,1080.00
1055.00,1079.00,1057.00
1079.00,1081.00,1057.00
1056.00,1082.00,1080.00
1058.00,1082.00,1056.00
1082.00,1058.00,1059.00
1083.00,1082.00,1059.00
1057.00,1081.00,1060.00
1081.00,1084.00,1060.00
1059.00,1061.00,1083.00
1083.00,1061.00,1085.00
1060.00,1084.00,1062.00
1084.00,1086.00,1062.00
1061.00,1063.00,1085.00
1085.00,1063.00,1087.00
1064.00,1088.00,1089.00
1065.00,1064.00,1089.00
1066.00,1090.00,1064.00
1064.00,1090.00,1088.00
1086.00,1066.00,1062.00
1090.00,1066.00,1086.00
1063.00,1091.00,1087.00
1067.00,1091.00,1063.00
1089.00,1067.00,1065.00
1091.00,1067.00,1089.00
1069.00,1068.00,1092.00
1069.00,1092.00,1071.00
1074.00,1073.00,1093.00
1074.00,1093.00,1094.00
1068.00,1074.00,1094.00
1068.00,1094.00,1095.00
1068.00,1095.00,1092.00
1096.00,1095.00,1097.00
1075.00,1095.00,1096.00
1075.00,1092.00,1095.00
1075.00,1071.00,1092.00
1075.00,1098.00,1076.00
1096.00,1098.00,1075.00
1076.00,1098.00,1077.00
1093.00,1078.00,1099.00
1073.00,1078.00,1093.00
1100.00,1094.00,1093.00
1099.00,1100.00,1093.00
1101.00,1096.00,1097.00
1102.00,1101.00,1097.00
1098.00,1096.00,1103.00
1103.00,1096.00,1101.00
1077.00,1103.00,1079.00
1098.00,1103.00,1077.00
1099.00,1080.00,1104.00
1078.00,1080.00,1099.00
1105.00,1100.00,1099.00
1104.00,1105.00,1099.00
1101.00,1102.00,1106.00
1103.00,1101.00,1106.00
1107.00,1103.00,1106.00
1107.00,1079.00,1103.00
1107.00,1108.00,1079.00
1108.00,1081.00,1079.00
1080.00,1082.00,1104.00
1104.00,1082.00,1083.00
1104.00,1083.00,1105.00
1105.00,1083.00,1109.00
1081.00,1108.00,1084.00
1108.00,1110.00,1084.00
1111.00,1085.00,1112.00
1111.00,1109.00,1085.00
1109.00,1083.00,1085.00
1111.00,1112.00,1113.00
1114.00,1115.00,1116.00
1114.00,1110.00,1115.00
1114.00,1086.00,1110.00
1086.00,1084.00,1110.00
1112.00,1087.00,1117.00
1085.00,1087.00,1112.00
1089.00,1088.00,1118.00
1089.00,1118.00,1112.00
1089.00,1112.00,1117.00
1113.00,1112.00,1118.00
1116.00,1090.00,1114.00
1116.00,1118.00,1090.00
1118.00,1088.00,1090.00
1086.00,1114.00,1090.00
1087.00,1091.00,1117.00
1089.00,1117.00,1091.00
1095.00,1094.00,1119.00
1095.00,1119.00,1097.00
1119.00,1100.00,1120.00
1094.00,1100.00,1119.00
1097.00,1120.00,1102.00
1119.00,1120.00,1097.00
1120.00,1105.00,1121.00
1100.00,1105.00,1120.00
1102.00,1122.00,1106.00
1102.00,1120.00,1122.00
1120.00,1121.00,1122.00
1106.00,1123.00,1107.00
1122.00,1123.00,1106.00
1107.00,1123.00,1108.00
1121.00,1109.00,1124.00
1105.00,1109.00,1121.00
1122.00,1121.00,1125.00
1125.00,1121.00,1124.00
1123.00,1122.00,1126.00
1126.00,1122.00,1125.00
1108.00,1126.00,1110.00
1123.00,1126.00,1108.00
1109.00,1111.00,1124.00
1113.00,1124.00,1111.00
1113.00,1127.00,1124.00
1127.00,1125.00,1124.00
1115.00,1127.00,1116.00
1115.00,1126.00,1127.00
1126.00,1125.00,1127.00
1110.00,1126.00,1115.00
1113.00,1118.00,1127.00
1116.00,1127.00,1118.00
