107.13,102.51,38.27
107.31,102.58,37.71
107.32,102.27,38.01
107.30,102.25,38.58
107.18,102.55,38.80
107.44,102.38,39.08
107.10,102.89,38.11
107.42,103.04,37.64
107.09,102.90,38.79
107.40,102.74,39.21
107.16,103.30,38.10
107.47,103.43,37.79
107.00,103.30,38.69
107.39,103.02,39.46
107.12,103.32,39.40
107.40,103.22,39.78
107.30,103.58,38.12
107.09,103.70,38.65
107.40,103.90,38.27
107.00,103.71,39.34
107.35,103.39,40.05
107.09,103.69,40.06
107.34,103.52,40.50
107.17,103.78,40.79
107.50,103.63,41.00
107.11,104.14,38.75
107.35,104.22,38.38
107.00,104.13,39.36
106.99,104.13,40.00
107.01,104.14,40.66
107.34,103.87,41.27
107.16,104.15,41.28
107.45,104.10,41.59
107.17,104.54,38.75
107.50,104.54,38.39
107.02,104.56,39.35
106.98,104.57,40.03
106.99,104.57,40.68
107.10,104.57,41.29
107.41,104.45,41.70
107.36,104.83,38.74
107.17,104.92,39.22
107.50,105.06,39.01
107.09,105.02,39.94
107.01,105.01,40.67
107.10,105.01,41.29
107.39,104.88,41.72
107.34,105.17,39.49
107.34,105.32,39.94
107.16,105.35,40.51
107.33,105.47,40.30
107.18,105.40,41.14
107.40,105.30,41.63
107.45,105.65,40.72
107.46,105.58,41.38
107.63,102.02,37.61
107.73,102.20,37.13
107.76,101.90,37.40
107.72,101.80,37.96
107.52,102.03,38.20
107.82,101.79,38.77
107.53,102.08,38.86
107.76,102.10,39.24
107.52,102.34,37.50
107.73,102.61,37.06
107.71,102.45,39.36
107.58,102.79,37.35
107.78,102.97,37.18
107.81,102.66,39.56
107.56,102.86,39.46
107.77,102.85,39.76
107.71,103.12,37.40
107.72,103.39,37.54
107.79,103.04,40.08
107.60,103.26,40.17
107.84,103.21,40.45
107.55,103.70,37.96
107.73,103.66,37.74
107.76,103.39,40.70
107.84,103.60,41.17
107.80,103.94,37.92
107.69,104.23,38.17
107.66,103.84,41.42
107.83,104.09,41.72
107.75,104.53,38.25
107.81,104.52,41.88
107.75,104.83,38.51
107.76,105.06,38.87
107.71,104.99,41.88
107.72,105.26,39.28
107.55,105.48,39.96
107.76,105.45,39.59
107.71,105.39,41.73
107.76,105.67,39.95
107.65,105.84,40.53
107.76,105.86,40.25
107.68,105.84,40.96
107.69,105.68,41.37
107.82,105.97,40.55
107.99,101.28,36.38
108.14,101.37,35.85
108.16,101.05,36.11
108.12,100.96,36.68
107.94,101.26,37.01
108.18,100.96,37.43
107.93,101.27,37.68
108.16,101.07,38.02
108.00,101.32,38.30
108.32,101.18,38.50
107.95,101.67,36.25
108.14,101.79,35.77
107.86,101.58,36.75
107.82,101.63,37.41
107.83,101.56,38.15
108.17,101.40,38.75
107.97,101.54,38.68
108.27,101.61,39.12
107.96,102.09,36.24
108.15,102.21,35.81
107.84,101.95,36.84
108.13,101.87,39.40
108.00,102.19,39.54
108.32,102.03,39.71
108.00,102.50,36.25
108.16,102.50,35.90
107.85,102.40,36.71
107.92,102.44,39.53
108.26,102.39,39.81
108.20,102.76,36.11
107.92,102.89,36.77
108.24,103.10,36.42
108.13,102.68,39.98
108.00,102.84,40.08
108.29,102.85,40.35
108.02,103.32,36.89
108.29,103.44,36.54
107.86,103.27,37.26
108.14,103.08,40.61
108.00,103.23,40.72
108.29,103.25,40.99
108.13,103.61,36.89
107.96,103.67,37.39
108.16,103.80,37.11
108.15,103.49,41.25
107.98,103.74,41.46
108.26,103.73,41.62
108.18,104.01,37.43
107.97,104.19,37.93
108.26,104.33,37.66
108.24,104.05,41.86
107.98,104.50,38.07
108.30,104.61,37.83
108.12,104.34,41.98
107.99,104.68,42.03
108.30,104.42,42.21
108.15,104.83,38.18
107.99,105.05,38.65
108.35,105.05,38.36
107.95,105.08,42.02
108.24,104.81,42.33
108.16,105.25,38.81
107.99,105.45,39.29
108.35,105.45,38.97
107.93,105.52,41.88
108.15,105.25,42.31
108.15,105.66,39.44
107.97,105.87,39.94
108.33,105.86,39.61
107.85,105.92,41.31
107.99,105.85,41.95
108.13,105.66,42.32
108.13,106.06,40.07
107.98,106.17,40.62
108.31,106.33,40.21
107.97,106.25,41.13
108.01,106.18,41.70
108.14,106.06,42.23
108.12,106.44,40.77
108.12,106.47,41.41
108.17,106.38,41.97
108.43,100.78,35.70
108.57,100.90,35.26
108.56,100.63,35.59
108.54,100.56,36.05
108.33,100.80,36.26
108.60,100.54,36.81
108.34,100.75,37.02
108.64,100.62,37.50
108.44,100.78,37.61
108.67,100.73,37.96
108.34,101.11,35.61
108.54,101.38,35.14
108.58,100.92,38.21
108.64,101.15,38.68
108.34,101.56,35.45
108.55,101.80,35.13
108.49,101.37,38.90
108.75,101.53,39.25
108.35,101.99,35.45
108.56,102.22,35.16
108.54,101.79,39.55
108.65,102.08,39.81
108.36,102.45,35.57
108.57,102.52,35.25
108.76,102.38,39.97
108.57,102.79,35.56
108.40,102.96,36.09
108.57,102.99,35.88
108.54,102.62,40.14
108.76,102.82,40.46
108.60,103.14,36.07
108.63,103.41,36.29
108.55,103.02,40.77
108.76,103.22,41.12
108.33,103.77,36.82
108.64,103.72,36.51
108.55,103.43,41.40
108.70,103.68,41.74
108.55,104.01,36.94
108.43,104.19,37.32
108.75,104.23,37.10
108.59,103.92,41.99
108.36,104.14,42.05
108.65,104.12,42.23
108.58,104.35,37.41
108.67,104.58,37.64
108.64,104.44,42.48
108.53,104.84,37.97
108.74,105.05,38.25
108.51,104.75,42.60
108.39,105.06,42.63
108.70,104.84,42.86
108.54,105.25,38.59
108.75,105.50,38.87
108.33,105.47,42.71
108.64,105.20,42.99
108.50,105.67,39.23
108.56,105.85,39.46
108.25,105.90,42.67
108.52,105.52,43.13
108.40,105.80,43.13
108.68,105.68,43.46
108.57,106.07,39.74
108.70,106.36,40.00
108.24,106.34,42.54
108.35,106.20,43.13
108.64,106.05,43.58
108.34,106.65,40.61
108.63,106.61,40.26
108.24,106.71,41.21
108.25,106.66,41.95
108.28,106.70,42.61
108.36,106.61,43.11
108.54,106.49,43.57
108.57,106.87,40.59
108.41,106.96,41.04
108.73,107.15,40.84
108.36,107.00,41.67
108.38,107.01,42.33
108.42,107.00,42.95
108.54,106.90,43.49
108.54,107.25,41.41
108.53,107.30,42.03
108.56,107.29,42.67
108.58,107.21,43.22
108.75,100.46,35.60
108.96,100.39,35.21
108.95,100.21,35.60
108.95,100.15,36.08
108.75,100.35,36.39
109.06,100.15,36.88
108.84,100.38,36.98
109.06,100.33,37.33
108.81,100.76,34.97
109.06,100.88,34.59
109.06,100.59,34.78
108.96,100.48,37.52
108.94,100.62,38.04
108.83,100.75,38.25
109.11,100.78,38.49
108.75,101.18,34.82
109.06,101.28,34.53
108.95,101.03,38.77
108.79,101.27,38.96
109.08,101.26,39.11
108.75,101.60,34.82
109.05,101.69,34.54
109.18,101.56,39.35
108.76,102.01,34.82
109.06,102.11,34.54
108.94,101.79,39.56
109.06,102.09,39.80
108.78,102.46,34.93
109.15,102.50,34.61
109.19,102.40,39.96
108.96,102.80,35.06
108.80,103.01,35.59
109.15,103.01,35.26
108.96,102.62,40.17
109.18,102.83,40.43
108.97,103.20,35.74
108.83,103.35,36.08
109.15,103.41,35.90
108.98,103.02,40.78
109.19,103.23,41.08
108.99,103.53,36.17
109.08,103.75,36.38
108.98,103.43,41.42
109.18,103.63,41.72
108.94,104.02,36.72
109.16,104.25,37.02
108.96,103.84,42.04
109.11,104.10,42.37
108.94,104.44,37.35
109.15,104.64,37.66
109.00,104.34,42.64
108.76,104.57,42.72
109.06,104.55,42.87
108.95,104.85,37.94
109.16,105.05,38.29
109.05,104.85,43.10
108.95,105.25,38.56
109.13,105.42,38.78
108.92,105.16,43.26
108.74,105.40,43.30
109.05,105.33,43.52
108.75,105.81,39.28
109.11,105.69,39.06
109.04,105.68,43.72
109.06,106.02,39.50
108.84,106.24,39.80
109.10,106.24,39.77
109.05,105.92,43.94
108.80,106.30,43.89
109.05,106.15,44.17
108.99,106.36,39.92
109.13,106.55,40.14
108.73,106.71,43.96
108.96,106.45,44.22
108.92,106.89,40.46
109.11,107.09,40.64
108.66,107.16,43.78
108.93,106.74,44.37
108.83,107.04,44.37
109.09,106.90,44.71
108.74,107.48,41.26
109.10,107.45,40.82
108.65,107.53,41.86
108.65,107.54,42.52
108.65,107.47,43.23
108.67,107.51,43.88
108.77,107.43,44.37
109.05,107.28,44.84
108.93,107.73,41.22
108.82,107.79,41.70
109.05,107.96,41.42
108.77,107.88,42.41
108.68,107.85,43.13
108.68,107.78,43.68
108.79,107.87,44.24
108.96,107.72,44.77
109.06,108.07,41.88
109.01,108.19,42.44
108.81,108.19,43.00
108.97,108.33,42.79
108.79,108.19,43.69
108.92,108.24,44.21
108.98,108.06,44.58
109.02,108.49,43.15
108.97,108.46,43.88
109.17,100.03,35.63
109.35,100.02,35.14
109.56,99.75,35.54
109.46,99.74,36.27
109.16,99.93,36.43
109.40,99.80,36.81
109.23,99.94,36.90
109.50,99.96,37.23
109.21,100.29,34.97
109.42,100.47,34.55
109.46,100.15,34.78
109.36,100.21,37.50
109.25,100.38,37.70
109.58,100.36,37.91
109.46,100.87,34.40
109.34,100.55,38.13
109.61,100.85,38.61
109.46,101.29,34.40
109.35,101.02,38.89
109.51,101.36,39.14
109.44,101.70,34.41
109.59,101.71,39.34
109.45,102.11,34.40
109.34,101.83,39.54
109.52,102.18,39.74
109.56,102.56,34.51
109.60,102.55,39.93
109.31,102.81,34.85
109.39,102.99,35.10
109.37,102.66,40.14
109.47,102.83,40.33
109.39,103.21,35.40
109.47,103.46,35.73
109.48,103.03,40.60
109.48,103.24,40.97
109.41,103.64,36.08
109.57,103.83,36.42
109.47,103.44,41.26
109.48,103.65,41.62
109.36,104.03,36.69
109.58,104.24,37.03
109.47,103.85,41.89
109.47,104.06,42.28
109.43,104.45,37.43
109.53,104.61,37.79
109.46,104.27,42.51
109.46,104.54,42.88
109.47,104.80,38.10
109.54,105.01,38.43
109.48,104.71,43.15
109.17,104.97,43.34
109.48,104.96,43.48
109.47,105.20,38.71
109.46,105.45,39.00
109.51,105.31,43.72
109.44,105.67,39.19
109.29,105.84,39.26
109.59,105.81,39.49
109.46,105.53,43.91
109.22,105.70,43.87
109.41,105.69,44.15
109.25,106.33,39.91
109.41,106.14,39.77
109.53,106.31,40.04
109.31,105.93,44.37
109.22,106.28,44.51
109.53,106.07,44.76
109.59,106.54,40.31
109.12,106.60,44.55
109.43,106.52,44.88
109.35,106.84,40.47
109.50,107.03,40.65
109.35,106.96,44.98
109.52,107.38,40.65
109.46,107.16,45.21
109.21,107.53,45.14
109.47,107.38,45.44
109.17,107.86,41.05
109.51,107.80,40.82
109.15,107.96,45.02
109.37,107.72,45.46
109.35,108.08,41.31
109.38,108.23,41.86
109.19,108.35,42.46
109.41,108.34,42.11
109.06,108.39,44.49
109.20,108.32,45.09
109.36,108.13,45.46
109.40,108.54,42.42
109.25,108.72,43.04
109.47,108.78,42.67
109.14,108.73,43.77
109.09,108.69,44.40
109.20,108.70,44.88
109.37,108.53,45.41
109.46,108.89,43.12
109.42,109.02,43.68
109.24,108.98,44.32
109.39,109.14,44.03
109.32,109.05,44.83
109.38,108.87,45.22
109.46,109.24,44.32
109.58,99.91,34.95
109.77,100.08,34.59
109.93,99.75,35.04
109.95,99.62,35.71
109.87,99.63,36.28
109.76,99.73,36.88
109.99,99.93,37.38
109.88,100.43,34.38
109.77,100.15,37.67
109.98,100.36,37.99
109.90,100.86,34.37
109.78,100.57,38.28
109.94,100.81,38.54
109.88,101.27,34.41
109.67,101.15,38.87
109.99,101.22,38.73
109.86,101.68,34.41
109.84,101.39,38.93
109.94,101.70,39.11
109.86,102.10,34.40
109.68,101.96,39.48
109.98,102.08,39.33
109.92,102.45,34.40
109.87,102.20,39.55
109.90,102.50,39.70
109.56,102.96,34.89
109.91,102.88,34.58
109.68,102.83,40.15
109.94,102.86,39.88
109.77,103.21,35.04
109.66,103.39,35.42
110.00,103.43,35.23
109.89,103.09,40.22
109.75,103.25,40.70
110.01,103.34,40.40
109.84,103.58,35.73
109.88,103.71,36.24
109.94,103.79,36.54
109.89,103.49,40.85
109.74,103.65,41.34
109.97,103.66,40.99
109.88,103.98,36.82
109.94,104.20,37.18
109.96,103.85,41.30
109.73,104.05,41.97
109.96,104.06,41.62
109.81,104.35,37.41
109.71,104.63,38.04
109.94,104.43,37.97
109.93,104.64,38.36
109.95,104.26,41.93
109.76,104.42,42.48
110.01,104.47,42.19
109.73,105.03,38.67
109.94,104.83,38.67
109.93,105.03,38.99
109.89,104.56,42.65
109.88,104.71,43.13
109.93,105.03,43.52
109.69,105.49,39.27
109.82,105.25,39.15
109.99,105.37,39.43
109.96,105.30,43.75
110.01,105.71,39.65
109.82,105.40,43.89
109.82,105.57,44.26
109.60,105.76,44.55
109.93,105.85,44.74
109.90,106.03,39.96
109.89,106.28,40.30
109.86,106.18,45.00
109.88,106.48,40.50
109.68,106.71,40.55
109.96,106.61,40.65
109.81,106.41,45.13
109.64,106.71,45.14
109.95,106.55,45.32
109.87,107.02,40.63
109.56,106.95,45.14
109.88,106.89,45.43
109.88,107.44,40.64
109.76,107.20,45.63
109.63,107.53,45.77
109.93,107.38,45.95
109.98,107.79,40.86
109.57,107.93,45.79
109.88,107.71,46.05
109.74,108.12,41.23
109.63,108.34,41.78
110.02,108.24,41.44
109.57,108.35,45.78
109.87,108.11,46.11
109.79,108.54,41.91
109.65,108.72,42.30
109.98,108.75,42.09
109.56,108.79,45.64
109.78,108.55,46.08
109.76,108.89,42.57
109.78,109.04,43.10
109.61,109.17,43.70
109.82,109.16,43.35
109.48,109.18,45.04
109.63,109.18,45.55
109.78,108.94,46.01
109.81,109.35,43.67
109.63,109.48,44.40
109.87,109.61,43.93
109.64,109.49,45.00
109.74,109.46,45.45
109.80,109.27,45.83
109.86,109.71,44.39
109.86,109.71,44.99
110.18,100.02,34.53
110.40,99.73,34.97
110.30,99.61,35.61
110.29,99.62,36.28
110.20,99.73,36.91
110.42,99.95,37.37
110.30,100.43,34.38
110.20,100.15,37.70
110.40,100.36,37.98
110.31,100.86,34.41
110.17,100.57,38.30
110.27,100.86,38.57
110.29,101.27,34.44
110.36,101.19,38.72
110.28,101.68,34.44
110.08,101.58,38.85
110.40,101.64,38.75
110.26,102.09,34.41
110.26,101.83,38.91
110.29,102.11,39.07
110.26,102.52,34.39
110.10,102.44,39.46
110.33,102.54,39.20
110.37,102.92,34.53
110.18,102.86,39.53
110.39,103.02,39.18
110.23,103.24,34.92
110.35,103.41,35.28
110.27,103.28,39.50
110.40,103.33,39.24
110.14,103.27,39.95
110.22,103.53,35.53
110.27,103.59,36.05
110.13,103.80,36.76
110.36,103.62,36.71
110.33,103.82,37.09
110.34,103.52,39.51
110.41,103.74,39.76
110.27,103.58,39.88
110.15,103.63,40.52
110.13,104.23,37.64
110.24,104.03,37.35
110.23,104.22,38.01
110.40,104.04,37.90
110.37,104.17,38.29
110.39,103.85,40.21
110.30,103.91,40.77
110.16,104.06,41.31
110.41,104.14,41.03
110.15,104.62,38.68
110.26,104.43,38.55
110.35,104.57,38.92
110.29,104.30,41.46
110.19,104.45,41.84
110.41,104.55,41.66
110.12,105.06,39.30
110.27,104.83,39.18
110.36,105.00,39.49
110.29,104.64,42.13
110.25,104.72,42.69
110.19,104.84,43.13
110.42,104.95,42.92
110.32,105.36,39.67
110.31,105.07,43.29
110.24,105.25,43.56
110.30,105.66,39.84
110.14,105.85,39.88
110.33,105.83,40.14
110.28,105.48,43.82
110.15,105.67,44.38
110.41,105.71,44.11
110.11,106.31,40.56
110.24,106.07,40.41
110.40,106.17,40.65
110.35,105.83,44.47
110.34,106.06,44.88
110.31,106.58,40.66
110.17,106.31,45.20
110.30,106.59,45.43
110.29,107.01,40.64
110.35,106.84,45.63
110.35,107.40,40.82
110.12,107.12,45.80
110.28,107.36,46.09
110.28,107.72,41.03
110.09,107.97,41.12
110.40,107.84,41.28
110.27,107.73,46.23
110.40,108.18,41.51
110.28,107.97,46.44
110.03,108.34,46.39
110.28,108.19,46.68
110.17,108.50,41.72
110.42,108.66,42.00
109.98,108.74,46.38
110.20,108.53,46.70
110.16,108.97,42.48
110.03,109.16,43.03
110.40,109.15,42.73
109.97,109.19,46.27
110.19,108.95,46.70
110.20,109.36,43.16
110.07,109.55,43.54
110.40,109.56,43.35
109.89,109.60,45.71
110.02,109.55,46.35
110.19,109.37,46.71
110.16,109.73,43.82
110.18,109.87,44.34
110.04,109.90,45.01
110.30,110.01,44.55
110.02,109.96,45.53
110.03,109.88,46.11
110.18,109.77,46.66
110.27,110.11,45.01
110.23,110.19,45.70
110.20,110.09,46.38
110.60,100.02,34.53
110.83,99.71,34.98
110.71,99.62,35.61
110.64,99.64,36.17
110.66,99.77,36.84
110.71,99.96,37.29
110.71,100.43,34.40
110.70,100.17,37.53
110.76,100.38,37.83
110.72,100.86,34.42
110.65,100.55,38.20
110.69,100.86,38.57
110.70,101.27,34.45
110.70,101.26,38.72
110.69,101.68,34.44
110.78,101.62,38.72
110.67,102.10,34.39
110.49,102.05,38.84
110.74,102.05,38.71
110.68,102.53,34.38
110.57,102.39,38.89
110.83,102.55,38.60
110.79,102.89,34.61
110.59,102.81,38.88
110.80,103.02,38.56
110.68,103.16,34.95
110.53,103.43,35.78
110.70,103.31,35.51
110.58,103.42,36.41
110.82,103.31,36.25
110.62,103.40,36.79
110.82,103.31,36.82
110.76,103.41,37.14
110.61,103.32,38.83
110.78,103.38,38.42
110.56,103.82,37.65
110.67,103.62,37.38
110.64,103.76,38.32
110.80,103.56,37.97
110.67,103.78,38.86
110.55,103.68,39.33
110.58,104.18,38.79
110.69,104.12,39.37
110.61,104.09,39.99
110.54,104.15,40.62
110.58,104.58,39.40
110.70,104.54,40.01
110.68,104.54,40.62
110.56,104.50,41.20
110.61,105.01,39.96
110.71,104.89,40.51
110.70,104.95,41.04
110.62,104.88,41.79
110.53,104.95,42.48
110.53,105.48,40.09
110.70,105.31,40.56
110.79,105.30,40.95
110.80,105.14,41.44
110.77,105.16,41.97
110.84,105.38,42.30
110.70,105.20,42.41
110.55,105.27,43.08
110.55,105.77,40.48
110.76,105.71,40.80
110.80,105.48,42.74
110.69,105.56,43.30
110.59,105.67,43.73
110.83,105.71,43.44
110.72,106.17,40.82
110.72,105.80,43.90
110.70,105.95,44.41
110.70,106.10,44.76
110.71,106.58,40.81
110.69,106.31,45.02
110.69,106.60,45.38
110.71,106.98,40.89
110.71,106.77,45.64
110.42,107.01,45.86
110.71,107.02,45.99
110.71,107.27,41.07
110.52,107.52,41.12
110.76,107.46,41.34
110.73,107.38,46.24
110.71,107.82,41.53
110.63,107.62,46.34
110.45,107.76,46.36
110.73,107.76,46.60
110.68,108.12,41.68
110.49,108.38,41.74
110.80,108.25,41.90
110.57,108.00,46.87
110.45,108.33,47.01
110.75,108.16,47.21
110.82,108.60,42.14
110.40,108.74,47.02
110.71,108.50,47.36
110.71,108.90,42.45
110.75,109.11,42.78
110.40,109.16,47.02
110.60,108.95,47.33
110.59,109.31,42.99
110.83,109.47,43.27
110.40,109.58,47.02
110.61,109.36,47.32
110.57,109.79,43.73
110.49,109.97,44.16
110.81,109.99,43.97
110.39,110.03,46.88
110.60,109.77,47.33
110.59,110.12,44.45
110.59,110.28,44.98
110.48,110.37,45.54
110.72,110.42,45.17
110.39,110.35,46.21
110.49,110.36,46.79
110.59,110.18,47.25
110.69,110.53,45.63
110.66,110.60,46.32
110.62,110.49,46.98
111.02,100.01,34.55
111.24,99.72,34.97
111.07,99.63,35.51
111.06,99.74,36.27
110.96,99.96,37.00
111.19,99.96,36.68
111.12,100.43,34.40
111.18,100.17,36.95
110.98,100.34,37.48
111.23,100.39,37.21
111.13,100.86,34.41
111.12,100.46,37.66
111.12,100.61,38.15
111.10,100.94,38.50
111.11,101.27,34.44
111.10,101.35,38.60
111.09,101.68,34.41
111.09,101.78,38.57
111.09,102.11,34.37
111.05,102.19,38.48
111.16,102.55,34.50
111.06,102.49,38.31
111.18,102.32,38.26
111.24,102.58,38.01
111.17,102.87,34.89
110.97,103.05,34.99
111.24,103.00,35.30
111.02,102.88,38.19
111.17,102.98,37.80
111.05,103.16,35.45
111.11,103.21,36.09
111.13,103.19,36.73
110.97,103.31,37.73
111.11,103.17,37.32
110.92,103.25,38.21
110.95,105.46,41.28
110.94,105.37,41.85
111.00,105.87,41.24
111.07,105.69,41.73
111.03,105.73,42.31
110.97,105.70,42.96
110.99,106.29,41.23
111.11,106.12,41.80
111.18,106.13,42.20
111.21,105.95,42.65
111.12,105.87,43.30
111.06,105.95,43.92
110.97,106.10,44.46
111.20,106.09,44.10
110.99,106.70,41.24
111.11,106.59,41.70
111.21,106.48,42.07
111.19,106.30,44.42
110.99,106.48,44.99
111.24,106.53,44.71
110.95,107.09,41.32
111.10,107.00,41.71
111.22,106.90,42.06
111.11,106.63,45.16
111.10,106.78,45.64
111.16,107.08,46.02
111.01,107.46,41.70
111.21,107.31,42.06
111.17,107.36,46.26
110.91,107.88,41.78
111.15,107.79,42.04
111.00,107.54,46.42
111.22,107.73,46.70
111.11,108.24,42.15
110.99,107.93,47.03
111.14,108.19,47.38
111.09,108.54,42.31
110.95,108.73,42.36
111.23,108.67,42.62
111.03,108.44,47.62
110.86,108.75,47.64
111.16,108.59,47.84
110.91,109.19,43.03
111.05,109.00,42.88
111.17,109.18,43.13
110.81,109.15,47.62
111.11,108.91,47.95
111.23,109.47,43.31
110.81,109.56,47.69
111.00,109.30,47.96
111.00,109.77,43.58
111.20,109.98,43.88
110.73,109.99,47.67
110.98,109.60,48.09
110.89,109.88,48.11
111.04,109.82,48.42
110.98,110.20,44.35
110.90,110.36,44.79
111.23,110.39,44.58
110.70,110.43,47.54
110.83,110.29,48.14
111.01,110.17,48.56
111.00,110.52,45.06
111.00,110.68,45.60
110.89,110.76,46.16
111.05,110.78,45.84
110.78,110.77,46.89
110.74,110.80,47.63
110.81,110.71,48.13
110.99,110.59,48.59
111.08,110.95,46.22
110.97,111.05,46.89
110.86,111.06,47.38
111.01,111.20,47.15
110.86,111.09,47.99
110.98,111.01,48.52
111.08,111.36,47.52
111.03,111.32,48.25
111.43,100.00,34.53
111.62,99.74,34.88
111.49,99.73,35.59
111.38,99.94,36.32
111.58,99.92,35.98
111.54,100.42,34.38
111.59,100.15,36.30
111.42,100.35,36.83
111.64,100.45,36.64
111.54,100.86,34.39
111.52,100.54,37.13
111.49,100.62,37.69
111.41,100.77,38.14
111.65,100.95,37.87
111.52,101.28,34.38
111.43,101.13,38.30
111.66,101.37,37.99
111.52,101.69,34.37
111.41,101.56,38.33
111.63,101.80,37.98
111.57,102.11,34.50
111.36,102.08,38.19
111.59,102.16,37.86
111.58,102.46,34.66
111.47,102.52,37.67
111.65,102.39,37.51
111.60,102.64,37.24
111.46,102.70,34.85
111.38,103.03,35.82
111.54,102.82,35.39
111.42,103.03,36.46
111.64,102.81,36.08
111.41,102.92,37.12
111.64,102.77,36.72
111.32,102.86,37.60
111.32,106.27,42.40
111.43,106.19,42.88
111.36,106.10,43.65
111.41,106.64,42.42
111.61,106.52,42.80
111.63,106.34,43.28
111.53,106.35,43.90
111.43,106.49,44.35
111.64,106.58,44.15
111.41,107.12,42.36
111.62,106.90,42.68
111.52,106.68,44.63
111.46,106.76,45.20
111.41,106.89,45.62
111.60,106.91,45.37
111.41,107.53,42.36
111.62,107.31,42.67
111.62,107.08,45.61
111.46,107.29,46.05
111.40,107.94,42.36
111.62,107.72,42.67
111.51,107.55,46.27
111.59,107.76,46.57
111.32,108.31,42.41
111.57,108.21,42.67
111.49,107.93,46.96
111.64,108.14,47.35
111.60,108.58,42.84
111.40,108.36,47.68
111.54,108.61,47.96
111.42,108.89,42.98
111.58,109.07,43.17
111.44,108.84,48.21
111.24,109.14,48.33
111.61,108.96,48.52
111.62,109.42,43.38
111.11,109.53,48.37
111.45,109.19,48.76
111.28,109.48,48.78
111.56,109.42,49.08
111.39,109.73,43.57
111.65,109.88,43.89
111.20,109.92,48.81
111.53,109.75,49.17
111.43,110.19,44.20
111.64,110.39,44.53
111.19,110.40,48.98
111.51,110.13,49.25
111.39,110.60,44.98
111.26,110.80,45.53
111.62,110.79,45.20
111.11,110.84,48.96
111.39,110.44,49.39
111.27,110.73,49.40
111.56,110.59,49.70
111.42,111.00,45.67
111.32,111.16,46.13
111.62,111.21,45.85
111.18,111.24,46.74
111.12,111.28,48.77
111.22,111.13,49.38
111.51,110.97,49.85
111.46,111.33,46.32
111.42,111.47,46.86
111.30,111.58,47.41
111.45,111.61,47.11
111.20,111.56,48.07
111.25,111.60,48.67
111.27,111.52,49.22
111.41,111.41,49.76
111.49,111.77,47.48
111.40,111.82,48.30
111.40,111.81,48.95
111.44,111.72,49.50
111.86,100.00,34.53
111.96,99.77,35.06
111.79,99.90,35.68
112.15,99.99,35.46
111.98,100.41,34.39
111.91,100.18,35.86
111.82,100.46,36.29
112.01,100.53,35.99
111.98,100.86,34.37
111.91,100.85,36.38
112.03,100.95,36.06
111.82,100.80,36.86
111.74,100.80,37.39
111.97,101.29,34.38
111.92,101.27,36.41
112.02,101.38,36.06
111.90,101.25,36.90
111.83,101.16,37.47
112.00,101.69,34.58
111.92,101.74,36.31
112.00,101.73,35.91
111.89,101.68,36.90
111.82,101.59,37.51
111.94,101.97,34.87
111.84,102.24,35.05
111.93,102.11,35.82
112.03,101.92,35.42
111.90,102.17,36.39
111.89,102.04,36.80
111.78,102.05,37.44
111.72,102.57,35.06
111.82,102.52,35.60
111.82,102.50,36.26
111.79,102.42,36.95
111.77,106.69,43.12
111.78,106.59,43.70
111.79,107.06,43.01
111.91,107.00,43.49
111.85,106.85,44.19
111.76,106.93,44.93
111.84,107.45,43.06
112.01,107.35,43.43
112.06,107.16,43.91
112.04,107.12,44.55
111.95,107.18,45.17
111.79,107.34,45.73
112.05,107.42,45.43
111.83,107.92,42.97
112.03,107.71,43.31
111.93,107.59,45.86
111.81,107.72,46.24
112.06,107.76,45.97
111.83,108.35,42.98
112.04,108.13,43.29
111.94,107.85,46.41
111.93,108.00,46.90
111.93,108.14,47.24
111.73,108.71,43.03
111.97,108.62,43.27
111.92,108.35,47.50
111.97,108.59,47.83
111.94,109.07,43.38
111.88,108.75,48.19
112.03,108.94,48.60
112.02,109.33,43.66
111.72,109.61,43.63
111.98,109.59,43.90
111.80,109.17,48.92
111.90,109.49,49.21
111.99,109.82,44.07
111.96,109.84,49.35
111.95,110.11,44.34
111.99,110.35,44.66
111.86,110.11,49.48
111.63,110.32,49.53
111.91,110.31,49.72
111.82,110.56,44.85
112.06,110.69,45.14
111.92,110.61,49.95
111.82,111.00,45.46
112.03,111.20,45.78
111.92,110.84,50.20
111.66,111.23,50.16
111.92,111.07,50.45
111.79,111.42,46.23
111.66,111.62,46.79
112.03,111.61,46.46
111.60,111.66,50.00
111.83,111.41,50.47
111.83,111.82,46.93
111.71,111.98,47.39
112.02,112.02,47.12
111.60,112.06,48.03
111.52,112.05,48.77
111.53,111.95,49.42
111.69,112.05,49.91
111.82,111.82,50.38
111.85,112.14,47.59
111.86,112.29,48.02
111.69,112.31,48.59
111.93,112.47,48.32
111.68,112.31,49.30
111.88,112.43,49.79
111.85,112.14,50.20
111.97,112.58,48.84
111.91,112.57,49.37
112.27,100.00,34.64
112.34,99.84,35.06
112.46,100.06,35.26
112.39,100.41,34.55
112.15,100.34,35.71
112.42,100.45,35.45
112.39,100.86,34.56
112.24,100.72,35.77
112.47,100.97,35.44
112.37,101.28,34.63
112.24,101.23,35.69
112.43,101.35,35.29
112.37,101.51,34.89
112.21,101.67,35.19
112.13,101.60,35.71
112.18,107.52,43.78
112.23,107.42,44.37
112.18,107.41,44.97
112.22,107.92,43.75
112.31,107.75,44.23
112.33,107.79,44.78
112.22,107.70,45.46
112.20,108.31,43.64
112.34,108.19,44.17
112.43,108.12,44.68
112.44,107.99,45.20
112.35,107.93,45.84
112.29,108.00,46.42
112.19,108.14,46.95
112.48,108.18,46.57
112.24,108.70,43.68
112.42,108.59,44.05
112.47,108.36,44.40
112.39,108.35,47.03
112.21,108.52,47.50
112.51,108.54,47.33
112.18,109.06,43.60
112.38,109.00,43.95
112.32,108.67,47.79
112.28,108.80,48.24
112.46,108.96,48.57
112.24,109.63,44.25
112.31,109.35,44.13
112.48,109.47,44.50
112.22,109.18,48.94
112.33,109.48,49.20
112.17,109.87,44.28
112.38,109.83,44.59
112.40,109.72,49.38
112.14,110.43,44.90
112.28,110.18,44.78
112.43,110.31,45.03
112.29,109.98,49.61
112.28,110.25,49.91
112.44,110.65,45.26
112.36,110.41,50.18
112.10,110.62,50.12
112.29,110.62,50.40
112.34,110.94,45.58
112.40,111.16,45.91
112.18,110.86,50.62
112.09,111.21,50.77
112.41,110.98,50.99
112.23,111.36,46.11
112.47,111.52,46.39
112.03,111.61,50.77
112.34,111.38,51.11
112.23,111.82,46.72
112.43,112.04,47.03
112.02,112.06,50.63
112.24,111.83,51.07
112.19,112.24,47.50
112.11,112.41,47.93
112.45,112.43,47.73
111.97,112.41,50.26
112.08,112.42,50.69
112.22,112.23,51.06
112.23,112.58,48.22
112.32,112.72,48.73
112.14,112.71,49.38
112.09,112.71,49.93
112.27,112.90,49.69
112.11,112.74,50.46
112.22,112.64,50.98
112.25,113.00,50.18
112.26,112.96,50.72
112.53,100.05,34.90
112.57,100.41,34.97
112.57,100.87,35.01
112.54,101.22,35.05
112.60,108.34,44.94
112.60,108.19,45.51
112.62,108.23,46.03
112.60,108.71,44.47
112.71,108.65,44.96
112.74,108.59,45.42
112.81,108.51,45.92
112.74,108.38,46.46
112.70,108.45,46.95
112.83,108.58,47.16
112.58,109.16,44.47
112.73,109.01,44.92
112.83,108.98,45.21
112.95,108.75,45.65
112.77,108.68,47.52
112.70,108.81,48.07
112.82,108.98,48.44
112.66,109.52,44.82
112.86,109.35,45.02
112.72,109.16,48.82
112.80,109.44,49.22
112.55,109.95,44.91
112.80,109.85,45.02
112.70,109.67,49.46
112.50,109.80,49.51
112.79,109.82,49.71
112.81,110.34,45.18
112.64,110.05,49.98
112.52,110.21,50.10
112.80,110.21,50.34
112.73,110.65,45.43
112.56,110.79,45.50
112.83,110.82,45.77
112.64,110.46,50.62
112.47,110.69,50.79
112.76,110.69,50.99
112.55,111.23,46.17
112.69,111.04,46.02
112.81,111.21,46.27
112.74,111.01,51.22
112.87,111.51,46.46
112.62,111.32,51.35
112.49,111.63,51.38
112.80,111.42,51.57
112.64,111.82,46.71
112.85,112.03,47.03
112.42,112.03,51.46
112.74,111.76,51.72
112.65,112.24,47.35
112.85,112.44,47.66
112.34,112.46,51.44
112.62,112.07,51.86
112.51,112.36,51.89
112.79,112.22,52.19
112.61,112.64,48.14
112.51,112.85,48.73
112.83,112.83,48.37
112.36,112.89,49.27
112.35,112.92,51.27
112.46,112.76,51.89
112.75,112.60,52.34
112.68,113.02,48.76
112.53,113.11,49.20
112.84,113.25,49.00
112.44,113.17,49.80
112.43,113.21,50.58
112.48,113.25,51.18
112.49,113.16,51.74
112.65,113.05,52.28
112.75,113.40,49.53
112.67,113.43,50.10
112.70,113.49,50.70
112.63,113.46,51.45
112.66,113.37,52.01
112.97,108.58,46.17
112.98,108.55,46.71
113.06,109.06,45.27
113.23,108.86,45.69
113.21,108.74,46.29
113.16,108.73,47.08
113.11,108.83,47.67
113.05,108.93,48.10
113.30,108.99,47.83
113.15,109.45,45.17
113.18,109.07,48.29
113.16,109.23,48.78
113.16,109.38,49.12
113.17,109.90,45.17
113.14,109.59,49.35
113.21,109.82,49.69
113.21,110.24,45.28
113.11,109.98,50.04
113.28,110.18,50.45
113.18,110.54,45.59
113.23,110.76,45.95
113.05,110.40,50.76
113.20,110.66,51.12
113.05,110.95,46.13
113.22,111.12,46.30
113.10,110.91,51.36
112.86,111.14,51.43
113.15,111.12,51.59
113.25,111.46,46.52
113.15,111.42,51.81
113.03,111.78,46.74
113.29,111.93,47.03
113.15,111.67,52.05
112.85,111.95,52.02
113.10,111.95,52.30
113.06,112.23,47.35
113.26,112.43,47.67
113.04,112.28,52.45
113.05,112.64,47.98
113.24,112.89,48.26
113.03,112.54,52.60
112.91,112.87,52.66
113.11,112.69,52.84
112.98,113.06,48.60
113.15,113.29,48.83
112.85,113.31,52.52
113.08,113.06,52.97
113.14,113.46,49.24
113.03,113.56,49.93
112.95,113.65,50.52
113.18,113.69,50.18
112.86,113.67,51.09
112.84,113.63,51.85
112.94,113.64,52.43
113.07,113.48,52.90
113.16,113.80,50.62
113.12,113.89,51.30
113.05,113.87,52.06
113.09,113.78,52.63
113.35,109.11,45.48
113.49,109.04,46.00
113.48,108.94,46.71
113.43,108.96,47.34
113.48,109.49,45.52
113.67,109.38,45.94
113.69,109.21,46.42
113.68,109.16,47.04
113.58,109.15,47.70
113.52,109.22,48.30
113.42,109.37,48.83
113.71,109.39,48.45
113.47,110.00,45.45
113.70,109.77,45.80
113.62,109.57,48.91
113.44,109.75,49.38
113.73,109.76,49.20
113.41,110.30,45.48
113.62,110.24,45.81
113.55,109.89,49.67
113.50,110.03,50.11
113.69,110.18,50.44
113.38,110.83,46.16
113.53,110.59,46.02
113.68,110.70,46.27
113.53,110.39,50.83
113.59,110.58,51.17
113.64,111.09,46.48
113.53,110.79,51.47
113.51,111.07,51.79
113.55,111.40,46.68
113.36,111.65,46.77
113.67,111.53,46.92
113.57,111.24,52.06
113.32,111.46,51.98
113.52,111.44,52.26
113.68,111.87,47.16
113.52,111.65,52.58
113.30,112.02,52.69
113.56,111.81,52.93
113.46,112.19,47.37
113.71,112.35,47.67
113.18,112.40,52.74
113.58,112.01,53.23
113.34,112.33,53.11
113.56,112.27,53.52
113.46,112.64,47.97
113.62,112.82,48.14
113.27,112.77,53.16
113.47,112.62,53.53
113.29,113.17,48.55
113.64,113.13,48.37
113.28,113.26,53.28
113.47,113.04,53.56
113.52,113.42,48.87
113.47,113.56,49.42
113.37,113.64,49.81
113.70,113.67,49.62
113.28,113.72,53.12
113.47,113.46,53.57
113.47,113.79,50.08
113.46,113.95,50.61
113.35,114.04,51.15
113.50,114.06,50.86
113.26,114.08,51.72
113.25,114.03,52.47
113.37,114.04,53.04
113.48,113.87,53.50
113.53,114.23,51.22
113.45,114.29,52.02
113.47,114.28,52.69
113.51,114.18,53.24
113.83,109.57,46.26
113.85,109.41,46.75
113.90,109.45,47.29
113.84,109.36,47.94
113.85,109.95,46.15
113.97,109.83,46.66
114.08,109.74,47.17
114.09,109.61,47.68
113.98,109.56,48.33
113.92,109.67,48.82
114.04,109.81,49.02
113.83,110.29,46.24
114.01,110.29,46.50
114.13,110.00,46.88
114.04,109.90,49.46
113.87,110.01,50.01
114.10,110.18,50.44
114.00,110.68,46.52
113.92,110.31,50.74
113.93,110.49,51.12
113.76,110.62,51.35
113.98,110.66,51.47
113.98,110.97,46.68
113.80,111.22,46.75
114.04,111.16,46.95
113.94,110.84,51.81
113.74,111.03,51.98
114.03,111.03,52.23
114.00,111.51,47.15
113.87,111.27,52.48
113.74,111.43,52.58
114.02,111.45,52.86
113.96,111.81,47.32
113.78,112.07,47.40
114.09,111.94,47.55
113.86,111.68,53.09
113.72,111.83,53.19
114.01,111.84,53.47
114.10,112.28,47.79
113.92,112.08,53.80
113.72,112.43,53.86
113.98,112.29,54.17
113.85,112.60,47.97
114.02,112.78,48.15
113.66,112.84,53.93
113.89,112.60,54.21
114.08,113.12,48.39
113.58,113.26,53.90
113.96,112.86,54.47
113.72,113.18,54.43
113.97,113.06,54.78
113.96,113.40,48.74
113.88,113.56,49.21
114.10,113.68,49.54
113.56,113.67,53.92
113.59,113.57,54.40
113.97,113.26,55.09
113.72,113.56,54.97
113.95,113.52,55.41
113.85,113.87,50.00
113.71,114.07,50.54
114.07,114.06,50.21
113.59,114.12,53.76
113.60,114.00,54.40
113.68,113.97,54.98
113.86,113.86,55.43
113.86,114.27,50.67
113.75,114.45,51.13
114.07,114.49,50.85
113.68,114.50,51.69
113.68,114.50,52.34
113.67,114.43,53.08
113.71,114.46,53.67
113.69,114.40,54.24
113.74,114.38,54.86
113.86,114.28,55.37
113.99,114.65,51.39
113.98,114.69,52.02
113.92,114.66,52.60
113.94,114.70,53.21
113.87,114.69,53.93
113.88,114.68,54.57
113.92,114.60,55.11
113.77,115.30,59.34
113.82,115.22,58.94
114.00,114.97,59.44
113.98,115.15,59.77
113.70,115.59,58.87
113.88,115.74,58.34
113.88,115.40,58.55
113.67,115.66,59.51
113.87,115.44,59.79
113.75,115.96,58.63
113.90,116.02,58.34
113.67,116.05,59.27
113.80,115.69,59.98
113.65,116.02,60.09
113.86,115.80,60.49
113.73,116.12,60.76
114.01,115.93,61.01
113.94,116.25,58.70
113.83,116.37,59.37
113.69,116.44,59.96
113.89,116.58,59.70
113.67,116.47,60.66
113.94,116.36,61.12
113.83,116.74,60.07
113.76,116.81,60.51
113.88,116.94,60.30
113.99,116.83,61.05
114.00,117.11,60.59
114.25,109.96,47.43
114.24,109.81,48.01
114.23,109.87,48.53
114.25,110.34,46.95
114.36,110.27,47.45
114.38,110.23,47.92
114.54,110.24,48.42
114.39,110.00,48.95
114.45,110.02,49.48
114.29,110.05,49.98
114.47,110.22,50.33
114.23,110.79,46.93
114.38,110.63,47.43
114.46,110.63,47.80
114.52,110.49,48.05
114.36,110.39,50.77
114.26,110.57,51.24
114.56,110.59,51.10
114.30,111.15,47.31
114.49,110.99,47.68
114.39,110.71,51.54
114.33,110.84,51.98
114.50,111.00,52.32
114.19,111.58,47.40
114.44,111.48,47.65
114.28,111.21,52.65
114.50,111.41,52.98
114.40,111.92,47.79
114.33,111.62,53.31
114.40,111.80,53.65
114.38,112.22,47.94
114.18,112.47,48.01
114.48,112.35,48.14
114.33,111.93,53.93
114.27,112.12,54.31
114.15,112.43,54.49
114.45,112.28,54.69
114.43,112.75,48.35
114.05,112.67,54.48
114.36,112.61,54.82
114.36,113.06,48.55
114.25,113.29,48.72
114.55,113.16,48.88
114.33,112.89,55.08
114.12,113.09,55.07
114.33,113.09,55.39
114.30,113.48,49.15
114.51,113.67,49.53
114.34,113.29,55.72
114.11,113.67,55.81
114.39,113.46,56.06
114.29,113.87,49.85
114.49,114.08,50.14
113.98,114.09,55.78
114.40,113.64,56.33
114.13,113.99,56.31
114.38,113.86,56.64
114.26,114.28,50.46
114.50,114.49,50.78
113.99,114.53,55.63
113.99,114.39,56.27
114.27,114.10,56.81
114.12,114.40,56.92
114.32,114.27,57.18
114.39,114.68,51.24
114.30,114.77,51.76
114.27,114.80,52.44
114.19,114.87,53.04
114.41,114.92,52.69
114.10,114.89,53.59
114.08,114.90,54.23
114.08,114.83,54.96
114.12,114.89,55.61
114.01,114.81,56.22
114.01,114.81,56.88
114.25,114.47,57.46
114.08,114.79,57.58
114.27,114.53,57.95
114.09,114.81,58.30
114.34,114.50,58.70
114.12,114.74,58.88
114.37,114.56,59.38
114.11,114.78,59.28
114.34,114.70,59.79
114.38,115.03,53.13
114.34,115.11,53.80
114.29,115.09,54.54
114.29,115.07,55.17
114.27,115.12,55.63
114.16,115.14,56.08
114.32,115.32,55.93
114.11,115.19,56.71
114.10,115.25,57.43
114.01,115.14,58.03
113.98,115.08,58.69
114.36,114.90,60.12
114.12,115.28,60.20
114.40,115.10,60.47
114.30,115.44,56.45
114.30,115.50,57.05
114.29,115.55,57.51
114.07,115.51,58.04
114.33,115.78,57.67
113.97,115.56,60.19
114.29,115.33,60.65
114.09,115.58,60.64
114.39,115.56,61.03
114.12,115.98,58.07
114.35,116.09,57.81
114.36,116.03,61.24
114.25,116.32,58.21
114.16,116.53,58.75
114.33,116.57,58.43
114.00,116.55,59.28
114.36,116.47,61.26
114.29,116.74,58.80
114.17,116.79,59.22
114.31,116.90,59.03
114.04,116.89,59.87
114.43,116.82,61.25
114.35,117.10,59.38
114.21,117.23,60.11
114.20,117.35,60.58
114.36,117.44,60.24
114.32,117.20,61.04
114.48,117.49,60.66
114.64,110.20,48.76
114.70,110.18,49.20
114.66,110.18,49.84
114.63,110.81,47.98
114.75,110.60,48.30
114.85,110.42,48.81
114.92,110.39,49.52
114.80,110.38,50.23
114.75,110.50,50.72
114.88,110.63,50.91
114.70,111.21,47.97
114.89,110.99,48.29
114.83,110.71,51.26
114.76,110.84,51.82
114.87,111.04,52.20
114.69,111.63,47.99
114.92,111.41,48.29
114.77,111.22,52.59
114.93,111.41,52.95
114.60,111.99,48.02
114.84,111.89,48.27
114.80,111.54,53.31
114.70,111.70,53.69
114.60,111.86,53.97
114.93,111.83,54.13
114.80,112.34,48.39
114.72,112.02,54.46
114.75,112.29,54.94
114.88,112.60,48.69
114.59,112.88,48.64
114.85,112.86,48.92
114.81,112.47,55.22
114.55,112.68,55.13
114.75,112.68,55.43
114.85,113.09,49.07
114.64,112.92,55.61
114.54,113.09,55.72
114.85,113.05,56.02
114.70,113.39,49.23
114.94,113.54,49.51
114.74,113.31,56.28
114.55,113.47,56.31
114.75,113.47,56.62
114.71,113.87,49.83
114.92,114.08,50.16
114.70,113.67,56.92
114.48,113.99,57.11
114.73,113.80,57.37
114.58,114.03,57.64
114.89,113.89,57.82
114.75,114.30,50.55
114.85,114.46,50.92
114.40,114.28,57.56
114.80,114.05,58.18
114.49,114.27,58.18
114.79,114.15,58.73
114.58,114.32,58.83
114.81,114.26,59.19
114.79,114.62,51.24
114.67,114.78,51.82
114.60,114.88,52.31
114.92,114.90,52.11
114.70,114.41,59.41
114.69,114.55,59.94
114.57,114.68,60.14
114.86,114.71,60.37
114.69,115.02,52.59
114.69,115.19,53.09
114.59,115.29,53.64
114.81,115.34,53.29
114.51,115.30,54.22
114.49,115.32,54.94
114.40,115.31,55.56
114.70,114.95,60.64
114.52,115.20,60.81
114.81,115.20,61.00
114.84,115.46,53.82
114.72,115.46,54.47
114.74,115.56,54.94
114.54,115.62,55.56
114.80,115.72,55.23
114.41,115.63,56.20
114.42,115.72,56.89
114.42,115.68,57.32
114.84,115.61,61.22
114.80,115.91,55.58
114.57,115.97,56.12
114.88,116.12,55.91
114.50,116.07,56.81
114.44,116.00,57.44
114.72,116.10,61.23
114.72,116.22,56.39
114.73,116.38,56.84
114.54,116.43,57.45
114.71,116.52,57.18
114.42,116.44,58.00
114.80,116.46,61.23
114.76,116.72,57.39
114.58,116.80,57.97
114.80,116.97,57.72
114.47,116.88,58.60
114.80,116.87,61.22
114.78,117.09,58.16
114.71,117.21,58.76
114.58,117.32,59.29
114.80,117.38,58.95
114.47,117.38,59.78
114.79,117.28,61.06
114.83,117.52,59.45
114.74,117.57,60.18
114.85,117.54,60.73
115.00,110.76,48.63
115.13,110.71,49.14
115.13,110.59,49.84
115.05,110.59,50.46
115.12,111.13,48.68
115.29,111.04,49.06
115.33,110.85,49.53
115.32,110.79,50.16
115.21,110.80,50.84
115.16,110.88,51.42
115.11,110.99,51.86
115.34,111.11,51.68
115.12,111.62,48.60
115.32,111.41,48.93
115.21,111.21,52.16
115.14,111.33,52.60
115.28,111.46,52.80
115.09,112.06,48.60
115.32,111.84,48.92
115.23,111.55,53.15
115.15,111.68,53.69
115.28,111.85,54.08
115.04,112.35,48.62
115.25,112.29,48.94
115.22,111.95,54.40
115.16,112.12,54.89
114.98,112.27,55.15
115.22,112.29,55.25
115.09,112.91,49.24
115.26,112.60,49.25
115.33,112.79,49.55
115.17,112.49,55.58
114.93,112.75,55.80
115.22,112.74,56.00
114.99,113.21,49.27
115.25,113.12,49.53
115.32,113.03,56.23
115.27,113.50,49.68
115.19,113.19,56.43
115.10,113.34,56.79
115.00,113.50,57.05
115.34,113.46,57.27
115.11,113.82,49.84
115.27,114.00,50.20
115.12,113.66,57.55
115.20,113.86,58.01
115.21,114.22,50.60
115.07,114.52,51.24
115.15,114.39,51.00
115.36,114.50,51.41
115.15,113.98,58.28
115.17,114.03,58.77
115.11,114.15,59.29
115.00,114.31,59.59
115.33,114.29,59.78
115.11,114.70,51.65
115.32,114.89,52.04
115.09,114.48,60.02
115.33,114.70,60.47
115.13,115.11,52.53
114.99,115.28,52.91
115.27,115.27,52.83
115.11,114.90,60.78
115.25,115.16,61.11
115.16,115.43,53.25
115.18,115.57,53.73
115.09,115.60,54.29
114.98,115.69,54.84
115.23,115.74,54.55
115.14,115.40,61.35
115.05,115.66,61.35
115.30,115.60,61.54
115.15,115.86,55.02
115.15,116.02,55.46
115.13,116.12,55.76
115.23,115.88,61.41
115.10,116.05,61.21
115.09,116.33,56.15
114.93,116.54,56.83
115.21,116.56,56.43
115.14,116.49,61.18
115.16,116.75,56.87
114.98,116.92,57.33
115.32,116.94,57.12
115.25,116.87,61.20
115.08,117.09,57.61
115.11,117.24,58.10
114.98,117.33,58.57
115.23,117.38,58.29
115.14,117.34,61.01
115.14,117.50,58.76
115.19,117.65,59.34
115.19,117.65,60.07
115.20,117.55,60.64
115.46,111.20,49.37
115.49,111.05,49.87
115.54,111.13,50.52
115.45,111.10,51.23
115.48,111.58,49.25
115.61,111.46,49.78
115.69,111.39,50.30
115.68,111.35,50.73
115.74,111.53,51.04
115.61,111.35,51.16
115.53,111.38,51.74
115.46,111.44,52.36
115.53,111.98,49.32
115.71,111.87,49.68
115.76,111.63,50.02
115.73,111.62,51.49
115.72,111.64,52.05
115.62,111.63,52.71
115.57,111.70,53.31
115.50,111.81,53.75
115.76,111.86,53.46
115.46,112.34,49.26
115.66,112.28,49.59
115.64,111.95,53.93
115.61,112.09,54.48
115.49,112.21,54.98
115.74,112.25,54.72
115.52,112.90,49.87
115.58,112.62,49.77
115.74,112.75,50.10
115.67,112.34,55.21
115.54,112.49,55.77
115.62,112.75,56.07
115.51,113.30,50.00
115.71,113.06,50.25
115.74,113.05,56.24
115.43,113.70,50.05
115.75,113.37,50.57
115.60,113.64,50.46
115.75,113.63,50.83
115.61,113.19,56.46
115.50,113.30,56.88
115.74,113.46,57.33
115.50,113.98,50.54
115.70,113.89,50.89
115.61,113.59,57.70
115.50,113.76,58.07
115.41,113.92,58.33
115.74,113.89,58.49
115.63,114.23,51.17
115.69,114.46,51.56
115.57,114.00,58.79
115.51,114.11,59.37
115.73,114.29,59.86
115.62,114.64,51.84
115.68,114.86,52.16
115.53,114.50,60.17
115.72,114.71,60.47
115.60,115.04,52.45
115.48,115.34,53.11
115.56,115.20,52.83
115.78,115.31,53.27
115.53,114.90,60.77
115.73,115.10,61.09
115.55,115.54,53.71
115.42,115.68,54.19
115.69,115.68,54.11
115.50,115.31,61.41
115.66,115.55,61.66
115.57,115.82,54.52
115.51,115.99,55.05
115.36,116.13,55.52
115.74,116.12,55.25
115.40,116.13,61.33
115.63,115.96,61.66
115.53,116.32,55.66
115.40,116.50,56.04
115.74,116.52,55.87
115.64,116.30,61.43
115.44,116.39,61.22
115.57,116.69,56.37
115.55,116.83,56.78
115.73,116.95,57.04
115.51,116.64,61.31
115.48,116.92,61.33
115.71,116.81,61.57
115.48,117.15,57.49
115.41,117.33,57.92
115.74,117.35,57.72
115.64,117.14,61.43
115.55,117.33,61.14
115.56,117.50,58.24
115.48,117.64,58.79
115.40,117.74,59.25
115.71,117.78,58.97
115.36,117.77,59.79
115.50,117.75,60.32
115.56,117.62,60.68
115.61,117.91,59.52
115.67,117.92,60.16
115.84,111.61,50.55
115.89,111.98,50.09
115.99,111.91,50.57
115.94,111.88,51.05
115.92,111.85,51.72
115.92,111.83,52.34
115.88,111.84,52.96
115.86,112.45,50.08
116.02,112.28,50.54
116.11,112.27,50.94
116.12,112.10,51.41
116.13,112.04,52.02
116.13,112.04,52.64
116.04,112.03,53.32
115.98,112.11,53.92
115.92,112.22,54.33
116.16,112.27,54.03
115.94,112.80,50.44
116.15,112.64,50.81
116.06,112.34,54.50
116.13,112.45,55.02
115.91,112.51,55.64
116.08,112.84,56.01
115.86,113.14,50.52
116.06,113.11,50.84
116.11,113.10,56.23
115.92,113.74,51.15
115.98,113.45,51.04
116.15,113.59,51.38
115.97,113.20,56.38
115.97,113.34,56.81
116.10,113.50,57.20
115.85,113.99,51.18
116.07,113.94,51.47
116.04,113.59,57.54
115.96,113.74,58.07
116.09,113.91,58.45
115.86,114.48,51.78
116.08,114.27,51.78
116.07,114.48,52.09
116.08,114.00,58.83
115.92,114.11,59.40
116.14,114.30,59.84
115.90,114.92,52.51
116.08,114.67,52.41
116.15,114.86,52.79
115.93,114.50,60.17
116.13,114.71,60.47
116.03,115.07,53.02
116.10,115.27,53.44
115.93,114.91,60.76
116.14,115.11,61.09
116.02,115.45,53.73
115.90,115.75,54.37
115.97,115.60,54.10
116.20,115.72,54.53
115.92,115.31,61.43
116.03,115.63,61.71
115.99,115.93,54.88
116.09,116.08,55.29
116.10,115.97,61.84
116.03,116.27,55.59
116.08,116.50,55.91
115.67,116.50,61.41
115.95,116.40,61.74
116.01,116.67,56.24
115.92,116.82,56.69
116.13,116.94,57.02
116.08,116.80,61.82
115.91,117.14,57.34
116.13,117.36,57.65
115.77,117.34,61.41
116.02,117.23,61.69
116.02,117.54,58.10
115.90,117.65,58.55
116.14,117.77,58.90
115.75,117.80,60.62
115.88,117.69,61.02
115.98,117.55,61.41
116.01,117.96,59.36
116.00,118.07,60.01
116.05,117.97,60.73
116.27,112.45,51.26
116.29,112.29,51.74
116.35,112.33,52.27
116.34,112.24,52.93
116.29,112.23,53.55
116.32,112.87,51.26
116.42,112.68,51.76
116.51,112.67,52.17
116.55,112.50,52.64
116.56,112.44,53.27
116.45,112.44,53.95
116.40,112.52,54.53
116.40,112.62,54.98
116.57,112.74,54.78
116.28,112.65,55.48
116.26,113.28,51.34
116.44,113.16,51.70
116.56,113.03,52.05
116.55,112.84,55.24
116.44,112.88,55.73
116.39,113.04,56.04
116.36,113.62,51.71
116.57,113.46,52.05
116.43,113.28,56.29
116.32,113.46,56.84
116.58,113.50,56.58
116.29,113.98,51.78
116.50,113.92,52.09
116.45,113.60,57.03
116.43,113.73,57.58
116.30,113.86,58.10
116.56,113.91,57.82
116.31,114.46,52.40
116.41,114.28,52.29
116.50,114.42,52.66
116.50,114.00,58.32
116.45,114.02,58.80
116.39,114.13,59.32
116.52,114.33,59.72
116.29,114.88,53.05
116.41,114.69,52.93
116.48,114.84,53.29
116.41,114.50,60.09
116.55,114.71,60.47
116.31,115.34,53.79
116.49,115.08,53.67
116.56,115.27,54.04
116.34,114.91,60.78
116.58,115.22,61.11
116.45,115.47,54.28
116.53,115.67,54.70
116.33,115.38,61.41
116.49,115.72,61.67
116.45,115.85,55.01
116.28,116.11,55.52
116.39,116.01,55.37
116.53,116.15,55.76
116.38,116.10,61.85
116.29,116.57,56.23
116.39,116.39,56.01
116.60,116.54,56.42
116.43,116.45,61.87
116.35,116.75,56.66
116.55,116.94,57.06
116.43,116.88,61.87
116.32,117.15,57.33
116.54,117.36,57.66
116.49,117.23,61.86
116.44,117.55,58.11
116.39,117.64,58.65
116.49,117.72,59.04
116.16,117.81,61.28
116.40,117.61,61.68
116.43,117.90,59.37
116.42,118.09,59.96
116.44,118.10,60.65
116.46,117.95,61.28
116.68,112.86,52.52
116.74,112.76,53.13
116.73,112.75,53.75
116.67,112.75,54.34
116.73,113.26,52.50
116.82,113.15,53.09
116.83,113.07,53.62
116.83,113.14,54.15
116.77,113.02,54.84
116.68,113.08,55.58
116.74,113.69,52.53
116.83,113.51,52.99
116.86,113.52,53.57
116.92,113.46,54.03
116.96,113.32,54.55
116.96,113.27,55.17
116.86,113.33,55.78
116.76,113.46,56.21
116.98,113.57,56.04
116.69,114.10,52.63
116.84,113.98,53.18
116.91,113.91,53.51
116.96,113.70,53.77
116.86,113.68,56.52
116.80,113.77,57.05
116.74,113.87,57.45
116.97,113.99,57.26
116.71,114.45,53.16
116.92,114.18,53.56
116.86,114.44,53.59
116.98,114.38,53.84
116.86,114.07,57.73
116.91,114.14,58.24
116.76,114.13,58.82
116.74,114.27,59.37
116.93,114.29,59.12
116.72,114.74,53.59
116.90,114.75,53.97
116.92,114.47,59.51
116.78,114.60,60.12
116.84,114.72,60.37
116.71,115.28,54.28
116.82,115.10,54.17
116.90,115.24,54.52
116.84,114.93,60.63
116.96,115.28,60.99
116.74,115.73,55.03
116.82,115.50,54.80
116.98,115.61,55.21
116.65,115.49,61.37
116.90,115.50,61.25
116.78,115.89,55.46
116.92,116.03,55.87
116.85,115.68,61.46
116.82,115.99,61.72
116.88,116.27,56.24
116.93,116.50,56.57
116.86,116.42,61.86
116.87,116.69,56.86
116.90,116.91,57.18
116.85,116.86,61.90
116.84,117.11,57.45
116.89,117.34,57.78
116.85,117.29,61.86
116.84,117.51,58.13
116.84,117.62,58.71
116.72,117.79,59.38
116.79,117.67,59.14
117.01,117.78,59.57
116.84,117.70,61.63
116.84,117.98,59.93
116.78,118.10,60.54
116.89,117.97,61.15
117.11,113.66,54.30
117.14,113.57,54.98
117.10,113.57,55.60
117.06,114.03,53.88
117.22,114.03,54.42
117.24,113.89,54.84
117.24,113.99,55.48
117.15,113.92,56.22
117.08,113.99,56.85
117.16,114.44,54.32
117.27,114.31,54.92
117.33,114.32,55.31
117.32,114.24,55.69
117.39,114.40,56.02
117.26,114.23,56.14
117.24,114.28,56.71
117.17,114.26,57.33
117.15,114.30,57.96
117.09,114.32,58.67
117.10,114.91,54.48
117.25,114.84,54.98
117.36,114.66,55.24
117.38,114.50,56.50
117.37,114.53,57.07
117.37,114.52,57.66
117.35,114.51,58.28
117.26,114.56,58.91
117.21,114.67,59.37
117.40,114.73,59.05
117.07,114.72,59.96
117.12,115.27,55.04
117.34,115.00,55.44
117.26,115.30,55.62
117.38,115.20,55.82
117.38,114.81,59.46
117.29,114.95,60.10
117.13,115.11,60.65
117.32,115.13,60.42
117.11,115.68,55.66
117.33,115.43,56.08
117.25,115.68,56.11
117.39,115.63,56.39
117.33,115.31,60.63
117.25,115.53,61.01
117.12,115.97,56.10
117.30,115.99,56.49
117.22,115.72,61.34
117.28,116.01,61.70
117.11,116.52,56.78
117.21,116.34,56.68
117.30,116.48,57.03
117.28,116.41,61.88
117.09,116.94,57.38
117.21,116.74,57.27
117.38,116.88,57.62
117.27,116.84,61.88
117.12,117.40,58.13
117.26,117.22,57.97
117.38,117.35,58.41
117.25,117.31,61.67
117.24,117.52,58.68
117.23,117.64,59.30
117.32,117.75,59.72
117.13,117.68,61.45
117.37,117.48,61.37
117.32,117.74,61.19
117.26,117.92,60.06
117.22,117.98,60.70
117.44,114.50,55.62
117.48,114.90,55.70
117.54,114.77,56.23
117.55,114.81,56.88
117.52,114.76,57.39
117.58,114.80,57.92
117.52,114.71,58.57
117.52,115.26,56.27
117.64,115.14,56.75
117.66,115.16,57.31
117.75,115.08,57.78
117.76,114.95,58.27
117.68,114.89,58.92
117.62,114.97,59.54
117.52,115.13,60.08
117.74,115.12,59.72
117.60,115.66,56.90
117.74,115.55,57.27
117.80,115.34,57.52
117.74,115.33,60.04
117.54,115.52,60.62
117.74,115.54,60.37
117.50,116.16,56.99
117.74,115.82,57.32
117.67,116.08,57.33
117.80,116.01,57.59
117.72,115.69,60.74
117.61,115.82,61.35
117.74,116.10,61.67
117.52,116.45,57.36
117.74,116.41,57.69
117.63,116.47,61.88
117.75,116.80,57.86
117.68,116.88,61.74
117.62,117.06,58.02
117.57,117.39,58.79
117.76,117.15,58.59
117.81,117.33,59.09
117.55,117.23,61.47
117.86,117.14,61.44
117.64,117.43,61.26
117.61,117.49,59.23
117.54,117.81,60.04
117.65,117.59,59.75
117.88,117.69,60.18
117.69,117.72,61.05
117.68,117.90,60.56
117.91,115.27,57.94
118.00,115.20,58.51
117.92,115.12,59.26
117.88,115.66,57.64
118.05,115.64,58.22
118.16,115.52,58.50
118.19,115.35,58.88
118.10,115.36,59.49
117.95,115.53,60.06
118.21,115.60,59.76
117.96,116.09,58.06
118.15,115.81,58.55
118.09,116.07,58.57
118.21,116.01,58.83
118.09,115.78,60.21
118.03,115.91,60.62
118.23,116.04,60.42
117.93,115.92,61.12
117.95,116.57,58.14
118.07,116.45,58.59
118.21,116.34,58.95
118.21,116.13,60.88
118.11,116.15,61.38
118.06,116.48,61.67
117.87,116.92,58.21
118.01,116.80,58.54
118.14,116.79,58.99
118.07,116.88,61.60
117.92,117.35,59.55
118.06,117.14,59.26
117.97,117.40,59.92
118.19,117.15,59.76
118.18,117.34,60.13
118.19,117.11,61.28
118.06,117.43,61.11
118.18,117.63,60.38
118.03,117.76,60.91
118.06,117.84,60.56
118.28,115.70,58.82
118.33,115.62,59.32
118.39,116.07,59.30
118.37,115.97,59.94
118.39,116.56,59.43
118.50,116.44,59.99
118.43,116.39,60.64
118.32,116.38,61.22
118.31,116.90,59.49
118.42,116.91,60.01
118.51,116.79,60.55
118.37,116.79,61.20
118.35,117.24,60.68
118.24,117.65,60.74
