88.51,94.71,41.34
87.48,95.11,39.76
83.67,102.44,33.64
87.20,90.81,22.46
87.56,89.08,17.70
87.57,88.87,16.06
87.18,90.72,22.32
87.41,89.13,18.52
87.02,91.75,24.74
86.89,98.91,29.40
87.05,95.81,28.80
86.74,95.71,38.91
87.14,91.24,23.31
87.11,95.41,39.30
86.20,96.07,38.36
86.23,102.81,29.93
85.84,96.45,37.97
85.82,103.32,30.30
85.50,103.57,30.59
85.33,97.13,37.50
86.42,102.48,29.77
85.17,103.69,30.92
84.64,103.71,31.52
84.44,103.63,31.80
84.25,103.50,32.10
83.72,102.62,33.42
83.64,102.25,33.86
83.61,102.05,34.09
83.76,100.29,35.67
83.70,100.57,35.47
83.59,101.60,34.56
83.65,100.84,35.25
83.62,101.10,35.03
83.59,101.83,34.33
83.78,102.79,33.20
83.59,101.36,34.80
83.84,102.94,33.00
83.84,100.00,35.87
83.99,103.20,32.61
83.91,103.07,32.80
83.94,99.72,36.04
84.29,98.92,36.48
84.17,99.17,36.35
84.05,99.44,36.21
84.15,103.41,32.26
84.07,103.31,32.43
84.42,98.68,36.61
84.54,103.68,31.66
84.34,103.57,31.95
84.54,98.43,36.74
84.93,97.73,37.12
84.80,97.96,36.99
84.67,98.19,36.86
84.85,103.74,31.27
84.74,103.73,31.40
85.05,97.52,37.26
85.06,103.72,31.03
84.95,103.74,31.15
85.48,96.95,37.61
85.19,97.32,37.38
85.39,103.62,30.70
85.28,103.66,30.81
85.61,96.77,37.72
85.73,96.60,37.84
85.61,103.50,30.49
85.71,103.42,30.39
85.93,103.22,30.20
85.96,96.32,38.10
86.08,96.19,38.23
86.03,103.10,30.11
86.32,95.97,38.50
86.46,95.88,38.63
86.14,102.96,30.02
86.60,95.80,38.77
86.50,102.29,29.70
86.33,102.65,29.85
87.03,96.04,28.90
87.09,95.56,28.69
86.88,99.29,29.39
86.99,97.81,29.33
87.03,91.48,24.01
87.06,91.40,23.76
87.02,91.57,24.26
87.02,91.66,24.50
86.86,95.61,39.04
86.99,95.52,39.17
87.02,97.47,29.29
86.96,98.16,29.37
86.92,98.53,29.40
86.88,99.69,29.38
86.88,100.00,29.38
86.88,100.31,29.38
86.86,100.61,29.38
86.84,100.89,29.40
86.81,101.16,29.43
86.77,101.41,29.47
86.71,101.65,29.52
86.65,101.88,29.57
86.58,102.09,29.63
87.14,95.32,28.57
87.13,90.47,21.82
87.09,92.05,25.39
87.04,97.13,29.23
87.03,91.85,24.97
87.05,91.95,25.19
87.18,91.16,23.12
87.10,91.32,23.51
87.20,95.07,28.45
87.36,89.17,18.73
87.31,89.23,18.94
87.26,89.30,19.17
87.22,89.40,19.41
87.20,89.51,19.67
87.19,89.63,19.95
87.18,89.93,20.57
87.18,89.78,20.26
87.17,90.06,20.88
87.15,90.18,21.15
87.13,90.39,21.63
87.13,90.29,21.41
87.14,90.56,22.01
87.20,91.08,22.94
87.11,92.16,25.60
87.15,92.29,25.83
87.19,92.46,26.08
87.30,94.45,28.09
87.26,94.75,28.28
87.21,95.32,39.43
87.35,95.21,39.59
87.02,96.29,28.98
87.04,96.53,29.07
87.60,88.64,15.53
87.05,96.82,29.15
87.58,88.76,15.80
87.57,88.95,16.32
87.23,92.65,26.34
87.16,90.63,22.17
87.21,90.90,22.61
87.33,94.15,27.88
87.58,89.00,16.57
87.26,92.87,26.61
87.32,93.33,27.14
87.54,89.08,17.91
87.50,89.09,18.11
87.46,89.10,18.32
87.20,90.99,22.78
87.33,93.59,27.40
87.29,93.09,26.87
87.34,93.86,27.65
87.65,95.00,39.97
87.59,89.04,16.81
87.82,94.91,40.22
87.62,88.57,15.35
87.66,88.44,15.00
87.59,89.06,17.04
88.00,94.83,40.48
87.64,88.50,15.17
87.59,89.07,17.27
87.57,89.07,17.48
88.35,94.73,41.05
88.67,94.69,41.63
88.18,94.77,40.76
88.82,94.69,41.94
88.97,94.71,42.25
89.10,94.75,42.56
89.21,94.80,42.88
89.38,94.92,43.52
89.30,94.86,43.20
