74.98,75.30,13.53
74.82,79.35,16.85
73.06,84.74,33.67
73.65,83.92,25.35
73.69,83.36,23.43
73.87,82.87,21.99
74.37,81.52,19.30
72.16,84.41,38.41
74.85,78.41,15.89
74.84,78.98,16.48
74.68,80.53,18.01
74.93,77.26,14.93
74.53,70.94,12.50
74.83,78.65,16.15
72.22,84.31,38.09
72.28,84.25,37.77
72.50,84.23,36.81
72.42,84.21,37.13
72.35,84.22,37.45
72.58,84.26,36.50
72.67,84.30,36.19
72.75,84.36,35.88
72.88,84.48,35.35
72.82,84.42,35.61
73.08,84.79,33.38
73.04,84.69,33.97
73.02,84.65,34.26
73.27,84.87,29.17
73.11,84.86,33.09
72.98,84.58,34.82
72.94,84.53,35.08
73.11,84.91,32.79
73.14,84.98,30.25
73.12,85.00,30.62
73.12,85.00,30.94
73.12,85.00,31.25
73.12,85.00,31.56
73.12,85.00,31.88
73.12,84.98,32.18
73.12,84.95,32.49
73.17,84.95,29.89
73.01,84.62,34.54
73.22,84.91,29.53
73.34,84.82,28.82
73.64,84.00,25.59
73.67,83.44,23.72
73.65,84.08,25.85
73.42,84.76,28.49
73.82,82.99,22.28
73.67,83.70,24.52
73.78,83.09,22.57
73.66,83.53,24.00
73.71,83.28,23.15
73.66,83.85,25.07
73.66,84.16,26.15
73.68,84.32,26.80
73.57,84.61,27.83
73.66,84.42,27.15
73.50,84.69,28.15
73.62,84.52,27.49
73.68,83.77,24.79
73.66,83.62,24.26
73.67,84.24,26.46
73.74,83.20,22.86
74.00,82.40,21.02
74.14,81.98,20.13
74.04,82.26,20.73
73.97,82.57,21.37
73.92,82.73,21.68
74.21,81.83,19.84
74.08,82.12,20.43
74.29,81.68,19.57
74.45,81.35,19.03
74.63,71.19,12.49
74.72,71.45,12.50
74.63,80.77,18.26
74.73,80.29,17.75
74.80,71.73,12.52
74.95,74.46,13.15
74.96,74.74,13.27
74.84,78.53,16.02
74.87,78.26,15.75
74.84,79.09,16.59
74.84,79.21,16.70
74.80,79.84,17.33
74.78,80.05,17.53
74.59,80.97,18.51
74.52,81.17,18.76
74.97,74.17,13.04
74.83,78.76,16.26
74.80,79.48,16.99
74.99,76.65,14.43
75.00,73.87,12.94
75.03,76.10,14.02
74.93,77.79,15.33
74.90,78.07,15.57
74.83,78.86,16.37
74.80,79.66,17.16
74.96,76.96,14.68
74.93,77.52,15.13
75.02,76.37,14.21
75.03,75.83,13.85
74.87,72.02,12.55
75.02,73.55,12.85
74.96,75.03,13.40
75.00,75.57,13.68
75.02,73.23,12.76
74.92,72.31,12.59
74.97,72.61,12.63
75.00,72.91,12.69
