18.00,2.00,22.00
28.00,19.00,18.00
50.00,43.00,42.00
61.00,59.00,60.00
75.00,73.00,74.00
78.00,65.00,79.00
79.00,68.00,83.00
83.00,68.00,69.00
92.00,85.00,84.00
92.00,84.00,86.00
98.00,97.00,95.00
122.00,114.00,120.00
162.00,79.00,83.00
163.00,162.00,83.00
123.00,186.00,122.00
189.00,188.00,190.00
214.00,125.00,210.00
221.00,219.00,220.00
229.00,228.00,230.00
229.00,230.00,244.00
229.00,244.00,290.00
257.00,256.00,258.00
244.00,289.00,290.00
302.00,301.00,303.00
254.00,145.00,227.00
407.00,146.00,300.00
303.00,163.00,309.00
672.00,232.00,228.00
681.00,256.00,257.00
309.00,255.00,703.00
793.00,792.00,794.00
805.00,804.00,806.00
855.00,888.00,924.00
923.00,210.00,211.00
666.00,888.00,660.00
926.00,949.00,948.00
992.00,672.00,673.00
1120.00,1087.00,1086.00
346.00,1132.00,708.00
1146.00,1136.00,1140.00
1172.00,1189.00,1188.00
779.00,597.00,1443.00
604.00,780.00,7421.00
1296.00,1269.00,1299.00
1301.00,792.00,793.00
1309.00,804.00,805.00
832.00,834.00,1826.00
949.00,1387.00,677.00
1412.00,1411.00,1084.00
703.00,1387.00,1413.00
1411.00,1119.00,1084.00
1999.00,1119.00,1411.00
1422.00,1421.00,1134.00
1525.00,1535.00,1534.00
1547.00,1559.00,1546.00
1582.00,1570.00,1571.00
1681.00,1695.00,1694.00
1698.00,1685.00,1700.00
1710.00,1699.00,1698.00
1738.00,1727.00,1726.00
1778.00,1763.00,1762.00
1803.00,1801.00,1802.00
1349.00,1870.00,1348.00
1995.00,1958.00,1987.00
1991.00,1411.00,1412.00
1412.00,1413.00,1991.00
1387.00,1993.00,1413.00
1991.00,1999.00,1411.00
1999.00,1991.00,2000.00
2002.00,1995.00,1994.00
2006.00,1416.00,2016.00
2044.00,1432.00,2047.00
2052.00,1438.00,2058.00
2052.00,2058.00,2059.00
2064.00,2059.00,2058.00
2181.00,1656.00,1658.00
2181.00,2180.00,1656.00
1671.00,2578.00,2570.00
1759.00,1760.00,2631.00
1803.00,1802.00,2663.00
2255.00,1848.00,1864.00
2255.00,2254.00,1848.00
2339.00,2052.00,2340.00
2129.00,2450.00,2465.00
2157.00,2528.00,2527.00
2158.00,2528.00,2157.00
2522.00,1571.00,2155.00
2158.00,2164.00,2528.00
2554.00,2549.00,2548.00
2554.00,2548.00,2556.00
2181.00,2570.00,2180.00
2574.00,2571.00,2565.00
2580.00,1681.00,2185.00
2591.00,2589.00,2590.00
2620.00,2613.00,2612.00
1802.00,2664.00,2663.00
2721.00,2719.00,2720.00
2769.00,2735.00,2723.00
2787.00,2785.00,2786.00
2794.00,3126.00,2002.00
2794.00,2316.00,2802.00
2794.00,2802.00,2808.00
2324.00,2808.00,2322.00
2824.00,2819.00,2818.00
2340.00,2834.00,2339.00
2845.00,2821.00,2823.00
2340.00,2342.00,2834.00
2856.00,2342.00,2859.00
2873.00,2358.00,2852.00
2880.00,2362.00,2883.00
6655.00,2097.00,1466.00
2916.00,2400.00,2398.00
2983.00,2554.00,2556.00
2983.00,2982.00,2554.00
3013.00,2620.00,2622.00
3013.00,3012.00,2620.00
3025.00,2644.00,2646.00
3045.00,2680.00,2682.00
3045.00,3044.00,2680.00
3045.00,2682.00,3046.00
2695.00,3056.00,2696.00
3057.00,2696.00,3056.00
2836.00,3152.00,2835.00
3222.00,3214.00,2917.00
3220.00,3214.00,3222.00
3225.00,3224.00,3226.00
2992.00,3338.00,2988.00
3369.00,3011.00,3361.00
3374.00,3010.00,3012.00
3374.00,3012.00,3382.00
3374.00,3382.00,3383.00
3388.00,3383.00,3382.00
3388.00,3404.00,3405.00
3045.00,3414.00,3044.00
3046.00,3414.00,3045.00
3433.00,3057.00,3056.00
3046.00,3058.00,3414.00
3437.00,3065.00,3419.00
3424.00,3463.00,3441.00
3065.00,3437.00,3438.00
2721.00,2720.00,3458.00
3075.00,3460.00,3074.00
3097.00,3494.00,3495.00
3520.00,3469.00,3518.00
3543.00,3571.00,3572.00
3586.00,3579.00,3578.00
3584.00,3592.00,3132.00
3592.00,3135.00,3132.00
3145.00,3622.00,3615.00
3161.00,3966.00,3643.00
3659.00,3658.00,3657.00
3649.00,3173.00,3159.00
3177.00,3984.00,3675.00
3224.00,4022.00,3228.00
3877.00,3471.00,3871.00
3892.00,3894.00,3494.00
3476.00,3879.00,3517.00
3517.00,3898.00,3518.00
3879.00,3898.00,3517.00
4021.00,3224.00,3225.00
4055.00,4053.00,4054.00
3780.00,4078.00,3778.00
3871.00,4186.00,4187.00
4206.00,4197.00,4196.00
3887.00,4216.00,4217.00
4231.00,3899.00,3898.00
4253.00,4252.00,4250.00
4262.00,4225.00,4260.00
4245.00,4287.00,4288.00
4289.00,3903.00,4288.00
4293.00,4262.00,4294.00
3930.00,4290.00,3928.00
4294.00,4323.00,4293.00
4293.00,4323.00,4325.00
3935.00,4315.00,4363.00
4363.00,4384.00,4385.00
4449.00,4448.00,4447.00
3966.00,4468.00,3964.00
4473.00,3970.00,3971.00
4504.00,4822.00,4530.00
3984.00,4522.00,3982.00
4553.00,4552.00,4012.00
4582.00,4580.00,4042.00
4584.00,4582.00,4042.00
4599.00,4603.00,4063.00
4659.00,3818.00,4658.00
4675.00,4147.00,4669.00
4680.00,6814.00,4156.00
4675.00,4682.00,4147.00
4688.00,4680.00,4156.00
4294.00,4749.00,4323.00
4332.00,4768.00,4334.00
4396.00,4398.00,5192.00
4553.00,4562.00,4552.00
4892.00,4893.00,4885.00
4895.00,4581.00,4887.00
4582.00,4892.00,4580.00
4895.00,4585.00,4581.00
4585.00,4895.00,4896.00
4912.00,4911.00,4909.00
4912.00,4909.00,4907.00
4603.00,4599.00,4909.00
4923.00,4071.00,4605.00
4975.00,4659.00,4658.00
4973.00,4983.00,4977.00
4977.00,4983.00,4984.00
4993.00,5005.00,5006.00
5006.00,5007.00,4675.00
5007.00,4682.00,4675.00
5011.00,4684.00,4682.00
5039.00,4697.00,5036.00
5057.00,5080.00,4707.00
5082.00,4717.00,5080.00
5107.00,4727.00,5061.00
4729.00,5108.00,5091.00
5110.00,5146.00,5115.00
5219.00,4769.00,4768.00
5175.00,4779.00,4751.00
5251.00,5298.00,4781.00
5299.00,4793.00,4369.00
7119.00,5332.00,5251.00
5334.00,4809.00,5335.00
4879.00,5420.00,5421.00
4917.00,4923.00,4605.00
5513.00,5520.00,5005.00
5543.00,5036.00,5541.00
5584.00,5606.00,5591.00
5610.00,5611.00,5417.00
5613.00,5421.00,5420.00
5627.00,5427.00,5426.00
5639.00,5429.00,5638.00
5444.00,5660.00,5440.00
5660.00,5661.00,5645.00
5706.00,5488.00,5708.00
5711.00,5710.00,5708.00
5711.00,5712.00,5710.00
5712.00,5711.00,5719.00
5721.00,5715.00,5722.00
5722.00,5730.00,5721.00
5739.00,5748.00,4983.00
7295.00,5511.00,5510.00
5514.00,5762.00,5753.00
5756.00,5765.00,5755.00
5755.00,5765.00,5766.00
5773.00,5521.00,5520.00
5544.00,5840.00,5542.00
5859.00,5875.00,5543.00
5609.00,5920.00,5610.00
5935.00,5938.00,5643.00
5958.00,5956.00,5674.00
5979.00,5984.00,5699.00
5710.00,5712.00,5990.00
5756.00,6009.00,5765.00
5765.00,6014.00,5766.00
6009.00,6014.00,5765.00
5917.00,6036.00,5916.00
6036.00,5918.00,5916.00
6039.00,5921.00,5920.00
6043.00,6049.00,5923.00
6049.00,5927.00,5926.00
6081.00,5939.00,5938.00
5958.00,6148.00,5956.00
6153.00,6343.00,6164.00
6198.00,6176.00,5968.00
6193.00,6192.00,6191.00
6203.00,6196.00,6204.00
6204.00,6209.00,6203.00
6203.00,6209.00,6210.00
6210.00,6211.00,5979.00
6213.00,5985.00,5984.00
6211.00,6219.00,6213.00
6219.00,6228.00,5987.00
5996.00,6230.00,5994.00
6233.00,6243.00,6244.00
6237.00,6248.00,5995.00
6277.00,6269.00,6012.00
6297.00,6015.00,6014.00
6319.00,6015.00,6297.00
6327.00,5806.00,6319.00
6343.00,6348.00,6164.00
6204.00,6365.00,6209.00
6209.00,6368.00,6210.00
6119.00,6400.00,6328.00
6411.00,6418.00,6337.00
6427.00,6434.00,6343.00
6435.00,6349.00,6348.00
6365.00,6567.00,6484.00
6540.00,6531.00,6388.00
6557.00,6556.00,6450.00
6489.00,6572.00,6475.00
6573.00,6492.00,6484.00
6557.00,6580.00,6556.00
6572.00,6610.00,6598.00
6574.00,6610.00,6572.00
6615.00,6579.00,6573.00
15.00,26.00,33.00
53.00,48.00,65.00
52.00,53.00,76.00
40.00,27.00,226.00
258.00,256.00,262.00
653.00,189.00,660.00
865.00,866.00,872.00
898.00,899.00,950.00
677.00,1387.00,703.00
804.00,1769.00,810.00
779.00,1443.00,1463.00
1780.00,7396.00,1820.00
1416.00,2009.00,2016.00
2054.00,1442.00,2058.00
1438.00,2054.00,2058.00
2164.00,1591.00,1602.00
1669.00,2571.00,2185.00
1681.00,1669.00,2185.00
2212.00,1763.00,1778.00
2649.00,2212.00,1778.00
1803.00,2663.00,1843.00
1588.00,2522.00,2529.00
2603.00,2192.00,2605.00
2623.00,2200.00,2625.00
2324.00,7672.00,2808.00
2812.00,2819.00,3142.00
2830.00,2847.00,3158.00
2574.00,2565.00,3335.00
5984.00,5985.00,6794.00
3414.00,3058.00,3434.00
3643.00,3629.00,3642.00
3489.00,3887.00,4220.00
3890.00,3489.00,4220.00
3618.00,3946.00,3949.00
3974.00,3658.00,3982.00
3982.00,3675.00,3984.00
3271.00,3276.00,4042.00
4206.00,4196.00,4207.00
4220.00,4217.00,4233.00
4291.00,4253.00,4290.00
4248.00,3906.00,4250.00
4732.00,4252.00,4748.00
4873.00,5420.00,4879.00
4892.00,4582.00,4893.00
4975.00,4973.00,4977.00
4661.00,4659.00,4975.00
4989.00,4987.00,4993.00
5006.00,4989.00,4993.00
5006.00,4675.00,4989.00
5146.00,5110.00,4732.00
5216.00,7217.00,6919.00
5298.00,5251.00,5332.00
5334.00,5298.00,5332.00
5332.00,4806.00,5334.00
5062.00,4713.00,5064.00
5534.00,5091.00,5542.00
5110.00,5115.00,5546.00
5883.00,5192.00,5570.00
5638.00,5627.00,5631.00
5660.00,5446.00,5661.00
5717.00,5715.00,5721.00
5496.00,5498.00,5719.00
5710.00,5990.00,5988.00
5990.00,5712.00,5994.00
5725.00,5998.00,5996.00
5766.00,6014.00,6015.00
5767.00,5766.00,6015.00
6024.00,5792.00,6026.00
6144.00,5951.00,6129.00
6130.00,6148.00,6149.00
5958.00,5960.00,6149.00
6148.00,5958.00,6149.00
6210.00,6197.00,6203.00
6210.00,5979.00,6197.00
6000.00,5995.00,6248.00
6010.00,6012.00,6269.00
6268.00,6010.00,6269.00
6259.00,6388.00,6386.00
6351.00,6349.00,6435.00
6360.00,6362.00,6459.00
6452.00,6450.00,6556.00
6559.00,6452.00,6556.00
6492.00,6573.00,6579.00
6610.00,6579.00,6615.00
498.00,504.00,532.00
872.00,6645.00,873.00
949.00,6646.00,1387.00
190.00,6689.00,202.00
3405.00,6814.00,4132.00
5007.00,6845.00,4682.00
4682.00,6845.00,5011.00
6405.00,6894.00,6411.00
6572.00,6900.00,6475.00
1438.00,6734.00,1154.00
2146.00,2511.00,2956.00
3520.00,3547.00,3115.00
3469.00,3520.00,3115.00
4210.00,4713.00,4207.00
4951.00,4103.00,6791.00
4982.00,4132.00,6814.00
5135.00,4738.00,6851.00
5030.00,5521.00,5773.00
5699.00,5984.00,6794.00
4951.00,5699.00,6794.00
18.00,19.00,1.00
2.00,18.00,1.00
33.00,42.00,32.00
49.00,48.00,39.00
68.00,79.00,65.00
69.00,68.00,59.00
61.00,69.00,59.00
73.00,72.00,74.00
84.00,85.00,71.00
72.00,84.00,71.00
86.00,84.00,72.00
73.00,86.00,72.00
120.00,123.00,122.00
19.00,134.00,125.00
1.00,19.00,125.00
144.00,43.00,146.00
74.00,326.00,75.00
184.00,122.00,186.00
227.00,226.00,219.00
230.00,228.00,232.00
268.00,267.00,6690.00
310.00,704.00,257.00
258.00,310.00,257.00
317.00,316.00,267.00
6697.00,7352.00,6621.00
188.00,189.00,653.00
652.00,188.00,653.00
672.00,228.00,673.00
257.00,704.00,681.00
631.00,642.00,782.00
794.00,792.00,796.00
795.00,794.00,796.00
798.00,799.00,793.00
794.00,798.00,793.00
800.00,798.00,794.00
795.00,800.00,794.00
800.00,803.00,802.00
798.00,800.00,802.00
806.00,822.00,805.00
835.00,874.00,834.00
7671.00,944.00,919.00
1136.00,1137.00,1419.00
1166.00,1167.00,1150.00
796.00,1600.00,1611.00
1087.00,1120.00,1416.00
1188.00,1205.00,2054.00
1257.00,1464.00,1452.00
1547.00,1546.00,1535.00
1571.00,1570.00,1559.00
1601.00,1600.00,1587.00
2530.00,1601.00,1587.00
1785.00,1776.00,1759.00
1987.00,1994.00,1995.00
2080.00,2094.00,1457.00
1591.00,2164.00,2158.00
1574.00,1591.00,2158.00
1993.00,1387.00,6646.00
2322.00,2017.00,2324.00
2037.00,2330.00,2328.00
2059.00,2342.00,2340.00
2052.00,2059.00,2340.00
2063.00,2343.00,2087.00
2541.00,2548.00,2540.00
2557.00,2562.00,2556.00
2581.00,2580.00,2573.00
2591.00,2599.00,2589.00
1794.00,1795.00,2659.00
2690.00,2241.00,2266.00
2787.00,2791.00,2785.00
2916.00,2398.00,2917.00
3022.00,2637.00,3024.00
2699.00,3058.00,3046.00
2786.00,3117.00,2787.00
3125.00,3127.00,2791.00
2787.00,3125.00,2791.00
2791.00,3127.00,2801.00
2819.00,2824.00,3144.00
3142.00,2819.00,3144.00
2825.00,3145.00,2824.00
2823.00,3143.00,2845.00
2847.00,2856.00,3160.00
3158.00,2847.00,3160.00
2505.00,2504.00,3299.00
3382.00,3022.00,3388.00
3054.00,3424.00,3441.00
3463.00,3424.00,3076.00
3057.00,3433.00,3469.00
3125.00,3577.00,3585.00
3127.00,3125.00,3585.00
3161.00,3643.00,3642.00
3160.00,3161.00,3642.00
3782.00,3780.00,3326.00
3422.00,3420.00,3850.00
3494.00,3894.00,3495.00
3898.00,3899.00,3520.00
3518.00,3898.00,3520.00
3579.00,3586.00,3930.00
3928.00,3579.00,3930.00
3931.00,3930.00,3586.00
4078.00,3774.00,3778.00
4103.00,3347.00,6791.00
3837.00,4143.00,4152.00
3879.00,4230.00,4231.00
3898.00,3879.00,4231.00
4293.00,4325.00,4264.00
3935.00,4363.00,4385.00
3946.00,4385.00,4384.00
3989.00,4527.00,6834.00
4178.00,4694.00,4176.00
4700.00,4701.00,4187.00
4186.00,4700.00,4187.00
4701.00,4707.00,4187.00
4197.00,4206.00,4710.00
4706.00,4197.00,4710.00
4711.00,4710.00,4206.00
5062.00,4711.00,4713.00
4739.00,4749.00,4294.00
4262.00,4739.00,4294.00
4765.00,5219.00,4768.00
4332.00,4765.00,4768.00
4897.00,4896.00,4889.00
4891.00,4897.00,4889.00
5945.00,4917.00,4911.00
4943.00,4095.00,6781.00
4702.00,5040.00,5041.00
5025.00,4694.00,4706.00
4707.00,4701.00,5057.00
5104.00,5040.00,4244.00
4729.00,5091.00,5090.00
4728.00,4729.00,5090.00
5145.00,5144.00,5175.00
4747.00,5145.00,5175.00
4751.00,4747.00,5175.00
4769.00,5219.00,5251.00
4781.00,4769.00,5251.00
5298.00,5334.00,5335.00
5299.00,5298.00,5335.00
4793.00,5299.00,5335.00
5367.00,6865.00,4820.00
4854.00,5408.00,4855.00
4879.00,5421.00,4883.00
5426.00,5427.00,4891.00
4891.00,5427.00,4897.00
5520.00,5521.00,5007.00
5708.00,5488.00,5494.00
5718.00,5708.00,5494.00
5813.00,5840.00,6877.00
5543.00,5541.00,5859.00
5610.00,5920.00,5611.00
5921.00,5923.00,5618.00
5638.00,5932.00,5639.00
5921.00,6039.00,6043.00
5923.00,5921.00,6043.00
6149.00,6151.00,6140.00
6221.00,5990.00,5994.00
5995.00,6229.00,6237.00
6251.00,6259.00,6386.00
6335.00,6405.00,6411.00
6540.00,6388.00,6390.00
6489.00,6497.00,6574.00
6572.00,6489.00,6574.00
6789.00,3307.00,4071.00
6997.00,3335.00,4095.00
4943.00,6791.00,4095.00
6796.00,3385.00,2635.00
216.00,189.00,126.00
1257.00,1256.00,1466.00
1842.00,1795.00,860.00
2516.00,2515.00,2509.00
2361.00,2843.00,3154.00
2836.00,2361.00,3154.00
3355.00,3008.00,2591.00
3574.00,3547.00,3903.00
4765.00,4270.00,5216.00
6865.00,5367.00,5341.00
6674.00,6865.00,5341.00
5916.00,5606.00,5605.00
5917.00,5916.00,5605.00
1464.00,2097.00,2096.00
2956.00,2511.00,3300.00
2575.00,3347.00,2590.00
2581.00,2575.00,2590.00
3857.00,3851.00,4182.00
4751.00,4779.00,4363.00
4315.00,4751.00,4363.00
4422.00,4809.00,4459.00
4781.00,5298.00,5299.00
5935.00,6080.00,6081.00
5938.00,5935.00,6081.00
5987.00,6228.00,6229.00
6328.00,6108.00,6119.00
6388.00,6531.00,6530.00
1438.00,2052.00,6734.00
944.00,6721.00,919.00
1422.00,1134.00,1135.00
3437.00,3419.00,3421.00
3438.00,3437.00,3421.00
3355.00,2591.00,7092.00
4739.00,4262.00,4260.00
4895.00,4887.00,4889.00
4896.00,4895.00,4889.00
4603.00,4909.00,4911.00
5708.00,5718.00,5711.00
5813.00,6320.00,6026.00
6230.00,6231.00,6223.00
6006.00,5753.00,6268.00
6259.00,6268.00,6269.00
6277.00,6392.00,6390.00
190.00,202.00,126.00
189.00,190.00,126.00
3887.00,4217.00,4220.00
4680.00,4998.00,6814.00
6140.00,6130.00,6149.00
2603.00,2605.00,2612.00
2623.00,2625.00,2636.00
3639.00,3152.00,3963.00
5080.00,5057.00,5096.00
5144.00,5107.00,5172.00
6487.00,6489.00,6475.00
1492.00,1493.00,2129.00
2465.00,1492.00,2129.00
4754.00,5115.00,5146.00
4752.00,4754.00,5146.00
39.00,26.00,27.00
40.00,39.00,27.00
834.00,822.00,806.00
1442.00,2054.00,1205.00
7225.00,7112.00,1378.00
3264.00,3265.00,3273.00
4253.00,4291.00,4748.00
4252.00,4253.00,4748.00
7020.00,26.00,53.00
65.00,48.00,68.00
5917.00,5605.00,6875.00
5629.00,5917.00,6875.00
1443.00,597.00,2041.00
6634.00,923.00,1382.00
4186.00,3871.00,3458.00
4713.00,4210.00,4728.00
6323.00,6324.00,7072.00
3632.00,3646.00,3649.00
5332.00,7119.00,5330.00
7352.00,317.00,1097.00
851.00,6720.00,846.00
919.00,6721.00,914.00
1858.00,919.00,914.00
1337.00,1818.00,658.00
696.00,1378.00,673.00
2097.00,6657.00,2364.00
2096.00,2097.00,2364.00
2483.00,2482.00,2477.00
2785.00,2783.00,2786.00
3117.00,2777.00,3115.00
3903.00,3547.00,3520.00
3899.00,3903.00,3520.00
4053.00,4051.00,4054.00
4453.00,6830.00,4459.00
4248.00,4728.00,4210.00
5731.00,6001.00,5756.00
5530.00,5532.00,5790.00
5918.00,5609.00,5606.00
5916.00,5918.00,5606.00
19.00,28.00,134.00
1307.00,803.00,801.00
1442.00,2064.00,2058.00
2642.00,2633.00,2635.00
2460.00,3264.00,3273.00
3438.00,3421.00,3453.00
3574.00,4315.00,3935.00
7461.00,5383.00,5330.00
6655.00,7230.00,6657.00
2097.00,6655.00,6657.00
6811.00,3782.00,4096.00
83.00,69.00,153.00
163.00,83.00,153.00
1041.00,268.00,1014.00
830.00,819.00,831.00
1154.00,6734.00,1166.00
1600.00,796.00,792.00
1309.00,805.00,1318.00
1727.00,1712.00,1726.00
1802.00,1801.00,1794.00
2718.00,2720.00,2717.00
3586.00,3587.00,3931.00
5057.00,4701.00,5039.00
5404.00,5587.00,4852.00
5980.00,5700.00,5982.00
6213.00,5984.00,5979.00
6211.00,6213.00,5979.00
6211.00,6210.00,6368.00
6485.00,6211.00,6368.00
6497.00,6489.00,6494.00
6674.00,5341.00,5312.00
4103.00,4951.00,6794.00
6793.00,4103.00,6794.00
6.00,6616.00,22.00
2.00,6.00,22.00
766.00,1269.00,615.00
2719.00,2721.00,2743.00
3964.00,4468.00,4438.00
3956.00,3964.00,4438.00
5488.00,5706.00,5702.00
5941.00,5939.00,6081.00
79.00,162.00,160.00
211.00,232.00,923.00
2094.00,2075.00,1454.00
1304.00,1582.00,1301.00
15.00,33.00,6616.00
5739.00,4983.00,5501.00
5903.00,5900.00,5915.00
2522.00,2515.00,2529.00
6672.00,7525.00,7008.00
521.00,6922.00,181.00
1296.00,6925.00,6993.00
2127.00,6956.00,3175.00
3175.00,6956.00,3170.00
6672.00,6961.00,5378.00
6883.00,6991.00,5629.00
3347.00,6997.00,6791.00
6791.00,6997.00,4095.00
5403.00,7008.00,6868.00
26.00,7020.00,33.00
33.00,7020.00,42.00
2659.00,7023.00,1794.00
1794.00,7023.00,1802.00
5394.00,7027.00,6868.00
6657.00,7130.00,2364.00
3890.00,7051.00,3489.00
5384.00,7088.00,6862.00
410.00,7099.00,454.00
7097.00,574.00,604.00
604.00,574.00,6995.00
2556.00,2548.00,2543.00
2250.00,2254.00,2706.00
2254.00,2728.00,2706.00
3890.00,3892.00,7051.00
3984.00,3177.00,2883.00
4042.00,3276.00,7033.00
4584.00,4042.00,7033.00
7099.00,6697.00,6629.00
6713.00,642.00,6914.00
6787.00,3271.00,4580.00
6875.00,5605.00,6942.00
3259.00,3251.00,6959.00
6961.00,6672.00,7008.00
5403.00,6961.00,7008.00
6883.00,5629.00,6920.00
7141.00,5440.00,6920.00
6990.00,7141.00,6920.00
6875.00,4893.00,6990.00
2590.00,3347.00,7092.00
2591.00,2590.00,7092.00
3347.00,2575.00,6997.00
5394.00,6868.00,7088.00
5384.00,5394.00,7088.00
4562.00,4560.00,4849.00
499.00,1229.00,1212.00
5383.00,4811.00,5330.00
4806.00,5332.00,5330.00
4811.00,4806.00,5330.00
7013.00,6563.00,6196.00
5341.00,5367.00,7055.00
780.00,782.00,7069.00
1285.00,780.00,7069.00
7461.00,5330.00,6919.00
1982.00,7083.00,6946.00
3347.00,4103.00,7092.00
6911.00,6868.00,7008.00
6990.00,6920.00,5629.00
6875.00,6990.00,5629.00
3276.00,7095.00,7392.00
1146.00,1140.00,1429.00
1164.00,743.00,464.00
4452.00,4809.00,5334.00
4806.00,4452.00,5334.00
5939.00,5941.00,5944.00
6557.00,6450.00,6895.00
6449.00,6557.00,6895.00
855.00,924.00,6634.00
2266.00,855.00,6634.00
2852.00,2835.00,2873.00
2529.00,2517.00,2530.00
3903.00,3899.00,4288.00
5440.00,5660.00,5645.00
6920.00,5440.00,5645.00
6167.00,6173.00,5965.00
923.00,6634.00,924.00
210.00,923.00,924.00
6610.00,6574.00,6965.00
6579.00,6610.00,6965.00
6618.00,364.00,368.00
4438.00,4468.00,7249.00
754.00,538.00,539.00
2678.00,6645.00,2245.00
6320.00,5813.00,6877.00
3377.00,3365.00,4658.00
7011.00,539.00,538.00
504.00,7011.00,538.00
50.00,42.00,7020.00
52.00,50.00,7020.00
53.00,52.00,7020.00
6868.00,7027.00,5403.00
6991.00,6036.00,5917.00
5629.00,6991.00,5917.00
5748.00,5739.00,5755.00
5766.00,5748.00,5755.00
6616.00,33.00,32.00
22.00,6616.00,32.00
2522.00,1588.00,1571.00
2528.00,2164.00,2541.00
2586.00,2192.00,2603.00
2200.00,2623.00,2606.00
2212.00,2647.00,2626.00
4275.00,3918.00,3563.00
3971.00,3657.00,3658.00
6861.00,4447.00,4448.00
4804.00,6861.00,4448.00
4252.00,4732.00,5108.00
6845.00,5007.00,5521.00
5674.00,6838.00,5676.00
2343.00,2063.00,2821.00
2516.00,2509.00,2505.00
3299.00,2516.00,2505.00
6828.00,3958.00,3632.00
671.00,926.00,948.00
2665.00,2663.00,2664.00
2431.00,2425.00,2931.00
3659.00,3657.00,3674.00
3675.00,3659.00,3674.00
4501.00,4820.00,6865.00
6233.00,6244.00,6228.00
888.00,666.00,214.00
2732.00,1910.00,2275.00
6966.00,6923.00,6710.00
627.00,6966.00,6710.00
7030.00,6965.00,6574.00
6497.00,7030.00,6574.00
79.00,160.00,78.00
708.00,1132.00,1151.00
1725.00,1750.00,1723.00
2250.00,2232.00,1848.00
6970.00,384.00,6928.00
2836.00,2835.00,2852.00
6475.00,6466.00,6487.00
2088.00,1450.00,1451.00
3271.00,4042.00,4580.00
3448.00,4156.00,3410.00
3964.00,3643.00,3966.00
325.00,326.00,74.00
7088.00,6868.00,6911.00
7720.00,3495.00,3901.00
6796.00,3818.00,4659.00
992.00,1382.00,672.00
4987.00,5510.00,5511.00
7013.00,6196.00,5973.00
3832.00,3830.00,4174.00
7354.00,100.00,114.00
2174.00,2557.00,2544.00
1604.00,2174.00,2544.00
1710.00,2605.00,2192.00
1699.00,1710.00,2192.00
653.00,856.00,652.00
3659.00,3675.00,3982.00
3658.00,3659.00,3982.00
4473.00,3971.00,4810.00
4972.00,4973.00,4975.00
4658.00,4972.00,4975.00
4809.00,4422.00,4793.00
5335.00,4809.00,4793.00
6485.00,6492.00,6377.00
226.00,227.00,145.00
40.00,226.00,145.00
4515.00,7175.00,4476.00
7144.00,6991.00,6883.00
2605.00,2606.00,2623.00
2612.00,2605.00,2623.00
2625.00,2626.00,2647.00
2636.00,2625.00,2647.00
5569.00,5198.00,5155.00
5903.00,5569.00,5155.00
1164.00,499.00,1212.00
6911.00,7465.00,7088.00
2974.00,7603.00,2533.00
6851.00,4233.00,4725.00
3228.00,4022.00,4553.00
210.00,125.00,211.00
211.00,222.00,232.00
1296.00,6993.00,651.00
1269.00,1296.00,651.00
1681.00,1694.00,1680.00
2016.00,2017.00,2006.00
1432.00,1167.00,1182.00
2047.00,1432.00,1182.00
2450.00,2129.00,2472.00
2607.00,1725.00,2598.00
2612.00,2623.00,2622.00
2620.00,2612.00,2622.00
2644.00,2637.00,2636.00
3132.00,3135.00,2800.00
3177.00,3176.00,2880.00
2883.00,3177.00,2880.00
4452.00,4453.00,4459.00
4809.00,4452.00,4459.00
5048.00,5030.00,5529.00
5918.00,6036.00,6039.00
6400.00,6119.00,6140.00
1738.00,2625.00,2200.00
1727.00,1738.00,2200.00
2543.00,2548.00,2541.00
3587.00,3586.00,3578.00
2916.00,4012.00,4557.00
3974.00,3982.00,4522.00
4490.00,3974.00,4522.00
3050.00,1836.00,2685.00
6598.00,6580.00,6900.00
6572.00,6598.00,6900.00
3100.00,3556.00,3501.00
5494.00,6812.00,4968.00
155.00,71.00,85.00
6690.00,267.00,316.00
410.00,6690.00,316.00
6709.00,766.00,615.00
631.00,782.00,780.00
604.00,631.00,780.00
701.00,1084.00,1119.00
1301.00,793.00,799.00
1304.00,1301.00,799.00
1416.00,2006.00,1414.00
1087.00,1416.00,1414.00
1958.00,2306.00,1902.00
4315.00,4289.00,4747.00
4751.00,4315.00,4747.00
5166.00,4750.00,4345.00
5987.00,5985.00,6213.00
6219.00,5987.00,6213.00
6520.00,7030.00,6497.00
7529.00,6671.00,7519.00
97.00,98.00,107.00
4336.00,4769.00,4781.00
27.00,26.00,15.00
2124.00,2094.00,2127.00
6796.00,2635.00,3818.00
6071.00,6063.00,6062.00
4522.00,3984.00,6834.00
1378.00,992.00,673.00
6631.00,6709.00,181.00
1802.00,7023.00,2664.00
2532.00,2533.00,1550.00
1438.00,1154.00,1172.00
3281.00,3279.00,3280.00
4248.00,4250.00,4729.00
4728.00,4248.00,4729.00
6420.00,6346.00,6428.00
2859.00,2344.00,6815.00
1205.00,1220.00,1442.00
4334.00,4768.00,4769.00
4336.00,4334.00,4769.00
2802.00,2322.00,2808.00
5496.00,5718.00,5494.00
4968.00,5496.00,5494.00
76.00,78.00,102.00
100.00,76.00,102.00
6812.00,5494.00,5488.00
3458.00,2720.00,2718.00
4943.00,7101.00,6791.00
6791.00,7101.00,4951.00
6672.00,7245.00,7525.00
4839.00,7114.00,4551.00
4345.00,7132.00,5166.00
4584.00,7141.00,6990.00
4551.00,7164.00,4530.00
782.00,7313.00,7069.00
2080.00,7191.00,6956.00
6925.00,7199.00,6993.00
1942.00,7205.00,6946.00
6946.00,7205.00,1982.00
5251.00,5219.00,7119.00
6320.00,6291.00,6026.00
7101.00,4943.00,5693.00
7102.00,5275.00,7202.00
7516.00,7315.00,7106.00
4551.00,7114.00,7146.00
5341.00,5230.00,5312.00
5900.00,6950.00,7202.00
5915.00,5900.00,7202.00
6919.00,5330.00,7119.00
5216.00,6919.00,7119.00
6911.00,5285.00,7465.00
6598.00,6610.00,6615.00
390.00,7010.00,7128.00
2659.00,3054.00,7168.00
7023.00,2659.00,7168.00
2883.00,2364.00,7130.00
7263.00,7318.00,7257.00
5403.00,7027.00,7114.00
4839.00,5403.00,7114.00
1723.00,1750.00,1769.00
92.00,169.00,168.00
85.00,92.00,168.00
6277.00,6298.00,7203.00
4584.00,7033.00,7141.00
6082.00,6885.00,7144.00
6449.00,6895.00,7187.00
7130.00,6657.00,3989.00
6834.00,7130.00,3989.00
6993.00,7199.00,7200.00
5136.00,4285.00,4283.00
5122.00,5093.00,5875.00
5082.00,5155.00,5198.00
1375.00,1410.00,7205.00
7120.00,7023.00,7168.00
992.00,1953.00,7259.00
672.00,1382.00,923.00
232.00,672.00,923.00
804.00,1309.00,7123.00
1769.00,804.00,7123.00
1416.00,1120.00,2009.00
1337.00,1795.00,1801.00
4659.00,4661.00,7163.00
6796.00,4659.00,7163.00
4728.00,5090.00,5064.00
4713.00,4728.00,5064.00
627.00,6710.00,7142.00
184.00,627.00,7142.00
4804.00,4450.00,7102.00
1769.00,1750.00,810.00
280.00,6691.00,7198.00
1388.00,1414.00,1988.00
5546.00,5115.00,5116.00
4453.00,4476.00,7175.00
6830.00,4453.00,7175.00
2140.00,2129.00,1493.00
4363.00,4779.00,4384.00
7099.00,6629.00,734.00
454.00,7099.00,734.00
5605.00,5606.00,5584.00
6228.00,6219.00,6233.00
7151.00,3355.00,6793.00
4959.00,7151.00,6793.00
7156.00,6980.00,6906.00
1188.00,2054.00,1438.00
1172.00,1188.00,1438.00
3276.00,3271.00,3270.00
7095.00,3276.00,3270.00
1154.00,1132.00,411.00
1172.00,1154.00,411.00
708.00,704.00,310.00
1413.00,1993.00,1991.00
1764.00,1780.00,2215.00
3628.00,3629.00,3956.00
4661.00,4975.00,4977.00
5996.00,5994.00,5712.00
5973.00,6196.00,6203.00
6197.00,5973.00,6203.00
3046.00,2682.00,2698.00
2699.00,3046.00,2698.00
4264.00,3495.00,3894.00
803.00,800.00,795.00
801.00,803.00,795.00
6219.00,6211.00,6485.00
3284.00,3277.00,3279.00
4364.00,4318.00,3938.00
2094.00,2124.00,2075.00
1843.00,2245.00,866.00
3453.00,3857.00,7125.00
5792.00,5790.00,5803.00
2037.00,2328.00,2036.00
441.00,442.00,98.00
2568.00,2992.00,2566.00
5118.00,4754.00,4320.00
6327.00,5827.00,5806.00
100.00,102.00,114.00
2873.00,3173.00,7191.00
7262.00,155.00,85.00
2094.00,1454.00,1457.00
232.00,222.00,230.00
6925.00,6948.00,7199.00
6999.00,3565.00,3111.00
4436.00,4794.00,4419.00
3953.00,4436.00,4419.00
6914.00,642.00,7238.00
1958.00,1995.00,2308.00
2306.00,1958.00,2308.00
3076.00,2703.00,3074.00
2980.00,2975.00,2549.00
3114.00,3111.00,3513.00
4993.00,4987.00,5511.00
5005.00,4993.00,5511.00
5513.00,5005.00,5511.00
4689.00,5011.00,5071.00
441.00,75.00,289.00
1202.00,754.00,6740.00
4096.00,3333.00,3338.00
3563.00,3918.00,3565.00
1640.00,2571.00,1669.00
1639.00,1640.00,1669.00
2087.00,1463.00,1443.00
2063.00,2087.00,1443.00
7612.00,7040.00,6779.00
2571.00,1640.00,2565.00
3887.00,3489.00,7279.00
3984.00,2883.00,7130.00
6834.00,3984.00,7130.00
7285.00,7532.00,7132.00
4345.00,7285.00,7132.00
6580.00,6598.00,7674.00
59.00,49.00,60.00
411.00,346.00,410.00
302.00,303.00,701.00
700.00,302.00,701.00
924.00,888.00,214.00
210.00,924.00,214.00
814.00,6632.00,810.00
1515.00,1506.00,2135.00
992.00,1378.00,1953.00
3050.00,3420.00,3419.00
3422.00,3850.00,3851.00
6214.00,5986.00,5988.00
6377.00,6382.00,6243.00
6351.00,6435.00,6452.00
126.00,202.00,6.00
997.00,1987.00,1905.00
6062.00,6063.00,5932.00
3587.00,3126.00,3590.00
1134.00,1117.00,1118.00
1135.00,1134.00,1118.00
1818.00,1337.00,1801.00
6646.00,2783.00,1993.00
3279.00,3285.00,3284.00
2998.00,3002.00,3345.00
3674.00,3176.00,3177.00
3675.00,3674.00,3177.00
3453.00,3421.00,3422.00
5135.00,7614.00,4739.00
5511.00,7295.00,5513.00
5840.00,5546.00,6877.00
6372.00,6486.00,6215.00
6900.00,6580.00,6557.00
6449.00,6900.00,6557.00
6559.00,6556.00,6580.00
5312.00,5275.00,6674.00
254.00,255.00,151.00
1306.00,6977.00,1632.00
4707.00,5080.00,4717.00
5542.00,5091.00,5108.00
5544.00,5542.00,5108.00
6819.00,4879.00,4883.00
538.00,754.00,1202.00
4332.00,4270.00,4765.00
3276.00,7392.00,7033.00
184.00,186.00,7675.00
627.00,184.00,7675.00
6319.00,5806.00,7299.00
7205.00,1942.00,1375.00
2717.00,1881.00,1880.00
2718.00,2717.00,1880.00
4580.00,4892.00,4578.00
5941.00,6103.00,5944.00
6923.00,6922.00,6710.00
597.00,779.00,186.00
123.00,597.00,186.00
3429.00,3433.00,3841.00
2208.00,3370.00,3377.00
2632.00,2208.00,3377.00
1382.00,7181.00,6634.00
3355.00,7151.00,3364.00
3572.00,3571.00,4283.00
1896.00,1881.00,2269.00
1625.00,1640.00,1639.00
1624.00,1625.00,1639.00
2859.00,2342.00,2344.00
5627.00,5638.00,5429.00
5427.00,5627.00,5429.00
5166.00,5136.00,4750.00
3563.00,7215.00,3505.00
3505.00,7215.00,3106.00
7170.00,7217.00,7272.00
4447.00,4468.00,3970.00
2718.00,7232.00,7125.00
7125.00,7232.00,3453.00
6995.00,7238.00,7270.00
5210.00,7245.00,7170.00
7181.00,7259.00,2769.00
168.00,7262.00,85.00
7069.00,7263.00,1285.00
631.00,7270.00,642.00
642.00,7270.00,7238.00
2745.00,7279.00,1918.00
6713.00,7290.00,7200.00
1948.00,7293.00,7112.00
7112.00,7293.00,3106.00
1953.00,3106.00,7215.00
6999.00,1953.00,7215.00
1930.00,1934.00,6924.00
3505.00,3106.00,7293.00
3104.00,3505.00,7293.00
3989.00,6657.00,7230.00
7136.00,3989.00,7230.00
7045.00,6720.00,7221.00
7232.00,2718.00,1880.00
3453.00,7232.00,3438.00
7016.00,1450.00,7264.00
5510.00,4984.00,7295.00
2477.00,2482.00,2475.00
982.00,980.00,7225.00
3076.00,3424.00,2240.00
2703.00,3076.00,2240.00
6999.00,2769.00,7259.00
1953.00,6999.00,7259.00
6948.00,6925.00,7302.00
7106.00,6948.00,7302.00
5166.00,7132.00,7223.00
1382.00,992.00,7259.00
7181.00,1382.00,7259.00
2459.00,2460.00,2477.00
2475.00,2459.00,2477.00
2316.00,1994.00,1988.00
6563.00,6567.00,6365.00
6993.00,7200.00,7290.00
651.00,6993.00,7290.00
6995.00,7270.00,604.00
6636.00,1058.00,7229.00
7217.00,5216.00,7272.00
4345.00,7338.00,7285.00
4551.00,7146.00,7257.00
6324.00,6297.00,7072.00
7293.00,1948.00,7261.00
3104.00,7293.00,7261.00
7294.00,5584.00,5404.00
631.00,604.00,7270.00
6015.00,6319.00,7299.00
5767.00,6015.00,7299.00
7279.00,3489.00,7156.00
1918.00,7279.00,7156.00
7215.00,3563.00,3565.00
6999.00,7215.00,3565.00
4883.00,4890.00,6819.00
5803.00,5532.00,5066.00
5534.00,5803.00,5066.00
6.00,2.00,126.00
6191.00,6192.00,6185.00
3421.00,3419.00,3420.00
3422.00,3421.00,3420.00
3501.00,3104.00,7261.00
3100.00,3501.00,7261.00
6906.00,6980.00,7229.00
3361.00,3011.00,3008.00
4260.00,4738.00,5135.00
4739.00,4260.00,5135.00
5096.00,5122.00,5151.00
5710.00,5988.00,5706.00
5708.00,5710.00,5706.00
2477.00,2460.00,3277.00
1076.00,1982.00,7205.00
1410.00,1076.00,7205.00
4761.00,7170.00,7272.00
7191.00,3173.00,3170.00
6956.00,7191.00,3170.00
6815.00,3970.00,4468.00
604.00,7421.00,7097.00
1601.00,2530.00,7269.00
4289.00,4288.00,4287.00
4746.00,4289.00,4287.00
3577.00,3125.00,2787.00
3117.00,3577.00,2787.00
1999.00,2319.00,1423.00
2009.00,2010.00,2024.00
153.00,69.00,61.00
151.00,153.00,61.00
834.00,874.00,1826.00
2364.00,2883.00,2362.00
17.00,217.00,225.00
1547.00,2508.00,1559.00
3257.00,3264.00,2449.00
1611.00,1600.00,1601.00
5715.00,5717.00,5714.00
6573.00,6484.00,6567.00
238.00,22.00,32.00
7069.00,7318.00,7263.00
7200.00,7199.00,6933.00
441.00,289.00,442.00
346.00,411.00,1132.00
364.00,6618.00,465.00
2852.00,2361.00,2836.00
7055.00,5230.00,5341.00
7198.00,1410.00,7742.00
5827.00,5860.00,5806.00
3587.00,3578.00,3126.00
802.00,803.00,1307.00
1306.00,802.00,1307.00
1835.00,1836.00,1837.00
4697.00,4700.00,4182.00
4181.00,4697.00,4182.00
7223.00,7132.00,6825.00
16.00,6.00,202.00
2041.00,2063.00,1443.00
2306.00,2308.00,2774.00
3938.00,3598.00,4364.00
4264.00,4325.00,4761.00
3901.00,4264.00,4761.00
4784.00,5220.00,4780.00
2581.00,2193.00,2580.00
2266.00,6634.00,7181.00
6324.00,6327.00,6319.00
6297.00,6324.00,6319.00
6297.00,6014.00,7377.00
711.00,7352.00,6987.00
76.00,100.00,7353.00
268.00,1041.00,267.00
5639.00,5932.00,6063.00
754.00,539.00,568.00
7477.00,6779.00,6781.00
696.00,982.00,7225.00
1378.00,696.00,7225.00
6631.00,6923.00,1454.00
7263.00,7257.00,7372.00
6995.00,574.00,7307.00
758.00,6740.00,754.00
568.00,758.00,754.00
851.00,846.00,1812.00
7541.00,851.00,1812.00
1090.00,1419.00,1120.00
1086.00,1090.00,1120.00
1301.00,1582.00,1599.00
792.00,1301.00,1599.00
2009.00,1120.00,1419.00
2006.00,2017.00,2322.00
2574.00,2573.00,2571.00
2269.00,1881.00,2717.00
4991.00,5023.00,4152.00
5404.00,4562.00,4849.00
7294.00,5404.00,4849.00
6009.00,5756.00,6001.00
6221.00,6372.00,6215.00
5990.00,6221.00,6215.00
2024.00,2017.00,2016.00
2009.00,2024.00,2016.00
3300.00,3302.00,3297.00
5584.00,5591.00,5587.00
5404.00,5584.00,5587.00
1150.00,6951.00,1151.00
1166.00,1150.00,1151.00
3585.00,3577.00,3576.00
3584.00,3585.00,3576.00
3850.00,3420.00,3849.00
5625.00,5624.00,5926.00
5927.00,5625.00,5926.00
6103.00,6127.00,6129.00
17.00,27.00,15.00
16.00,17.00,15.00
1680.00,1639.00,1669.00
1681.00,1680.00,1669.00
6348.00,6343.00,6434.00
6435.00,6348.00,6434.00
4907.00,4055.00,6841.00
1948.00,980.00,1375.00
2789.00,2801.00,2800.00
5977.00,7101.00,5693.00
6631.00,181.00,6922.00
6923.00,6631.00,6922.00
5834.00,5836.00,5529.00
7072.00,6297.00,7377.00
4078.00,6838.00,7653.00
6173.00,6179.00,6180.00
3628.00,3956.00,4436.00
5061.00,4230.00,4691.00
1118.00,1117.00,699.00
700.00,1118.00,699.00
2316.00,2794.00,2002.00
1994.00,2316.00,2002.00
6768.00,2696.00,3057.00
4912.00,5939.00,5944.00
17.00,16.00,208.00
217.00,17.00,208.00
151.00,255.00,309.00
4754.00,4752.00,4318.00
2605.00,1710.00,2606.00
2625.00,1738.00,2626.00
4398.00,4396.00,4419.00
4794.00,4398.00,4419.00
681.00,7378.00,7326.00
5115.00,4754.00,5118.00
5116.00,5115.00,5118.00
7119.00,5219.00,4765.00
5216.00,7119.00,4765.00
4580.00,4578.00,6787.00
7180.00,102.00,78.00
160.00,7180.00,78.00
5030.00,5773.00,5811.00
411.00,410.00,454.00
1172.00,411.00,454.00
3649.00,3646.00,3170.00
3173.00,3649.00,3170.00
2590.00,2589.00,2581.00
4438.00,7249.00,5300.00
4684.00,5011.00,4689.00
4216.00,3877.00,4720.00
3226.00,3224.00,3228.00
3841.00,3433.00,3056.00
7099.00,410.00,316.00
6697.00,7099.00,316.00
2586.00,2603.00,2585.00
1375.00,1942.00,1948.00
4959.00,6793.00,6794.00
5985.00,4959.00,6794.00
7044.00,830.00,842.00
6196.00,6563.00,6365.00
6204.00,6196.00,6365.00
1320.00,832.00,1826.00
2088.00,1451.00,1452.00
464.00,743.00,6621.00
2695.00,2666.00,3056.00
2517.00,2529.00,2515.00
2516.00,2517.00,2515.00
4245.00,4231.00,4230.00
4288.00,3899.00,4231.00
4245.00,4288.00,4231.00
4694.00,4178.00,4197.00
4706.00,4694.00,4197.00
3434.00,3449.00,3448.00
7092.00,4103.00,6793.00
3355.00,7092.00,6793.00
2874.00,2880.00,3176.00
2064.00,2864.00,2344.00
7156.00,6906.00,1918.00
3168.00,3970.00,6815.00
2566.00,2992.00,2988.00
7010.00,7307.00,7128.00
7011.00,7308.00,7408.00
7408.00,7308.00,372.00
6713.00,7312.00,642.00
642.00,7312.00,782.00
7165.00,7313.00,6933.00
3365.00,7480.00,4972.00
6880.00,7347.00,7218.00
6629.00,7244.00,734.00
734.00,7244.00,1189.00
6922.00,7351.00,6710.00
6710.00,7351.00,7142.00
6945.00,7352.00,711.00
7001.00,7353.00,100.00
7142.00,7354.00,184.00
499.00,7355.00,1229.00
7097.00,7358.00,574.00
521.00,7364.00,7213.00
7263.00,7371.00,1285.00
7204.00,7410.00,6977.00
5546.00,7376.00,6877.00
1562.00,1572.00,1550.00
2602.00,2592.00,2585.00
2603.00,2602.00,2585.00
3906.00,4248.00,7456.00
2812.00,2324.00,2327.00
1189.00,7244.00,1204.00
52.00,76.00,7353.00
300.00,52.00,7353.00
6781.00,4095.00,7477.00
364.00,465.00,7320.00
6945.00,364.00,7320.00
498.00,532.00,7355.00
499.00,498.00,7355.00
1097.00,6987.00,7352.00
7312.00,6713.00,7200.00
6933.00,7312.00,7200.00
7312.00,6933.00,7313.00
782.00,7312.00,7313.00
5892.00,7529.00,7324.00
7358.00,539.00,7129.00
6486.00,6193.00,6206.00
7334.00,7285.00,7338.00
4812.00,4810.00,3971.00
5116.00,5827.00,7376.00
122.00,184.00,7354.00
114.00,122.00,7354.00
7343.00,1726.00,1712.00
1700.00,7343.00,1712.00
7347.00,6880.00,7357.00
5876.00,7347.00,7357.00
521.00,107.00,7364.00
407.00,300.00,7353.00
7001.00,407.00,7353.00
521.00,7213.00,7351.00
6922.00,521.00,7351.00
6014.00,6009.00,7377.00
5275.00,7102.00,7356.00
5860.00,5876.00,7357.00
7358.00,7097.00,568.00
539.00,7358.00,568.00
7213.00,7618.00,7351.00
7371.00,7263.00,7372.00
7619.00,7371.00,7372.00
7372.00,7257.00,7146.00
5546.00,5116.00,7376.00
5220.00,7218.00,7347.00
4396.00,5192.00,7367.00
7313.00,7165.00,7318.00
7069.00,7313.00,7318.00
317.00,7352.00,6697.00
316.00,317.00,6697.00
874.00,835.00,896.00
4959.00,5985.00,5714.00
6209.00,6365.00,6484.00
6368.00,6209.00,6484.00
5721.00,5730.00,5495.00
5717.00,5721.00,5495.00
7083.00,1982.00,7317.00
6924.00,7083.00,7317.00
7083.00,6924.00,1934.00
4147.00,4160.00,3407.00
6798.00,4147.00,3407.00
6269.00,6277.00,6390.00
6147.00,5951.00,6153.00
2343.00,2821.00,2845.00
2843.00,2343.00,2845.00
4396.00,4416.00,3950.00
532.00,504.00,538.00
1202.00,532.00,538.00
1826.00,874.00,1348.00
6206.00,6193.00,6191.00
6199.00,6206.00,6191.00
7354.00,7142.00,7001.00
100.00,7354.00,7001.00
1870.00,1905.00,1903.00
3284.00,3285.00,2491.00
3543.00,3472.00,3513.00
3571.00,3543.00,3513.00
4689.00,5073.00,4181.00
1410.00,7198.00,270.00
1076.00,1410.00,270.00
3658.00,3974.00,4812.00
3971.00,3658.00,4812.00
4839.00,4551.00,4530.00
3657.00,3168.00,3176.00
3674.00,3657.00,3176.00
1681.00,2580.00,1695.00
2501.00,2508.00,1547.00
3273.00,3277.00,2460.00
6237.00,6229.00,6228.00
4233.00,6851.00,4738.00
5071.00,5073.00,4689.00
4147.00,6798.00,4669.00
1414.00,2316.00,1988.00
5926.00,5923.00,6049.00
3050.00,2685.00,3407.00
7010.00,7012.00,7307.00
4482.00,7306.00,4422.00
4711.00,5045.00,4710.00
5938.00,5939.00,6841.00
5643.00,5938.00,6841.00
3114.00,3513.00,3472.00
1229.00,1452.00,1451.00
1212.00,1229.00,1451.00
1709.00,2193.00,1724.00
2185.00,2571.00,2573.00
2580.00,2185.00,2573.00
2678.00,2245.00,2665.00
2328.00,2330.00,2818.00
2327.00,2328.00,2818.00
3013.00,3022.00,3382.00
3012.00,3013.00,3382.00
5968.00,5684.00,5691.00
6248.00,6237.00,6264.00
4220.00,4233.00,4738.00
3890.00,4220.00,4738.00
1836.00,3050.00,3419.00
2723.00,2266.00,7181.00
2769.00,2723.00,7181.00
3176.00,3168.00,2874.00
3872.00,4191.00,4703.00
6272.00,7377.00,6248.00
6264.00,6272.00,6248.00
1812.00,846.00,1791.00
6965.00,7030.00,6531.00
3121.00,3126.00,3578.00
7549.00,3981.00,3646.00
6774.00,2450.00,2472.00
7125.00,3857.00,4186.00
60.00,49.00,145.00
254.00,60.00,145.00
5093.00,5122.00,5096.00
6898.00,6392.00,6399.00
2556.00,2562.00,2983.00
6272.00,7072.00,7377.00
7338.00,7437.00,7306.00
7443.00,7324.00,7529.00
7445.00,7326.00,7378.00
1058.00,7446.00,1963.00
6244.00,6264.00,6237.00
6228.00,6244.00,6237.00
2399.00,2398.00,2400.00
2631.00,2633.00,2642.00
3214.00,3220.00,3228.00
4553.00,3214.00,3228.00
4132.00,3383.00,3388.00
3405.00,4132.00,3388.00
5949.00,5945.00,6129.00
5951.00,5949.00,6129.00
6164.00,5957.00,6147.00
6153.00,6164.00,6147.00
846.00,6720.00,842.00
7221.00,6720.00,851.00
887.00,7221.00,851.00
2254.00,2250.00,1848.00
2408.00,2406.00,2410.00
2636.00,2637.00,2622.00
2623.00,2636.00,2622.00
3012.00,3010.00,2613.00
2620.00,3012.00,2613.00
3931.00,3587.00,3933.00
4670.00,4990.00,4991.00
5731.00,5739.00,5501.00
6563.00,7216.00,7450.00
6567.00,6563.00,7450.00
498.00,499.00,465.00
2786.00,2777.00,3117.00
255.00,243.00,677.00
703.00,255.00,677.00
2324.00,2017.00,2024.00
2327.00,2324.00,2024.00
464.00,7320.00,1164.00
6970.00,6928.00,7129.00
799.00,1306.00,1632.00
1304.00,799.00,1632.00
2631.00,2632.00,2633.00
7112.00,7225.00,980.00
1948.00,7112.00,980.00
2573.00,2574.00,2575.00
2581.00,2573.00,2575.00
6151.00,6149.00,5960.00
5964.00,6151.00,5960.00
6497.00,6494.00,6510.00
3577.00,3117.00,3576.00
151.00,61.00,60.00
254.00,151.00,60.00
1830.00,2655.00,2685.00
1836.00,1830.00,2685.00
6277.00,7203.00,6392.00
2678.00,2665.00,2666.00
2695.00,2678.00,2666.00
2540.00,2548.00,2549.00
2975.00,2540.00,2549.00
972.00,1041.00,1014.00
4285.00,3572.00,4283.00
4820.00,4501.00,4527.00
4873.00,5414.00,5417.00
5420.00,4873.00,5417.00
6126.00,6127.00,6103.00
2695.00,2696.00,6645.00
2678.00,2695.00,6645.00
42.00,43.00,32.00
2845.00,3143.00,3157.00
2843.00,2845.00,3157.00
4691.00,3476.00,3427.00
2656.00,6798.00,2655.00
1442.00,1220.00,2864.00
2064.00,1442.00,2864.00
6337.00,6418.00,6340.00
3701.00,6833.00,7164.00
6995.00,7307.00,7012.00
7238.00,6995.00,7012.00
5253.00,5572.00,5570.00
1204.00,1205.00,1188.00
1189.00,1204.00,1188.00
1801.00,1795.00,1794.00
5860.00,5827.00,5116.00
3956.00,3629.00,3643.00
3964.00,3956.00,3643.00
2806.00,2823.00,2821.00
2035.00,2806.00,2821.00
6987.00,1097.00,978.00
5606.00,5609.00,5591.00
5927.00,6049.00,6055.00
181.00,113.00,107.00
521.00,181.00,107.00
1818.00,1801.00,1803.00
1843.00,1818.00,1803.00
3144.00,2824.00,3145.00
3615.00,3144.00,3145.00
1009.00,7326.00,6721.00
944.00,1009.00,6721.00
3458.00,2718.00,7125.00
4186.00,3458.00,7125.00
1830.00,1836.00,1835.00
1829.00,1830.00,1835.00
7016.00,1164.00,1212.00
1369.00,1896.00,972.00
7249.00,6861.00,6671.00
3958.00,7532.00,7285.00
1918.00,6906.00,1963.00
7538.00,1918.00,1963.00
4710.00,5045.00,4706.00
6337.00,6340.00,6144.00
6136.00,6337.00,6144.00
6346.00,6344.00,6161.00
3257.00,3259.00,3265.00
3264.00,3257.00,3265.00
6320.00,6877.00,6323.00
2570.00,2181.00,1671.00
2450.00,6774.00,2432.00
5066.00,5532.00,5064.00
5025.00,4706.00,5045.00
262.00,346.00,258.00
4943.00,7384.00,5693.00
6905.00,1058.00,372.00
7628.00,7386.00,5965.00
6740.00,7404.00,1202.00
1658.00,7430.00,1670.00
6966.00,7431.00,1457.00
4310.00,7437.00,4313.00
144.00,7440.00,238.00
7114.00,7442.00,7146.00
7358.00,7444.00,574.00
574.00,7444.00,7307.00
7221.00,7445.00,7045.00
6585.00,7450.00,7216.00
2080.00,7452.00,7191.00
268.00,7455.00,1014.00
4291.00,3931.00,3933.00
6579.00,6965.00,7426.00
4313.00,4281.00,7427.00
532.00,1202.00,7404.00
7452.00,2358.00,2873.00
7191.00,7452.00,2873.00
6970.00,7129.00,7408.00
3300.00,3297.00,7392.00
1780.00,1764.00,7396.00
1304.00,1632.00,7430.00
6942.00,7294.00,7683.00
4885.00,6942.00,7683.00
7437.00,7338.00,4345.00
910.00,7326.00,7445.00
5773.00,5772.00,5811.00
5198.00,5569.00,5230.00
4692.00,4694.00,5025.00
6877.00,7376.00,6323.00
6531.00,6540.00,7426.00
6965.00,6531.00,7426.00
6966.00,627.00,7431.00
7128.00,7307.00,7444.00
6928.00,7128.00,7444.00
7442.00,7114.00,7027.00
7444.00,7358.00,7129.00
6928.00,7444.00,7129.00
7343.00,1700.00,7410.00
6573.00,6567.00,7457.00
6615.00,6573.00,7457.00
7457.00,6567.00,7450.00
6585.00,7457.00,7450.00
1058.00,6905.00,7446.00
7455.00,1009.00,944.00
1014.00,7455.00,944.00
6690.00,262.00,7455.00
268.00,6690.00,7455.00
1999.00,2000.00,2319.00
5903.00,5915.00,5569.00
7384.00,4943.00,6781.00
3956.00,4438.00,4436.00
6741.00,7282.00,6740.00
28.00,238.00,7440.00
6386.00,6388.00,6530.00
2794.00,2808.00,3590.00
3126.00,2794.00,3590.00
7315.00,6830.00,7106.00
834.00,832.00,822.00
7431.00,6953.00,7452.00
1309.00,7396.00,7123.00
780.00,1285.00,7421.00
1314.00,1750.00,2205.00
1432.00,1429.00,1167.00
6198.00,6185.00,6176.00
3818.00,2635.00,2633.00
7044.00,950.00,899.00
5023.00,4691.00,3427.00
1639.00,1680.00,1624.00
1769.00,7123.00,1708.00
4810.00,4812.00,7356.00
2364.00,2362.00,2096.00
7355.00,532.00,7404.00
7151.00,4959.00,5492.00
4416.00,4784.00,3604.00
6427.00,6343.00,6340.00
6834.00,4527.00,4501.00
7553.00,711.00,6987.00
4717.00,4720.00,3877.00
4968.00,7490.00,4970.00
2327.00,2024.00,2010.00
105.00,104.00,106.00
6510.00,6494.00,6222.00
6343.00,6153.00,6340.00
6811.00,5472.00,5690.00
5514.00,4998.00,5002.00
5556.00,5118.00,4320.00
160.00,162.00,340.00
6945.00,711.00,364.00
919.00,1858.00,1871.00
1724.00,1723.00,1709.00
831.00,1785.00,1791.00
1421.00,1422.00,2035.00
1429.00,1150.00,1167.00
2533.00,2532.00,2974.00
4336.00,4369.00,4275.00
4334.00,4336.00,4275.00
5534.00,5066.00,5091.00
5408.00,5587.00,5591.00
5734.00,5502.00,5512.00
6259.00,6269.00,6390.00
6388.00,6259.00,6390.00
2874.00,2348.00,2880.00
5090.00,5091.00,5066.00
5064.00,5090.00,5066.00
6894.00,6405.00,7185.00
1426.00,1146.00,1429.00
6709.00,615.00,113.00
181.00,6709.00,113.00
1795.00,1337.00,860.00
2193.00,2581.00,2589.00
2598.00,2193.00,2589.00
6167.00,5965.00,7386.00
1506.00,1515.00,7505.00
7320.00,465.00,499.00
1164.00,7320.00,499.00
5446.00,7121.00,7174.00
1791.00,846.00,831.00
5543.00,5875.00,5093.00
6219.00,6485.00,6233.00
7619.00,7372.00,7495.00
1820.00,7396.00,1309.00
1318.00,1820.00,1309.00
7517.00,5811.00,5772.00
87.00,73.00,75.00
441.00,87.00,75.00
1318.00,805.00,822.00
832.00,1318.00,822.00
677.00,243.00,948.00
949.00,677.00,948.00
1146.00,1426.00,1137.00
1136.00,1146.00,1137.00
3427.00,3476.00,3429.00
4019.00,4855.00,4564.00
4160.00,4147.00,4682.00
4684.00,4160.00,4682.00
5929.00,5927.00,6055.00
6148.00,6130.00,5952.00
6173.00,6167.00,6165.00
6179.00,6173.00,6165.00
4852.00,4552.00,4562.00
5404.00,4852.00,4562.00
5610.00,5417.00,5414.00
1086.00,1087.00,1030.00
2589.00,2599.00,2598.00
5996.00,5712.00,5719.00
5725.00,5996.00,5719.00
6814.00,4998.00,4982.00
1257.00,1452.00,1229.00
1256.00,1257.00,1229.00
4917.00,5945.00,5949.00
4923.00,4917.00,5949.00
1820.00,1318.00,1850.00
1848.00,1820.00,1850.00
4077.00,6779.00,7040.00
6789.00,4077.00,7040.00
6632.00,7555.00,835.00
2728.00,2729.00,2706.00
5900.00,5891.00,6950.00
1140.00,6951.00,1150.00
1429.00,1140.00,1150.00
1388.00,1988.00,997.00
4422.00,7306.00,4402.00
4793.00,4422.00,4402.00
3611.00,3618.00,3157.00
865.00,658.00,866.00
3463.00,3076.00,3461.00
4883.00,5421.00,5423.00
5426.00,4883.00,5423.00
5411.00,5591.00,5609.00
7556.00,7033.00,7392.00
6358.00,6360.00,6459.00
3427.00,4152.00,5023.00
910.00,7445.00,7221.00
887.00,910.00,7221.00
4857.00,4868.00,4567.00
5383.00,4515.00,4476.00
4811.00,5383.00,4476.00
225.00,217.00,220.00
219.00,225.00,220.00
6629.00,743.00,7244.00
1030.00,7522.00,1086.00
4178.00,3449.00,3863.00
1776.00,819.00,814.00
1314.00,1776.00,814.00
5520.00,5513.00,5772.00
5773.00,5520.00,5772.00
7229.00,1058.00,1963.00
6906.00,7229.00,1963.00
2342.00,2856.00,2834.00
3161.00,3160.00,2856.00
2859.00,3161.00,2856.00
3876.00,4196.00,3863.00
1658.00,1656.00,1642.00
2859.00,6815.00,3966.00
3161.00,2859.00,3966.00
1466.00,2097.00,1464.00
1257.00,1466.00,1464.00
4196.00,4197.00,4178.00
3863.00,4196.00,4178.00
6323.00,7072.00,6291.00
6320.00,6323.00,6291.00
6741.00,7421.00,1285.00
7371.00,6741.00,1285.00
7364.00,107.00,98.00
442.00,7364.00,98.00
899.00,898.00,896.00
2786.00,2783.00,6646.00
2777.00,2786.00,6646.00
372.00,7308.00,6905.00
7352.00,6945.00,6621.00
2308.00,1995.00,3121.00
3326.00,2982.00,3333.00
6127.00,6136.00,6144.00
6129.00,6127.00,6144.00
5985.00,5987.00,5714.00
4053.00,4055.00,4059.00
2998.00,2568.00,2578.00
2592.00,2998.00,2578.00
2873.00,2835.00,3159.00
3173.00,2873.00,3159.00
1450.00,7016.00,1212.00
1451.00,1450.00,1212.00
5965.00,6173.00,6180.00
6562.00,5965.00,6180.00
3321.00,3778.00,3774.00
5790.00,5532.00,5803.00
5762.00,5514.00,5002.00
5556.00,5876.00,5860.00
7686.00,2745.00,2743.00
5806.00,5860.00,7357.00
7687.00,5806.00,7357.00
3851.00,3857.00,3453.00
3422.00,3851.00,3453.00
3649.00,3159.00,3639.00
3632.00,3649.00,3639.00
6362.00,6193.00,6486.00
6466.00,6362.00,6486.00
5426.00,4891.00,4890.00
4883.00,5426.00,4890.00
2517.00,3307.00,2530.00
5498.00,5496.00,4968.00
4970.00,5498.00,4968.00
3407.00,4160.00,3050.00
1314.00,814.00,810.00
1750.00,1314.00,810.00
4700.00,4186.00,3857.00
4182.00,4700.00,3857.00
1167.00,1166.00,1182.00
3550.00,3121.00,3578.00
3579.00,3550.00,3578.00
4416.00,4396.00,7367.00
144.00,146.00,407.00
2528.00,2541.00,2527.00
7203.00,7623.00,6392.00
4780.00,3604.00,4784.00
5002.00,4998.00,4680.00
6948.00,7458.00,7199.00
7558.00,6885.00,6082.00
6399.00,7478.00,6391.00
6391.00,7478.00,6272.00
5492.00,7480.00,7151.00
7371.00,7282.00,6741.00
2635.00,7489.00,2642.00
1492.00,7498.00,1493.00
1493.00,7498.00,7563.00
7456.00,7507.00,2738.00
2738.00,7507.00,3876.00
5891.00,7519.00,6950.00
4210.00,4207.00,7507.00
2002.00,3126.00,3121.00
1995.00,2002.00,3121.00
7442.00,7027.00,7460.00
4504.00,5383.00,7461.00
6862.00,7088.00,7465.00
6851.00,4725.00,7471.00
6933.00,7199.00,7458.00
7478.00,6291.00,7072.00
6272.00,7478.00,7072.00
5071.00,5047.00,7668.00
4822.00,4504.00,7461.00
5378.00,4822.00,7461.00
4095.00,3335.00,7477.00
7612.00,6779.00,7477.00
5859.00,7443.00,7519.00
5500.00,4972.00,7480.00
6148.00,5952.00,5956.00
7489.00,2635.00,3385.00
7106.00,7302.00,7516.00
1525.00,1534.00,7505.00
1515.00,1525.00,7505.00
3333.00,2988.00,3338.00
3335.00,2565.00,7477.00
2540.00,2532.00,2527.00
2541.00,2540.00,2527.00
4476.00,4453.00,4811.00
4522.00,6834.00,4501.00
4490.00,4522.00,4501.00
2611.00,3015.00,2205.00
7498.00,1492.00,1499.00
1506.00,7498.00,1499.00
6655.00,1466.00,7567.00
7626.00,4077.00,5955.00
7463.00,7627.00,7505.00
1534.00,7463.00,7505.00
7151.00,7480.00,3364.00
2774.00,2740.00,2306.00
7146.00,7442.00,7495.00
7372.00,7146.00,7495.00
5767.00,7299.00,7517.00
7511.00,7123.00,7396.00
1764.00,7511.00,7396.00
7442.00,7460.00,7495.00
1728.00,7513.00,7511.00
1572.00,1562.00,7463.00
2212.00,2626.00,1763.00
2975.00,2974.00,2532.00
2540.00,2975.00,2532.00
4318.00,4320.00,4754.00
5005.00,5520.00,5007.00
5006.00,5005.00,5007.00
106.00,113.00,105.00
2668.00,2680.00,2646.00
6812.00,3367.00,7490.00
4968.00,6812.00,7490.00
4855.00,5408.00,4862.00
340.00,1117.00,160.00
464.00,6621.00,6945.00
7320.00,464.00,6945.00
4419.00,4396.00,3950.00
3953.00,4419.00,3950.00
6420.00,6400.00,6344.00
6346.00,6420.00,6344.00
5080.00,5096.00,5151.00
243.00,255.00,254.00
227.00,243.00,254.00
43.00,50.00,146.00
2791.00,2801.00,2785.00
3297.00,7121.00,5444.00
1750.00,1725.00,2607.00
2205.00,1750.00,2607.00
6230.00,5996.00,5998.00
6671.00,6950.00,7519.00
3849.00,4160.00,4684.00
3226.00,3228.00,3220.00
667.00,220.00,217.00
3220.00,2406.00,3226.00
7571.00,6787.00,7362.00
4077.00,6789.00,5955.00
7386.00,7628.00,7384.00
2527.00,2532.00,1550.00
1562.00,1550.00,2146.00
5964.00,5682.00,5684.00
2491.00,2496.00,2483.00
2740.00,2738.00,2728.00
3849.00,3851.00,3850.00
1812.00,1791.00,7489.00
5949.00,5955.00,4923.00
5367.00,6862.00,7055.00
2146.00,1539.00,1562.00
1076.00,270.00,7577.00
2269.00,2717.00,2732.00
2275.00,2269.00,2732.00
220.00,667.00,221.00
3518.00,3469.00,3433.00
3429.00,3518.00,3433.00
2124.00,7659.00,7576.00
7690.00,1076.00,7577.00
830.00,7044.00,899.00
5118.00,5556.00,5860.00
5116.00,5118.00,5860.00
7583.00,6636.00,7229.00
6779.00,4077.00,7592.00
2400.00,4019.00,3229.00
4684.00,4689.00,4181.00
3849.00,4684.00,4181.00
3284.00,2491.00,2483.00
1337.00,658.00,7589.00
2783.00,2785.00,2801.00
2789.00,2783.00,2801.00
7593.00,5883.00,5892.00
7203.00,5784.00,6024.00
6617.00,155.00,7591.00
3604.00,4780.00,3139.00
7282.00,7371.00,7493.00
7355.00,7404.00,1256.00
1229.00,7355.00,1256.00
7156.00,3489.00,7051.00
6980.00,7156.00,7051.00
6980.00,7051.00,1930.00
831.00,846.00,842.00
830.00,831.00,842.00
1600.00,792.00,1599.00
1587.00,1600.00,1599.00
1888.00,1320.00,1903.00
1902.00,1888.00,1903.00
2496.00,2491.00,2497.00
2501.00,2496.00,2497.00
6335.00,6411.00,6337.00
6136.00,6335.00,6337.00
1858.00,1835.00,1837.00
1871.00,1858.00,1837.00
1993.00,2783.00,2789.00
5792.00,5803.00,6026.00
2585.00,2592.00,2578.00
1671.00,2585.00,2578.00
4275.00,4369.00,4277.00
3918.00,4275.00,4277.00
5423.00,5631.00,5627.00
5426.00,5423.00,5627.00
6961.00,5403.00,4839.00
4822.00,6961.00,4839.00
2729.00,3876.00,3863.00
4970.00,7490.00,3383.00
4132.00,4970.00,3383.00
3075.00,3114.00,3472.00
3460.00,3075.00,3472.00
2642.00,7489.00,1791.00
1785.00,2642.00,1791.00
2632.00,2631.00,1760.00
2208.00,2632.00,1760.00
3270.00,6774.00,2472.00
7095.00,3270.00,2472.00
1708.00,1709.00,1723.00
1769.00,1708.00,1723.00
7185.00,6913.00,6108.00
6328.00,7185.00,6108.00
6691.00,272.00,270.00
7198.00,6691.00,270.00
3143.00,2823.00,3135.00
4697.00,4181.00,5073.00
5036.00,4697.00,5073.00
5080.00,5151.00,5155.00
5082.00,5080.00,5155.00
7272.00,5216.00,4270.00
4268.00,7272.00,4270.00
7290.00,6713.00,6914.00
7475.00,7290.00,6914.00
1204.00,7264.00,1220.00
1205.00,1204.00,1220.00
7264.00,1204.00,7244.00
7016.00,7264.00,7244.00
4268.00,3901.00,4761.00
7272.00,4268.00,4761.00
2127.00,3175.00,3683.00
1535.00,1546.00,1534.00
3154.00,2843.00,3157.00
3618.00,3154.00,3157.00
3374.00,3367.00,3010.00
3757.00,4063.00,6788.00
758.00,7421.00,6741.00
6740.00,758.00,6741.00
6721.00,7326.00,910.00
914.00,6721.00,910.00
4021.00,3225.00,7362.00
5767.00,7517.00,5772.00
219.00,226.00,225.00
5367.00,4820.00,5384.00
6862.00,5367.00,5384.00
4868.00,4862.00,5411.00
5414.00,4868.00,5411.00
6629.00,6697.00,6621.00
743.00,6629.00,6621.00
6959.00,6819.00,3259.00
7295.00,4984.00,5748.00
3302.00,7174.00,7121.00
3297.00,3302.00,7121.00
7557.00,6825.00,4411.00
4473.00,4810.00,4450.00
4449.00,4473.00,4450.00
1624.00,1680.00,7204.00
6298.00,5528.00,5784.00
7203.00,6298.00,5784.00
1602.00,2544.00,2543.00
6199.00,6191.00,6185.00
7040.00,2530.00,3307.00
6789.00,7040.00,3307.00
2240.00,2693.00,1842.00
1870.00,1903.00,1348.00
4225.00,4262.00,4293.00
4264.00,4225.00,4293.00
6016.00,5002.00,5003.00
5525.00,6016.00,5003.00
6153.00,5951.00,6144.00
6340.00,6153.00,6144.00
1698.00,1700.00,1712.00
4564.00,4855.00,4857.00
2129.00,2140.00,2472.00
2980.00,2982.00,3326.00
2806.00,2035.00,2319.00
1604.00,1642.00,2174.00
5529.00,5030.00,5811.00
5834.00,5529.00,5811.00
6165.00,6349.00,6351.00
6179.00,6165.00,6351.00
7175.00,7514.00,7692.00
6001.00,6000.00,6248.00
3971.00,3970.00,3168.00
3657.00,3971.00,3168.00
6405.00,6335.00,6126.00
3369.00,3361.00,3370.00
5544.00,5110.00,5546.00
5840.00,5544.00,5546.00
2743.00,2721.00,3471.00
7686.00,2743.00,3471.00
3299.00,3757.00,6788.00
2723.00,2735.00,2736.00
4160.00,3849.00,3420.00
3050.00,4160.00,3420.00
199.00,658.00,865.00
667.00,199.00,865.00
6231.00,6510.00,6222.00
2668.00,2649.00,2682.00
2680.00,2668.00,2682.00
5502.00,5734.00,5498.00
4970.00,5502.00,5498.00
1116.00,728.00,6636.00
7583.00,1116.00,6636.00
1421.00,6639.00,1134.00
7011.00,7408.00,7129.00
539.00,7011.00,7129.00
4585.00,4896.00,3280.00
202.00,6689.00,16.00
3513.00,3111.00,7427.00
6655.00,7526.00,7230.00
7230.00,7526.00,7247.00
5883.00,7531.00,6880.00
6880.00,7531.00,7357.00
7055.00,7540.00,5230.00
5230.00,7540.00,5198.00
1829.00,7541.00,1830.00
7213.00,7543.00,7618.00
1694.00,7546.00,1680.00
1680.00,7546.00,7204.00
6671.00,7551.00,7249.00
7249.00,7551.00,5300.00
6108.00,7558.00,6119.00
7128.00,7559.00,390.00
6796.00,4668.00,3385.00
3385.00,4668.00,2656.00
7693.00,7562.00,7689.00
7493.00,7567.00,7282.00
6924.00,7583.00,1930.00
7238.00,7584.00,6914.00
6914.00,7584.00,7475.00
5198.00,5085.00,5082.00
2088.00,7588.00,1450.00
7404.00,7590.00,1256.00
1256.00,7590.00,1466.00
5834.00,7593.00,5836.00
7203.00,6024.00,7623.00
7489.00,7598.00,1812.00
3302.00,7603.00,3774.00
4318.00,4364.00,4320.00
5964.00,5684.00,6161.00
7694.00,7700.00,4332.00
6825.00,7132.00,7532.00
4411.00,6825.00,7532.00
7526.00,6655.00,7567.00
7493.00,7526.00,7567.00
6911.00,7008.00,7525.00
5285.00,6911.00,7525.00
2656.00,2655.00,7598.00
2140.00,1493.00,7563.00
2075.00,2124.00,7576.00
1299.00,2075.00,7576.00
7245.00,5210.00,7525.00
5513.00,7295.00,5767.00
5772.00,5513.00,5767.00
3662.00,4482.00,7564.00
6931.00,711.00,7553.00
7695.00,5811.00,7517.00
7357.00,7531.00,7687.00
7376.00,5827.00,6327.00
7410.00,7204.00,7546.00
2825.00,2830.00,7637.00
6828.00,4411.00,7532.00
3958.00,6828.00,7532.00
5198.00,7540.00,5085.00
7519.00,7443.00,7529.00
7551.00,6671.00,7529.00
144.00,407.00,7543.00
7440.00,144.00,7543.00
7559.00,7128.00,6928.00
384.00,7559.00,6928.00
7238.00,7012.00,7584.00
6862.00,7465.00,7562.00
7055.00,6862.00,7562.00
5813.00,6026.00,5803.00
5534.00,5813.00,5803.00
814.00,819.00,7555.00
6632.00,814.00,7555.00
280.00,6617.00,7591.00
6691.00,280.00,7591.00
2511.00,2533.00,7603.00
208.00,16.00,6689.00
199.00,208.00,6689.00
2142.00,2140.00,7563.00
1539.00,2142.00,7563.00
3434.00,3448.00,3410.00
3414.00,3434.00,3410.00
3297.00,5444.00,7556.00
7392.00,3297.00,7556.00
1117.00,1134.00,6639.00
272.00,390.00,7577.00
270.00,272.00,7577.00
2586.00,2585.00,1671.00
6980.00,1930.00,7583.00
7229.00,6980.00,7583.00
830.00,899.00,7555.00
819.00,830.00,7555.00
5444.00,5440.00,7556.00
7141.00,7033.00,7556.00
5440.00,7141.00,7556.00
5057.00,5039.00,5093.00
5096.00,5057.00,5093.00
1450.00,7588.00,7264.00
6740.00,7282.00,7590.00
7404.00,6740.00,7590.00
7324.00,5836.00,7593.00
5892.00,7324.00,7593.00
7384.00,6781.00,7592.00
7386.00,7384.00,7592.00
7573.00,667.00,865.00
872.00,7573.00,865.00
7567.00,1466.00,7590.00
7282.00,7567.00,7590.00
7643.00,1601.00,7269.00
7541.00,1812.00,7598.00
3604.00,3615.00,4416.00
7558.00,6082.00,7574.00
6119.00,7558.00,7574.00
7559.00,7690.00,7577.00
390.00,7559.00,7577.00
5472.00,7570.00,5700.00
7593.00,5834.00,7531.00
5883.00,7593.00,7531.00
6136.00,6127.00,6126.00
6335.00,6136.00,6126.00
5496.00,5719.00,5711.00
5718.00,5496.00,5711.00
6372.00,6222.00,6487.00
2339.00,6771.00,6734.00
2052.00,2339.00,6734.00
7016.00,7244.00,743.00
1164.00,7016.00,743.00
7536.00,3662.00,7564.00
3711.00,7536.00,7564.00
6913.00,7185.00,6405.00
5155.00,5151.00,5903.00
7551.00,5572.00,5253.00
5300.00,7551.00,5253.00
5591.00,5411.00,4862.00
5408.00,5591.00,4862.00
1550.00,1572.00,2157.00
2527.00,1550.00,2157.00
4879.00,6819.00,6959.00
4873.00,4879.00,6959.00
2740.00,2255.00,2306.00
6999.00,3111.00,2769.00
7542.00,7571.00,3240.00
5784.00,5528.00,5530.00
5790.00,5784.00,5530.00
667.00,7573.00,221.00
5587.00,5408.00,4854.00
4852.00,5587.00,4854.00
5411.00,5609.00,5610.00
5414.00,5411.00,5610.00
5172.00,7604.00,7557.00
1723.00,1724.00,1725.00
3002.00,2998.00,2592.00
3901.00,4268.00,3556.00
6418.00,6427.00,6340.00
2465.00,7681.00,7723.00
7247.00,7136.00,7230.00
1559.00,2155.00,1571.00
7362.00,6787.00,4578.00
3365.00,4972.00,4658.00
996.00,997.00,1905.00
1870.00,996.00,1905.00
6346.00,7423.00,6428.00
6900.00,6449.00,6475.00
4784.00,4416.00,7367.00
4822.00,4839.00,4530.00
7164.00,4551.00,7257.00
7463.00,1562.00,7627.00
2693.00,3054.00,2659.00
2135.00,2482.00,1515.00
2690.00,2266.00,2723.00
5378.00,6961.00,4822.00
3628.00,4436.00,3953.00
6796.00,7163.00,4668.00
7592.00,6781.00,6779.00
5572.00,7551.00,7529.00
6494.00,6489.00,6487.00
6222.00,6494.00,6487.00
3229.00,4019.00,4564.00
4264.00,3894.00,4225.00
5041.00,5022.00,4702.00
1269.00,766.00,1299.00
1602.00,1591.00,1592.00
1388.00,1030.00,1087.00
1414.00,1388.00,1087.00
3142.00,3144.00,3615.00
3157.00,3143.00,3611.00
2155.00,1559.00,2508.00
2509.00,2155.00,2508.00
5002.00,4680.00,5003.00
199.00,6689.00,7589.00
658.00,199.00,7589.00
2646.00,2680.00,3044.00
2916.00,4557.00,4019.00
2400.00,2916.00,4019.00
3830.00,7648.00,4174.00
2124.00,2127.00,3683.00
4530.00,7164.00,6833.00
4504.00,4530.00,6833.00
3463.00,3461.00,4190.00
3753.00,4058.00,2504.00
2497.00,3753.00,2504.00
7218.00,5220.00,4784.00
7367.00,7218.00,4784.00
5876.00,5556.00,5220.00
7347.00,5876.00,5220.00
2992.00,2568.00,2998.00
2493.00,2142.00,2956.00
7649.00,6377.00,6492.00
7165.00,6933.00,7650.00
7445.00,7378.00,7697.00
7045.00,7445.00,7697.00
1759.00,7651.00,1760.00
2631.00,2642.00,1785.00
1759.00,2631.00,1785.00
2613.00,3010.00,2602.00
7698.00,2472.00,2140.00
2142.00,7698.00,2140.00
2592.00,2602.00,3002.00
4490.00,4501.00,6865.00
6674.00,4490.00,6865.00
7478.00,6399.00,7652.00
160.00,1117.00,6639.00
7180.00,160.00,6639.00
914.00,910.00,887.00
1829.00,914.00,887.00
7376.00,6327.00,6324.00
6323.00,7376.00,6324.00
3495.00,4264.00,3901.00
3345.00,3338.00,2992.00
2998.00,3345.00,2992.00
7463.00,1534.00,7641.00
7522.00,1030.00,996.00
950.00,7522.00,996.00
2736.00,2703.00,2690.00
2723.00,2736.00,2690.00
2682.00,2649.00,2650.00
2698.00,2682.00,2650.00
1116.00,7583.00,6924.00
7317.00,1116.00,6924.00
7661.00,7471.00,4725.00
7164.00,7257.00,7663.00
3701.00,7164.00,7663.00
2656.00,4668.00,4669.00
6798.00,2656.00,4669.00
2738.00,3876.00,2729.00
2728.00,2738.00,2729.00
4450.00,4804.00,4448.00
4449.00,4450.00,4448.00
3832.00,4174.00,4990.00
4670.00,3832.00,4990.00
5923.00,5926.00,5624.00
5618.00,5923.00,5624.00
6251.00,6380.00,6239.00
5472.00,5700.00,5691.00
5690.00,5472.00,5691.00
667.00,217.00,208.00
199.00,667.00,208.00
6298.00,6277.00,6012.00
6016.00,6298.00,6012.00
3280.00,3279.00,3277.00
3273.00,3280.00,3277.00
3592.00,3584.00,3574.00
3935.00,3592.00,3574.00
4749.00,5210.00,4325.00
4323.00,4749.00,4325.00
2475.00,1501.00,2468.00
2459.00,2475.00,2468.00
4793.00,4402.00,4369.00
866.00,658.00,1818.00
1843.00,866.00,1818.00
4761.00,4325.00,5210.00
7170.00,4761.00,5210.00
4318.00,4752.00,3933.00
3938.00,4318.00,3933.00
978.00,972.00,1896.00
2864.00,1220.00,2348.00
2874.00,2864.00,2348.00
3818.00,2633.00,2632.00
1599.00,1582.00,1571.00
1820.00,1848.00,2232.00
1780.00,1820.00,2232.00
6103.00,6129.00,5945.00
5944.00,6103.00,5945.00
1695.00,2580.00,2193.00
1709.00,1695.00,2193.00
696.00,698.00,284.00
982.00,696.00,284.00
4143.00,4670.00,4991.00
4152.00,4143.00,4991.00
1888.00,1864.00,1850.00
1320.00,1888.00,1850.00
6768.00,949.00,926.00
873.00,6768.00,926.00
3461.00,3076.00,3074.00
3460.00,3461.00,3074.00
3168.00,6815.00,2344.00
7356.00,4490.00,6674.00
5275.00,7356.00,6674.00
7343.00,7513.00,1728.00
1726.00,7343.00,1728.00
5638.00,5631.00,5929.00
5932.00,5638.00,5929.00
2701.00,1871.00,1837.00
3065.00,2701.00,1837.00
1656.00,2180.00,2178.00
3449.00,4178.00,4176.00
3448.00,3449.00,4176.00
4320.00,4364.00,4780.00
2047.00,2830.00,2044.00
5423.00,5421.00,5613.00
284.00,326.00,325.00
6617.00,284.00,325.00
3383.00,7490.00,3367.00
3374.00,3383.00,3367.00
3142.00,3615.00,3604.00
3139.00,3142.00,3604.00
5977.00,5693.00,5973.00
6197.00,5977.00,5973.00
4669.00,4668.00,4989.00
4675.00,4669.00,4989.00
5045.00,4711.00,5062.00
5528.00,5045.00,5062.00
2566.00,2562.00,2178.00
4244.00,5040.00,4703.00
4191.00,4244.00,4703.00
2543.00,2544.00,2557.00
2556.00,2543.00,2557.00
3598.00,3938.00,3590.00
2808.00,3598.00,3590.00
701.00,303.00,309.00
6080.00,6071.00,6913.00
6091.00,6080.00,6913.00
898.00,1870.00,1349.00
896.00,898.00,1349.00
5643.00,6841.00,4901.00
2501.00,2497.00,2504.00
6895.00,6450.00,6434.00
6427.00,6895.00,6434.00
465.00,6618.00,504.00
498.00,465.00,504.00
2215.00,2650.00,2649.00
1778.00,2215.00,2649.00
1764.00,2215.00,1778.00
1762.00,1764.00,1778.00
779.00,1463.00,6953.00
3931.00,4291.00,4290.00
3930.00,3931.00,4290.00
2127.00,2094.00,2080.00
6956.00,2127.00,2080.00
6206.00,6214.00,6215.00
6486.00,6206.00,6215.00
3753.00,3285.00,4051.00
5510.00,4987.00,7163.00
4661.00,5510.00,7163.00
7410.00,1700.00,6977.00
6081.00,6080.00,6091.00
5941.00,6081.00,6091.00
2852.00,2358.00,2361.00
4984.00,5510.00,4661.00
4977.00,4984.00,4661.00
7685.00,3233.00,3251.00
7480.00,3365.00,3364.00
7410.00,7546.00,7513.00
7343.00,7410.00,7513.00
1499.00,1492.00,2465.00
1501.00,1499.00,2465.00
3841.00,3837.00,4152.00
5987.00,6229.00,5715.00
5714.00,5987.00,5715.00
2.00,1.00,216.00
126.00,2.00,216.00
5700.00,5980.00,6198.00
2205.00,2607.00,2609.00
2611.00,2205.00,2609.00
3321.00,2974.00,2975.00
2980.00,3321.00,2975.00
7702.00,4019.00,4557.00
2729.00,2699.00,2706.00
6798.00,3407.00,2685.00
2655.00,6798.00,2685.00
7456.00,4248.00,4210.00
7507.00,7456.00,4210.00
5492.00,4959.00,5714.00
5717.00,5492.00,5714.00
5144.00,5145.00,4746.00
728.00,6970.00,7408.00
372.00,728.00,7408.00
2425.00,2431.00,7389.00
4436.00,4438.00,5300.00
4794.00,4436.00,5300.00
4281.00,5136.00,4283.00
3571.00,4281.00,4283.00
5040.00,5104.00,5041.00
303.00,301.00,340.00
5501.00,4983.00,4973.00
4053.00,4059.00,4058.00
22.00,238.00,28.00
18.00,22.00,28.00
3639.00,3963.00,6828.00
3632.00,3639.00,6828.00
4727.00,4746.00,4287.00
4245.00,4727.00,4287.00
7542.00,3240.00,7076.00
7557.00,4384.00,4779.00
5172.00,7557.00,4779.00
872.00,873.00,7573.00
7703.00,6885.00,7558.00
6108.00,7703.00,7558.00
5122.00,5875.00,5891.00
5900.00,5122.00,5891.00
696.00,673.00,698.00
3152.00,3639.00,3159.00
2835.00,3152.00,3159.00
2607.00,2598.00,2599.00
2609.00,2607.00,2599.00
4207.00,4713.00,4711.00
4206.00,4207.00,4711.00
698.00,229.00,290.00
4794.00,5300.00,5253.00
4398.00,4794.00,5253.00
2598.00,1725.00,1724.00
2193.00,2598.00,1724.00
5572.00,7529.00,5892.00
5570.00,5572.00,5892.00
3622.00,3950.00,4416.00
3615.00,3622.00,4416.00
7744.00,7334.00,7705.00
1640.00,7613.00,2565.00
2565.00,7613.00,7477.00
7525.00,7614.00,5285.00
7324.00,7617.00,5836.00
7371.00,7619.00,7493.00
6392.00,7623.00,6399.00
4077.00,7626.00,7592.00
7592.00,7626.00,7386.00
1930.00,3494.00,1934.00
7712.00,7538.00,7709.00
3622.00,7637.00,7616.00
7710.00,7540.00,7055.00
3271.00,7640.00,3270.00
3270.00,7640.00,6774.00
7584.00,7642.00,7475.00
1625.00,7643.00,1640.00
7187.00,7646.00,7423.00
7423.00,7646.00,6428.00
3441.00,7648.00,3054.00
7458.00,7650.00,6933.00
2205.00,7651.00,1314.00
6026.00,7652.00,6024.00
5952.00,7653.00,5956.00
7362.00,7655.00,4021.00
7604.00,7656.00,7223.00
614.00,7642.00,168.00
3711.00,7659.00,7536.00
615.00,7660.00,614.00
7540.00,7661.00,5085.00
7661.00,7741.00,5085.00
7318.00,7663.00,7257.00
3345.00,7665.00,3338.00
3338.00,7665.00,4096.00
1880.00,7666.00,7232.00
5036.00,5073.00,7668.00
5541.00,5036.00,7668.00
6812.00,5488.00,7609.00
7613.00,1640.00,7643.00
7269.00,7613.00,7643.00
1611.00,1601.00,7643.00
1625.00,1611.00,7643.00
4749.00,4739.00,7614.00
3377.00,4658.00,3818.00
2632.00,3377.00,3818.00
1934.00,3494.00,3097.00
3158.00,7616.00,7637.00
2830.00,3158.00,7637.00
7232.00,7666.00,3438.00
7617.00,7324.00,7443.00
7570.00,5472.00,7665.00
7142.00,7351.00,7618.00
7001.00,7142.00,7618.00
1776.00,1314.00,7651.00
1759.00,1776.00,7651.00
7247.00,7460.00,7607.00
7136.00,7247.00,7607.00
1539.00,7563.00,7627.00
1562.00,1539.00,7627.00
1506.00,7505.00,7627.00
7613.00,7269.00,7612.00
7477.00,7613.00,7612.00
7498.00,1506.00,7627.00
7563.00,7498.00,7627.00
2205.00,3015.00,7651.00
1269.00,651.00,7660.00
615.00,1269.00,7660.00
6231.00,6239.00,6380.00
6510.00,6231.00,6380.00
7542.00,6774.00,7640.00
7571.00,7542.00,7640.00
7538.00,7712.00,7647.00
7713.00,7493.00,7619.00
7495.00,7713.00,7619.00
3145.00,2825.00,7637.00
3622.00,3145.00,7637.00
7640.00,3271.00,6787.00
7571.00,7640.00,6787.00
5210.00,4749.00,7614.00
7525.00,5210.00,7614.00
5859.00,5541.00,7617.00
7443.00,5859.00,7617.00
6000.00,6001.00,5731.00
5730.00,6000.00,5731.00
2449.00,2439.00,7631.00
3257.00,2449.00,7631.00
407.00,7001.00,7618.00
7543.00,407.00,7618.00
6082.00,6883.00,7715.00
7574.00,6082.00,7654.00
3628.00,3953.00,7616.00
4692.00,5003.00,4680.00
4688.00,4692.00,4680.00
7646.00,7187.00,6418.00
6411.00,7646.00,6418.00
6579.00,7426.00,7649.00
6492.00,6579.00,7649.00
5661.00,5952.00,7654.00
6894.00,6428.00,7646.00
6411.00,6894.00,7646.00
3683.00,7536.00,7659.00
2124.00,3683.00,7659.00
6291.00,7478.00,7652.00
6026.00,6291.00,7652.00
5104.00,4244.00,7656.00
7604.00,5104.00,7656.00
5166.00,7223.00,7656.00
5136.00,5166.00,7656.00
7514.00,3701.00,7650.00
7458.00,7514.00,7650.00
7652.00,6399.00,7623.00
6024.00,7652.00,7623.00
7423.00,6459.00,7624.00
7187.00,7423.00,7624.00
7174.00,7653.00,5446.00
5693.00,7384.00,7628.00
7362.00,4578.00,7655.00
7656.00,4244.00,4285.00
5136.00,7656.00,4285.00
7318.00,7165.00,7663.00
3427.00,3429.00,3841.00
4152.00,3427.00,3841.00
3757.00,4058.00,4059.00
6229.00,5995.00,5722.00
5715.00,6229.00,5722.00
6454.00,6180.00,6179.00
6351.00,6454.00,6179.00
2603.00,2612.00,2613.00
2602.00,2603.00,2613.00
1658.00,1642.00,7632.00
7430.00,1658.00,7632.00
6959.00,4567.00,4873.00
326.00,284.00,698.00
290.00,326.00,698.00
4285.00,4244.00,4191.00
2846.00,2834.00,2856.00
2847.00,2846.00,2856.00
6562.00,7013.00,7628.00
5965.00,6562.00,7628.00
3950.00,3622.00,7616.00
3953.00,3950.00,7616.00
6771.00,2339.00,2834.00
2846.00,6771.00,2834.00
1499.00,1501.00,2135.00
1506.00,1499.00,2135.00
219.00,221.00,671.00
227.00,219.00,671.00
6223.00,6221.00,5994.00
6230.00,6223.00,5994.00
1421.00,2035.00,7716.00
1546.00,1559.00,1570.00
2693.00,2240.00,3424.00
3054.00,2693.00,3424.00
4233.00,4217.00,4725.00
3240.00,3225.00,3226.00
4193.00,4174.00,7648.00
3441.00,4193.00,7648.00
134.00,28.00,7440.00
7095.00,2493.00,7392.00
2410.00,2398.00,2399.00
5570.00,5892.00,5883.00
6082.00,7144.00,6883.00
3463.00,3872.00,3441.00
2504.00,2505.00,2501.00
1836.00,3419.00,3065.00
1837.00,1836.00,3065.00
3280.00,3273.00,4585.00
7624.00,6449.00,7187.00
7175.00,4515.00,7514.00
1850.00,1864.00,1848.00
919.00,1871.00,7671.00
5512.00,5514.00,5753.00
4054.00,4051.00,3281.00
4468.00,3966.00,6815.00
1685.00,6977.00,1700.00
950.00,996.00,1870.00
898.00,950.00,1870.00
6231.00,6222.00,6223.00
7668.00,5073.00,5071.00
6239.00,5998.00,6250.00
4982.00,5512.00,5502.00
7430.00,7632.00,1304.00
1369.00,972.00,1014.00
4984.00,4983.00,5748.00
7012.00,7010.00,7483.00
5062.00,5530.00,5528.00
3281.00,3280.00,4896.00
6454.00,6351.00,6452.00
6559.00,6454.00,6452.00
855.00,2266.00,2241.00
854.00,855.00,2241.00
2701.00,7666.00,1873.00
1871.00,2701.00,1873.00
2599.00,2591.00,3008.00
2609.00,2599.00,3008.00
5532.00,5530.00,5062.00
5064.00,5532.00,5062.00
2626.00,1738.00,1763.00
4862.00,4868.00,4857.00
4855.00,4862.00,4857.00
5122.00,5900.00,5903.00
5151.00,5122.00,5903.00
2322.00,2802.00,2006.00
2699.00,2729.00,3863.00
3058.00,2699.00,3863.00
16.00,15.00,6616.00
6.00,16.00,6616.00
7692.00,7514.00,7458.00
372.00,1058.00,6636.00
728.00,372.00,6636.00
228.00,229.00,698.00
673.00,228.00,698.00
3229.00,2931.00,7719.00
3556.00,3100.00,2757.00
4447.00,6861.00,7249.00
4468.00,4447.00,7249.00
27.00,17.00,225.00
226.00,27.00,225.00
6880.00,7218.00,7367.00
5525.00,5025.00,5045.00
5528.00,5525.00,5045.00
4012.00,2916.00,2917.00
1086.00,7522.00,7644.00
1090.00,1086.00,7644.00
5192.00,5883.00,6880.00
7367.00,5192.00,6880.00
7682.00,6943.00,6043.00
2319.00,2000.00,2806.00
162.00,163.00,303.00
340.00,162.00,303.00
1762.00,1763.00,1738.00
3611.00,3592.00,3935.00
4385.00,3611.00,3935.00
6386.00,6530.00,6520.00
2406.00,2408.00,7076.00
7576.00,7725.00,1299.00
4230.00,5061.00,4727.00
4245.00,4230.00,4727.00
7726.00,978.00,1896.00
5998.00,5725.00,6250.00
3135.00,3592.00,3611.00
3143.00,3135.00,3611.00
3872.00,4703.00,4193.00
3441.00,3872.00,4193.00
1602.00,1592.00,1604.00
2544.00,1602.00,1604.00
7694.00,4332.00,4334.00
7696.00,3104.00,3501.00
4268.00,4270.00,7728.00
6885.00,7730.00,7731.00
7557.00,4411.00,4384.00
7732.00,2041.00,597.00
1299.00,7734.00,2075.00
1525.00,1515.00,2482.00
3002.00,7735.00,7609.00
1864.00,1888.00,1902.00
7653.00,7174.00,4078.00
3365.00,3377.00,3370.00
7705.00,7334.00,7338.00
6475.00,6449.00,7624.00
6466.00,6475.00,7624.00
1930.00,7051.00,3892.00
3494.00,1930.00,3892.00
7706.00,6529.00,6382.00
7736.00,7660.00,651.00
7290.00,7736.00,651.00
7737.00,7483.00,7262.00
244.00,230.00,7739.00
7740.00,7642.00,614.00
7660.00,7740.00,614.00
6950.00,6671.00,6861.00
4804.00,6950.00,6861.00
188.00,652.00,7589.00
1574.00,2158.00,2157.00
1572.00,1574.00,2157.00
1710.00,1698.00,1712.00
2606.00,1710.00,1712.00
2698.00,2250.00,2706.00
2699.00,2698.00,2706.00
3114.00,3075.00,2736.00
2735.00,3114.00,2736.00
3015.00,2611.00,3011.00
3369.00,3015.00,3011.00
3642.00,3629.00,3158.00
3160.00,3642.00,3158.00
3836.00,7120.00,4143.00
3837.00,3836.00,4143.00
5423.00,5613.00,5624.00
6264.00,6529.00,6391.00
6272.00,6264.00,6391.00
2543.00,2541.00,2164.00
1602.00,2543.00,2164.00
6199.00,6185.00,6198.00
5980.00,6199.00,6198.00
5956.00,7653.00,6838.00
5674.00,5956.00,6838.00
2178.00,2562.00,2557.00
2174.00,2178.00,2557.00
4973.00,4972.00,5500.00
5501.00,4973.00,5500.00
5674.00,5676.00,5960.00
5958.00,5674.00,5960.00
1182.00,1166.00,6734.00
6771.00,1182.00,6734.00
5998.00,6239.00,6231.00
6230.00,5998.00,6231.00
2475.00,2482.00,2135.00
1501.00,2475.00,2135.00
2664.00,7023.00,7120.00
3836.00,2664.00,7120.00
5702.00,7658.00,7609.00
5488.00,5702.00,7609.00
2982.00,2983.00,2988.00
3333.00,2982.00,2988.00
6206.00,6199.00,5986.00
6214.00,6206.00,5986.00
728.00,1116.00,384.00
6970.00,728.00,384.00
3876.00,7507.00,4207.00
4196.00,3876.00,4207.00
699.00,1117.00,340.00
301.00,699.00,340.00
4063.00,3757.00,4059.00
4599.00,4063.00,4059.00
2646.00,2644.00,2636.00
1454.00,6923.00,6966.00
1457.00,1454.00,6966.00
7040.00,7612.00,7269.00
2530.00,7040.00,7269.00
4887.00,4581.00,6819.00
4890.00,4887.00,6819.00
4703.00,5040.00,4702.00
4193.00,4703.00,4702.00
346.00,262.00,6690.00
410.00,346.00,6690.00
4692.00,4688.00,4176.00
4694.00,4692.00,4176.00
4096.00,7665.00,5472.00
6811.00,4096.00,5472.00
832.00,1320.00,1850.00
1318.00,832.00,1850.00
7427.00,3111.00,3565.00
3918.00,7427.00,3565.00
5859.00,7519.00,5891.00
5875.00,5859.00,5891.00
806.00,6632.00,835.00
834.00,806.00,835.00
5929.00,5631.00,5625.00
5927.00,5929.00,5625.00
1728.00,7511.00,1764.00
1762.00,1728.00,1764.00
1611.00,801.00,795.00
796.00,1611.00,795.00
4402.00,4310.00,4277.00
4369.00,4402.00,4277.00
6010.00,5762.00,6012.00
1009.00,7455.00,262.00
256.00,1009.00,262.00
978.00,1097.00,1041.00
972.00,978.00,1041.00
3044.00,3414.00,3410.00
3040.00,3044.00,3410.00
2646.00,3044.00,3040.00
3025.00,2646.00,3040.00
2348.00,7588.00,2362.00
2880.00,2348.00,2362.00
4143.00,7120.00,3832.00
4670.00,4143.00,3832.00
7123.00,7511.00,1708.00
3946.00,4384.00,4411.00
3949.00,3946.00,4411.00
2449.00,3264.00,2460.00
2459.00,2449.00,2460.00
325.00,71.00,155.00
6617.00,325.00,155.00
4951.00,7101.00,5977.00
5699.00,4951.00,5977.00
4567.00,6959.00,3251.00
3233.00,4567.00,3251.00
3576.00,3547.00,3574.00
3584.00,3576.00,3574.00
4748.00,4752.00,5146.00
4732.00,4748.00,5146.00
5025.00,5525.00,5003.00
4692.00,5025.00,5003.00
2511.00,7603.00,3302.00
3300.00,2511.00,3302.00
3333.00,4096.00,3782.00
3326.00,3333.00,3782.00
1599.00,1571.00,1588.00
1587.00,1599.00,1588.00
6562.00,6180.00,6454.00
7216.00,6562.00,6454.00
7386.00,7626.00,5957.00
6167.00,7386.00,5957.00
3841.00,3056.00,2666.00
6161.00,6344.00,6151.00
5964.00,6161.00,6151.00
5945.00,4911.00,4912.00
5944.00,5945.00,4912.00
5935.00,5643.00,5639.00
6063.00,5935.00,5639.00
5682.00,5690.00,5691.00
5684.00,5682.00,5691.00
1464.00,2096.00,2088.00
1452.00,1464.00,2088.00
4603.00,4605.00,6788.00
4063.00,4603.00,6788.00
2818.00,2819.00,2812.00
2327.00,2818.00,2812.00
2774.00,2308.00,3121.00
3550.00,2774.00,3121.00
2663.00,2665.00,2245.00
1843.00,2663.00,2245.00
1988.00,1994.00,1987.00
997.00,1988.00,1987.00
2361.00,2358.00,1463.00
2087.00,2361.00,1463.00
2757.00,3100.00,1942.00
6953.00,1463.00,2358.00
7452.00,6953.00,2358.00
2647.00,2212.00,2649.00
2668.00,2647.00,2649.00
7677.00,2777.00,6646.00
3906.00,3928.00,4290.00
5048.00,5047.00,5030.00
2740.00,2728.00,2254.00
2255.00,2740.00,2254.00
504.00,6618.00,7308.00
7011.00,504.00,7308.00
5172.00,5107.00,5104.00
7604.00,5172.00,5104.00
5495.00,5730.00,5731.00
4021.00,7655.00,4849.00
4560.00,4021.00,4849.00
4459.00,6830.00,7729.00
1118.00,700.00,701.00
5144.00,5172.00,4779.00
5175.00,5144.00,4779.00
6845.00,5047.00,5071.00
5011.00,6845.00,5071.00
1119.00,1999.00,1423.00
7570.00,7658.00,5702.00
7549.00,3958.00,7285.00
7334.00,7549.00,7285.00
1842.00,854.00,2241.00
2240.00,1842.00,2241.00
7541.00,1829.00,887.00
851.00,7541.00,887.00
7603.00,2974.00,3321.00
3774.00,7603.00,3321.00
7573.00,873.00,926.00
2504.00,4058.00,3757.00
3299.00,2504.00,3757.00
1671.00,1670.00,1684.00
2586.00,1671.00,1684.00
7591.00,155.00,7262.00
7483.00,7591.00,7262.00
4051.00,4053.00,4058.00
3753.00,4051.00,4058.00
3438.00,7666.00,2701.00
3065.00,3438.00,2701.00
1574.00,7641.00,1592.00
1591.00,1574.00,1592.00
2232.00,2650.00,2215.00
1780.00,2232.00,2215.00
2410.00,2406.00,3220.00
3222.00,2410.00,3220.00
2493.00,2956.00,3300.00
7392.00,2493.00,3300.00
1694.00,1695.00,7708.00
4562.00,4553.00,4022.00
4560.00,4562.00,4022.00
5957.00,7626.00,5955.00
6147.00,5957.00,5955.00
5725.00,5719.00,5498.00
5734.00,5725.00,5498.00
3132.00,2800.00,2801.00
3127.00,3132.00,2801.00
6486.00,6372.00,6487.00
6466.00,6486.00,6487.00
4527.00,7743.00,5384.00
4820.00,4527.00,5384.00
7076.00,2432.00,6774.00
7542.00,7076.00,6774.00
3008.00,3011.00,2611.00
2609.00,3008.00,2611.00
2010.00,2009.00,1419.00
1137.00,2010.00,1419.00
3170.00,3646.00,3981.00
3175.00,3170.00,3981.00
5041.00,5061.00,5022.00
6130.00,6140.00,6119.00
7574.00,6130.00,6119.00
6348.00,6349.00,6165.00
6164.00,6348.00,6165.00
758.00,568.00,7097.00
7421.00,758.00,7097.00
3388.00,3022.00,3024.00
3404.00,3388.00,3024.00
1902.00,1903.00,1958.00
3404.00,3040.00,3410.00
5982.00,5702.00,5706.00
3285.00,3279.00,3281.00
4051.00,3285.00,3281.00
5230.00,5569.00,5915.00
5312.00,5230.00,5915.00
3024.00,3025.00,3040.00
3404.00,3024.00,3040.00
6833.00,4515.00,5383.00
4504.00,6833.00,5383.00
5446.00,5660.00,5444.00
7121.00,5446.00,5444.00
704.00,708.00,1151.00
6951.00,704.00,1151.00
106.00,104.00,95.00
97.00,106.00,95.00
105.00,169.00,94.00
104.00,105.00,94.00
2622.00,2637.00,3022.00
3013.00,2622.00,3022.00
5108.00,4729.00,4250.00
4252.00,5108.00,4250.00
6459.00,6362.00,6466.00
7624.00,6459.00,6466.00
7631.00,2439.00,2431.00
2931.00,7631.00,2431.00
5661.00,7654.00,5645.00
7647.00,1910.00,2743.00
2745.00,7647.00,2743.00
7503.00,2275.00,1910.00
7647.00,7503.00,1910.00
7648.00,3830.00,7168.00
3054.00,7648.00,7168.00
5973.00,5693.00,7628.00
7013.00,5973.00,7628.00
4911.00,4917.00,4605.00
4603.00,4911.00,4605.00
6497.00,6510.00,6380.00
6520.00,6497.00,6380.00
6990.00,4893.00,4582.00
4584.00,6990.00,4582.00
6358.00,6176.00,6185.00
2690.00,2703.00,2240.00
2241.00,2690.00,2240.00
3547.00,3576.00,3117.00
3115.00,3547.00,3117.00
3958.00,7549.00,3646.00
3632.00,3958.00,3646.00
4890.00,4891.00,4889.00
4887.00,4890.00,4889.00
5995.00,6000.00,5730.00
5722.00,5995.00,5730.00
5753.00,5762.00,6010.00
6268.00,5753.00,6010.00
4843.00,4552.00,4852.00
4854.00,4843.00,4852.00
4691.00,4230.00,3879.00
3476.00,4691.00,3879.00
666.00,216.00,214.00
5525.00,5528.00,6298.00
6016.00,5525.00,6298.00
6344.00,6400.00,6140.00
6151.00,6344.00,6140.00
5500.00,7480.00,5492.00
7456.00,2774.00,3550.00
3906.00,7456.00,3550.00
6358.00,6459.00,7423.00
6346.00,6358.00,7423.00
3058.00,3863.00,3449.00
3434.00,3058.00,3449.00
3471.00,2721.00,3458.00
3871.00,3471.00,3458.00
4187.00,4707.00,3871.00
1136.00,1125.00,1140.00
2037.00,2036.00,2044.00
2812.00,7672.00,2324.00
1934.00,7673.00,7083.00
7083.00,7673.00,6946.00
6585.00,7674.00,7457.00
7576.00,7676.00,7725.00
3057.00,7677.00,6768.00
7364.00,7678.00,7213.00
6720.00,7679.00,842.00
6328.00,7680.00,7185.00
7185.00,7680.00,6894.00
2432.00,7681.00,2450.00
2450.00,7681.00,2465.00
6991.00,7682.00,6036.00
4885.00,7683.00,7655.00
1632.00,7684.00,7430.00
7430.00,7684.00,1670.00
3229.00,7685.00,2931.00
7517.00,7687.00,7695.00
5285.00,7689.00,7465.00
7465.00,7689.00,7562.00
7317.00,7690.00,7691.00
384.00,7691.00,7559.00
7559.00,7691.00,7690.00
5135.00,7693.00,7689.00
3505.00,7694.00,3563.00
7531.00,7695.00,7687.00
4332.00,7696.00,4270.00
4270.00,7696.00,7728.00
7045.00,7697.00,7711.00
2493.00,7698.00,2142.00
6838.00,7699.00,5676.00
3104.00,7700.00,3505.00
3505.00,7700.00,7694.00
7245.00,7701.00,7170.00
4019.00,7702.00,4855.00
4855.00,7702.00,4854.00
6885.00,7703.00,7730.00
3890.00,7704.00,3892.00
3892.00,7704.00,3894.00
3662.00,7705.00,4482.00
6399.00,7706.00,6898.00
7010.00,7707.00,7483.00
7483.00,7707.00,7591.00
7513.00,7708.00,7511.00
6931.00,7709.00,7446.00
7562.00,7710.00,7055.00
1125.00,7711.00,7697.00
7641.00,7714.00,1592.00
6082.00,7715.00,7654.00
7654.00,7715.00,5645.00
2041.00,7716.00,2063.00
7522.00,7717.00,7644.00
7644.00,7717.00,7679.00
7632.00,7718.00,7738.00
2425.00,7719.00,2931.00
2757.00,7720.00,3556.00
3556.00,7720.00,3901.00
7426.00,7721.00,7649.00
7461.00,7722.00,5378.00
5378.00,7722.00,7701.00
2439.00,7723.00,2431.00
2431.00,7723.00,7681.00
7503.00,7726.00,2275.00
5512.00,7727.00,5734.00
3501.00,7728.00,7696.00
4482.00,7729.00,7564.00
6062.00,7730.00,6071.00
6071.00,7730.00,7703.00
6062.00,7731.00,7730.00
7180.00,7732.00,120.00
134.00,7733.00,222.00
766.00,7734.00,1299.00
3367.00,7735.00,3010.00
7475.00,7736.00,7290.00
7584.00,7737.00,7642.00
1582.00,7738.00,1570.00
7543.00,7739.00,7733.00
7642.00,7740.00,7475.00
4217.00,7741.00,4725.00
4725.00,7741.00,7661.00
982.00,7742.00,980.00
7607.00,7743.00,7136.00
3981.00,7744.00,3662.00
3662.00,7744.00,7705.00
1014.00,944.00,7671.00
1369.00,1014.00,7671.00
6811.00,5690.00,7699.00
4054.00,3281.00,4896.00
779.00,6953.00,7675.00
186.00,779.00,7675.00
7673.00,2757.00,1942.00
6946.00,7673.00,1942.00
3556.00,4268.00,7728.00
3501.00,3556.00,7728.00
7672.00,3139.00,3598.00
2808.00,7672.00,3598.00
7673.00,1934.00,3097.00
2757.00,7673.00,3097.00
6428.00,6894.00,7680.00
6420.00,6428.00,7680.00
6251.00,6386.00,6520.00
6380.00,6251.00,6520.00
7302.00,6925.00,7725.00
7676.00,7302.00,7725.00
1982.00,1076.00,7690.00
7317.00,1982.00,7690.00
2777.00,7677.00,3115.00
7678.00,7364.00,442.00
7299.00,5806.00,7687.00
7517.00,7299.00,7687.00
7679.00,6720.00,7045.00
7680.00,6328.00,6400.00
6420.00,7680.00,6400.00
7681.00,2432.00,7389.00
2431.00,7681.00,7389.00
7682.00,6991.00,7144.00
6943.00,7682.00,7144.00
7684.00,1632.00,6977.00
1685.00,7684.00,6977.00
7431.00,627.00,7675.00
6953.00,7431.00,7675.00
5734.00,7727.00,6250.00
5725.00,5734.00,6250.00
7095.00,2472.00,7698.00
2493.00,7095.00,7698.00
7688.00,5836.00,7617.00
6851.00,7471.00,7693.00
5135.00,6851.00,7693.00
7689.00,5285.00,7614.00
5135.00,7689.00,7614.00
7691.00,384.00,1116.00
7317.00,7691.00,1116.00
6709.00,6631.00,7734.00
766.00,6709.00,7734.00
7735.00,3002.00,2602.00
3010.00,7735.00,2602.00
6639.00,2041.00,7732.00
7180.00,6639.00,7732.00
7678.00,244.00,7739.00
950.00,7044.00,7717.00
7522.00,950.00,7717.00
5834.00,5811.00,7695.00
7531.00,5834.00,7695.00
6559.00,6580.00,7674.00
6585.00,6559.00,7674.00
7012.00,7483.00,7737.00
7584.00,7012.00,7737.00
2036.00,1426.00,2044.00
2255.00,1864.00,1902.00
2306.00,2255.00,1902.00
221.00,7573.00,926.00
671.00,221.00,926.00
7696.00,4332.00,7700.00
3104.00,7696.00,7700.00
1454.00,2075.00,7734.00
6631.00,1454.00,7734.00
7701.00,7245.00,6672.00
5378.00,7701.00,6672.00
3097.00,3495.00,7720.00
2757.00,3097.00,7720.00
7704.00,3890.00,4738.00
4260.00,7704.00,4738.00
7706.00,6399.00,6391.00
6529.00,7706.00,6391.00
7707.00,7010.00,390.00
272.00,7707.00,390.00
7707.00,272.00,6691.00
7591.00,7707.00,6691.00
7708.00,7513.00,7546.00
1694.00,7708.00,7546.00
7526.00,7493.00,7713.00
7247.00,7526.00,7713.00
7710.00,7471.00,7661.00
7540.00,7710.00,7661.00
6951.00,7745.00,704.00
289.00,244.00,7678.00
442.00,289.00,7678.00
1375.00,980.00,7742.00
1410.00,1375.00,7742.00
1570.00,7714.00,1546.00
168.00,7642.00,7737.00
7262.00,168.00,7737.00
1090.00,7644.00,7711.00
1125.00,1090.00,7711.00
681.00,704.00,7745.00
7378.00,681.00,7745.00
7659.00,3711.00,7676.00
7576.00,7659.00,7676.00
7704.00,4260.00,4225.00
3894.00,7704.00,4225.00
4849.00,7655.00,7683.00
7294.00,4849.00,7683.00
7460.00,7247.00,7713.00
7495.00,7460.00,7713.00
5023.00,5022.00,5061.00
4691.00,5023.00,5061.00
125.00,214.00,216.00
1.00,125.00,216.00
6055.00,6943.00,7731.00
6062.00,6055.00,7731.00
6913.00,6071.00,7703.00
6108.00,6913.00,7703.00
7717.00,7044.00,842.00
7679.00,7717.00,842.00
3543.00,4190.00,3472.00
3877.00,4216.00,7686.00
3471.00,3877.00,7686.00
7718.00,1604.00,1592.00
7714.00,7718.00,1592.00
3214.00,4553.00,4012.00
2917.00,3214.00,4012.00
3774.00,4078.00,7174.00
3302.00,3774.00,7174.00
5618.00,5624.00,5613.00
5611.00,5618.00,5613.00
6948.00,7106.00,7692.00
7458.00,6948.00,7692.00
7721.00,7426.00,6540.00
6898.00,7721.00,6540.00
7722.00,7461.00,6919.00
7217.00,7722.00,6919.00
4422.00,4459.00,7729.00
4482.00,4422.00,7729.00
123.00,120.00,7732.00
597.00,123.00,7732.00
3469.00,3115.00,7677.00
3057.00,3469.00,7677.00
2482.00,2483.00,1525.00
2439.00,2468.00,7723.00
7389.00,2408.00,7724.00
2425.00,7389.00,7724.00
6039.00,6036.00,7682.00
6043.00,6039.00,7682.00
1296.00,1299.00,7725.00
6925.00,1296.00,7725.00
4275.00,3563.00,7694.00
4334.00,4275.00,7694.00
7674.00,6598.00,6615.00
7457.00,7674.00,6615.00
7726.00,1896.00,2269.00
2275.00,7726.00,2269.00
5682.00,5676.00,7699.00
5690.00,5682.00,7699.00
6812.00,7609.00,7735.00
3367.00,6812.00,7735.00
4078.00,3780.00,7699.00
6838.00,4078.00,7699.00
7306.00,4482.00,7705.00
7338.00,7306.00,7705.00
7721.00,6898.00,7706.00
6382.00,7721.00,7706.00
1304.00,7632.00,7738.00
1582.00,1304.00,7738.00
7739.00,230.00,222.00
7733.00,7739.00,222.00
4216.00,3887.00,7686.00
7279.00,2745.00,7686.00
3887.00,7279.00,7686.00
5085.00,7741.00,4720.00
280.00,7198.00,7742.00
982.00,280.00,7742.00
4990.00,4174.00,5022.00
6192.00,6360.00,6358.00
6185.00,6192.00,6358.00
7503.00,7647.00,7712.00
7553.00,7503.00,7712.00
949.00,6768.00,7677.00
6646.00,949.00,7677.00
1708.00,7511.00,7708.00
7745.00,1125.00,7697.00
7378.00,7745.00,7697.00
7719.00,2425.00,7724.00
2399.00,7719.00,7724.00
7736.00,7475.00,7740.00
7660.00,7736.00,7740.00
256.00,681.00,7326.00
1009.00,256.00,7326.00
2586.00,1684.00,1699.00
2192.00,2586.00,1699.00
2606.00,1712.00,1727.00
2200.00,2606.00,1727.00
5618.00,5611.00,5920.00
5921.00,5618.00,5920.00
7684.00,1685.00,1684.00
1670.00,7684.00,1684.00
6016.00,6012.00,5762.00
5002.00,6016.00,5762.00
3361.00,3008.00,3355.00
3364.00,3361.00,3355.00
2821.00,2063.00,7716.00
2035.00,2821.00,7716.00
7658.00,7570.00,7665.00
3345.00,7658.00,7665.00
7631.00,2931.00,7685.00
3251.00,7631.00,7685.00
4281.00,4313.00,4750.00
5136.00,4281.00,4750.00
4578.00,4892.00,4885.00
7655.00,4578.00,4885.00
1873.00,1369.00,7671.00
1871.00,1873.00,7671.00
5047.00,5048.00,7688.00
7668.00,5047.00,7688.00
7440.00,7543.00,7733.00
134.00,7440.00,7733.00
4843.00,4854.00,7702.00
4557.00,4843.00,7702.00
7437.00,4345.00,4750.00
4313.00,7437.00,4750.00
7315.00,7564.00,7729.00
6830.00,7315.00,7729.00
6931.00,7553.00,7712.00
7709.00,6931.00,7712.00
4897.00,4901.00,4054.00
4896.00,4897.00,4054.00
3543.00,3572.00,4190.00
1421.00,7716.00,2041.00
6639.00,1421.00,2041.00
86.00,94.00,169.00
92.00,86.00,169.00
50.00,52.00,300.00
146.00,50.00,300.00
169.00,105.00,614.00
168.00,169.00,614.00
666.00,660.00,189.00
216.00,666.00,189.00
856.00,653.00,660.00
888.00,856.00,660.00
1090.00,1125.00,1136.00
1419.00,1090.00,1136.00
1135.00,1118.00,701.00
1119.00,1135.00,701.00
1587.00,1588.00,2529.00
2530.00,1587.00,2529.00
2155.00,2509.00,2515.00
2522.00,2155.00,2515.00
2800.00,2806.00,2000.00
2789.00,2800.00,2000.00
3025.00,3024.00,2637.00
2644.00,3025.00,2637.00
4449.00,4447.00,3970.00
4473.00,4449.00,3970.00
6223.00,6222.00,6372.00
6221.00,6223.00,6372.00
6193.00,6362.00,6360.00
6192.00,6193.00,6360.00
94.00,86.00,73.00
87.00,94.00,73.00
188.00,7589.00,6689.00
190.00,188.00,6689.00
5980.00,5982.00,5986.00
6199.00,5980.00,5986.00
6942.00,4885.00,4893.00
6875.00,6942.00,4893.00
1699.00,1684.00,1685.00
1698.00,1699.00,1685.00
1709.00,1708.00,7708.00
1695.00,1709.00,7708.00
2668.00,2646.00,2636.00
2647.00,2668.00,2636.00
2250.00,2698.00,2650.00
2232.00,2250.00,2650.00
3780.00,3778.00,3326.00
4216.00,4720.00,7741.00
4217.00,4216.00,7741.00
4720.00,4717.00,5082.00
5085.00,4720.00,5082.00
615.00,614.00,105.00
113.00,615.00,105.00
5982.00,5700.00,7570.00
5702.00,5982.00,7570.00
40.00,145.00,49.00
39.00,40.00,49.00
4336.00,4781.00,5299.00
4369.00,4336.00,5299.00
3683.00,3175.00,7536.00
48.00,49.00,59.00
68.00,48.00,59.00
3989.00,7136.00,7743.00
4527.00,3989.00,7743.00
7202.00,5275.00,5312.00
5915.00,7202.00,5312.00
5605.00,5584.00,7294.00
6942.00,5605.00,7294.00
1991.00,1993.00,2789.00
2000.00,1991.00,2789.00
1414.00,2006.00,2802.00
2316.00,1414.00,2802.00
6006.00,6251.00,6239.00
6250.00,6006.00,6239.00
4385.00,3946.00,3618.00
3611.00,4385.00,3618.00
4398.00,5253.00,5570.00
5192.00,4398.00,5570.00
104.00,94.00,87.00
95.00,104.00,87.00
4909.00,4599.00,4907.00
5661.00,5446.00,7653.00
5952.00,5661.00,7653.00
7676.00,3711.00,7516.00
7302.00,7676.00,7516.00
5023.00,4991.00,4990.00
5022.00,5023.00,4990.00
6559.00,6585.00,7216.00
6454.00,6559.00,7216.00
2400.00,3229.00,7719.00
2399.00,2400.00,7719.00
1539.00,2146.00,2956.00
2142.00,1539.00,2956.00
1084.00,701.00,309.00
703.00,1084.00,309.00
703.00,1413.00,1412.00
1084.00,703.00,1412.00
7616.00,3158.00,3629.00
3628.00,7616.00,3629.00
6091.00,6913.00,6405.00
6126.00,6091.00,6405.00
2330.00,2037.00,2825.00
5514.00,5512.00,4982.00
4998.00,5514.00,4982.00
4717.00,3877.00,3871.00
4707.00,4717.00,3871.00
1948.00,1942.00,3100.00
7261.00,1948.00,3100.00
4055.00,4907.00,4599.00
4059.00,4055.00,4599.00
5968.00,5691.00,5700.00
6198.00,5968.00,5700.00
2566.00,2988.00,2983.00
2562.00,2566.00,2983.00
4552.00,4843.00,4557.00
4012.00,4552.00,4557.00
2408.00,2410.00,2399.00
7724.00,2408.00,2399.00
6126.00,6103.00,5941.00
6091.00,6126.00,5941.00
5502.00,4970.00,4132.00
4982.00,5502.00,4132.00
6264.00,6244.00,6529.00
368.00,6931.00,7446.00
6905.00,368.00,7446.00
1457.00,7431.00,7452.00
2080.00,1457.00,7452.00
2774.00,7456.00,2738.00
2740.00,2774.00,2738.00
5631.00,5423.00,5624.00
5625.00,5631.00,5624.00
2408.00,7389.00,2432.00
7076.00,2408.00,2432.00
708.00,310.00,258.00
346.00,708.00,258.00
6771.00,2846.00,2047.00
1182.00,6771.00,2047.00
4868.00,5414.00,4873.00
4567.00,4868.00,4873.00
3448.00,4176.00,4688.00
4156.00,3448.00,4688.00
982.00,284.00,6617.00
280.00,982.00,6617.00
5107.00,5144.00,4746.00
4727.00,5107.00,4746.00
5394.00,5384.00,7743.00
7607.00,5394.00,7743.00
97.00,107.00,113.00
106.00,97.00,113.00
3225.00,3240.00,7571.00
7362.00,3225.00,7571.00
6905.00,7308.00,6618.00
368.00,6905.00,6618.00
290.00,289.00,75.00
326.00,290.00,75.00
7027.00,5394.00,7607.00
7460.00,7027.00,7607.00
3701.00,7514.00,4515.00
6833.00,3701.00,4515.00
6987.00,978.00,7726.00
2554.00,2982.00,2980.00
2549.00,2554.00,2980.00
3837.00,3841.00,2666.00
3836.00,3837.00,2666.00
860.00,652.00,856.00
1501.00,2465.00,7723.00
2468.00,1501.00,7723.00
2496.00,2501.00,1547.00
1535.00,2496.00,1547.00
4191.00,3872.00,3463.00
4190.00,4191.00,3463.00
2505.00,2509.00,2508.00
2501.00,2505.00,2508.00
7120.00,7168.00,3830.00
3832.00,7120.00,3830.00
2439.00,2449.00,2459.00
2468.00,2439.00,2459.00
1220.00,7264.00,7588.00
2348.00,1220.00,7588.00
1656.00,2178.00,2174.00
1642.00,1656.00,2174.00
6427.00,6418.00,7187.00
6895.00,6427.00,7187.00
4812.00,3974.00,4490.00
7356.00,4812.00,4490.00
6164.00,6165.00,6167.00
5957.00,6164.00,6167.00
6214.00,5988.00,5990.00
6215.00,6214.00,5990.00
5699.00,5977.00,6197.00
5979.00,5699.00,6197.00
4857.00,4567.00,3233.00
4564.00,4857.00,3233.00
74.00,72.00,71.00
325.00,74.00,71.00
3584.00,3132.00,3127.00
3585.00,3584.00,3127.00
3903.00,4289.00,4315.00
3574.00,3903.00,4315.00
4752.00,4748.00,4291.00
3933.00,4752.00,4291.00
4310.00,4402.00,7306.00
7437.00,4310.00,7306.00
5501.00,5500.00,5495.00
5731.00,5501.00,5495.00
7013.00,6562.00,7216.00
6563.00,7013.00,7216.00
6830.00,7175.00,7692.00
7106.00,6830.00,7692.00
7693.00,7471.00,7710.00
7562.00,7693.00,7710.00
3711.00,7564.00,7315.00
7516.00,3711.00,7315.00
5684.00,5968.00,6176.00
6161.00,5684.00,6176.00
6825.00,7557.00,7604.00
7223.00,6825.00,7604.00
1963.00,7446.00,7709.00
7538.00,1963.00,7709.00
7641.00,1574.00,1572.00
7463.00,7641.00,1572.00
4564.00,3233.00,7685.00
3229.00,4564.00,7685.00
2703.00,2736.00,3075.00
3074.00,2703.00,3075.00
3139.00,4780.00,4364.00
3598.00,3139.00,4364.00
7650.00,3701.00,7663.00
7165.00,7650.00,7663.00
1348.00,1903.00,1320.00
1826.00,1348.00,1320.00
1030.00,1388.00,997.00
996.00,1030.00,997.00
7658.00,3345.00,3002.00
7609.00,7658.00,3002.00
267.00,1041.00,1097.00
317.00,267.00,1097.00
3111.00,3114.00,2735.00
2769.00,3111.00,2735.00
2208.00,3015.00,3369.00
3370.00,2208.00,3369.00
2087.00,2343.00,2843.00
2361.00,2087.00,2843.00
6920.00,5645.00,7715.00
6883.00,6920.00,7715.00
1881.00,1873.00,7666.00
1880.00,1881.00,7666.00
6346.00,6161.00,6176.00
6358.00,6346.00,6176.00
7588.00,2088.00,2096.00
2362.00,7588.00,2096.00
2823.00,2806.00,2800.00
3135.00,2823.00,2800.00
3753.00,2497.00,2491.00
3285.00,3753.00,2491.00
6632.00,806.00,804.00
810.00,6632.00,804.00
5964.00,5960.00,5676.00
5682.00,5964.00,5676.00
4780.00,5220.00,5556.00
4320.00,4780.00,5556.00
3154.00,3618.00,3949.00
3963.00,3154.00,3949.00
3963.00,3152.00,2836.00
3154.00,3963.00,2836.00
4277.00,4310.00,3918.00
854.00,856.00,888.00
855.00,854.00,888.00
1349.00,1348.00,874.00
896.00,1349.00,874.00
6080.00,5935.00,6063.00
6071.00,6080.00,6063.00
896.00,835.00,7555.00
899.00,896.00,7555.00
5521.00,5030.00,5047.00
6845.00,5521.00,5047.00
2824.00,2818.00,2330.00
2825.00,2824.00,2330.00
2665.00,2664.00,3836.00
2666.00,2665.00,3836.00
1166.00,1151.00,1132.00
1154.00,1166.00,1132.00
3224.00,4021.00,4560.00
4022.00,3224.00,4560.00
3550.00,3579.00,3928.00
3906.00,3550.00,3928.00
5939.00,4912.00,4907.00
6841.00,5939.00,4907.00
2516.00,3299.00,2517.00
301.00,302.00,700.00
699.00,301.00,700.00
6943.00,6055.00,6049.00
6043.00,6943.00,6049.00
1625.00,1624.00,801.00
1611.00,1625.00,801.00
1670.00,1671.00,2181.00
1658.00,1670.00,2181.00
6814.00,3405.00,4156.00
2398.00,2410.00,3222.00
2917.00,2398.00,3222.00
3240.00,3226.00,2406.00
7076.00,3240.00,2406.00
3662.00,7536.00,3175.00
3981.00,3662.00,3175.00
5041.00,5104.00,5107.00
5061.00,5041.00,5107.00
7711.00,7644.00,7679.00
7045.00,7711.00,7679.00
7574.00,7654.00,5952.00
6130.00,7574.00,5952.00
5541.00,7668.00,7688.00
7617.00,5541.00,7688.00
1760.00,7651.00,3015.00
2208.00,1760.00,3015.00
3251.00,3259.00,3257.00
7631.00,3251.00,3257.00
1642.00,1604.00,7718.00
7632.00,1642.00,7718.00
7538.00,7647.00,2745.00
1918.00,7538.00,2745.00
1534.00,1546.00,7714.00
7641.00,1534.00,7714.00
3259.00,6819.00,4581.00
3265.00,3259.00,4581.00
4585.00,3273.00,3265.00
4581.00,4585.00,3265.00
5420.00,5417.00,5611.00
5613.00,5420.00,5611.00
1726.00,1728.00,1762.00
1738.00,1726.00,1762.00
7144.00,6885.00,7731.00
6943.00,7144.00,7731.00
6828.00,3963.00,3949.00
4411.00,6828.00,3949.00
4804.00,7102.00,7202.00
6950.00,4804.00,7202.00
1858.00,914.00,1829.00
1835.00,1858.00,1829.00
6898.00,6540.00,6390.00
6392.00,6898.00,6390.00
3284.00,2483.00,2477.00
3277.00,3284.00,2477.00
2980.00,3326.00,3778.00
3321.00,2980.00,3778.00
5949.00,5951.00,6147.00
5955.00,5949.00,6147.00
1910.00,2732.00,2719.00
2743.00,1910.00,2719.00
4702.00,5022.00,4174.00
4193.00,4702.00,4174.00
2720.00,2719.00,2732.00
2717.00,2720.00,2732.00
2344.00,2864.00,2874.00
3168.00,2344.00,2874.00
7102.00,4450.00,4810.00
7356.00,7102.00,4810.00
6789.00,4071.00,4923.00
5955.00,6789.00,4923.00
7553.00,6987.00,7726.00
7503.00,7553.00,7726.00
7598.00,7489.00,3385.00
2656.00,7598.00,3385.00
243.00,227.00,671.00
948.00,243.00,671.00
5543.00,5093.00,5039.00
5036.00,5543.00,5039.00
7541.00,7598.00,2655.00
1830.00,7541.00,2655.00
3938.00,3933.00,3587.00
3590.00,3938.00,3587.00
1369.00,1873.00,1881.00
1896.00,1369.00,1881.00
4901.00,6841.00,4055.00
4054.00,4901.00,4055.00
2245.00,6645.00,872.00
866.00,2245.00,872.00
2830.00,2825.00,2037.00
2044.00,2830.00,2037.00
368.00,364.00,711.00
6931.00,368.00,711.00
4697.00,5039.00,4701.00
4700.00,4697.00,4701.00
151.00,309.00,163.00
153.00,151.00,163.00
6450.00,6452.00,6435.00
6434.00,6450.00,6435.00
120.00,114.00,102.00
7180.00,120.00,102.00
3906.00,4290.00,4253.00
4250.00,3906.00,4253.00
4668.00,7163.00,4987.00
4989.00,4668.00,4987.00
7030.00,6520.00,6530.00
6531.00,7030.00,6530.00
2568.00,2180.00,2570.00
2578.00,2568.00,2570.00
2180.00,2568.00,2566.00
2178.00,2180.00,2566.00
7377.00,6009.00,6001.00
6248.00,7377.00,6001.00
3429.00,3476.00,3517.00
3518.00,3429.00,3517.00
5792.00,6024.00,5784.00
5790.00,5792.00,5784.00
5840.00,5813.00,5534.00
5542.00,5840.00,5534.00
2533.00,2511.00,2146.00
1550.00,2533.00,2146.00
7295.00,5748.00,5766.00
5767.00,7295.00,5766.00
3404.00,3410.00,4156.00
3405.00,3404.00,4156.00
5982.00,5706.00,5988.00
5986.00,5982.00,5988.00
873.00,6645.00,2696.00
6768.00,873.00,2696.00
1795.00,1842.00,2693.00
2659.00,1795.00,2693.00
441.00,98.00,95.00
87.00,441.00,95.00
43.00,144.00,238.00
32.00,43.00,238.00
854.00,1842.00,860.00
856.00,854.00,860.00
819.00,1776.00,1785.00
831.00,819.00,1785.00
3849.00,4181.00,4182.00
3851.00,3849.00,4182.00
6492.00,6485.00,6368.00
6484.00,6492.00,6368.00
3106.00,1953.00,1378.00
7112.00,3106.00,1378.00
1306.00,799.00,798.00
802.00,1306.00,798.00
6997.00,2575.00,2574.00
3335.00,6997.00,2574.00
5739.00,5731.00,5756.00
5755.00,5739.00,5756.00
454.00,734.00,1189.00
1172.00,454.00,1189.00
76.00,53.00,65.00
78.00,76.00,65.00
134.00,222.00,211.00
125.00,134.00,211.00
5544.00,5108.00,4732.00
5110.00,5544.00,4732.00
5920.00,5609.00,5918.00
6039.00,5920.00,5918.00
4452.00,4806.00,4811.00
4453.00,4452.00,4811.00
1432.00,2044.00,1426.00
1429.00,1432.00,1426.00
7549.00,7334.00,7744.00
3981.00,7549.00,7744.00
4191.00,4190.00,3572.00
4285.00,4191.00,3572.00
2342.00,2059.00,2064.00
2344.00,2342.00,2064.00
5500.00,5492.00,5717.00
5495.00,5500.00,5717.00
3460.00,3472.00,4190.00
3461.00,3460.00,4190.00
7672.00,2812.00,3142.00
3139.00,7672.00,3142.00
7213.00,7678.00,7739.00
7543.00,7213.00,7739.00
5836.00,7688.00,5048.00
5529.00,5836.00,5048.00
7714.00,1570.00,7738.00
7718.00,7714.00,7738.00
7727.00,5512.00,5753.00
1125.00,7745.00,6951.00
1140.00,1125.00,6951.00
6811.00,7699.00,3780.00
3782.00,6811.00,3780.00
7217.00,7170.00,7701.00
7722.00,7217.00,7701.00
3364.00,3365.00,3370.00
3361.00,3364.00,3370.00
2483.00,2496.00,1535.00
1525.00,2483.00,1535.00
1958.00,1903.00,1905.00
1987.00,1958.00,1905.00
1135.00,1119.00,1423.00
1422.00,1135.00,1423.00
39.00,48.00,53.00
26.00,39.00,53.00
6243.00,6382.00,6529.00
6244.00,6243.00,6529.00
5145.00,4747.00,4289.00
4746.00,5145.00,4289.00
4313.00,7427.00,3918.00
4310.00,4313.00,3918.00
1422.00,1423.00,2319.00
2035.00,1422.00,2319.00
1624.00,7204.00,1307.00
801.00,1624.00,1307.00
7204.00,6977.00,1306.00
1307.00,7204.00,1306.00
2036.00,2010.00,1137.00
1426.00,2036.00,1137.00
5932.00,5929.00,6055.00
6062.00,5932.00,6055.00
7427.00,4281.00,3571.00
3513.00,7427.00,3571.00
1337.00,7589.00,652.00
860.00,1337.00,652.00
5429.00,5639.00,5643.00
4901.00,5429.00,5643.00
5427.00,5429.00,4901.00
4897.00,5427.00,4901.00
2847.00,2830.00,2047.00
2846.00,2847.00,2047.00
7649.00,7721.00,6382.00
6377.00,7649.00,6382.00
6006.00,6250.00,7727.00
5753.00,6006.00,7727.00
2010.00,2036.00,2328.00
2327.00,2010.00,2328.00
4071.00,3307.00,6788.00
4605.00,4071.00,6788.00
3299.00,6788.00,3307.00
2517.00,3299.00,3307.00
6268.00,6259.00,6251.00
6006.00,6268.00,6251.00
6233.00,6485.00,6377.00
6243.00,6233.00,6377.00
