97.29,92.82,27.27
91.60,91.35,27.13
83.72,98.77,24.81
90.21,91.74,27.77
89.11,94.42,17.54
89.29,92.44,28.12
89.03,94.95,17.78
88.49,93.18,28.10
88.87,91.90,15.19
88.83,95.74,18.13
88.71,91.57,14.30
90.01,91.86,27.86
88.22,91.36,10.78
88.14,93.43,28.03
87.73,98.18,19.09
87.56,91.57,7.73
87.75,93.67,27.99
86.91,99.05,19.54
86.74,99.18,19.66
88.50,91.33,12.36
85.53,95.28,27.95
85.24,99.81,20.92
83.75,99.25,23.73
83.93,99.50,22.96
83.70,98.91,24.54
83.74,98.61,25.08
83.78,98.44,25.35
83.71,99.04,24.27
83.81,98.26,25.62
83.99,97.66,26.39
83.86,98.08,25.88
83.72,99.15,24.00
84.03,99.57,22.69
83.86,99.41,23.22
83.80,99.33,23.47
83.92,97.87,26.14
84.16,97.22,26.83
84.07,97.44,26.62
84.50,96.55,27.36
84.37,96.77,27.20
84.26,96.99,27.03
84.41,99.74,21.92
84.27,99.69,22.16
84.15,99.63,22.42
84.65,96.34,27.49
84.56,99.78,21.69
84.80,96.13,27.61
84.71,99.81,21.48
84.88,99.82,21.29
84.97,95.91,27.72
85.14,95.70,27.81
85.43,99.78,20.75
85.62,99.73,20.58
85.81,99.66,20.41
85.06,99.82,21.10
85.75,95.08,28.00
86.00,94.88,28.03
85.32,95.49,27.89
86.24,94.69,28.05
86.00,99.59,20.25
86.19,99.51,20.10
86.48,94.51,28.05
86.71,94.34,28.03
86.48,91.91,5.66
86.56,99.30,19.80
86.37,99.41,19.94
86.64,91.92,5.90
86.94,94.17,28.01
87.08,98.91,19.43
86.80,91.90,6.14
87.15,94.04,27.99
87.24,98.75,19.33
87.22,91.77,6.89
86.95,91.87,6.38
87.34,91.70,7.16
87.41,98.57,19.24
87.56,93.79,27.98
87.36,93.91,27.98
87.09,91.83,6.63
87.88,97.96,19.01
87.57,98.39,19.17
87.66,91.50,8.03
87.45,91.64,7.45
87.97,91.33,9.27
87.90,91.35,8.96
87.74,91.45,8.34
87.82,91.39,8.65
88.01,97.73,18.94
88.03,91.32,9.57
88.10,91.33,9.86
88.30,91.33,11.30
88.15,91.35,10.10
88.18,91.36,10.32
88.35,96.96,18.69
88.35,91.31,11.56
88.14,97.47,18.86
88.32,93.31,28.06
87.95,93.55,28.00
88.45,96.74,18.60
88.25,97.18,18.77
88.25,91.35,11.03
88.20,91.36,10.55
88.59,91.45,13.46
88.41,91.30,11.82
88.56,91.38,12.90
88.75,96.00,18.26
88.83,91.80,14.98
88.63,91.48,13.75
88.74,91.64,14.55
88.66,91.52,14.03
88.46,91.31,12.09
88.54,91.35,12.63
88.66,96.26,18.39
88.58,91.42,13.18
88.79,91.72,14.77
88.91,92.02,15.41
88.65,93.04,28.13
88.81,92.90,28.15
88.56,96.51,18.51
88.91,95.47,18.00
89.05,92.92,16.47
89.00,92.50,16.06
88.98,92.32,15.84
88.94,92.16,15.63
89.03,92.70,16.27
89.10,93.38,16.88
89.11,93.63,17.07
89.08,94.68,17.67
88.97,95.21,17.89
89.08,93.14,16.68
88.97,92.75,28.16
89.12,93.88,17.24
89.46,92.28,28.08
89.13,92.59,28.15
89.12,94.15,17.40
89.82,91.99,27.95
89.63,92.13,28.02
90.87,91.47,27.44
90.42,91.63,27.66
90.64,91.54,27.56
91.11,91.41,27.34
91.35,91.37,27.23
91.85,91.35,27.04
92.10,91.36,26.97
92.36,91.37,26.89
92.62,91.39,26.82
92.89,91.43,26.77
93.15,91.48,26.73
94.26,91.77,26.76
93.43,91.55,26.71
93.98,91.70,26.73
93.70,91.62,26.71
94.55,91.85,26.82
94.96,91.94,26.92
95.37,92.06,27.00
95.62,91.88,27.19
95.79,92.19,27.06
96.19,92.35,27.11
96.60,92.51,27.15
96.88,92.50,27.19
97.60,92.93,27.34
96.96,92.68,27.21
97.90,93.04,27.42
98.18,93.12,27.50
