1.00,0.00,2.00
47.00,4.00,48.00
23.00,38.00,22.00
62.00,31.00,55.00
63.00,56.00,57.00
63.00,57.00,133.00
183.00,182.00,184.00
228.00,227.00,225.00
283.00,289.00,175.00
297.00,301.00,213.00
371.00,370.00,372.00
1157.00,390.00,391.00
412.00,257.00,410.00
412.00,410.00,408.00
417.00,415.00,416.00
463.00,428.00,429.00
474.00,507.00,508.00
542.00,518.00,544.00
554.00,526.00,527.00
527.00,555.00,554.00
559.00,558.00,560.00
652.00,626.00,627.00
661.00,301.00,297.00
301.00,661.00,662.00
889.00,1078.00,320.00
1078.00,1080.00,320.00
948.00,456.00,452.00
515.00,462.00,952.00
1326.00,984.00,564.00
1015.00,1485.00,674.00
1035.00,786.00,788.00
1073.00,1072.00,1074.00
1073.00,1074.00,1078.00
1073.00,1078.00,1086.00
1086.00,889.00,1084.00
889.00,1086.00,1078.00
1124.00,1107.00,1115.00
1115.00,1125.00,1124.00
1139.00,1137.00,1138.00
1157.00,1193.00,423.00
1242.00,948.00,949.00
1242.00,1244.00,948.00
1266.00,1240.00,949.00
1297.00,1296.00,1298.00
1297.00,1298.00,1326.00
975.00,1342.00,974.00
977.00,1283.00,1320.00
1396.00,1372.00,1374.00
1396.00,1374.00,1398.00
1435.00,1436.00,1480.00
1435.00,1480.00,1540.00
1004.00,1488.00,997.00
1492.00,1455.00,1454.00
1492.00,1454.00,1458.00
1458.00,1497.00,1496.00
1480.00,1539.00,1540.00
1020.00,1588.00,1015.00
722.00,1588.00,1020.00
1739.00,1701.00,1740.00
1742.00,1708.00,1712.00
1742.00,1712.00,1746.00
1786.00,865.00,1739.00
1921.00,1892.00,1893.00
1933.00,1937.00,1087.00
1185.00,1984.00,1187.00
1985.00,1185.00,1189.00
1985.00,1984.00,1185.00
1988.00,1244.00,2002.00
2358.00,2044.00,1354.00
2061.00,1396.00,1398.00
2061.00,2060.00,1396.00
2086.00,1540.00,2100.00
1789.00,2813.00,1746.00
2559.00,1893.00,2155.00
2247.00,2245.00,2246.00
2282.00,1981.00,2280.00
2282.00,2280.00,2278.00
2282.00,1980.00,1981.00
2269.00,1985.00,1969.00
2292.00,2280.00,1981.00
2290.00,2280.00,2292.00
1988.00,2292.00,1981.00
2317.00,1986.00,1990.00
2303.00,2301.00,2302.00
2305.00,2304.00,2306.00
2002.00,2290.00,2292.00
2002.00,2292.00,1988.00
2305.00,2306.00,2322.00
2305.00,2322.00,2350.00
2328.00,2317.00,2316.00
2015.00,2319.00,2320.00
2345.00,2343.00,2344.00
2381.00,2379.00,2380.00
2390.00,2046.00,2047.00
2366.00,2036.00,2400.00
1336.00,2056.00,2370.00
2061.00,2084.00,2060.00
2416.00,2449.00,2415.00
2534.00,2163.00,2135.00
2545.00,2155.00,2156.00
2156.00,2157.00,2545.00
2545.00,2559.00,2155.00
2559.00,2545.00,2560.00
2590.00,2191.00,2559.00
2570.00,2172.00,2592.00
2570.00,2592.00,2593.00
2604.00,2581.00,2185.00
2688.00,2690.00,2304.00
2382.00,2734.00,2390.00
2416.00,3351.00,2449.00
2593.00,2850.00,2570.00
2942.00,2933.00,2941.00
2689.00,2954.00,2688.00
2969.00,2697.00,2949.00
2703.00,2982.00,2702.00
2969.00,2705.00,2697.00
2705.00,2969.00,2970.00
2991.00,2989.00,2990.00
2975.00,2999.00,3000.00
2727.00,2987.00,3006.00
3045.00,2753.00,2747.00
2753.00,3045.00,3046.00
2787.00,3102.00,2786.00
3115.00,2805.00,2795.00
3147.00,3149.00,3146.00
3147.00,3159.00,3149.00
3199.00,2590.00,2591.00
2955.00,3314.00,3285.00
3355.00,3056.00,3356.00
3372.00,3356.00,3056.00
3475.00,2874.00,2619.00
3514.00,3252.00,3250.00
3519.00,3257.00,3256.00
3266.00,3534.00,3533.00
3277.00,3533.00,3550.00
3571.00,3552.00,3290.00
3292.00,3293.00,3578.00
2988.00,3916.00,2990.00
3309.00,3676.00,3611.00
3332.00,3658.00,3657.00
3643.00,3681.00,3682.00
3648.00,3684.00,3685.00
3696.00,3685.00,3684.00
3351.00,3937.00,3718.00
3726.00,3721.00,3720.00
3732.00,3081.00,3724.00
3725.00,3379.00,3373.00
3753.00,3392.00,3738.00
3748.00,3756.00,3757.00
3769.00,3404.00,3756.00
3764.00,3772.00,3773.00
3816.00,3815.00,3817.00
3817.00,3815.00,6864.00
3861.00,3493.00,3859.00
3861.00,3864.00,3493.00
3889.00,3888.00,3544.00
3903.00,3599.00,3581.00
3665.00,3716.00,3990.00
4099.00,3848.00,3844.00
3864.00,4126.00,3498.00
3499.00,3498.00,4126.00
3885.00,4144.00,4145.00
4147.00,3885.00,4145.00
3889.00,4148.00,3888.00
4151.00,4157.00,4158.00
3916.00,4176.00,4177.00
3972.00,4256.00,3968.00
3973.00,4280.00,4257.00
3994.00,4320.00,3992.00
4333.00,4001.00,3993.00
4391.00,4390.00,4389.00
4394.00,4393.00,4404.00
4404.00,4397.00,4394.00
3774.00,4408.00,4401.00
4407.00,4041.00,4029.00
4419.00,4417.00,4430.00
4419.00,4433.00,4425.00
4419.00,4430.00,4433.00
4439.00,4437.00,4050.00
4449.00,4052.00,4054.00
4449.00,4054.00,4430.00
4430.00,4054.00,4433.00
4061.00,4456.00,4451.00
4118.00,4499.00,4121.00
4519.00,4139.00,4517.00
4543.00,4544.00,4176.00
4548.00,4540.00,4172.00
4194.00,4547.00,4215.00
4394.00,4636.00,4393.00
4637.00,4636.00,4394.00
4709.00,4499.00,4496.00
4523.00,4754.00,4755.00
4757.00,4525.00,4524.00
4797.00,4545.00,4544.00
4821.00,4561.00,4560.00
4563.00,4822.00,4562.00
4833.00,4898.00,4579.00
5274.00,4982.00,4622.00
4985.00,5274.00,4622.00
5005.00,4630.00,4631.00
5025.00,7448.00,5290.00
5028.00,5027.00,5031.00
5015.00,5037.00,4636.00
4640.00,5038.00,4638.00
5099.00,5097.00,5112.00
4736.00,5184.00,4738.00
4752.00,5192.00,4754.00
5268.00,5270.00,4956.00
4990.00,5005.00,5280.00
5807.00,5008.00,4994.00
5028.00,5292.00,5027.00
5293.00,5292.00,5028.00
5343.00,5160.00,5340.00
5389.00,5185.00,5184.00
6405.00,5405.00,5391.00
5425.00,5415.00,5426.00
5426.00,5439.00,5425.00
5425.00,5439.00,5440.00
5216.00,5478.00,5214.00
5491.00,5514.00,5215.00
5527.00,5559.00,5530.00
5248.00,5582.00,5246.00
5612.00,5585.00,5252.00
7131.00,5257.00,5654.00
5658.00,5257.00,7131.00
5880.00,5847.00,5300.00
5934.00,5953.00,5318.00
5935.00,5319.00,5307.00
5973.00,5972.00,5378.00
5464.00,5466.00,6006.00
5483.00,6011.00,5506.00
5973.00,6048.00,5972.00
6055.00,6064.00,5979.00
5992.00,6068.00,5990.00
6080.00,6068.00,5994.00
6079.00,6090.00,5991.00
6112.00,6097.00,6006.00
6144.00,6133.00,6018.00
6183.00,6047.00,6039.00
73.00,180.00,113.00
57.00,51.00,133.00
165.00,573.00,283.00
228.00,213.00,301.00
662.00,228.00,301.00
369.00,391.00,390.00
560.00,558.00,564.00
1152.00,416.00,927.00
416.00,1152.00,929.00
417.00,416.00,929.00
564.00,558.00,982.00
1326.00,564.00,982.00
581.00,1370.00,991.00
625.00,682.00,1004.00
997.00,625.00,1004.00
1107.00,1124.00,1143.00
1153.00,1189.00,1152.00
712.00,1546.00,753.00
1087.00,1077.00,1933.00
6672.00,382.00,912.00
1153.00,1969.00,1985.00
1189.00,1153.00,1985.00
2002.00,1244.00,2290.00
1440.00,1434.00,2076.00
2410.00,1440.00,2076.00
1435.00,1540.00,2086.00
1893.00,2559.00,2191.00
1921.00,1893.00,2191.00
1984.00,1985.00,2269.00
2268.00,1984.00,2269.00
2506.00,2128.00,2512.00
2383.00,2448.00,2768.00
3848.00,6348.00,3218.00
2982.00,2718.00,3002.00
3092.00,2792.00,3093.00
3102.00,2794.00,3110.00
2804.00,2805.00,3115.00
3104.00,2804.00,3115.00
3030.00,3026.00,3334.00
3085.00,3373.00,3379.00
3100.00,3116.00,3746.00
3104.00,3390.00,3395.00
3120.00,3131.00,3762.00
3134.00,3124.00,3407.00
3522.00,3514.00,3270.00
3514.00,3522.00,3517.00
3581.00,3599.00,3598.00
3650.00,3348.00,3684.00
3097.00,2784.00,3100.00
3746.00,3097.00,3100.00
3700.00,3721.00,3992.00
3975.00,3700.00,3992.00
3748.00,4012.00,4017.00
3756.00,3748.00,4017.00
3764.00,4024.00,4029.00
3772.00,3764.00,4029.00
4110.00,3851.00,4099.00
4107.00,3854.00,4488.00
4149.00,4148.00,4165.00
4213.00,4210.00,4256.00
4351.00,4339.00,4350.00
4308.00,4606.00,4607.00
4393.00,4636.00,4639.00
4430.00,4417.00,4653.00
4447.00,4052.00,4449.00
4665.00,4447.00,4449.00
4442.00,4451.00,4666.00
4666.00,4451.00,4456.00
4527.00,4525.00,4757.00
4768.00,4527.00,4757.00
4537.00,4535.00,4775.00
4792.00,4537.00,4775.00
4864.00,4821.00,4861.00
4604.00,4842.00,4563.00
4606.00,4579.00,4898.00
5220.00,4835.00,5228.00
5234.00,4901.00,5246.00
4956.00,5270.00,5271.00
5274.00,5272.00,4982.00
5027.00,5292.00,5295.00
5097.00,5318.00,5321.00
5195.00,5445.00,5449.00
5516.00,5514.00,6469.00
5876.00,5302.00,5879.00
5321.00,5318.00,5953.00
5971.00,5321.00,5953.00
5436.00,5994.00,5992.00
5464.00,6006.00,6004.00
6006.00,5466.00,6010.00
5972.00,6048.00,6051.00
4052.00,6227.00,4054.00
912.00,6259.00,372.00
2790.00,6344.00,2792.00
459.00,181.00,6251.00
1101.00,1107.00,1143.00
817.00,1704.00,6290.00
2790.00,2795.00,6344.00
3498.00,3493.00,3864.00
6564.00,2885.00,6215.00
3902.00,4168.00,4165.00
4148.00,3902.00,4165.00
4366.00,3746.00,6363.00
6159.00,6156.00,6447.00
2.00,0.00,4.00
3.00,2.00,4.00
6.00,28.00,1.00
2.00,6.00,1.00
8.00,6.00,2.00
3.00,8.00,2.00
8.00,11.00,10.00
6.00,8.00,10.00
20.00,23.00,22.00
18.00,20.00,22.00
1.00,28.00,25.00
36.00,22.00,38.00
47.00,48.00,50.00
49.00,47.00,50.00
57.00,56.00,49.00
56.00,63.00,62.00
55.00,56.00,62.00
163.00,162.00,164.00
174.00,185.00,162.00
163.00,174.00,162.00
175.00,174.00,163.00
185.00,184.00,186.00
184.00,202.00,183.00
240.00,239.00,225.00
227.00,240.00,225.00
532.00,573.00,165.00
362.00,904.00,337.00
338.00,362.00,337.00
912.00,382.00,6259.00
429.00,428.00,415.00
417.00,429.00,415.00
454.00,452.00,456.00
532.00,531.00,6263.00
627.00,626.00,628.00
818.00,819.00,788.00
904.00,902.00,337.00
948.00,452.00,949.00
429.00,933.00,463.00
962.00,496.00,963.00
558.00,559.00,981.00
643.00,666.00,1006.00
857.00,833.00,6285.00
1089.00,1090.00,1092.00
1153.00,1152.00,1137.00
1139.00,1153.00,1137.00
1372.00,2056.00,1336.00
1337.00,1372.00,1336.00
1387.00,1386.00,1353.00
1454.00,1455.00,1398.00
1402.00,1458.00,1454.00
1491.00,1490.00,1451.00
1453.00,1491.00,1451.00
6314.00,1628.00,6344.00
817.00,1628.00,6314.00
1739.00,1740.00,1786.00
1924.00,1927.00,1926.00
1922.00,1924.00,1926.00
1138.00,1136.00,1964.00
1964.00,1965.00,1139.00
1138.00,1964.00,1139.00
1986.00,1191.00,1990.00
1998.00,1238.00,1999.00
2046.00,1356.00,2047.00
1331.00,2035.00,2054.00
1371.00,2055.00,1449.00
2082.00,2083.00,1453.00
1670.00,1709.00,2506.00
1073.00,1086.00,2197.00
2225.00,2223.00,2228.00
1969.00,1965.00,2269.00
2301.00,2299.00,2302.00
1296.00,1297.00,2347.00
2035.00,2416.00,2399.00
2054.00,2035.00,2399.00
2083.00,2451.00,2469.00
2087.00,2083.00,2469.00
1741.00,1704.00,6211.00
2807.00,1741.00,6211.00
2560.00,2591.00,2590.00
2559.00,2560.00,2590.00
6340.00,2581.00,2874.00
2278.00,2672.00,2674.00
2282.00,2278.00,2674.00
2350.00,2716.00,2689.00
2305.00,2350.00,2689.00
2734.00,2382.00,2735.00
2840.00,2562.00,2842.00
3848.00,7132.00,6348.00
2674.00,2672.00,2933.00
2954.00,2689.00,2716.00
2997.00,2954.00,2716.00
3291.00,3297.00,2976.00
2963.00,3291.00,2976.00
3334.00,3026.00,3335.00
3014.00,3043.00,3325.00
3068.00,3368.00,3335.00
3351.00,3718.00,3719.00
3544.00,3888.00,3546.00
3891.00,3903.00,3581.00
3973.00,3972.00,3696.00
3697.00,3973.00,3696.00
3973.00,3697.00,3975.00
4280.00,3973.00,3975.00
3721.00,3726.00,3994.00
3992.00,3721.00,3994.00
3995.00,3994.00,3726.00
3746.00,3116.00,6363.00
3888.00,4148.00,4149.00
3546.00,3888.00,4149.00
3891.00,4149.00,4165.00
3903.00,3891.00,4165.00
4413.00,4036.00,4042.00
4061.00,4451.00,4450.00
4060.00,4061.00,4450.00
4112.00,4496.00,4113.00
4544.00,4545.00,4177.00
4176.00,4544.00,4177.00
4545.00,4547.00,4194.00
4177.00,4545.00,4194.00
4561.00,4577.00,4260.00
4223.00,4561.00,4260.00
4430.00,4653.00,4449.00
4662.00,4665.00,5080.00
5184.00,5185.00,4739.00
4738.00,5184.00,4739.00
5185.00,5187.00,4739.00
4816.00,5226.00,4861.00
5185.00,5389.00,5403.00
5187.00,5185.00,5403.00
5612.00,5252.00,5272.00
5292.00,5806.00,5843.00
6037.00,6039.00,5564.00
5979.00,5977.00,6055.00
6112.00,6128.00,6446.00
6112.00,6006.00,6010.00
6128.00,6112.00,6010.00
6144.00,6018.00,6022.00
6156.00,6144.00,6022.00
6447.00,7320.00,6160.00
6037.00,6175.00,6183.00
6039.00,6037.00,6183.00
2893.00,2223.00,2217.00
5585.00,5612.00,6245.00
456.00,948.00,409.00
1297.00,1326.00,982.00
2015.00,2320.00,1288.00
2383.00,2410.00,2076.00
2448.00,2383.00,2076.00
3252.00,3514.00,3517.00
4168.00,4207.00,3903.00
4165.00,4168.00,3903.00
4577.00,4864.00,5239.00
5391.00,5405.00,5981.00
5406.00,5391.00,5981.00
5483.00,5506.00,5472.00
5525.00,5503.00,5540.00
5339.00,5971.00,6614.00
5321.00,5971.00,5147.00
109.00,224.00,6253.00
2164.00,2563.00,2562.00
2614.00,2599.00,6340.00
2088.00,2476.00,2779.00
2983.00,2970.00,7466.00
2840.00,3181.00,3180.00
5514.00,5564.00,6469.00
50.00,398.00,51.00
1115.00,1107.00,1109.00
6202.00,6539.00,1796.00
2065.00,2373.00,2379.00
2874.00,2581.00,2604.00
2619.00,2874.00,2604.00
2694.00,2278.00,2314.00
4207.00,3937.00,3599.00
3903.00,4207.00,3599.00
5008.00,5031.00,5048.00
5519.00,5226.00,4814.00
5206.00,5214.00,5478.00
5460.00,5206.00,5478.00
5667.00,5807.00,5270.00
5268.00,5667.00,5270.00
40.00,392.00,128.00
456.00,424.00,454.00
650.00,651.00,673.00
3452.00,3819.00,3831.00
3373.00,2469.00,2451.00
3085.00,3093.00,2783.00
6359.00,6556.00,4081.00
7343.00,578.00,6463.00
6564.00,6335.00,2885.00
2619.00,2604.00,2584.00
5018.00,5038.00,5025.00
4540.00,4548.00,4785.00
722.00,675.00,721.00
2255.00,1964.00,1136.00
7026.00,2792.00,6344.00
2805.00,2804.00,6211.00
3476.00,3218.00,2877.00
3848.00,3218.00,3476.00
3844.00,3848.00,3476.00
6446.00,6575.00,6112.00
35.00,79.00,225.00
239.00,35.00,225.00
3246.00,3512.00,6353.00
6584.00,4022.00,4630.00
4648.00,5048.00,5083.00
6185.00,474.00,454.00
424.00,6185.00,454.00
24.00,48.00,4.00
0.00,24.00,4.00
2548.00,2591.00,2560.00
3170.00,6359.00,3199.00
2591.00,3170.00,3199.00
181.00,113.00,180.00
240.00,227.00,241.00
255.00,240.00,241.00
652.00,682.00,625.00
626.00,652.00,625.00
716.00,754.00,715.00
714.00,716.00,715.00
1020.00,675.00,722.00
980.00,981.00,1364.00
1374.00,1372.00,1337.00
1353.00,1386.00,1348.00
1878.00,1907.00,1906.00
1908.00,1927.00,1924.00
1109.00,1107.00,1108.00
1304.00,1298.00,1296.00
6314.00,6344.00,2795.00
2805.00,6314.00,2795.00
1996.00,450.00,1993.00
2690.00,2312.00,2304.00
3100.00,3110.00,3116.00
4527.00,4768.00,5200.00
6051.00,6055.00,5977.00
5976.00,6051.00,5977.00
3393.00,3738.00,3392.00
3124.00,3127.00,3402.00
4665.00,4662.00,4447.00
5073.00,5308.00,5306.00
6186.00,222.00,742.00
372.00,6259.00,392.00
6291.00,2136.00,1053.00
25.00,24.00,0.00
1.00,25.00,0.00
287.00,183.00,203.00
296.00,287.00,203.00
544.00,518.00,545.00
582.00,544.00,545.00
2274.00,2276.00,2273.00
4449.00,4653.00,4665.00
5015.00,4636.00,4637.00
2086.00,2100.00,2075.00
5440.00,5997.00,5418.00
62.00,63.00,140.00
105.00,62.00,140.00
1244.00,1242.00,2290.00
2909.00,2650.00,2240.00
2906.00,2909.00,2240.00
2371.00,2727.00,3006.00
2650.00,2909.00,3246.00
3512.00,6498.00,6353.00
2584.00,6500.00,2619.00
2619.00,6500.00,3475.00
3170.00,6556.00,6359.00
4676.00,6559.00,5324.00
2213.00,1092.00,2211.00
3831.00,3475.00,6500.00
3452.00,3831.00,6500.00
6460.00,6238.00,7136.00
1374.00,970.00,974.00
6498.00,6511.00,6353.00
4176.00,3583.00,4543.00
6498.00,3512.00,4517.00
4139.00,6498.00,4517.00
102.00,52.00,30.00
1398.00,1374.00,974.00
1454.00,1398.00,974.00
2100.00,1540.00,2098.00
6722.00,6403.00,6590.00
6586.00,5667.00,5665.00
6097.00,6112.00,6575.00
5843.00,5806.00,6586.00
6079.00,6587.00,6090.00
249.00,742.00,222.00
224.00,249.00,222.00
6463.00,578.00,6185.00
3392.00,3753.00,3390.00
3107.00,3392.00,3390.00
5176.00,4126.00,3864.00
714.00,715.00,6536.00
2246.00,2650.00,6896.00
6290.00,6522.00,6449.00
5954.00,6562.00,6649.00
6507.00,6649.00,6562.00
818.00,842.00,819.00
624.00,997.00,1358.00
1392.00,624.00,1358.00
1326.00,1298.00,984.00
981.00,1392.00,1364.00
1386.00,1387.00,6622.00
3684.00,3648.00,3650.00
5472.00,5506.00,5527.00
5426.00,5415.00,5386.00
6128.00,6250.00,6446.00
2854.00,3452.00,6500.00
2584.00,2854.00,6500.00
4052.00,4081.00,6556.00
6227.00,4052.00,6556.00
2219.00,2213.00,2215.00
2220.00,2219.00,2215.00
4267.00,4579.00,4606.00
4308.00,4267.00,4606.00
2206.00,1090.00,1937.00
2358.00,1354.00,1325.00
4339.00,4614.00,4932.00
6261.00,7413.00,6465.00
528.00,277.00,602.00
4378.00,4399.00,4369.00
4628.00,6363.00,6584.00
2341.00,2343.00,2358.00
3023.00,3046.00,3045.00
3021.00,3023.00,3045.00
4391.00,4389.00,4030.00
4451.00,4439.00,4450.00
4389.00,4390.00,4631.00
5453.00,5437.00,5460.00
2496.00,2787.00,2106.00
4022.00,3762.00,4030.00
231.00,710.00,692.00
2299.00,1996.00,2302.00
2941.00,2933.00,2672.00
2961.00,2941.00,2672.00
4042.00,4036.00,6659.00
3918.00,4237.00,4238.00
4779.00,4531.00,4158.00
5654.00,5247.00,6461.00
6757.00,6215.00,6330.00
3040.00,3309.00,2346.00
4634.00,5018.00,5284.00
6144.00,6156.00,6159.00
5284.00,4631.00,4390.00
4634.00,5284.00,4390.00
841.00,6528.00,811.00
673.00,1504.00,6271.00
650.00,673.00,6271.00
5844.00,5847.00,6428.00
3661.00,3703.00,3688.00
452.00,454.00,508.00
2061.00,1398.00,1455.00
4624.00,4980.00,4978.00
4366.00,6363.00,4628.00
4622.00,4366.00,4628.00
715.00,754.00,1034.00
2694.00,2961.00,2672.00
2278.00,2694.00,2672.00
3068.00,3335.00,3048.00
4057.00,3175.00,3158.00
1087.00,1937.00,1090.00
6779.00,6461.00,5247.00
5519.00,5516.00,6791.00
6839.00,6793.00,1117.00
6409.00,4779.00,5203.00
5472.00,6409.00,5203.00
1458.00,1496.00,1492.00
484.00,486.00,464.00
1208.00,1993.00,444.00
628.00,626.00,624.00
982.00,980.00,1297.00
1709.00,1670.00,1708.00
1742.00,1709.00,1708.00
2686.00,2950.00,2949.00
3097.00,2782.00,2784.00
3578.00,3596.00,3297.00
4147.00,3887.00,3886.00
3885.00,4147.00,3886.00
5991.00,5439.00,5426.00
6096.00,5453.00,6004.00
711.00,255.00,241.00
495.00,527.00,526.00
449.00,495.00,526.00
1739.00,865.00,841.00
1354.00,1353.00,1348.00
3107.00,3115.00,2795.00
2790.00,3107.00,2795.00
4634.00,4638.00,5038.00
5018.00,4634.00,5038.00
5843.00,5879.00,5295.00
5292.00,5843.00,5295.00
10.00,11.00,31.00
30.00,10.00,31.00
3334.00,3665.00,3030.00
3402.00,3127.00,3404.00
3769.00,3402.00,3404.00
3309.00,3346.00,3676.00
3948.00,3657.00,3658.00
5247.00,4939.00,4871.00
5306.00,5308.00,5908.00
6227.00,6556.00,3170.00
714.00,6536.00,1539.00
1480.00,714.00,1539.00
5260.00,4947.00,4879.00
4945.00,5260.00,4879.00
811.00,6528.00,742.00
6522.00,811.00,742.00
2317.00,2328.00,7414.00
4701.00,4729.00,5340.00
4516.00,4517.00,3512.00
4189.00,4279.00,4207.00
6247.00,5670.00,5274.00
2217.00,2223.00,2220.00
2215.00,2217.00,2220.00
3392.00,3107.00,2790.00
3404.00,3127.00,2802.00
1549.00,1496.00,1497.00
1548.00,1549.00,1497.00
6972.00,6504.00,5391.00
5406.00,6972.00,5391.00
2098.00,1540.00,1539.00
1124.00,1125.00,1148.00
2982.00,3002.00,2980.00
3402.00,3767.00,3124.00
5216.00,5218.00,5478.00
181.00,610.00,297.00
602.00,601.00,528.00
113.00,213.00,79.00
73.00,113.00,79.00
183.00,287.00,182.00
3158.00,3159.00,3147.00
3145.00,3158.00,3147.00
296.00,6665.00,287.00
6554.00,6700.00,6821.00
6550.00,7236.00,5574.00
5159.00,6722.00,4699.00
190.00,6727.00,6464.00
6640.00,6742.00,6469.00
614.00,6758.00,642.00
673.00,6760.00,1504.00
7323.00,6779.00,6413.00
627.00,6798.00,652.00
5847.00,5880.00,6816.00
6685.00,6761.00,6172.00
3142.00,3154.00,6773.00
4044.00,4042.00,6773.00
7237.00,3068.00,6700.00
6253.00,6727.00,194.00
486.00,435.00,464.00
1485.00,1015.00,6304.00
369.00,390.00,347.00
1922.00,2194.00,1906.00
1907.00,1922.00,1906.00
7499.00,242.00,6464.00
287.00,569.00,182.00
6428.00,5847.00,6816.00
628.00,559.00,6754.00
627.00,628.00,6754.00
1135.00,382.00,6672.00
1922.00,1926.00,2194.00
2347.00,1297.00,980.00
2570.00,2850.00,6763.00
2874.00,6768.00,6340.00
6185.00,578.00,474.00
3475.00,6864.00,6768.00
2874.00,3475.00,6768.00
6562.00,5324.00,6801.00
716.00,714.00,722.00
1006.00,666.00,6823.00
4509.00,4736.00,3508.00
2705.00,2970.00,2020.00
1006.00,1498.00,643.00
2316.00,2317.00,1990.00
3284.00,3285.00,3314.00
3617.00,3284.00,3314.00
4001.00,3732.00,3724.00
4754.00,4519.00,4741.00
4752.00,4754.00,4741.00
4749.00,4776.00,6408.00
2373.00,1387.00,1353.00
2747.00,1422.00,2408.00
2381.00,2747.00,2408.00
6393.00,4749.00,6405.00
4729.00,6393.00,6405.00
2885.00,6335.00,2210.00
3.00,55.00,11.00
8.00,3.00,11.00
3889.00,3544.00,3517.00
4547.00,4814.00,4215.00
4990.00,5280.00,6247.00
3854.00,6335.00,6564.00
4488.00,3854.00,6564.00
4939.00,5247.00,5654.00
1830.00,2153.00,1796.00
5324.00,5322.00,4676.00
1485.00,6304.00,1446.00
1741.00,1740.00,1701.00
3102.00,3110.00,3100.00
4397.00,4378.00,4394.00
4666.00,5089.00,4442.00
5449.00,5200.00,4768.00
5282.00,5280.00,5005.00
5147.00,5112.00,5097.00
5321.00,5147.00,5097.00
2415.00,2082.00,2055.00
2084.00,3086.00,2454.00
4001.00,4333.00,4000.00
5247.00,4871.00,5581.00
2206.00,2199.00,2201.00
2768.00,2448.00,2446.00
3048.00,2768.00,2446.00
2100.00,2098.00,6821.00
2075.00,2100.00,6821.00
7415.00,6827.00,1083.00
643.00,1404.00,993.00
624.00,1392.00,628.00
3393.00,3392.00,2790.00
109.00,65.00,224.00
6465.00,449.00,526.00
6405.00,5391.00,6504.00
6051.00,5976.00,5972.00
554.00,555.00,650.00
756.00,721.00,818.00
412.00,408.00,371.00
2075.00,2074.00,2086.00
135.00,257.00,53.00
1035.00,788.00,819.00
1700.00,1035.00,819.00
933.00,1213.00,463.00
1392.00,981.00,559.00
628.00,1392.00,559.00
3092.00,3393.00,2790.00
2792.00,3092.00,2790.00
4223.00,3948.00,3658.00
6335.00,3476.00,2877.00
2210.00,6335.00,2877.00
6175.00,6037.00,5562.00
1414.00,1387.00,2065.00
4749.00,6408.00,5405.00
6405.00,4749.00,5405.00
6640.00,5684.00,6854.00
5506.00,6021.00,5527.00
3068.00,3048.00,2446.00
84.00,249.00,224.00
5087.00,5911.00,5908.00
6330.00,6215.00,6908.00
6872.00,526.00,554.00
625.00,997.00,624.00
626.00,625.00,624.00
682.00,652.00,681.00
949.00,1240.00,1242.00
3596.00,3598.00,3315.00
3335.00,3368.00,3713.00
3334.00,3335.00,3713.00
4685.00,4667.00,5117.00
5220.00,5466.00,5218.00
5295.00,5879.00,5067.00
4024.00,4399.00,4029.00
4495.00,4496.00,4112.00
4821.00,4864.00,4577.00
4561.00,4821.00,4577.00
6097.00,6096.00,6004.00
6006.00,6097.00,6004.00
5080.00,5083.00,5031.00
5844.00,6428.00,5808.00
5912.00,5087.00,6439.00
49.00,50.00,51.00
57.00,49.00,51.00
165.00,163.00,164.00
532.00,165.00,164.00
3885.00,3886.00,3534.00
4380.00,4024.00,4027.00
4383.00,4380.00,4027.00
5806.00,5292.00,5293.00
5807.00,5806.00,5293.00
5300.00,5306.00,5880.00
6413.00,5581.00,5241.00
222.00,6727.00,6253.00
224.00,222.00,6253.00
2353.00,2718.00,2982.00
2703.00,2353.00,2982.00
5145.00,5159.00,5339.00
2342.00,2983.00,2710.00
3769.00,3756.00,4017.00
1075.00,1077.00,1080.00
2343.00,2345.00,2358.00
3025.00,3057.00,3046.00
3023.00,3025.00,3046.00
3537.00,3561.00,3550.00
3535.00,3537.00,3550.00
4080.00,4081.00,4455.00
4454.00,4080.00,4455.00
4547.00,4545.00,4797.00
4812.00,4547.00,4797.00
224.00,65.00,84.00
2215.00,2213.00,2216.00
1546.00,2102.00,753.00
722.00,721.00,756.00
716.00,722.00,756.00
4003.00,4000.00,4361.00
1892.00,1921.00,6466.00
6614.00,5971.00,5953.00
4022.00,6584.00,3762.00
5257.00,4939.00,5654.00
5564.00,6039.00,6640.00
6469.00,5564.00,6640.00
2084.00,2779.00,3086.00
4779.00,4775.00,4531.00
6504.00,5340.00,4729.00
6405.00,6504.00,4729.00
6039.00,6047.00,5684.00
6640.00,6039.00,5684.00
6972.00,5395.00,5352.00
3048.00,3335.00,3026.00
1117.00,1191.00,1986.00
6839.00,1117.00,1986.00
651.00,650.00,555.00
995.00,651.00,555.00
1965.00,1964.00,2255.00
2269.00,1965.00,2255.00
3097.00,3094.00,2782.00
4638.00,4401.00,4408.00
4640.00,4638.00,4408.00
4639.00,4636.00,5037.00
4648.00,4639.00,5037.00
1546.00,712.00,1489.00
1490.00,1546.00,1489.00
5378.00,5972.00,5354.00
1392.00,1358.00,1364.00
2320.00,2301.00,2303.00
2337.00,2320.00,2303.00
2320.00,2337.00,1288.00
3508.00,4736.00,4738.00
6727.00,222.00,6186.00
6464.00,6727.00,6186.00
190.00,289.00,194.00
6727.00,190.00,194.00
216.00,214.00,202.00
242.00,230.00,6464.00
5083.00,4653.00,4417.00
4648.00,5083.00,4417.00
6522.00,742.00,249.00
6449.00,6522.00,249.00
582.00,1342.00,544.00
2512.00,2504.00,2506.00
123.00,6449.00,89.00
38.00,123.00,89.00
1109.00,2223.00,2225.00
2415.00,2399.00,2416.00
2380.00,3022.00,3021.00
2381.00,2380.00,3021.00
4631.00,4630.00,4022.00
4389.00,4631.00,4022.00
6133.00,6446.00,6250.00
6018.00,6133.00,6250.00
3975.00,3697.00,3700.00
6068.00,6056.00,5990.00
4755.00,4754.00,5192.00
6175.00,5562.00,6034.00
6068.00,6080.00,6059.00
4366.00,4362.00,3746.00
5514.00,5491.00,5564.00
817.00,6826.00,1628.00
6561.00,6840.00,1431.00
6271.00,6890.00,650.00
650.00,6890.00,554.00
6864.00,3475.00,3831.00
6079.00,5991.00,5426.00
5308.00,4440.00,5908.00
2885.00,2210.00,6827.00
6465.00,526.00,6872.00
6640.00,6854.00,6742.00
6672.00,912.00,6916.00
651.00,995.00,6883.00
6670.00,651.00,6883.00
1704.00,817.00,6314.00
6428.00,6816.00,6854.00
5684.00,6428.00,6854.00
642.00,6758.00,6890.00
6271.00,642.00,6890.00
6890.00,6758.00,6872.00
554.00,6890.00,6872.00
2885.00,6827.00,6908.00
6839.00,6330.00,6908.00
6793.00,6839.00,6908.00
2562.00,2563.00,2842.00
2563.00,6879.00,2842.00
4520.00,6757.00,6912.00
2044.00,2358.00,2345.00
2371.00,2044.00,2345.00
1526.00,1479.00,2093.00
2949.00,2697.00,2686.00
4393.00,4639.00,4425.00
4404.00,4393.00,4425.00
5477.00,5212.00,4792.00
6409.00,5477.00,4792.00
257.00,40.00,53.00
6209.00,2185.00,6205.00
1065.00,1892.00,878.00
1240.00,1266.00,2006.00
2410.00,2383.00,2382.00
2384.00,2410.00,2382.00
1062.00,6466.00,6209.00
3159.00,2839.00,3149.00
2735.00,2382.00,2383.00
484.00,464.00,518.00
6754.00,559.00,560.00
6665.00,6754.00,560.00
4121.00,4503.00,3861.00
1404.00,643.00,1498.00
140.00,268.00,459.00
105.00,140.00,459.00
4389.00,4022.00,4030.00
5453.00,5460.00,5464.00
6004.00,5453.00,5464.00
1489.00,1449.00,1451.00
1490.00,1489.00,1451.00
1830.00,1796.00,6539.00
3864.00,3861.00,4503.00
5176.00,3864.00,4503.00
1138.00,1137.00,1135.00
3973.00,4257.00,3972.00
857.00,6285.00,1053.00
3535.00,3550.00,3533.00
6336.00,2246.00,2245.00
5048.00,6986.00,5008.00
89.00,6449.00,249.00
84.00,89.00,249.00
2768.00,2735.00,2383.00
4495.00,4110.00,5164.00
3092.00,3081.00,3393.00
6010.00,5466.00,6012.00
6849.00,3843.00,6590.00
6590.00,3843.00,6722.00
4939.00,4874.00,4871.00
6763.00,2850.00,6938.00
6908.00,6215.00,2885.00
515.00,952.00,1331.00
4223.00,3658.00,4560.00
5395.00,6972.00,5406.00
4552.00,4834.00,4806.00
4519.00,4754.00,4523.00
4139.00,4519.00,4523.00
2854.00,6474.00,3452.00
4757.00,4524.00,4755.00
1083.00,2197.00,1086.00
1084.00,1083.00,1086.00
1372.00,1396.00,2060.00
2056.00,1372.00,2060.00
1083.00,6827.00,2210.00
2197.00,1083.00,2210.00
3738.00,3732.00,4003.00
4439.00,4451.00,4442.00
4455.00,4447.00,4662.00
5466.00,5464.00,5218.00
4015.00,4361.00,4012.00
6930.00,6090.00,6587.00
4060.00,4050.00,7154.00
6793.00,6908.00,6827.00
3933.00,6829.00,6987.00
6874.00,1708.00,1670.00
5843.00,6586.00,5876.00
5879.00,5843.00,5876.00
5477.00,6409.00,5530.00
47.00,55.00,3.00
4.00,47.00,3.00
10.00,30.00,28.00
6.00,10.00,28.00
89.00,84.00,36.00
38.00,89.00,36.00
175.00,289.00,190.00
174.00,175.00,190.00
203.00,183.00,202.00
214.00,203.00,202.00
214.00,692.00,690.00
1489.00,712.00,641.00
1971.00,1166.00,1149.00
7115.00,3512.00,3246.00
2909.00,3243.00,3246.00
5109.00,4671.00,4464.00
6021.00,5506.00,6011.00
3661.00,3948.00,3949.00
4538.00,4777.00,4776.00
5807.00,5293.00,5008.00
5307.00,5059.00,5302.00
4665.00,4653.00,5083.00
5080.00,4665.00,5083.00
5994.00,6096.00,6080.00
5083.00,5048.00,5031.00
2604.00,2185.00,2584.00
1337.00,959.00,970.00
1374.00,1337.00,970.00
4399.00,4378.00,4397.00
11.00,55.00,31.00
3030.00,3665.00,3338.00
2734.00,3030.00,3338.00
3756.00,3404.00,3757.00
5423.00,5990.00,5981.00
5405.00,5423.00,5981.00
2702.00,2982.00,2980.00
2328.00,2702.00,2980.00
4947.00,6572.00,4879.00
4978.00,5015.00,4624.00
4945.00,4879.00,4596.00
371.00,372.00,392.00
412.00,371.00,392.00
4003.00,4361.00,4015.00
4450.00,4439.00,4050.00
4060.00,4450.00,4050.00
2807.00,2802.00,3127.00
3135.00,2807.00,3127.00
3937.00,4207.00,4279.00
225.00,79.00,213.00
228.00,225.00,213.00
5670.00,5612.00,5272.00
5274.00,5670.00,5272.00
3243.00,3241.00,3501.00
6768.00,6849.00,2614.00
6340.00,6768.00,2614.00
4985.00,4622.00,4628.00
5002.00,4985.00,4628.00
4394.00,4378.00,4637.00
1213.00,952.00,462.00
463.00,1213.00,462.00
3240.00,2901.00,2899.00
2900.00,3240.00,2899.00
7055.00,6654.00,6473.00
6793.00,902.00,1117.00
4822.00,4564.00,4562.00
6579.00,2592.00,2172.00
1348.00,1325.00,1354.00
1090.00,2206.00,2211.00
1092.00,1090.00,2211.00
2276.00,2274.00,3266.00
4151.00,4147.00,4145.00
4792.00,5212.00,4794.00
4537.00,4792.00,4794.00
6048.00,5973.00,5984.00
6059.00,6048.00,5984.00
4249.00,3935.00,4246.00
4309.00,4249.00,4246.00
2084.00,2061.00,1455.00
5806.00,5807.00,5667.00
6586.00,5806.00,5667.00
1089.00,329.00,328.00
3968.00,4256.00,3940.00
4768.00,4757.00,4755.00
5195.00,4768.00,4755.00
5449.00,4768.00,5195.00
6159.00,6930.00,6144.00
6449.00,6935.00,6290.00
6290.00,6935.00,817.00
6670.00,6937.00,651.00
651.00,6937.00,673.00
6202.00,6940.00,6539.00
6539.00,6940.00,6735.00
6741.00,6949.00,6782.00
6782.00,6949.00,6846.00
4070.00,6953.00,6664.00
6664.00,6953.00,2850.00
6584.00,7329.00,3762.00
6912.00,6970.00,4520.00
4520.00,6970.00,6393.00
3022.00,6987.00,6829.00
6693.00,7002.00,6820.00
6861.00,7010.00,6670.00
6937.00,6874.00,6760.00
673.00,6937.00,6760.00
4994.00,5008.00,6986.00
2219.00,2220.00,1108.00
1099.00,2219.00,1108.00
6970.00,4776.00,4749.00
6393.00,6970.00,4749.00
6935.00,6449.00,123.00
6937.00,6670.00,7010.00
6874.00,6937.00,7010.00
817.00,6935.00,6826.00
6953.00,6879.00,6938.00
2850.00,6953.00,6938.00
3176.00,3180.00,6979.00
6879.00,2563.00,6938.00
6970.00,6912.00,4536.00
5037.00,6886.00,6986.00
5403.00,5415.00,5418.00
5187.00,5403.00,5418.00
5949.00,5968.00,6614.00
573.00,507.00,603.00
6526.00,6846.00,6949.00
102.00,30.00,105.00
5200.00,5449.00,5203.00
3136.00,3131.00,2806.00
6133.00,6144.00,6930.00
6587.00,6133.00,6930.00
4060.00,7154.00,6979.00
3180.00,4060.00,6979.00
6849.00,6590.00,7002.00
7064.00,1712.00,7010.00
6664.00,3832.00,7160.00
7018.00,6550.00,7077.00
975.00,974.00,970.00
5220.00,5228.00,6012.00
5027.00,5295.00,5067.00
1796.00,6203.00,6202.00
128.00,392.00,6259.00
5984.00,5395.00,5406.00
6056.00,5984.00,5406.00
3158.00,3145.00,4057.00
4543.00,4794.00,4795.00
4544.00,4543.00,4795.00
6864.00,3831.00,3817.00
4548.00,4172.00,3940.00
4157.00,4527.00,5200.00
4158.00,4157.00,5200.00
1343.00,527.00,977.00
1320.00,1343.00,977.00
28.00,30.00,52.00
2905.00,2645.00,2899.00
2842.00,3181.00,2840.00
5466.00,5220.00,6012.00
105.00,6251.00,102.00
6209.00,2584.00,2185.00
6068.00,5992.00,5994.00
3176.00,6979.00,6957.00
5015.00,6886.00,5037.00
6259.00,398.00,128.00
4667.00,4685.00,4454.00
2312.00,2690.00,2694.00
2784.00,2484.00,2786.00
4981.00,4607.00,4606.00
3493.00,3498.00,2893.00
4575.00,4833.00,4579.00
1189.00,933.00,929.00
1152.00,1189.00,929.00
3854.00,3476.00,6335.00
4527.00,4157.00,4525.00
5270.00,5807.00,4994.00
5271.00,5270.00,4994.00
2316.00,1990.00,1991.00
2297.00,2276.00,3277.00
2191.00,2590.00,7032.00
2476.00,2484.00,2784.00
2782.00,2476.00,2784.00
5581.00,6413.00,6779.00
5247.00,5581.00,6779.00
7089.00,3452.00,6474.00
7090.00,2854.00,2584.00
77.00,78.00,15.00
7041.00,7018.00,6742.00
7071.00,6791.00,5516.00
4288.00,3949.00,4260.00
486.00,484.00,1262.00
2341.00,2358.00,1325.00
7049.00,3483.00,2216.00
1993.00,1208.00,2273.00
4574.00,3922.00,4238.00
4571.00,4574.00,4238.00
5002.00,4630.00,5005.00
6550.00,7018.00,7101.00
7285.00,7334.00,7249.00
2211.00,2206.00,2201.00
2202.00,2211.00,2201.00
2591.00,2548.00,3170.00
3757.00,3395.00,3748.00
5284.00,5018.00,5764.00
5282.00,5284.00,5764.00
128.00,48.00,24.00
40.00,128.00,24.00
5658.00,5260.00,4945.00
5257.00,5658.00,4945.00
194.00,289.00,603.00
1449.00,2055.00,2082.00
2088.00,2084.00,1455.00
4003.00,4015.00,3753.00
3738.00,4003.00,3753.00
203.00,214.00,690.00
296.00,203.00,690.00
1548.00,1498.00,1590.00
4524.00,4525.00,4145.00
4144.00,4524.00,4145.00
6504.00,6972.00,5343.00
5340.00,6504.00,5343.00
4607.00,4309.00,4246.00
4308.00,4607.00,4246.00
4947.00,5260.00,6526.00
6439.00,5087.00,5089.00
5282.00,5005.00,4631.00
5284.00,5282.00,4631.00
230.00,174.00,190.00
6464.00,230.00,190.00
555.00,527.00,1343.00
995.00,555.00,1343.00
2390.00,2734.00,3338.00
48.00,128.00,398.00
50.00,48.00,398.00
1080.00,1078.00,1074.00
1075.00,1080.00,1074.00
6023.00,6021.00,6167.00
6080.00,6096.00,6097.00
857.00,877.00,856.00
5395.00,5378.00,5352.00
2312.00,1998.00,1999.00
4842.00,4604.00,4885.00
4953.00,4842.00,4885.00
4630.00,5002.00,4628.00
6584.00,4630.00,4628.00
6649.00,5915.00,5954.00
56.00,55.00,47.00
49.00,56.00,47.00
428.00,463.00,462.00
427.00,428.00,462.00
6348.00,2202.00,2200.00
3218.00,6348.00,2200.00
3373.00,3371.00,3725.00
133.00,51.00,413.00
427.00,133.00,413.00
31.00,62.00,105.00
30.00,31.00,105.00
5981.00,5990.00,6056.00
5406.00,5981.00,6056.00
4351.00,4362.00,4618.00
2197.00,2210.00,2877.00
1072.00,2197.00,2877.00
5308.00,4437.00,4440.00
6067.00,6079.00,5426.00
3022.00,6829.00,3332.00
6886.00,5015.00,4978.00
7148.00,7251.00,4978.00
5324.00,6559.00,6801.00
1789.00,7127.00,1822.00
6205.00,1776.00,1062.00
6209.00,6205.00,1062.00
4383.00,4017.00,4012.00
4676.00,5322.00,4464.00
5453.00,6096.00,5994.00
2806.00,3131.00,3120.00
5562.00,5491.00,5477.00
5530.00,5562.00,5477.00
18.00,22.00,36.00
33.00,18.00,36.00
5389.00,5179.00,5386.00
4060.00,3180.00,3181.00
4061.00,4060.00,3181.00
498.00,531.00,528.00
2416.00,2035.00,3001.00
3266.00,2274.00,6511.00
6428.00,5684.00,5808.00
2106.00,2787.00,2786.00
4624.00,4378.00,4369.00
4417.00,4419.00,4648.00
2950.00,3561.00,7380.00
3534.00,3886.00,3535.00
3533.00,3534.00,3535.00
4027.00,3769.00,4017.00
4383.00,4027.00,4017.00
2136.00,1821.00,1053.00
5324.00,6562.00,5954.00
5322.00,5324.00,5954.00
135.00,6463.00,6185.00
424.00,135.00,6185.00
459.00,6251.00,105.00
1337.00,7028.00,959.00
7127.00,6715.00,7164.00
6664.00,7031.00,3832.00
4729.00,7039.00,6393.00
2046.00,7040.00,6945.00
194.00,7043.00,6253.00
6836.00,7047.00,5949.00
5949.00,7047.00,5968.00
2202.00,7049.00,2211.00
1124.00,7054.00,1143.00
2570.00,7055.00,2172.00
5067.00,7060.00,5080.00
5080.00,7060.00,4662.00
1356.00,6331.00,1364.00
7018.00,7071.00,6742.00
6861.00,7064.00,7010.00
2436.00,7237.00,6700.00
6549.00,7089.00,7122.00
2191.00,7090.00,1921.00
413.00,7096.00,927.00
6474.00,7119.00,7089.00
3493.00,7128.00,3859.00
2104.00,2106.00,2786.00
2484.00,2104.00,2786.00
4151.00,4145.00,4525.00
4157.00,4151.00,4525.00
4454.00,4685.00,7119.00
4080.00,4454.00,7119.00
6767.00,7028.00,7051.00
7047.00,6521.00,7125.00
5968.00,7047.00,7125.00
7031.00,6664.00,2850.00
2593.00,7031.00,2850.00
7032.00,2854.00,7090.00
2191.00,7032.00,7090.00
2570.00,6763.00,7055.00
7039.00,4729.00,4701.00
4700.00,7039.00,4701.00
7039.00,4520.00,6393.00
7043.00,194.00,603.00
7419.00,7043.00,603.00
6473.00,6654.00,7048.00
876.00,6723.00,7095.00
51.00,398.00,7096.00
413.00,51.00,7096.00
7054.00,1124.00,1148.00
6767.00,7054.00,1148.00
7060.00,5067.00,7124.00
5117.00,7060.00,7124.00
7060.00,5117.00,4667.00
4662.00,7060.00,4667.00
4249.00,4309.00,7099.00
2046.00,6945.00,6331.00
1356.00,2046.00,6331.00
7071.00,7018.00,7077.00
6791.00,7071.00,7077.00
3819.00,3452.00,7089.00
1628.00,753.00,7026.00
6344.00,1628.00,7026.00
2893.00,2217.00,7128.00
3493.00,2893.00,7128.00
7077.00,6550.00,5574.00
2202.00,6348.00,7049.00
6854.00,6816.00,7041.00
6742.00,6854.00,7041.00
109.00,6253.00,7043.00
1921.00,7090.00,6466.00
6469.00,6742.00,7071.00
5516.00,6469.00,7071.00
7095.00,6951.00,856.00
876.00,7095.00,856.00
2213.00,2211.00,7049.00
2216.00,2213.00,7049.00
2390.00,3338.00,7040.00
2046.00,2390.00,7040.00
6761.00,6685.00,7473.00
6229.00,3534.00,3266.00
6511.00,6229.00,3266.00
2590.00,3199.00,7032.00
328.00,1080.00,1077.00
1087.00,328.00,1077.00
2102.00,2783.00,7026.00
753.00,2102.00,7026.00
2813.00,2822.00,3154.00
2343.00,2341.00,2342.00
133.00,427.00,268.00
6056.00,6068.00,6059.00
5984.00,6056.00,6059.00
297.00,213.00,113.00
181.00,297.00,113.00
389.00,390.00,1157.00
1548.00,1497.00,1404.00
1498.00,1548.00,1404.00
2301.00,2320.00,2319.00
2299.00,2301.00,2319.00
33.00,36.00,84.00
65.00,33.00,84.00
2955.00,2688.00,2954.00
6209.00,6466.00,7090.00
2584.00,6209.00,7090.00
4041.00,3146.00,3772.00
4029.00,4041.00,3772.00
2199.00,1933.00,1076.00
4440.00,4442.00,5089.00
4676.00,4464.00,4070.00
5041.00,4640.00,4036.00
2371.00,2345.00,2727.00
5519.00,6791.00,5226.00
6186.00,742.00,6528.00
6205.00,6325.00,1776.00
856.00,6951.00,857.00
4012.00,3748.00,4015.00
444.00,1993.00,450.00
6038.00,6685.00,6167.00
4107.00,7226.00,6960.00
5018.00,5025.00,5290.00
5764.00,5018.00,5290.00
4637.00,4378.00,4624.00
5015.00,4637.00,4624.00
4523.00,4755.00,4524.00
4144.00,4523.00,4524.00
436.00,6921.00,7202.00
5234.00,5230.00,4900.00
4901.00,5234.00,4900.00
449.00,6465.00,444.00
450.00,449.00,444.00
1089.00,1097.00,329.00
1980.00,2282.00,2249.00
5002.00,5005.00,4990.00
4985.00,5002.00,4990.00
1588.00,1436.00,6304.00
1015.00,1588.00,6304.00
3854.00,4107.00,3844.00
3476.00,3854.00,3844.00
4816.00,3933.00,4179.00
6064.00,6067.00,5979.00
5080.00,5031.00,5027.00
5067.00,5080.00,5027.00
7208.00,6879.00,6953.00
4070.00,7208.00,6953.00
7209.00,1325.00,1324.00
2988.00,2710.00,7152.00
7211.00,4947.00,6526.00
5437.00,5436.00,5423.00
1191.00,1117.00,904.00
6921.00,1205.00,1974.00
4044.00,7222.00,6845.00
1436.00,1588.00,1480.00
1080.00,328.00,320.00
963.00,570.00,984.00
3057.00,3025.00,3657.00
3648.00,3940.00,3003.00
1108.00,1107.00,1101.00
1099.00,1108.00,1101.00
508.00,507.00,6263.00
6447.00,6160.00,6159.00
2054.00,1371.00,1370.00
1331.00,2054.00,1370.00
6234.00,5177.00,4509.00
5282.00,7488.00,5280.00
3498.00,2900.00,2893.00
7265.00,2273.00,1208.00
3618.00,4187.00,7503.00
3681.00,3641.00,3964.00
3682.00,3681.00,3964.00
2702.00,2328.00,2316.00
833.00,857.00,6951.00
4081.00,4080.00,6359.00
3170.00,2548.00,6358.00
6227.00,3170.00,6358.00
498.00,502.00,531.00
4694.00,7421.00,7223.00
1712.00,7064.00,6715.00
1746.00,1712.00,6715.00
6568.00,6723.00,1858.00
6285.00,833.00,6695.00
6527.00,6285.00,6695.00
3889.00,3517.00,3543.00
3338.00,3665.00,6690.00
7040.00,3338.00,6690.00
3393.00,3081.00,3732.00
3738.00,3393.00,3732.00
959.00,516.00,970.00
4985.00,4990.00,6247.00
5274.00,4985.00,6247.00
4024.00,3764.00,3767.00
4027.00,4024.00,3767.00
1342.00,582.00,1402.00
5272.00,5252.00,4969.00
4982.00,5272.00,4969.00
7338.00,1136.00,6672.00
3023.00,3332.00,3025.00
2782.00,3094.00,3086.00
788.00,786.00,756.00
818.00,788.00,756.00
1414.00,2065.00,2408.00
1422.00,1414.00,2408.00
3598.00,3599.00,3001.00
3000.00,3598.00,3001.00
4776.00,4777.00,6408.00
1320.00,1288.00,6301.00
5460.00,5437.00,5204.00
5206.00,5460.00,5204.00
2983.00,2342.00,2020.00
2970.00,2983.00,2020.00
5248.00,5246.00,4932.00
6823.00,666.00,642.00
6271.00,6823.00,642.00
5239.00,7228.00,4577.00
4536.00,4538.00,4776.00
6970.00,4536.00,4776.00
3085.00,3379.00,3081.00
24.00,25.00,41.00
40.00,24.00,41.00
2384.00,2047.00,2058.00
3732.00,4001.00,4000.00
4003.00,3732.00,4000.00
5306.00,5300.00,5073.00
2806.00,2798.00,2504.00
2963.00,2965.00,2964.00
4560.00,4561.00,4223.00
1479.00,1526.00,1431.00
4496.00,4495.00,4709.00
5239.00,4864.00,5574.00
3902.00,4148.00,3889.00
3543.00,3902.00,3889.00
3372.00,3720.00,3356.00
690.00,692.00,710.00
2548.00,2560.00,2545.00
2157.00,2548.00,2545.00
5502.00,5523.00,5503.00
4369.00,4380.00,4354.00
1709.00,2128.00,2506.00
2056.00,2454.00,2421.00
2370.00,2056.00,2421.00
4309.00,4607.00,4981.00
4237.00,3918.00,3611.00
3676.00,4237.00,3611.00
449.00,450.00,451.00
495.00,449.00,451.00
3483.00,7132.00,3851.00
6536.00,7133.00,1539.00
1539.00,7133.00,2098.00
6133.00,7134.00,6446.00
6446.00,7134.00,6575.00
6059.00,7135.00,6048.00
6798.00,7142.00,652.00
652.00,7142.00,681.00
4176.00,7152.00,3583.00
5241.00,7157.00,6413.00
3057.00,7166.00,3046.00
5953.00,7176.00,6614.00
6614.00,7176.00,5949.00
6690.00,7188.00,7040.00
7095.00,7192.00,6951.00
6511.00,6896.00,6353.00
4309.00,7199.00,7099.00
4172.00,7204.00,7171.00
1294.00,7209.00,6301.00
6528.00,7213.00,6186.00
5949.00,7215.00,6836.00
7039.00,7216.00,4520.00
4520.00,7216.00,6757.00
2822.00,7222.00,3154.00
4488.00,7226.00,4107.00
977.00,527.00,495.00
6572.00,3950.00,3990.00
6238.00,6460.00,7144.00
7134.00,6133.00,6587.00
7422.00,7134.00,6587.00
6773.00,3154.00,7222.00
4044.00,6773.00,7222.00
4564.00,4822.00,7144.00
6670.00,6883.00,7145.00
6861.00,6670.00,7145.00
6048.00,7135.00,6051.00
4464.00,4671.00,7208.00
4070.00,4464.00,7208.00
4571.00,6460.00,7136.00
7342.00,4571.00,7136.00
6921.00,1179.00,7202.00
2341.00,1325.00,7209.00
1294.00,2341.00,7209.00
6059.00,6080.00,7135.00
2328.00,2980.00,7171.00
7414.00,2328.00,7171.00
842.00,1776.00,6325.00
2228.00,2223.00,2893.00
2900.00,2228.00,2893.00
7272.00,7174.00,7172.00
7176.00,5953.00,5934.00
6782.00,7176.00,5934.00
7176.00,6782.00,7215.00
5949.00,7176.00,7215.00
7101.00,7179.00,7423.00
4361.00,4000.00,7141.00
7049.00,6348.00,7132.00
3483.00,7049.00,7132.00
6817.00,7099.00,7141.00
7095.00,7424.00,7192.00
3949.00,4288.00,7172.00
7199.00,4309.00,4981.00
4354.00,7199.00,4981.00
6559.00,4676.00,7160.00
5148.00,6559.00,7160.00
2370.00,2369.00,1332.00
7205.00,6845.00,7222.00
2822.00,7205.00,7222.00
2822.00,1822.00,7205.00
7148.00,4978.00,4980.00
4898.00,7148.00,4980.00
6055.00,6051.00,7135.00
2710.00,2983.00,7152.00
7213.00,6527.00,6695.00
7214.00,7125.00,6521.00
7425.00,7214.00,6521.00
7216.00,7039.00,4700.00
6521.00,7346.00,7425.00
7216.00,6564.00,6215.00
6757.00,7216.00,6215.00
6672.00,6916.00,7338.00
4434.00,6845.00,7154.00
2098.00,7133.00,1530.00
4700.00,4701.00,7226.00
4488.00,4700.00,7226.00
7132.00,3848.00,4099.00
3851.00,7132.00,4099.00
7342.00,7136.00,7140.00
7154.00,6845.00,7205.00
6979.00,7154.00,7205.00
7099.00,7281.00,7141.00
7164.00,6715.00,7282.00
6202.00,7164.00,7282.00
283.00,175.00,163.00
165.00,283.00,163.00
3395.00,3390.00,3753.00
4168.00,3902.00,3597.00
3930.00,4168.00,3597.00
4015.00,3748.00,3395.00
3753.00,4015.00,3395.00
4070.00,6664.00,7160.00
4676.00,4070.00,7160.00
4552.00,4806.00,5216.00
14.00,77.00,15.00
2454.00,2056.00,2060.00
2084.00,2454.00,2060.00
4646.00,5057.00,5296.00
3508.00,7115.00,3501.00
1999.00,1238.00,2006.00
3000.00,3001.00,2035.00
2197.00,1072.00,1073.00
474.00,508.00,454.00
4000.00,4333.00,7141.00
2247.00,2246.00,6896.00
4901.00,4900.00,4610.00
2782.00,3086.00,2779.00
2476.00,2782.00,2779.00
1670.00,2506.00,7287.00
5117.00,7288.00,7122.00
5117.00,7122.00,4685.00
5502.00,6018.00,6250.00
4536.00,7204.00,4538.00
6951.00,7426.00,833.00
7230.00,255.00,711.00
6579.00,2172.00,6207.00
4652.00,5057.00,4646.00
422.00,389.00,423.00
1266.00,508.00,6263.00
4775.00,4535.00,4531.00
5395.00,5984.00,5973.00
5378.00,5395.00,5973.00
5977.00,5979.00,5397.00
4354.00,4981.00,4980.00
3774.00,4401.00,4391.00
4030.00,3774.00,4391.00
1109.00,1108.00,2220.00
2223.00,1109.00,2220.00
2297.00,1993.00,2273.00
2276.00,2297.00,2273.00
4383.00,7199.00,4354.00
4380.00,4383.00,4354.00
7287.00,2506.00,2504.00
1927.00,1909.00,2599.00
6723.00,876.00,1858.00
4333.00,7291.00,7141.00
7148.00,7140.00,7251.00
5478.00,5218.00,5464.00
5460.00,5478.00,5464.00
3404.00,2802.00,3757.00
7427.00,515.00,581.00
3334.00,3713.00,3716.00
3665.00,3334.00,3716.00
4488.00,6564.00,7216.00
4700.00,4488.00,7216.00
7099.00,7199.00,7281.00
6095.00,6931.00,6008.00
7296.00,7323.00,6413.00
7157.00,7296.00,6413.00
2102.00,2469.00,2783.00
7294.00,1432.00,6840.00
6665.00,296.00,7298.00
3724.00,3081.00,3379.00
2035.00,1331.00,7260.00
6945.00,7040.00,7188.00
5195.00,4755.00,5192.00
5421.00,5195.00,5192.00
20.00,15.00,21.00
23.00,20.00,21.00
162.00,185.00,186.00
2128.00,2130.00,2517.00
2941.00,2961.00,3290.00
3292.00,2964.00,3293.00
4557.00,3933.00,4816.00
4861.00,4557.00,4816.00
498.00,496.00,502.00
2088.00,1455.00,1492.00
532.00,164.00,531.00
430.00,418.00,422.00
904.00,1117.00,902.00
3085.00,2783.00,2469.00
3373.00,3085.00,2469.00
2297.00,2302.00,1996.00
1993.00,2297.00,1996.00
4953.00,5268.00,4842.00
4380.00,4369.00,4399.00
4024.00,4380.00,4399.00
4794.00,5212.00,4795.00
4981.00,4606.00,4898.00
4980.00,4981.00,4898.00
3935.00,4249.00,3964.00
3641.00,3935.00,3964.00
6167.00,6021.00,6011.00
6990.00,6167.00,6011.00
2322.00,2306.00,962.00
2058.00,7116.00,1446.00
2390.00,2047.00,2384.00
2382.00,2390.00,2384.00
4604.00,7381.00,4885.00
4901.00,4610.00,4339.00
5164.00,4110.00,6960.00
5160.00,5164.00,6960.00
6038.00,6167.00,6990.00
6095.00,6092.00,6931.00
4177.00,4179.00,3916.00
1101.00,369.00,7352.00
4172.00,7171.00,3003.00
3940.00,4172.00,3003.00
28.00,52.00,41.00
25.00,28.00,41.00
6817.00,3964.00,4249.00
7099.00,6817.00,4249.00
3719.00,3725.00,3371.00
3819.00,3816.00,3817.00
3831.00,3819.00,3817.00
5530.00,5559.00,6034.00
5562.00,5530.00,6034.00
1084.00,7415.00,1083.00
2379.00,2381.00,2408.00
2065.00,2379.00,2408.00
1348.00,1386.00,6800.00
4320.00,3994.00,3995.00
4433.00,4054.00,4057.00
842.00,818.00,6755.00
3721.00,3700.00,3720.00
3346.00,3309.00,3040.00
6331.00,7428.00,3040.00
2350.00,1296.00,2346.00
2716.00,2350.00,2346.00
4321.00,4610.00,4900.00
3512.00,7115.00,4516.00
2500.00,2116.00,2798.00
7025.00,2157.00,887.00
4540.00,4538.00,7204.00
4172.00,4540.00,7204.00
1337.00,1336.00,7402.00
6207.00,1878.00,1906.00
6579.00,6207.00,1906.00
1109.00,2225.00,1115.00
362.00,363.00,418.00
419.00,362.00,418.00
4806.00,5220.00,5218.00
5216.00,4806.00,5218.00
4814.00,5226.00,4816.00
4215.00,4814.00,4816.00
3120.00,2798.00,2806.00
6010.00,6012.00,6128.00
4901.00,4339.00,4932.00
5246.00,4901.00,4932.00
2998.00,2997.00,3918.00
887.00,876.00,856.00
877.00,887.00,856.00
2102.00,1546.00,2087.00
2469.00,2102.00,2087.00
842.00,6325.00,819.00
4401.00,4638.00,4634.00
140.00,63.00,133.00
268.00,140.00,133.00
6412.00,5675.00,5557.00
5436.00,5437.00,5453.00
5994.00,5436.00,5453.00
7228.00,4288.00,4260.00
4577.00,7228.00,4260.00
3025.00,3332.00,3657.00
3146.00,2816.00,3772.00
6247.00,5280.00,5675.00
2792.00,7026.00,2783.00
3093.00,2792.00,2783.00
569.00,287.00,6665.00
5048.00,4648.00,5037.00
6986.00,5048.00,5037.00
4701.00,5340.00,5160.00
5543.00,5525.00,5540.00
5582.00,5543.00,5540.00
1786.00,1740.00,3135.00
3017.00,3006.00,2989.00
2416.00,3001.00,3351.00
1216.00,433.00,7318.00
3658.00,3332.00,6829.00
4560.00,3658.00,6829.00
1628.00,7230.00,753.00
5290.00,7235.00,5764.00
4956.00,7238.00,5268.00
5268.00,7238.00,4842.00
4978.00,7251.00,6886.00
6816.00,7252.00,7041.00
4594.00,7367.00,4874.00
4874.00,7367.00,7432.00
1166.00,7256.00,1148.00
1148.00,7256.00,6767.00
7438.00,6763.00,7358.00
6090.00,7269.00,6092.00
6092.00,7269.00,6931.00
7142.00,7151.00,681.00
5112.00,7288.00,5099.00
6836.00,7289.00,7189.00
5954.00,7434.00,5322.00
3181.00,7297.00,4061.00
4061.00,7297.00,4456.00
3014.00,7301.00,2366.00
2436.00,7302.00,7313.00
7208.00,7297.00,6879.00
7374.00,7313.00,7468.00
4671.00,5109.00,5106.00
2695.00,2967.00,7260.00
3000.00,2035.00,7260.00
2967.00,3000.00,7260.00
7230.00,1628.00,6826.00
255.00,7230.00,6826.00
6536.00,715.00,7311.00
1262.00,959.00,7256.00
939.00,1262.00,7256.00
7238.00,4956.00,6238.00
5176.00,4503.00,7234.00
7252.00,6816.00,5880.00
5911.00,7252.00,5880.00
6160.00,6931.00,7269.00
6159.00,6160.00,7269.00
3368.00,3068.00,7237.00
7367.00,3368.00,7237.00
2274.00,2273.00,7265.00
2247.00,2274.00,7265.00
7256.00,959.00,7028.00
6767.00,7256.00,7028.00
4361.00,7141.00,7281.00
4012.00,4361.00,7281.00
5239.00,5574.00,7236.00
7157.00,5239.00,7236.00
6930.00,6159.00,7269.00
6090.00,6930.00,7269.00
5911.00,7368.00,7252.00
7282.00,6715.00,7064.00
4562.00,4564.00,7310.00
6836.00,7215.00,7289.00
4947.00,7211.00,7255.00
6572.00,4947.00,7255.00
6874.00,1670.00,7262.00
6760.00,6874.00,7262.00
1700.00,819.00,6325.00
3519.00,3256.00,7246.00
3252.00,3519.00,7246.00
4189.00,4188.00,7291.00
4279.00,4189.00,7291.00
712.00,753.00,7230.00
711.00,712.00,7230.00
2718.00,2353.00,7301.00
3241.00,3243.00,2901.00
3240.00,3241.00,2901.00
6817.00,7141.00,7291.00
5215.00,5514.00,4812.00
4671.00,4456.00,7297.00
7208.00,4671.00,7297.00
4383.00,4012.00,7281.00
7199.00,4383.00,7281.00
6754.00,6665.00,7298.00
2592.00,6579.00,7295.00
2842.00,6879.00,7297.00
3181.00,2842.00,7297.00
6945.00,7188.00,7310.00
3937.00,3351.00,3001.00
3599.00,3937.00,3001.00
7262.00,1670.00,7287.00
887.00,2157.00,876.00
4496.00,4499.00,4118.00
4113.00,4496.00,4118.00
4407.00,4397.00,4404.00
6542.00,1526.00,2093.00
1530.00,6542.00,2093.00
3725.00,3719.00,3724.00
3379.00,3725.00,3724.00
6263.00,531.00,502.00
5008.00,5293.00,5028.00
5031.00,5008.00,5028.00
5847.00,5844.00,5056.00
5300.00,5847.00,5056.00
2306.00,2304.00,2312.00
614.00,642.00,666.00
4280.00,4580.00,4257.00
3290.00,2942.00,2941.00
3175.00,6227.00,6358.00
2998.00,3918.00,3617.00
3314.00,2998.00,3617.00
6572.00,3990.00,4879.00
7148.00,4898.00,4833.00
1166.00,939.00,7256.00
419.00,418.00,430.00
4982.00,4969.00,4618.00
4622.00,4982.00,4618.00
2006.00,502.00,2030.00
338.00,7440.00,363.00
4215.00,4816.00,4179.00
3293.00,3581.00,3578.00
7164.00,6202.00,6203.00
2997.00,3611.00,3918.00
2006.00,1238.00,1240.00
3256.00,3257.00,6355.00
2152.00,2153.00,2164.00
2997.00,2998.00,2954.00
3346.00,7310.00,4564.00
4610.00,3997.00,4339.00
7348.00,6996.00,7151.00
3146.00,3145.00,3147.00
3597.00,3902.00,3543.00
3595.00,3597.00,3543.00
6758.00,614.00,545.00
21.00,15.00,78.00
35.00,21.00,78.00
3514.00,3250.00,2936.00
3270.00,3514.00,2936.00
4194.00,4215.00,4179.00
4177.00,4194.00,4179.00
5502.00,5503.00,5525.00
4437.00,5308.00,4434.00
1971.00,1974.00,1205.00
5585.00,6245.00,6447.00
6156.00,5585.00,6447.00
5294.00,5041.00,4413.00
1402.00,582.00,993.00
1404.00,1402.00,993.00
277.00,164.00,162.00
186.00,277.00,162.00
2164.00,2562.00,2152.00
3617.00,3918.00,4238.00
2484.00,2476.00,1496.00
5426.00,5386.00,6067.00
7356.00,7179.00,7101.00
2219.00,1099.00,1092.00
2213.00,2219.00,1092.00
3661.00,3949.00,7172.00
240.00,6935.00,123.00
239.00,240.00,123.00
4618.00,4362.00,4366.00
4622.00,4618.00,4366.00
1789.00,1822.00,2822.00
2813.00,1789.00,2822.00
3648.00,3003.00,3002.00
4738.00,4516.00,7115.00
3508.00,4738.00,7115.00
2194.00,7295.00,6579.00
1906.00,2194.00,6579.00
7336.00,6473.00,7048.00
7255.00,4885.00,7381.00
7328.00,1193.00,1157.00
7054.00,6767.00,7328.00
3175.00,4057.00,4054.00
6227.00,3175.00,4054.00
7386.00,6008.00,6931.00
7387.00,2436.00,7313.00
362.00,338.00,363.00
5876.00,7388.00,6741.00
6521.00,7047.00,7347.00
5876.00,6586.00,7388.00
1822.00,7390.00,6957.00
1266.00,6263.00,502.00
2006.00,1266.00,502.00
2998.00,3314.00,2955.00
2954.00,2998.00,2955.00
6461.00,7392.00,5654.00
7394.00,4564.00,7144.00
6460.00,7394.00,7144.00
3596.00,3578.00,3581.00
3598.00,3596.00,3581.00
4639.00,4648.00,4419.00
4425.00,4639.00,4419.00
6791.00,7441.00,5226.00
939.00,1166.00,1971.00
1205.00,939.00,1971.00
4210.00,5214.00,4799.00
3990.00,3716.00,7332.00
7025.00,6358.00,2548.00
2157.00,7025.00,2548.00
5179.00,5177.00,5397.00
180.00,6251.00,181.00
570.00,963.00,496.00
498.00,570.00,496.00
544.00,1342.00,975.00
542.00,544.00,975.00
423.00,389.00,1157.00
1700.00,7165.00,1034.00
1035.00,1700.00,1034.00
2753.00,7294.00,1422.00
2747.00,2753.00,1422.00
4279.00,7291.00,4333.00
3993.00,4279.00,4333.00
4509.00,5177.00,5179.00
4736.00,4509.00,5179.00
5389.00,5184.00,4736.00
5179.00,5389.00,4736.00
1440.00,1446.00,6304.00
1436.00,1440.00,6304.00
1320.00,6301.00,1343.00
5543.00,5585.00,6156.00
6095.00,5421.00,5997.00
6092.00,6095.00,5997.00
347.00,390.00,389.00
7442.00,347.00,389.00
1590.00,1498.00,7443.00
2496.00,1590.00,7443.00
661.00,611.00,640.00
4812.00,5519.00,4814.00
4547.00,4812.00,4814.00
4158.00,4531.00,3893.00
4151.00,4158.00,3893.00
6336.00,2245.00,1974.00
1971.00,6336.00,1974.00
4785.00,4548.00,4799.00
4229.00,4604.00,4563.00
4562.00,4229.00,4563.00
2967.00,3293.00,2964.00
2965.00,2967.00,2964.00
3158.00,3175.00,2838.00
3159.00,3158.00,2838.00
3275.00,2695.00,2268.00
6355.00,3275.00,2268.00
6554.00,7302.00,2436.00
6700.00,6554.00,2436.00
5523.00,6128.00,6012.00
3268.00,7493.00,3522.00
1325.00,1348.00,1324.00
4779.00,4158.00,5200.00
5203.00,4779.00,5200.00
2268.00,2695.00,1984.00
4499.00,4709.00,5171.00
4121.00,4499.00,5171.00
6823.00,6271.00,1504.00
1595.00,6823.00,1504.00
7341.00,329.00,1097.00
369.00,347.00,7352.00
4956.00,5271.00,6238.00
2373.00,2065.00,1387.00
7291.00,4188.00,3966.00
6291.00,1053.00,6285.00
6527.00,6291.00,6285.00
4688.00,5148.00,7160.00
3832.00,4688.00,7160.00
2980.00,3002.00,3003.00
7171.00,2980.00,3003.00
5527.00,6021.00,6023.00
5559.00,5527.00,6023.00
5204.00,5437.00,5423.00
14.00,15.00,20.00
18.00,14.00,20.00
4408.00,6659.00,4036.00
4640.00,4408.00,4036.00
38.00,23.00,239.00
123.00,38.00,239.00
5059.00,5307.00,5319.00
5099.00,5059.00,5319.00
508.00,1266.00,949.00
452.00,508.00,949.00
5472.00,5527.00,5530.00
6409.00,5472.00,5530.00
3243.00,3501.00,7115.00
3246.00,3243.00,7115.00
6829.00,3933.00,4557.00
4560.00,6829.00,4557.00
3499.00,3501.00,3241.00
3240.00,3499.00,3241.00
7404.00,2581.00,1909.00
3933.00,6987.00,2991.00
4179.00,3933.00,2991.00
2200.00,2199.00,1076.00
1072.00,2200.00,1076.00
4516.00,4738.00,4739.00
4741.00,4516.00,4739.00
6722.00,3843.00,4699.00
2999.00,2975.00,2976.00
2350.00,2322.00,1304.00
1296.00,2350.00,1304.00
2906.00,2240.00,2905.00
2380.00,2379.00,3017.00
2268.00,2269.00,2255.00
6355.00,2268.00,2255.00
6622.00,7303.00,7445.00
6700.00,3068.00,2446.00
3578.00,3297.00,3291.00
3292.00,3578.00,3291.00
4280.00,3975.00,4282.00
4580.00,4280.00,4282.00
64.00,77.00,33.00
65.00,64.00,33.00
6549.00,3816.00,3819.00
7089.00,6549.00,3819.00
2455.00,2421.00,2454.00
3086.00,7446.00,2454.00
5160.00,5343.00,5164.00
581.00,991.00,611.00
610.00,581.00,611.00
4580.00,4282.00,4834.00
977.00,495.00,1283.00
6526.00,6949.00,7177.00
7211.00,6526.00,7177.00
1892.00,6466.00,878.00
7157.00,5241.00,7228.00
5239.00,7157.00,7228.00
786.00,754.00,716.00
756.00,786.00,716.00
6263.00,507.00,573.00
532.00,6263.00,573.00
202.00,184.00,185.00
216.00,202.00,185.00
4456.00,4671.00,5106.00
4666.00,4456.00,5106.00
2517.00,3142.00,2516.00
4834.00,4552.00,4580.00
581.00,610.00,7427.00
3134.00,3135.00,3127.00
3124.00,3134.00,3127.00
3949.00,3948.00,4223.00
4260.00,3949.00,4223.00
5418.00,5997.00,5421.00
5250.00,5543.00,5582.00
5248.00,5250.00,5582.00
1310.00,1311.00,2032.00
2152.00,2562.00,2840.00
3176.00,2152.00,2840.00
1431.00,6840.00,1432.00
1479.00,1431.00,1432.00
3297.00,3596.00,3315.00
3886.00,3887.00,3537.00
3535.00,3886.00,3537.00
228.00,662.00,693.00
227.00,228.00,693.00
3517.00,3522.00,3543.00
4557.00,4861.00,4821.00
4560.00,4557.00,4821.00
6957.00,2152.00,3176.00
4646.00,4413.00,4427.00
4652.00,4646.00,4427.00
1909.00,1927.00,1908.00
7152.00,4176.00,3916.00
2988.00,7152.00,3916.00
4822.00,4563.00,4842.00
7238.00,4822.00,4842.00
5808.00,7411.00,7447.00
3325.00,2718.00,7301.00
3014.00,3325.00,7301.00
1434.00,1440.00,1436.00
1435.00,1434.00,1436.00
4001.00,3724.00,3993.00
382.00,7096.00,398.00
6259.00,382.00,398.00
2369.00,2370.00,2421.00
283.00,573.00,603.00
289.00,283.00,603.00
6649.00,6507.00,6844.00
1274.00,1193.00,1310.00
2314.00,2290.00,1242.00
4044.00,6845.00,4427.00
3146.00,3149.00,2816.00
2136.00,6291.00,2137.00
3767.00,3764.00,3773.00
1821.00,2136.00,2135.00
3682.00,3966.00,3643.00
4237.00,6460.00,4571.00
4238.00,4237.00,4571.00
257.00,412.00,392.00
40.00,257.00,392.00
7238.00,6238.00,7144.00
4822.00,7238.00,7144.00
5557.00,7320.00,6412.00
1431.00,7321.00,6561.00
4694.00,7322.00,7421.00
2317.00,7325.00,1986.00
1986.00,7325.00,6839.00
6858.00,7326.00,6799.00
7051.00,7328.00,6767.00
3110.00,7329.00,3116.00
6755.00,7331.00,842.00
5257.00,7450.00,4939.00
7092.00,7336.00,7107.00
6568.00,7339.00,6723.00
334.00,7341.00,347.00
7215.00,7349.00,7289.00
7289.00,7349.00,7131.00
7252.00,7356.00,7041.00
5176.00,7359.00,5177.00
5177.00,7359.00,5397.00
1700.00,1881.00,7165.00
2436.00,7371.00,7237.00
7237.00,7371.00,7367.00
3703.00,7374.00,7166.00
6568.00,7375.00,7339.00
6940.00,7376.00,7303.00
6465.00,7377.00,6261.00
5675.00,7378.00,5557.00
7456.00,7295.00,6820.00
6008.00,7386.00,6990.00
7174.00,7387.00,3703.00
7127.00,7390.00,1822.00
1909.00,7391.00,7404.00
7289.00,7392.00,7189.00
7025.00,7396.00,6358.00
6358.00,7396.00,3175.00
6550.00,7397.00,7236.00
7236.00,7460.00,7296.00
7282.00,7398.00,7376.00
7051.00,7402.00,1332.00
5145.00,7322.00,6403.00
3135.00,7407.00,1786.00
5073.00,4652.00,4434.00
5308.00,5073.00,4434.00
4879.00,3990.00,7332.00
4596.00,4879.00,7332.00
7321.00,1431.00,1526.00
3650.00,3648.00,3002.00
389.00,422.00,7442.00
2185.00,2581.00,7404.00
6205.00,2185.00,7404.00
4237.00,3676.00,7394.00
6460.00,4237.00,7394.00
6872.00,6758.00,7377.00
6465.00,6872.00,7377.00
7325.00,2317.00,6342.00
6912.00,7457.00,6342.00
6737.00,6606.00,7409.00
6507.00,6737.00,7409.00
6330.00,6839.00,7325.00
7328.00,7051.00,1310.00
1193.00,7328.00,1310.00
2718.00,3325.00,3650.00
3002.00,2718.00,3650.00
1776.00,842.00,7331.00
7164.00,6203.00,7390.00
7127.00,7164.00,7390.00
3815.00,4699.00,3843.00
6864.00,3815.00,3843.00
6160.00,6032.00,7386.00
6931.00,6160.00,7386.00
7028.00,1337.00,7402.00
7051.00,7028.00,7402.00
109.00,7043.00,7343.00
176.00,109.00,7343.00
1980.00,2249.00,7373.00
6737.00,7458.00,7346.00
4229.00,3950.00,7381.00
4604.00,4229.00,7381.00
7326.00,6735.00,7459.00
7356.00,7252.00,7368.00
7179.00,7356.00,7368.00
7358.00,6763.00,6938.00
2563.00,7358.00,6938.00
7359.00,5176.00,7234.00
7474.00,7359.00,7234.00
7064.00,6861.00,7398.00
7282.00,7064.00,7398.00
7400.00,5339.00,5159.00
4699.00,7400.00,5159.00
7319.00,6038.00,7378.00
3120.00,3762.00,7329.00
4574.00,4571.00,7342.00
3346.00,4564.00,7394.00
3676.00,3346.00,7394.00
7371.00,2436.00,7387.00
7174.00,7371.00,7387.00
7151.00,7142.00,7348.00
7131.00,5654.00,7392.00
7289.00,7131.00,7392.00
296.00,690.00,7406.00
3142.00,6773.00,7350.00
7374.00,3703.00,7387.00
7313.00,7374.00,7387.00
6466.00,1062.00,878.00
2319.00,2015.00,451.00
2299.00,2319.00,451.00
7018.00,7041.00,7356.00
7101.00,7018.00,7356.00
1157.00,7054.00,7328.00
5619.00,7319.00,7378.00
5675.00,5619.00,7378.00
1830.00,7462.00,1866.00
6543.00,7107.00,7336.00
7048.00,6543.00,7336.00
7380.00,7471.00,2952.00
2950.00,7380.00,2952.00
6572.00,7255.00,7381.00
3950.00,6572.00,7381.00
7422.00,6587.00,6079.00
7107.00,6543.00,7385.00
5658.00,7131.00,7349.00
6846.00,5658.00,7349.00
6949.00,6741.00,7388.00
7177.00,6949.00,7388.00
6836.00,7189.00,7347.00
7047.00,6836.00,7347.00
5665.00,7177.00,7388.00
6586.00,5665.00,7388.00
6325.00,6205.00,7404.00
7391.00,6325.00,7404.00
6032.00,6160.00,7320.00
5557.00,6032.00,7320.00
3716.00,3713.00,7332.00
2163.00,7396.00,1865.00
7397.00,6550.00,7101.00
3816.00,6549.00,7400.00
7396.00,2163.00,2838.00
3175.00,7396.00,2838.00
6363.00,3116.00,7329.00
6584.00,6363.00,7329.00
7406.00,6951.00,7192.00
1878.00,6207.00,7092.00
6561.00,7321.00,7467.00
4694.00,6403.00,7322.00
7323.00,7296.00,7409.00
6606.00,7323.00,7409.00
1084.00,889.00,321.00
2399.00,2055.00,1371.00
2054.00,2399.00,1371.00
2055.00,2399.00,2415.00
5912.00,6439.00,5094.00
5915.00,5912.00,5094.00
3844.00,4107.00,6960.00
2753.00,3046.00,7166.00
5559.00,6023.00,6172.00
6034.00,5559.00,6172.00
4284.00,4285.00,4321.00
4900.00,4284.00,4321.00
3703.00,7166.00,3057.00
3688.00,3703.00,3057.00
2255.00,1136.00,7338.00
7294.00,2753.00,7166.00
3135.00,3134.00,7407.00
2451.00,2415.00,2449.00
3893.00,4531.00,7380.00
3561.00,3893.00,7380.00
4806.00,4834.00,4835.00
5220.00,4806.00,4835.00
3057.00,3657.00,3688.00
7468.00,1432.00,7374.00
6245.00,6412.00,7320.00
6447.00,6245.00,7320.00
7092.00,7249.00,7334.00
1878.00,7092.00,7334.00
5979.00,6067.00,5386.00
3270.00,3268.00,3522.00
6095.00,6008.00,5445.00
2276.00,3266.00,3533.00
3277.00,2276.00,3533.00
3104.00,3395.00,3757.00
7341.00,1097.00,7352.00
347.00,7341.00,7352.00
991.00,1449.00,640.00
611.00,991.00,640.00
1740.00,1741.00,2807.00
2084.00,2088.00,2779.00
2807.00,3135.00,1740.00
3146.00,4041.00,3145.00
3040.00,2347.00,6331.00
3087.00,3094.00,4350.00
2006.00,2030.00,1999.00
2225.00,2228.00,2645.00
6693.00,2194.00,1926.00
5228.00,4835.00,4284.00
3966.00,6817.00,7291.00
5619.00,5675.00,5280.00
7471.00,3583.00,2952.00
2840.00,3180.00,3176.00
7228.00,5241.00,4288.00
2116.00,1595.00,7472.00
5294.00,5296.00,5844.00
1006.00,6823.00,1595.00
6912.00,6342.00,4536.00
7236.00,7296.00,7157.00
6561.00,6472.00,6840.00
7288.00,5117.00,7124.00
7420.00,6858.00,6799.00
6758.00,545.00,7377.00
1549.00,2104.00,2484.00
1496.00,1549.00,2484.00
7474.00,5397.00,7359.00
2716.00,3611.00,2997.00
4036.00,4413.00,5041.00
4543.00,4537.00,4794.00
4351.00,4614.00,4339.00
2400.00,2746.00,3043.00
721.00,6755.00,818.00
2044.00,2371.00,2373.00
1700.00,6325.00,7391.00
1881.00,1700.00,7391.00
7406.00,7298.00,296.00
1268.00,7318.00,2352.00
3371.00,3373.00,2451.00
2449.00,3371.00,2451.00
2555.00,2839.00,2534.00
2036.00,2369.00,2400.00
6229.00,4144.00,3885.00
3534.00,6229.00,3885.00
3017.00,2379.00,2373.00
4267.00,4308.00,4242.00
1353.00,1354.00,2044.00
2373.00,1353.00,2044.00
2599.00,2614.00,6693.00
4188.00,3928.00,3643.00
3966.00,4188.00,3643.00
4044.00,4427.00,4413.00
4042.00,4044.00,4413.00
5212.00,5477.00,5491.00
5215.00,5212.00,5491.00
2476.00,2088.00,1492.00
1496.00,2476.00,1492.00
3142.00,2517.00,3154.00
2082.00,1453.00,1451.00
1449.00,2082.00,1451.00
3948.00,3661.00,3688.00
3657.00,3948.00,3688.00
3102.00,2787.00,2794.00
1298.00,1304.00,963.00
984.00,1298.00,963.00
2421.00,2455.00,2369.00
5203.00,5449.00,7477.00
7439.00,721.00,675.00
682.00,681.00,7478.00
1062.00,7479.00,878.00
7140.00,7480.00,7251.00
5915.00,6649.00,7481.00
3014.00,2366.00,2400.00
3043.00,3014.00,2400.00
7136.00,6238.00,7484.00
7140.00,7136.00,7484.00
1821.00,1865.00,1053.00
7336.00,7092.00,6207.00
6473.00,7336.00,6207.00
5056.00,5844.00,5296.00
5057.00,5056.00,5296.00
3597.00,3595.00,3930.00
3552.00,3268.00,2942.00
3290.00,3552.00,2942.00
3997.00,3727.00,3087.00
3727.00,3372.00,3087.00
2130.00,2813.00,3154.00
2517.00,2130.00,3154.00
3697.00,3348.00,3355.00
3700.00,3697.00,3355.00
2008.00,2316.00,1991.00
1268.00,2008.00,1991.00
2087.00,1546.00,1490.00
1491.00,2087.00,1490.00
7002.00,6590.00,7505.00
7428.00,6331.00,6945.00
4210.00,4799.00,4548.00
865.00,2526.00,2137.00
6291.00,865.00,2137.00
5280.00,7488.00,5619.00
4284.00,4900.00,5230.00
5228.00,4284.00,5230.00
6032.00,5557.00,7378.00
6038.00,6032.00,7378.00
7272.00,7172.00,7412.00
2526.00,7407.00,7491.00
857.00,1053.00,1865.00
877.00,857.00,1865.00
486.00,1262.00,939.00
7495.00,7211.00,7177.00
5665.00,7495.00,7177.00
7401.00,6472.00,7492.00
7329.00,3110.00,2794.00
3120.00,7329.00,2794.00
7451.00,6064.00,6055.00
7348.00,7142.00,7500.00
7501.00,7406.00,7192.00
7454.00,710.00,231.00
6408.00,4777.00,5204.00
78.00,73.00,79.00
35.00,78.00,79.00
3030.00,2734.00,2735.00
3026.00,3030.00,2735.00
4110.00,4495.00,4112.00
3851.00,4110.00,4112.00
3995.00,3997.00,4610.00
4321.00,3995.00,4610.00
4362.00,4351.00,7483.00
4795.00,5212.00,5215.00
4801.00,4795.00,5215.00
5057.00,4652.00,5073.00
3893.00,3561.00,3537.00
3887.00,3893.00,3537.00
4320.00,3995.00,4321.00
4285.00,4320.00,4321.00
6018.00,5502.00,5525.00
6022.00,6018.00,5525.00
6234.00,4126.00,5176.00
5177.00,6234.00,5176.00
1332.00,2369.00,2036.00
1311.00,1332.00,2036.00
2353.00,2703.00,2352.00
2496.00,2500.00,2794.00
2787.00,2496.00,2794.00
5106.00,6439.00,5089.00
4666.00,5106.00,5089.00
5912.00,7368.00,5911.00
5087.00,5912.00,5911.00
185.00,174.00,230.00
216.00,185.00,230.00
6472.00,7401.00,1414.00
1422.00,6472.00,1414.00
878.00,7375.00,6568.00
1065.00,878.00,6568.00
6568.00,1858.00,1065.00
569.00,601.00,182.00
3581.00,3293.00,3275.00
3891.00,3581.00,3275.00
2106.00,2104.00,1590.00
2496.00,2106.00,1590.00
4440.00,5089.00,5087.00
5908.00,4440.00,5087.00
2961.00,2694.00,2690.00
1422.00,7294.00,6840.00
6472.00,1422.00,6840.00
1262.00,484.00,516.00
959.00,1262.00,516.00
661.00,297.00,610.00
611.00,661.00,610.00
2347.00,3040.00,2346.00
1296.00,2347.00,2346.00
2900.00,3498.00,3499.00
3240.00,2900.00,3499.00
2304.00,2305.00,2689.00
2688.00,2304.00,2689.00
2987.00,2988.00,2990.00
419.00,1191.00,904.00
362.00,419.00,904.00
1358.00,7116.00,1356.00
1364.00,1358.00,1356.00
6821.00,6700.00,2446.00
2075.00,6821.00,2446.00
6754.00,7298.00,6798.00
627.00,6754.00,6798.00
6408.00,5204.00,5423.00
5405.00,6408.00,5423.00
6554.00,6821.00,2098.00
1530.00,6554.00,2098.00
4801.00,5215.00,4812.00
4797.00,4801.00,4812.00
4434.00,7154.00,4050.00
4437.00,4434.00,4050.00
1092.00,1099.00,1097.00
1089.00,1092.00,1097.00
5908.00,5911.00,5880.00
5306.00,5908.00,5880.00
2674.00,2936.00,2249.00
2282.00,2674.00,2249.00
4121.00,3861.00,4118.00
5206.00,4785.00,4799.00
5214.00,5206.00,4799.00
693.00,711.00,241.00
227.00,693.00,241.00
7444.00,7145.00,6883.00
995.00,1324.00,6883.00
3315.00,3598.00,3000.00
2999.00,3315.00,3000.00
3684.00,3348.00,3697.00
3696.00,3684.00,3697.00
2076.00,1434.00,2074.00
2448.00,2076.00,2074.00
3928.00,4188.00,4189.00
3930.00,3928.00,4189.00
6722.00,5159.00,5145.00
6403.00,6722.00,5145.00
2297.00,3277.00,2686.00
2302.00,2297.00,2686.00
3916.00,4179.00,2991.00
2990.00,3916.00,2991.00
6463.00,135.00,102.00
2247.00,7265.00,1179.00
2245.00,2247.00,1179.00
3767.00,3773.00,3407.00
3124.00,3767.00,3407.00
1244.00,1988.00,409.00
948.00,1244.00,409.00
3727.00,3726.00,3720.00
3372.00,3727.00,3720.00
4229.00,7188.00,6690.00
3950.00,4229.00,6690.00
7205.00,1822.00,6957.00
6979.00,7205.00,6957.00
6996.00,7348.00,7339.00
7375.00,6996.00,7339.00
1980.00,7373.00,370.00
1909.00,2581.00,6340.00
2599.00,1909.00,6340.00
6996.00,7331.00,6755.00
7151.00,6996.00,6755.00
6896.00,6511.00,2274.00
2247.00,6896.00,2274.00
2516.00,3142.00,7350.00
3136.00,2516.00,7350.00
109.00,176.00,64.00
65.00,109.00,64.00
545.00,614.00,993.00
582.00,545.00,993.00
5319.00,5318.00,5097.00
5099.00,5319.00,5097.00
433.00,1216.00,419.00
430.00,433.00,419.00
2200.00,1072.00,2877.00
3218.00,2200.00,2877.00
1488.00,1485.00,1446.00
7116.00,1488.00,1446.00
6301.00,1288.00,2337.00
1294.00,6301.00,2337.00
3618.00,7503.00,2961.00
3284.00,3618.00,2961.00
3665.00,3990.00,3950.00
6690.00,3665.00,3950.00
3483.00,3859.00,7128.00
2216.00,3483.00,7128.00
7311.00,7504.00,7133.00
6536.00,7311.00,7133.00
7025.00,887.00,877.00
3685.00,3968.00,3940.00
3648.00,3685.00,3940.00
1343.00,6301.00,7209.00
7455.00,6820.00,7002.00
1304.00,2322.00,962.00
963.00,1304.00,962.00
6474.00,7506.00,4080.00
7119.00,6474.00,4080.00
3718.00,3937.00,4279.00
3993.00,3718.00,4279.00
6614.00,5968.00,5145.00
5339.00,6614.00,5145.00
5612.00,5670.00,6412.00
6245.00,5612.00,6412.00
4739.00,5187.00,4752.00
4741.00,4739.00,4752.00
5339.00,7400.00,5147.00
5971.00,5339.00,5147.00
413.00,927.00,416.00
415.00,413.00,416.00
2899.00,2901.00,2906.00
2905.00,2899.00,2906.00
231.00,692.00,214.00
216.00,231.00,214.00
5934.00,5935.00,6741.00
6782.00,5934.00,6741.00
410.00,409.00,408.00
1135.00,6672.00,1136.00
1138.00,1135.00,1136.00
6957.00,7390.00,6203.00
2152.00,6957.00,6203.00
1240.00,1238.00,1242.00
2337.00,2705.00,2020.00
1294.00,2337.00,2020.00
6211.00,1704.00,6314.00
2805.00,6211.00,6314.00
2516.00,2512.00,2128.00
2517.00,2516.00,2128.00
4257.00,4580.00,4552.00
4213.00,4257.00,4552.00
5230.00,5234.00,5523.00
3270.00,2933.00,2942.00
3268.00,3270.00,2942.00
2130.00,2128.00,1709.00
1742.00,2130.00,1709.00
6735.00,6940.00,7303.00
7459.00,6735.00,7303.00
7282.00,7376.00,6940.00
6202.00,7282.00,6940.00
7288.00,5112.00,6549.00
7122.00,7288.00,6549.00
1858.00,876.00,2157.00
2156.00,1858.00,2157.00
4242.00,4187.00,3618.00
3922.00,4242.00,3618.00
3104.00,3757.00,2802.00
2804.00,3104.00,2802.00
3975.00,3992.00,4282.00
643.00,993.00,614.00
666.00,643.00,614.00
4408.00,3774.00,6659.00
257.00,135.00,424.00
410.00,257.00,424.00
288.00,602.00,277.00
186.00,288.00,277.00
2838.00,2163.00,2534.00
3159.00,2838.00,2534.00
2839.00,3159.00,2534.00
6175.00,6034.00,6172.00
6183.00,6175.00,6172.00
4238.00,3922.00,3617.00
6741.00,5935.00,5307.00
6234.00,4509.00,3508.00
3501.00,6234.00,3508.00
5167.00,5354.00,5171.00
4709.00,5167.00,5171.00
5585.00,5543.00,5250.00
5252.00,5585.00,5250.00
4407.00,4029.00,4399.00
4397.00,4407.00,4399.00
6012.00,5228.00,5230.00
5523.00,6012.00,5230.00
1370.00,581.00,515.00
1331.00,1370.00,515.00
1076.00,1933.00,1077.00
1075.00,1076.00,1077.00
4834.00,4282.00,4835.00
3546.00,3257.00,3519.00
3544.00,3546.00,3519.00
2206.00,1937.00,1933.00
2199.00,2206.00,1933.00
980.00,982.00,558.00
981.00,980.00,558.00
1213.00,933.00,1189.00
1185.00,1213.00,1189.00
2970.00,2969.00,2949.00
3561.00,2950.00,2686.00
6832.00,3250.00,3252.00
7246.00,6832.00,3252.00
7465.00,4404.00,4425.00
2816.00,3149.00,2839.00
2555.00,2816.00,2839.00
7338.00,6916.00,7246.00
3256.00,7338.00,7246.00
1821.00,2135.00,2163.00
1865.00,1821.00,2163.00
2216.00,7128.00,2217.00
2215.00,2216.00,2217.00
5582.00,5540.00,5234.00
5246.00,5582.00,5234.00
1288.00,1320.00,1283.00
2015.00,1288.00,1283.00
436.00,435.00,1205.00
6921.00,436.00,1205.00
2967.00,2965.00,2975.00
3000.00,2967.00,2975.00
5440.00,5439.00,5991.00
5997.00,5440.00,5991.00
5059.00,7124.00,5302.00
7122.00,7089.00,7119.00
4685.00,7122.00,7119.00
5354.00,5167.00,5352.00
5378.00,5354.00,5352.00
2083.00,2087.00,1491.00
1453.00,2083.00,1491.00
5164.00,5343.00,5167.00
6047.00,7411.00,5684.00
5684.00,7411.00,5808.00
5581.00,7412.00,5241.00
6465.00,7413.00,444.00
444.00,7413.00,1208.00
2317.00,7414.00,6342.00
3368.00,7416.00,3713.00
3713.00,7416.00,7332.00
6986.00,7417.00,4994.00
4994.00,7417.00,5271.00
4861.00,7418.00,4864.00
578.00,7419.00,474.00
7048.00,7420.00,6543.00
6543.00,7420.00,6799.00
7348.00,7424.00,7339.00
7214.00,7425.00,7430.00
710.00,7426.00,690.00
3040.00,7428.00,3346.00
6251.00,7429.00,102.00
102.00,7429.00,6463.00
6559.00,7430.00,6801.00
6801.00,7430.00,7425.00
865.00,7431.00,841.00
841.00,7431.00,6528.00
7272.00,7432.00,7174.00
7249.00,7433.00,7285.00
5109.00,7434.00,5094.00
3832.00,7435.00,4688.00
4688.00,7435.00,7223.00
7031.00,7436.00,3832.00
3832.00,7436.00,7435.00
7249.00,7437.00,7433.00
6654.00,7438.00,1866.00
7151.00,7439.00,681.00
681.00,7439.00,7478.00
363.00,7440.00,334.00
5226.00,7441.00,4861.00
4861.00,7441.00,7418.00
1348.00,7444.00,1324.00
1324.00,7444.00,6883.00
6800.00,7445.00,7490.00
2454.00,7446.00,2455.00
2455.00,7446.00,3056.00
6488.00,7447.00,7411.00
6735.00,7449.00,6539.00
4594.00,7450.00,4596.00
7134.00,7451.00,6575.00
1704.00,7452.00,6290.00
6290.00,7452.00,6522.00
912.00,7453.00,6916.00
833.00,7454.00,6695.00
2593.00,7456.00,7031.00
6342.00,7457.00,7325.00
7325.00,7457.00,6330.00
6801.00,7458.00,6562.00
6844.00,7460.00,7397.00
7397.00,7460.00,7236.00
423.00,7461.00,433.00
433.00,7461.00,7318.00
6858.00,7462.00,7449.00
7385.00,7463.00,7107.00
7107.00,7463.00,7437.00
3145.00,7465.00,4057.00
3583.00,7466.00,2952.00
1432.00,7468.00,1479.00
3583.00,7471.00,4535.00
2116.00,7472.00,7287.00
7287.00,7472.00,7262.00
6606.00,7476.00,7498.00
675.00,7478.00,7439.00
6986.00,7480.00,7417.00
7179.00,7481.00,7423.00
1866.00,7482.00,6654.00
6654.00,7482.00,7048.00
3097.00,7483.00,3094.00
5271.00,7484.00,6238.00
1866.00,7485.00,1830.00
5976.00,7486.00,5972.00
5972.00,7486.00,5354.00
6542.00,7487.00,1526.00
1526.00,7487.00,7321.00
5764.00,7488.00,5282.00
7398.00,7490.00,7376.00
3552.00,7493.00,3268.00
7476.00,7494.00,7189.00
7189.00,7494.00,7347.00
4953.00,7495.00,5665.00
7285.00,7496.00,7334.00
7334.00,7496.00,7464.00
6561.00,7497.00,6472.00
6472.00,7497.00,7492.00
6779.00,7498.00,6461.00
6461.00,7498.00,7476.00
7213.00,7499.00,6186.00
6186.00,7499.00,6464.00
7192.00,7500.00,7501.00
3595.00,7502.00,3643.00
3643.00,7502.00,3681.00
3571.00,7503.00,4187.00
6542.00,7504.00,7433.00
4694.00,7505.00,6403.00
6403.00,7505.00,6590.00
3199.00,7506.00,7032.00
435.00,486.00,939.00
1205.00,435.00,939.00
7411.00,6047.00,6761.00
7412.00,5581.00,4871.00
7272.00,7412.00,4871.00
5445.00,6008.00,7489.00
641.00,693.00,662.00
4871.00,4874.00,7432.00
7272.00,4871.00,7432.00
1006.00,1595.00,7443.00
1498.00,1006.00,7443.00
7416.00,3368.00,7367.00
4594.00,7416.00,7367.00
6793.00,6827.00,7415.00
902.00,6793.00,7415.00
5206.00,5204.00,4777.00
4785.00,5206.00,4777.00
5472.00,5203.00,7477.00
5483.00,5472.00,7477.00
3928.00,3930.00,3595.00
3643.00,3928.00,3595.00
7420.00,7048.00,7482.00
6858.00,7420.00,7482.00
5844.00,5808.00,7448.00
5294.00,5844.00,7448.00
2153.00,1830.00,7485.00
2164.00,2153.00,7485.00
6755.00,721.00,7439.00
7151.00,6755.00,7439.00
321.00,327.00,7469.00
6757.00,6330.00,7457.00
6912.00,6757.00,7457.00
4688.00,7223.00,7421.00
5148.00,4688.00,7421.00
3056.00,7446.00,3372.00
3290.00,2961.00,7503.00
3571.00,3290.00,7503.00
6800.00,7145.00,7444.00
1348.00,6800.00,7444.00
7429.00,6251.00,180.00
176.00,7429.00,180.00
7429.00,176.00,7343.00
6463.00,7429.00,7343.00
5148.00,7214.00,7430.00
6559.00,5148.00,7430.00
7431.00,865.00,6291.00
6527.00,7431.00,6291.00
7431.00,6527.00,7213.00
6528.00,7431.00,7213.00
3859.00,3483.00,4113.00
334.00,347.00,7442.00
363.00,334.00,7442.00
7313.00,7302.00,7468.00
7235.00,5290.00,7447.00
6488.00,7235.00,7447.00
7223.00,7435.00,7455.00
268.00,515.00,7427.00
459.00,268.00,7427.00
7436.00,7031.00,7456.00
6820.00,7436.00,7456.00
7311.00,7165.00,7496.00
7285.00,7311.00,7496.00
7472.00,1595.00,1504.00
7298.00,7406.00,7501.00
6798.00,7298.00,7501.00
7375.00,878.00,7479.00
1149.00,1125.00,2645.00
6622.00,7401.00,7459.00
7303.00,6622.00,7459.00
1386.00,6622.00,7445.00
6800.00,1386.00,7445.00
181.00,459.00,7427.00
610.00,181.00,7427.00
5041.00,5294.00,7448.00
5025.00,5041.00,7448.00
7449.00,6735.00,7326.00
6858.00,7449.00,7326.00
4596.00,7332.00,7416.00
4594.00,4596.00,7416.00
7451.00,7134.00,7422.00
6064.00,7451.00,7422.00
7452.00,1704.00,1741.00
1701.00,7452.00,1741.00
7452.00,1701.00,811.00
6522.00,7452.00,811.00
7454.00,833.00,7426.00
710.00,7454.00,7426.00
7456.00,2593.00,2592.00
7295.00,7456.00,2592.00
1908.00,1907.00,7464.00
1881.00,1908.00,7464.00
1776.00,7331.00,7479.00
1062.00,1776.00,7479.00
4874.00,4939.00,7450.00
4594.00,4874.00,7450.00
7462.00,1830.00,6539.00
7449.00,7462.00,6539.00
7343.00,7043.00,7419.00
578.00,7343.00,7419.00
6359.00,4080.00,7506.00
3199.00,6359.00,7506.00
7461.00,423.00,1193.00
1274.00,7461.00,1193.00
7318.00,7461.00,2352.00
6067.00,6064.00,7422.00
6079.00,6067.00,7422.00
7463.00,7385.00,7487.00
6542.00,7463.00,7487.00
7397.00,7101.00,7423.00
6844.00,7397.00,7423.00
4404.00,7465.00,4407.00
7392.00,6461.00,7476.00
7189.00,7392.00,7476.00
418.00,363.00,7442.00
422.00,418.00,7442.00
1595.00,2116.00,7443.00
5619.00,6488.00,7473.00
7319.00,5619.00,7473.00
5171.00,5354.00,7486.00
7234.00,5171.00,7486.00
5540.00,5503.00,5523.00
5234.00,5540.00,5523.00
7145.00,6800.00,7490.00
7214.00,5148.00,7421.00
2093.00,1479.00,7468.00
7302.00,2093.00,7468.00
3275.00,6355.00,7475.00
3891.00,3275.00,7475.00
7504.00,7311.00,7285.00
7433.00,7504.00,7285.00
3543.00,3522.00,7493.00
3595.00,3543.00,7493.00
4464.00,5322.00,7434.00
5109.00,4464.00,7434.00
7467.00,7321.00,7487.00
7385.00,7467.00,7487.00
1530.00,7133.00,7504.00
6542.00,1530.00,7504.00
674.00,682.00,7478.00
675.00,674.00,7478.00
3746.00,4362.00,7483.00
3097.00,3746.00,7483.00
5912.00,5915.00,7481.00
6886.00,7251.00,7480.00
6986.00,6886.00,7480.00
7481.00,6649.00,6844.00
7423.00,7481.00,6844.00
7482.00,1866.00,7462.00
6858.00,7482.00,7462.00
3043.00,2746.00,3355.00
3348.00,3043.00,3355.00
6723.00,7339.00,7424.00
7095.00,6723.00,7424.00
7485.00,1866.00,7438.00
7358.00,7485.00,7438.00
3087.00,3372.00,7446.00
7486.00,5976.00,7474.00
7234.00,7486.00,7474.00
7310.00,3346.00,7428.00
6945.00,7310.00,7428.00
5764.00,7235.00,7488.00
3641.00,3681.00,7502.00
7434.00,5954.00,5915.00
5094.00,7434.00,5915.00
7489.00,6011.00,5483.00
7477.00,7489.00,5483.00
4041.00,4407.00,7465.00
3145.00,4041.00,7465.00
337.00,902.00,7415.00
4288.00,5241.00,7412.00
7172.00,4288.00,7412.00
3407.00,3773.00,7491.00
7492.00,7326.00,7459.00
7401.00,7492.00,7459.00
4945.00,4596.00,7450.00
5257.00,4945.00,7450.00
7496.00,7165.00,1881.00
7464.00,7496.00,1881.00
7497.00,6561.00,7467.00
6799.00,7497.00,7467.00
7323.00,6606.00,7498.00
6779.00,7323.00,7498.00
6695.00,242.00,7499.00
7213.00,6695.00,7499.00
7135.00,6575.00,7451.00
6055.00,7135.00,7451.00
6507.00,6562.00,7458.00
6737.00,6507.00,7458.00
7419.00,603.00,507.00
474.00,7419.00,507.00
7142.00,6798.00,7501.00
7500.00,7142.00,7501.00
242.00,6695.00,7454.00
231.00,242.00,7454.00
7406.00,690.00,7426.00
6951.00,7406.00,7426.00
7255.00,7211.00,7495.00
7371.00,7174.00,7432.00
7367.00,7371.00,7432.00
7502.00,3595.00,7493.00
3552.00,7502.00,7493.00
4350.00,3094.00,7483.00
4351.00,4350.00,7483.00
5879.00,5302.00,7124.00
5067.00,5879.00,7124.00
1208.00,7413.00,7202.00
7002.00,7505.00,7455.00
2970.00,2949.00,7466.00
4433.00,4057.00,7465.00
4425.00,4433.00,7465.00
7424.00,7348.00,7500.00
7192.00,7424.00,7500.00
7425.00,7346.00,7458.00
6801.00,7425.00,7458.00
7477.00,5449.00,5445.00
7489.00,7477.00,5445.00
7326.00,7492.00,7497.00
6799.00,7326.00,7497.00
5425.00,5440.00,5418.00
5415.00,5425.00,5418.00
5271.00,7417.00,7484.00
3257.00,3546.00,7475.00
6355.00,3257.00,7475.00
1099.00,1101.00,7352.00
1097.00,1099.00,7352.00
3972.00,4257.00,4213.00
4256.00,3972.00,4213.00
984.00,570.00,7470.00
4285.00,4282.00,3992.00
4320.00,4285.00,3992.00
7409.00,7296.00,7460.00
7469.00,7341.00,334.00
7440.00,7469.00,334.00
570.00,601.00,569.00
7470.00,570.00,569.00
6665.00,560.00,7470.00
569.00,6665.00,7470.00
2255.00,7338.00,3256.00
6355.00,2255.00,3256.00
6261.00,7377.00,464.00
714.00,1480.00,1588.00
722.00,714.00,1588.00
2082.00,2415.00,2451.00
2083.00,2082.00,2451.00
2030.00,962.00,2306.00
7418.00,7077.00,5574.00
4864.00,7418.00,5574.00
6685.00,6172.00,6023.00
6167.00,6685.00,6023.00
3682.00,3964.00,6817.00
3966.00,3682.00,6817.00
3661.00,7172.00,7174.00
3703.00,3661.00,7174.00
4562.00,7310.00,7188.00
4229.00,4562.00,7188.00
7440.00,338.00,321.00
7469.00,7440.00,321.00
889.00,320.00,327.00
321.00,889.00,327.00
674.00,675.00,1020.00
1015.00,674.00,1020.00
1166.00,1148.00,1125.00
1149.00,1166.00,1125.00
1216.00,1991.00,1990.00
2156.00,2155.00,1065.00
1858.00,2156.00,1065.00
2135.00,2136.00,2137.00
2534.00,2135.00,2137.00
4285.00,4284.00,4835.00
4282.00,4285.00,4835.00
5415.00,5403.00,5389.00
5386.00,5415.00,5389.00
2784.00,2786.00,3102.00
3100.00,2784.00,3102.00
3544.00,3519.00,3252.00
3517.00,3544.00,3252.00
4213.00,4552.00,5216.00
2688.00,2955.00,3285.00
2690.00,2688.00,3285.00
5109.00,5094.00,6439.00
5106.00,5109.00,6439.00
6022.00,5525.00,5543.00
6156.00,6022.00,5543.00
391.00,1143.00,7054.00
1157.00,391.00,7054.00
2500.00,2496.00,7443.00
2116.00,2500.00,7443.00
4543.00,3583.00,4535.00
4537.00,4543.00,4535.00
1387.00,1414.00,7401.00
6622.00,1387.00,7401.00
2410.00,2384.00,2058.00
5670.00,6247.00,5675.00
6412.00,5670.00,5675.00
6203.00,1796.00,2153.00
2152.00,6203.00,2153.00
4646.00,5296.00,5294.00
4413.00,4646.00,5294.00
2716.00,2346.00,3309.00
3611.00,2716.00,3309.00
2347.00,980.00,1364.00
6331.00,2347.00,1364.00
564.00,984.00,7470.00
560.00,564.00,7470.00
2155.00,1893.00,1892.00
1065.00,2155.00,1892.00
2555.00,2526.00,7491.00
2816.00,2555.00,7491.00
3348.00,3650.00,3325.00
3043.00,3348.00,3325.00
640.00,1449.00,1489.00
641.00,640.00,1489.00
2694.00,2314.00,1998.00
2312.00,2694.00,1998.00
2137.00,2526.00,2555.00
2534.00,2137.00,2555.00
6990.00,6011.00,7489.00
6008.00,6990.00,7489.00
2614.00,6849.00,7002.00
6693.00,2614.00,7002.00
6849.00,6768.00,6864.00
3843.00,6849.00,6864.00
3284.00,2961.00,2690.00
3285.00,3284.00,2690.00
4442.00,4440.00,4437.00
4439.00,4442.00,4437.00
1274.00,1310.00,2032.00
2336.00,1274.00,2032.00
2015.00,1283.00,495.00
451.00,2015.00,495.00
5112.00,5147.00,7400.00
6549.00,5112.00,7400.00
7246.00,6916.00,7453.00
6832.00,7246.00,7453.00
7480.00,7140.00,7484.00
7417.00,7480.00,7484.00
4544.00,4795.00,4801.00
4797.00,4544.00,4801.00
3284.00,3617.00,3922.00
3618.00,3284.00,3922.00
1191.00,419.00,1216.00
1990.00,1191.00,1216.00
2228.00,2900.00,2899.00
2645.00,2228.00,2899.00
7077.00,7418.00,7441.00
6791.00,7077.00,7441.00
7055.00,6763.00,7438.00
6654.00,7055.00,7438.00
6473.00,6207.00,2172.00
7055.00,6473.00,2172.00
2449.00,3351.00,3719.00
3371.00,2449.00,3719.00
3056.00,3355.00,2746.00
2455.00,3056.00,2746.00
23.00,21.00,35.00
239.00,23.00,35.00
6845.00,4434.00,4652.00
4427.00,6845.00,4652.00
430.00,422.00,423.00
433.00,430.00,423.00
4151.00,3893.00,3887.00
4147.00,4151.00,3887.00
5300.00,5056.00,5057.00
5073.00,5300.00,5057.00
7171.00,7204.00,7414.00
1530.00,2093.00,7302.00
6554.00,1530.00,7302.00
5179.00,5397.00,5979.00
5386.00,5179.00,5979.00
5519.00,4812.00,5514.00
5516.00,5519.00,5514.00
5252.00,5250.00,4614.00
4969.00,5252.00,4614.00
6488.00,5619.00,7488.00
7235.00,6488.00,7488.00
77.00,64.00,73.00
78.00,77.00,73.00
4351.00,4618.00,4969.00
4614.00,4351.00,4969.00
3293.00,2967.00,2695.00
3275.00,3293.00,2695.00
4121.00,5171.00,7234.00
4503.00,4121.00,7234.00
6921.00,1974.00,2245.00
1179.00,6921.00,2245.00
2746.00,2400.00,2369.00
2455.00,2746.00,2369.00
5990.00,5423.00,5436.00
5992.00,5990.00,5436.00
1072.00,1076.00,1075.00
1074.00,1072.00,1075.00
995.00,1343.00,7209.00
1324.00,995.00,7209.00
2989.00,2991.00,6987.00
3017.00,2989.00,6987.00
2999.00,2976.00,3297.00
3315.00,2999.00,3297.00
4575.00,4574.00,7342.00
4833.00,4575.00,7342.00
2104.00,1549.00,1548.00
1590.00,2104.00,1548.00
3006.00,2987.00,2990.00
2989.00,3006.00,2990.00
2901.00,3243.00,2909.00
2906.00,2901.00,2909.00
7433.00,7437.00,7463.00
6542.00,7433.00,7463.00
7165.00,7311.00,715.00
1034.00,7165.00,715.00
2366.00,7301.00,2336.00
2032.00,2366.00,2336.00
7436.00,6820.00,7455.00
7435.00,7436.00,7455.00
4536.00,6342.00,7414.00
7204.00,4536.00,7414.00
3277.00,3550.00,3561.00
2686.00,3277.00,3561.00
7092.00,7107.00,7437.00
7249.00,7092.00,7437.00
1331.00,952.00,1187.00
7260.00,1331.00,1187.00
5502.00,6250.00,6128.00
5523.00,5502.00,6128.00
952.00,1213.00,1185.00
1187.00,952.00,1185.00
5876.00,6741.00,5307.00
5302.00,5876.00,5307.00
1404.00,1497.00,1458.00
1402.00,1404.00,1458.00
5214.00,4210.00,4213.00
5216.00,5214.00,4213.00
5977.00,5397.00,7474.00
5976.00,5977.00,7474.00
6761.00,6047.00,6183.00
6172.00,6761.00,6183.00
3501.00,3499.00,4126.00
6234.00,3501.00,4126.00
6336.00,1971.00,1149.00
2240.00,6336.00,1149.00
3700.00,3355.00,3356.00
3720.00,3700.00,3356.00
2303.00,2697.00,2705.00
2337.00,2303.00,2705.00
2344.00,2710.00,2988.00
2987.00,2344.00,2988.00
4207.00,4168.00,3930.00
4189.00,4207.00,3930.00
2804.00,2802.00,2807.00
6211.00,2804.00,2807.00
2933.00,3270.00,2936.00
2674.00,2933.00,2936.00
3997.00,3995.00,3726.00
3727.00,3997.00,3726.00
1981.00,1980.00,408.00
1988.00,1981.00,408.00
409.00,1988.00,408.00
4785.00,4777.00,4538.00
4540.00,4785.00,4538.00
2950.00,2952.00,7466.00
2949.00,2950.00,7466.00
3094.00,3087.00,7446.00
3086.00,3094.00,7446.00
641.00,712.00,711.00
693.00,641.00,711.00
3696.00,3972.00,3968.00
3685.00,3696.00,3968.00
4027.00,3767.00,3402.00
3769.00,4027.00,3402.00
2086.00,2074.00,1434.00
1435.00,2086.00,1434.00
6353.00,6896.00,2650.00
3246.00,6353.00,2650.00
2697.00,2303.00,2302.00
2686.00,2697.00,2302.00
7506.00,6474.00,2854.00
7032.00,7506.00,2854.00
4741.00,4519.00,4517.00
4516.00,4741.00,4517.00
3851.00,4112.00,4113.00
3483.00,3851.00,4113.00
2500.00,2798.00,3120.00
2794.00,2500.00,3120.00
242.00,231.00,216.00
230.00,242.00,216.00
2813.00,2130.00,1742.00
1746.00,2813.00,1742.00
5968.00,7125.00,7322.00
5145.00,5968.00,7322.00
435.00,436.00,6261.00
464.00,435.00,6261.00
2047.00,1356.00,7116.00
2058.00,2047.00,7116.00
427.00,413.00,415.00
428.00,427.00,415.00
5318.00,5319.00,5935.00
5934.00,5318.00,5935.00
456.00,409.00,410.00
424.00,456.00,410.00
997.00,1488.00,7116.00
1358.00,997.00,7116.00
7287.00,2504.00,2798.00
2116.00,7287.00,2798.00
5164.00,5167.00,4709.00
4495.00,5164.00,4709.00
2075.00,2446.00,2448.00
2074.00,2075.00,2448.00
176.00,180.00,73.00
64.00,176.00,73.00
1294.00,2020.00,2342.00
2341.00,1294.00,2342.00
3026.00,2735.00,2768.00
3048.00,3026.00,2768.00
1908.00,1881.00,7391.00
1909.00,1908.00,7391.00
1371.00,1449.00,991.00
1370.00,1371.00,991.00
2343.00,2342.00,2710.00
2344.00,2343.00,2710.00
3115.00,3107.00,3390.00
3104.00,3115.00,3390.00
4256.00,4210.00,4548.00
3940.00,4256.00,4548.00
7447.00,5290.00,7448.00
5808.00,7447.00,7448.00
2314.00,1242.00,1238.00
1998.00,2314.00,1238.00
6507.00,7409.00,7460.00
6844.00,6507.00,7460.00
518.00,464.00,7377.00
545.00,518.00,7377.00
7453.00,912.00,372.00
370.00,7453.00,372.00
7368.00,5912.00,7481.00
7179.00,7368.00,7481.00
7125.00,7214.00,7421.00
7322.00,7125.00,7421.00
3136.00,7350.00,6659.00
329.00,7341.00,7469.00
327.00,329.00,7469.00
4833.00,7342.00,7140.00
7148.00,4833.00,7140.00
4531.00,4535.00,7471.00
7380.00,4531.00,7471.00
7350.00,6773.00,4042.00
6659.00,7350.00,4042.00
3993.00,3724.00,3719.00
3718.00,3993.00,3719.00
3935.00,4187.00,4246.00
1878.00,7334.00,7464.00
1907.00,1878.00,7464.00
7396.00,7025.00,877.00
1865.00,7396.00,877.00
2512.00,2516.00,3136.00
7466.00,3583.00,7152.00
2983.00,7466.00,7152.00
53.00,40.00,41.00
52.00,53.00,41.00
7294.00,7166.00,7374.00
1432.00,7294.00,7374.00
2702.00,2316.00,2008.00
2703.00,2702.00,2008.00
2225.00,2645.00,1125.00
1115.00,2225.00,1125.00
2199.00,2200.00,2202.00
2201.00,2199.00,2202.00
3017.00,2373.00,2371.00
3006.00,3017.00,2371.00
4308.00,4246.00,4187.00
4242.00,4308.00,4187.00
33.00,77.00,14.00
18.00,33.00,14.00
3816.00,7400.00,4699.00
3815.00,3816.00,4699.00
1786.00,7407.00,2526.00
865.00,1786.00,2526.00
3997.00,3087.00,4350.00
4339.00,3997.00,4350.00
7288.00,7124.00,5059.00
5099.00,7288.00,5059.00
2599.00,6693.00,1926.00
1927.00,2599.00,1926.00
3859.00,4113.00,4118.00
3861.00,3859.00,4118.00
7346.00,7494.00,6737.00
4885.00,7255.00,7495.00
4953.00,4885.00,7495.00
1143.00,391.00,369.00
1101.00,1143.00,369.00
6409.00,4792.00,4775.00
4779.00,6409.00,4775.00
2703.00,2008.00,1268.00
2352.00,2703.00,1268.00
1907.00,1908.00,1924.00
1922.00,1907.00,1924.00
601.00,570.00,498.00
528.00,601.00,498.00
2249.00,2936.00,3250.00
2963.00,2964.00,3292.00
3291.00,2963.00,3292.00
2299.00,451.00,450.00
1996.00,2299.00,450.00
2695.00,7260.00,1187.00
1984.00,2695.00,1187.00
6760.00,7262.00,7472.00
1504.00,6760.00,7472.00
4953.00,5665.00,5667.00
5268.00,4953.00,5667.00
5160.00,6960.00,7226.00
4701.00,5160.00,7226.00
135.00,53.00,52.00
102.00,135.00,52.00
4614.00,5250.00,5248.00
4932.00,4614.00,5248.00
1980.00,370.00,371.00
408.00,1980.00,371.00
2336.00,7301.00,2353.00
2352.00,2336.00,2353.00
1035.00,1034.00,754.00
786.00,1035.00,754.00
1342.00,1402.00,1454.00
974.00,1342.00,1454.00
5991.00,6090.00,6092.00
5997.00,5991.00,6092.00
7402.00,1336.00,2370.00
1332.00,7402.00,2370.00
5025.00,5038.00,4640.00
5041.00,5025.00,4640.00
7051.00,1332.00,1311.00
1310.00,7051.00,1311.00
5260.00,5658.00,6846.00
6526.00,5260.00,6846.00
2380.00,3017.00,6987.00
3022.00,2380.00,6987.00
6935.00,240.00,255.00
6826.00,6935.00,255.00
4390.00,4391.00,4401.00
4634.00,4390.00,4401.00
3093.00,3085.00,3081.00
3092.00,3093.00,3081.00
7010.00,1712.00,1708.00
6874.00,7010.00,1708.00
4369.00,4354.00,4980.00
4624.00,4369.00,4980.00
3045.00,2747.00,2381.00
3021.00,3045.00,2381.00
2030.00,502.00,496.00
962.00,2030.00,496.00
320.00,328.00,329.00
327.00,320.00,329.00
5491.00,5562.00,6037.00
5564.00,5491.00,6037.00
5192.00,4752.00,5421.00
3023.00,3021.00,3022.00
3332.00,3023.00,3022.00
4447.00,4455.00,4081.00
4052.00,4447.00,4081.00
1701.00,1739.00,841.00
811.00,1701.00,841.00
1087.00,1090.00,1089.00
328.00,1087.00,1089.00
4030.00,3762.00,3131.00
3774.00,4030.00,3131.00
417.00,929.00,933.00
429.00,417.00,933.00
1137.00,1152.00,927.00
1135.00,1137.00,927.00
4575.00,4579.00,4267.00
4242.00,4575.00,4267.00
4139.00,4523.00,4144.00
6229.00,4139.00,4144.00
1139.00,1965.00,1969.00
1153.00,1139.00,1969.00
2280.00,2290.00,2314.00
2278.00,2280.00,2314.00
6080.00,6097.00,6575.00
7135.00,6080.00,6575.00
2344.00,2987.00,2727.00
2345.00,2344.00,2727.00
4455.00,4662.00,4667.00
4454.00,4455.00,4667.00
1004.00,682.00,674.00
288.00,186.00,184.00
182.00,288.00,184.00
7223.00,7455.00,7505.00
4694.00,7223.00,7505.00
7331.00,6996.00,7375.00
7479.00,7331.00,7375.00
7407.00,3134.00,3407.00
7491.00,7407.00,3407.00
6799.00,7467.00,7385.00
6543.00,6799.00,7385.00
2164.00,7485.00,7358.00
2563.00,2164.00,7358.00
7319.00,7473.00,6685.00
6038.00,7319.00,6685.00
5352.00,5167.00,5343.00
6972.00,5352.00,5343.00
6606.00,6737.00,7494.00
7476.00,6606.00,7494.00
640.00,641.00,662.00
661.00,640.00,662.00
7376.00,7490.00,7445.00
7303.00,7376.00,7445.00
7415.00,1084.00,337.00
2816.00,7491.00,3773.00
3772.00,2816.00,3773.00
7413.00,6261.00,436.00
7202.00,7413.00,436.00
7475.00,3546.00,4149.00
3891.00,7475.00,4149.00
1149.00,2645.00,2905.00
2240.00,1149.00,2905.00
2306.00,2312.00,1999.00
2030.00,2306.00,1999.00
602.00,288.00,182.00
601.00,602.00,182.00
1440.00,2410.00,2058.00
1446.00,1440.00,2058.00
3131.00,3136.00,6659.00
3774.00,3131.00,6659.00
4099.00,3844.00,6960.00
4110.00,4099.00,6960.00
2965.00,2963.00,2976.00
2975.00,2965.00,2976.00
1746.00,6715.00,7127.00
1789.00,1746.00,7127.00
5187.00,5418.00,5421.00
4752.00,5187.00,5421.00
5195.00,5421.00,6095.00
5445.00,5195.00,6095.00
528.00,531.00,164.00
277.00,528.00,164.00
2246.00,6336.00,2240.00
2650.00,2246.00,2240.00
6782.00,6846.00,7349.00
7215.00,6782.00,7349.00
462.00,515.00,268.00
427.00,462.00,268.00
3935.00,3641.00,3571.00
4187.00,3935.00,3571.00
6693.00,6820.00,7295.00
2194.00,6693.00,7295.00
6038.00,6990.00,7386.00
6032.00,6038.00,7386.00
7265.00,1208.00,7202.00
1179.00,7265.00,7202.00
484.00,518.00,542.00
516.00,484.00,542.00
1485.00,1488.00,1004.00
674.00,1485.00,1004.00
7318.00,1268.00,1991.00
1216.00,7318.00,1991.00
6861.00,7145.00,7490.00
7398.00,6861.00,7490.00
7373.00,2249.00,3250.00
6832.00,7373.00,3250.00
7473.00,6488.00,7411.00
6761.00,7473.00,7411.00
338.00,337.00,1084.00
321.00,338.00,1084.00
370.00,7373.00,6832.00
7453.00,370.00,6832.00
3641.00,7502.00,3552.00
3571.00,3641.00,3552.00
2032.00,1311.00,2036.00
2366.00,2032.00,2036.00
2352.00,7461.00,1274.00
2336.00,2352.00,1274.00
516.00,542.00,975.00
970.00,516.00,975.00
6498.00,4139.00,6229.00
6511.00,6498.00,6229.00
1135.00,927.00,7096.00
382.00,1135.00,7096.00
2806.00,2504.00,2512.00
3136.00,2806.00,2512.00
7347.00,7494.00,7346.00
6521.00,7347.00,7346.00
4574.00,4575.00,4242.00
3922.00,4574.00,4242.00
