88.07,85.27,28.67
86.79,94.71,21.03
83.61,90.72,28.02
86.98,85.66,8.94
87.13,85.68,28.46
86.64,94.03,20.32
86.13,92.73,19.71
86.34,86.20,28.31
85.92,95.63,23.95
85.87,87.63,18.36
85.56,89.16,19.04
85.22,95.43,25.12
85.40,87.08,28.32
84.01,93.88,26.85
86.09,87.12,17.91
83.60,91.03,27.95
83.64,90.42,28.08
83.74,89.83,28.17
83.69,90.13,28.13
83.60,91.34,27.87
83.63,91.65,27.77
83.67,91.97,27.65
83.82,89.55,28.21
83.91,89.27,28.24
83.71,92.31,27.50
83.73,92.59,27.41
83.87,93.40,27.09
83.76,92.86,27.31
83.94,93.64,26.97
83.81,93.13,27.20
84.02,88.99,28.26
84.14,88.73,28.27
84.10,94.10,26.72
84.28,88.48,28.28
84.19,94.31,26.58
84.30,94.50,26.43
84.43,88.23,28.29
84.60,87.99,28.29
84.41,94.68,26.27
84.53,94.85,26.10
84.93,95.25,25.55
84.66,95.00,25.93
84.79,95.13,25.74
85.07,95.35,25.34
85.36,95.50,24.90
84.78,87.75,28.29
85.60,86.87,28.31
84.98,87.52,28.29
85.51,95.55,24.67
85.19,87.30,28.31
85.57,88.95,18.98
85.59,88.75,18.93
85.78,86.70,28.29
85.73,91.30,19.53
85.81,87.81,18.48
85.76,87.99,18.58
85.71,88.18,18.69
85.62,88.55,18.86
85.66,88.36,18.78
85.57,89.64,19.15
85.59,89.92,19.22
85.68,90.96,19.48
85.65,90.61,19.40
85.62,90.25,19.31
85.78,91.62,19.56
85.56,89.39,19.09
85.65,95.59,24.43
85.85,91.93,19.59
85.96,86.53,28.30
85.94,87.46,18.22
85.94,92.21,19.62
86.03,92.48,19.66
86.22,92.97,19.78
86.01,87.29,18.08
86.17,86.96,17.74
86.25,86.81,17.55
85.78,95.61,24.19
86.05,95.63,23.70
86.31,93.21,19.86
86.33,86.67,17.35
86.53,86.05,28.34
86.15,86.36,28.30
86.18,95.61,23.45
86.42,86.54,17.14
86.72,85.92,28.38
86.93,85.66,7.97
86.49,86.42,16.92
86.40,93.43,19.95
86.30,95.59,23.19
86.96,85.65,7.65
87.05,85.64,6.99
86.56,86.31,16.70
86.82,86.02,15.76
87.13,85.64,6.66
86.69,86.14,16.24
86.75,86.07,16.00
86.41,95.54,22.93
86.49,93.64,20.06
86.99,85.65,7.32
86.63,86.22,16.47
86.57,93.84,20.18
87.23,85.63,6.32
86.89,85.98,15.51
86.91,85.80,28.42
87.35,85.57,28.50
86.92,85.66,8.30
86.66,95.32,22.17
86.51,95.48,22.68
86.59,95.41,22.42
86.77,94.55,20.83
87.14,85.65,9.95
87.17,85.65,10.29
87.18,85.66,10.62
87.19,85.67,10.93
87.19,85.71,11.24
87.19,85.76,11.55
87.09,85.66,9.62
87.19,85.82,11.86
87.19,85.91,12.50
87.19,85.94,12.81
87.19,85.94,13.12
87.19,85.94,13.44
87.19,85.94,13.75
87.17,85.94,14.06
87.13,85.94,14.36
87.08,85.95,14.65
87.03,85.96,14.94
86.97,85.97,15.23
87.19,85.87,12.18
86.74,94.39,20.65
87.58,85.46,28.55
87.04,85.66,9.28
86.94,85.66,8.62
86.69,94.21,20.48
87.34,85.63,6.02
86.72,95.22,21.93
87.42,85.63,5.75
87.50,85.62,5.47
86.80,94.85,21.24
86.79,94.99,21.46
86.76,95.11,21.69
87.82,85.36,28.60
88.33,85.19,28.74
88.60,85.13,28.82
88.88,85.09,28.90
89.16,85.06,28.97
89.46,85.05,29.04
89.76,85.05,29.09
90.07,85.04,29.16
90.37,85.03,29.24
90.67,85.01,29.32
90.96,84.99,29.42
91.23,84.95,29.53
91.48,84.90,29.65
91.72,84.83,29.76
91.97,84.76,29.84
92.47,84.63,29.96
92.74,84.57,30.00
92.22,84.70,29.91
93.00,84.50,30.03
93.27,84.44,30.05
93.54,84.38,30.05
