70.16,95.82,27.62
70.21,92.45,28.87
65.93,97.78,22.45
70.15,91.07,29.12
69.73,88.69,29.87
69.24,97.57,26.58
69.09,97.73,26.43
68.87,87.01,30.50
68.72,86.82,30.64
67.64,85.77,31.80
67.31,98.65,24.69
66.82,98.63,24.05
66.30,98.29,23.16
66.30,85.46,33.86
68.59,98.14,25.91
61.48,86.88,7.42
65.76,97.44,22.14
62.60,86.03,11.52
63.06,87.47,16.85
62.82,86.58,14.84
62.96,86.99,16.01
63.15,87.73,17.25
62.67,86.18,13.24
63.90,88.77,18.64
63.38,88.11,17.80
64.31,89.41,19.19
65.13,85.45,35.70
64.98,91.65,20.28
65.53,96.62,21.66
62.03,86.72,8.16
62.17,86.65,8.41
61.68,86.83,7.67
61.86,86.77,7.91
62.59,86.05,11.30
62.29,86.59,8.65
62.60,86.08,11.07
62.62,86.01,11.78
62.68,86.25,13.47
62.70,86.32,13.71
62.64,86.01,12.04
62.61,86.11,10.84
62.39,86.53,8.90
62.66,86.13,13.01
62.87,86.65,15.09
62.78,86.51,14.55
62.65,86.02,12.29
62.66,86.08,12.78
62.73,86.39,13.96
62.49,86.47,9.15
62.91,86.73,15.33
62.75,86.45,14.24
62.65,86.04,12.54
62.63,86.14,10.61
62.97,87.11,16.23
63.22,87.86,17.44
62.57,86.40,9.40
63.10,87.60,17.05
63.02,87.35,16.65
62.99,87.22,16.44
62.66,86.18,10.38
62.94,86.81,15.57
63.29,87.99,17.62
62.63,86.34,9.64
62.95,86.90,15.79
62.67,86.23,10.13
62.66,86.29,9.89
63.47,88.23,17.98
63.61,88.40,18.21
63.75,88.58,18.43
64.04,88.97,18.83
64.18,89.19,19.01
64.44,89.65,19.35
64.56,89.88,19.50
64.67,90.10,19.64
64.75,90.33,19.76
65.24,93.62,20.66
64.95,85.48,35.94
65.30,85.42,35.46
64.58,85.57,36.35
64.82,90.57,19.88
64.87,90.82,19.98
64.92,91.08,20.09
65.00,91.97,20.37
64.95,91.37,20.19
65.03,92.28,20.44
65.06,92.60,20.51
65.10,92.93,20.56
65.16,93.27,20.61
64.77,85.52,36.16
65.32,93.96,20.73
65.47,85.40,35.21
65.38,94.30,20.82
65.57,96.84,21.76
65.49,96.38,21.56
65.47,96.14,21.46
65.64,85.38,34.93
65.42,94.63,20.92
65.48,95.60,21.25
65.46,94.96,21.02
65.46,95.88,21.37
65.69,97.25,22.00
65.84,97.61,22.29
65.62,97.05,21.88
65.48,95.28,21.13
65.80,85.39,34.63
66.02,97.93,22.62
65.98,85.41,34.34
66.11,98.06,22.79
66.16,85.44,34.08
66.45,85.48,33.65
66.40,98.38,23.34
66.21,98.18,22.97
66.51,98.45,23.52
66.59,85.49,33.42
66.74,85.48,33.18
66.61,98.53,23.70
66.71,98.59,23.88
66.93,98.66,24.22
66.88,85.48,32.92
67.18,85.54,32.43
67.03,85.50,32.67
67.05,98.67,24.38
67.18,98.66,24.54
67.45,98.62,24.83
67.49,85.68,32.00
67.33,85.60,32.21
67.60,98.58,24.97
67.80,85.87,31.61
67.80,98.52,25.14
68.21,98.35,25.52
68.40,98.25,25.71
67.96,85.99,31.43
68.27,86.28,31.09
68.12,86.13,31.25
68.42,86.45,30.93
68.57,86.63,30.78
68.01,98.44,25.33
69.01,87.23,30.37
69.14,87.45,30.26
68.92,97.88,26.27
68.76,98.01,26.09
69.28,87.69,30.16
69.39,97.39,26.72
69.53,97.20,26.86
69.40,87.94,30.07
69.53,88.19,29.99
69.80,88.95,29.79
69.64,88.44,29.94
69.88,89.22,29.71
69.67,97.00,26.99
69.95,89.49,29.62
70.21,92.21,28.92
70.00,89.78,29.51
69.80,96.80,27.11
70.20,91.97,28.97
70.05,90.08,29.40
69.91,96.57,27.23
70.20,95.59,27.73
70.26,95.04,28.02
70.08,90.41,29.29
70.12,90.74,29.19
70.19,91.40,29.05
70.21,91.71,29.01
70.22,92.68,28.82
70.25,92.92,28.75
70.28,93.19,28.68
70.29,93.49,28.61
70.31,93.79,28.53
70.31,94.11,28.44
70.30,94.43,28.32
70.24,95.33,27.88
70.29,94.75,28.17
70.10,96.08,27.47
70.02,96.33,27.35
