74.31,80.46,19.72
74.18,80.76,23.59
73.84,78.90,28.60
74.15,80.82,23.31
74.26,75.98,34.21
73.85,78.41,16.29
73.80,78.00,30.41
73.85,79.25,27.84
73.32,77.40,15.17
73.91,78.61,16.54
72.99,76.85,14.47
72.70,76.41,13.98
71.93,75.29,12.75
71.44,74.62,12.14
71.31,74.41,11.97
69.69,66.41,6.88
70.81,73.46,11.18
70.14,71.39,9.49
70.35,72.33,10.23
69.73,66.71,6.94
69.82,67.31,7.13
69.77,67.01,7.02
69.88,67.62,7.24
69.93,67.92,7.38
70.10,70.96,9.17
69.99,68.22,7.54
70.05,68.52,7.73
70.11,68.81,7.93
70.11,70.21,8.73
70.09,70.48,8.87
70.12,71.17,9.33
70.09,70.73,9.02
70.27,71.93,9.94
70.18,71.59,9.65
70.13,69.08,8.11
70.13,69.93,8.58
70.31,72.09,10.06
70.43,72.56,10.42
70.14,69.36,8.28
70.23,71.76,9.79
70.14,69.65,8.43
70.70,73.25,10.98
70.60,73.03,10.78
70.50,72.80,10.60
70.92,73.70,11.39
71.04,73.94,11.58
71.17,74.17,11.78
71.59,74.83,12.33
71.73,75.04,12.53
72.12,75.52,12.99
72.26,75.71,13.20
72.38,75.89,13.41
72.50,76.06,13.61
72.60,76.24,13.81
72.80,76.56,14.14
72.89,76.72,14.31
73.25,77.25,15.01
73.17,77.11,14.82
73.08,76.98,14.64
73.40,77.55,15.34
73.49,77.70,15.50
73.77,78.22,16.08
73.81,78.66,29.09
73.90,79.48,27.29
73.86,77.16,31.89
73.82,77.34,31.61
73.80,77.52,31.32
73.79,77.69,31.02
73.69,78.03,15.86
73.82,78.28,29.84
73.79,77.84,30.71
73.82,78.15,30.12
73.80,78.42,29.58
73.87,79.37,27.58
73.93,79.58,27.00
73.59,77.86,15.68
73.83,78.78,28.84
73.84,79.02,28.36
73.97,79.67,26.71
73.79,78.54,29.34
73.84,79.14,28.11
74.12,79.43,17.63
74.22,80.78,21.07
74.01,76.62,32.69
74.06,76.45,32.99
73.96,76.79,32.41
73.91,76.98,32.15
74.03,79.04,17.09
74.08,79.24,17.37
74.16,79.61,17.92
74.06,80.01,25.82
74.00,79.76,26.42
74.11,80.13,25.54
74.03,79.87,26.13
74.15,80.24,25.26
74.19,80.35,24.97
74.11,80.89,22.03
74.17,80.83,21.38
74.10,80.90,22.69
74.12,80.87,22.99
74.10,80.91,22.36
74.14,80.86,21.70
74.21,76.08,33.90
74.11,76.31,33.29
74.31,75.91,34.52
74.16,76.19,33.59
73.98,78.84,16.82
74.22,80.69,23.86
74.36,75.87,34.83
74.24,80.61,24.13
74.31,80.58,20.10
74.30,80.31,19.34
74.42,75.85,35.14
74.48,75.86,35.44
74.20,79.80,18.24
74.24,79.98,18.60
74.27,80.15,18.97
74.30,80.67,20.47
74.26,80.73,20.80
74.22,80.44,24.69
74.24,80.53,24.41
74.54,75.89,35.74
74.61,75.94,36.02
