88.44,92.34,15.62
83.03,98.01,26.67
86.75,90.18,39.74
86.27,90.59,38.61
86.34,92.80,19.95
85.61,91.05,37.63
85.48,91.15,37.44
84.35,103.23,27.57
84.85,93.83,23.94
84.46,104.36,29.12
86.68,90.23,39.53
84.11,104.50,30.71
83.83,94.65,25.52
83.80,94.83,34.80
83.57,103.75,32.19
83.71,94.83,25.68
83.45,96.96,34.26
83.28,102.41,33.00
83.23,100.46,33.56
84.18,104.52,30.49
83.04,97.70,26.66
83.03,98.33,26.68
83.06,97.40,26.62
83.04,98.65,26.67
83.16,99.18,33.85
83.15,96.51,26.48
83.06,98.97,26.66
83.15,99.49,33.78
83.11,96.80,26.54
83.20,96.23,26.40
83.08,97.09,26.59
83.27,102.18,33.08
83.52,103.60,32.34
83.40,95.46,26.09
83.33,95.70,26.21
83.10,99.29,26.64
83.15,99.61,26.61
83.22,99.92,26.62
83.29,100.20,26.63
83.17,99.80,33.70
83.38,100.48,26.64
83.37,103.06,32.71
83.46,103.43,32.47
83.26,95.96,26.31
83.41,103.25,32.60
83.16,98.87,33.92
83.27,101.93,33.16
83.24,100.78,33.50
83.20,100.13,33.63
83.47,96.62,34.32
83.33,102.86,32.82
83.30,102.64,32.91
83.51,96.31,34.40
83.26,101.09,33.43
83.49,95.23,25.96
83.60,95.02,25.83
83.36,97.64,34.16
83.24,98.28,34.05
83.19,98.58,33.99
83.26,101.39,33.35
83.26,101.67,33.26
83.70,104.02,31.87
83.63,103.90,32.04
83.60,95.71,34.55
83.30,97.97,34.11
83.40,97.30,34.21
83.55,96.01,34.48
83.48,100.77,26.64
83.70,101.33,26.71
83.66,95.43,34.62
83.97,94.49,25.35
83.76,104.14,31.70
83.81,101.60,26.77
84.11,94.34,25.16
83.83,104.24,31.52
83.89,94.55,34.89
83.73,95.13,34.71
83.59,101.05,26.67
84.39,92.89,35.69
84.29,93.15,35.53
84.20,93.42,35.37
84.13,93.70,35.22
84.05,93.98,35.11
83.98,94.27,34.99
83.91,101.86,26.84
84.04,104.45,30.92
83.90,104.33,31.33
83.97,104.40,31.13
84.24,104.54,30.26
84.01,102.11,26.93
84.48,92.63,35.86
84.30,104.53,30.03
84.39,104.48,29.57
84.35,104.51,29.80
84.09,102.36,27.04
84.26,94.21,24.96
84.59,92.39,36.04
84.56,93.98,24.50
84.83,91.94,36.41
84.70,92.16,36.22
84.95,91.74,36.61
84.41,94.09,24.74
84.23,102.80,27.29
84.40,103.42,27.73
84.30,103.02,27.43
84.16,102.59,27.16
84.71,93.89,24.23
84.98,93.75,23.64
84.43,104.43,29.35
84.48,104.27,28.90
85.08,91.57,36.82
84.49,104.05,28.48
84.47,103.76,28.09
84.49,103.91,28.28
85.11,93.68,23.31
84.44,103.60,27.90
84.49,104.17,28.68
85.24,93.61,22.97
85.21,91.41,37.03
85.34,91.27,37.24
85.47,93.47,22.32
85.36,93.54,22.65
85.66,93.28,21.73
85.58,93.38,22.02
85.76,93.16,21.43
85.89,90.85,38.02
85.74,90.95,37.82
85.85,93.08,21.16
85.97,93.01,20.88
86.48,92.73,19.66
86.08,92.94,20.60
86.04,90.75,38.22
86.16,90.68,38.41
86.38,90.50,38.82
86.20,92.88,20.27
86.82,90.12,39.95
86.77,92.62,19.11
86.46,90.44,38.99
86.63,92.67,19.38
86.89,90.07,40.18
86.92,92.58,18.85
86.54,90.37,39.15
87.17,89.97,40.98
86.97,90.03,40.43
87.05,89.99,40.70
87.66,89.92,41.88
86.61,90.30,39.33
87.06,92.56,18.61
87.31,89.95,41.28
87.21,92.57,18.37
87.87,89.91,42.17
87.47,89.93,41.58
87.35,92.60,18.14
87.48,92.65,17.89
87.61,92.68,17.64
88.10,89.91,42.45
87.74,92.70,17.38
87.87,92.70,17.12
87.98,92.67,16.86
88.34,89.93,42.75
88.09,92.63,16.61
88.36,92.43,15.86
88.18,92.57,16.36
88.28,92.51,16.11
88.58,89.97,43.06
88.83,90.04,43.40
